2.000000000000000111e-01	-6.205451834264101851e-01
2.036000000000000032e-01	-1.484924821017943319e+00
2.071999999999999953e-01	-3.442803071857649666e-01
2.107999999999999874e-01	-1.176789877418728647e+00
2.144000000000000072e-01	-1.063969752051577178e+00
2.179999999999999993e-01	-1.076268812869785707e+00
2.215999999999999914e-01	1.545626709228742346e-01
2.253000000000000003e-01	-4.423083117441174994e-01
2.288999999999999924e-01	-6.690746454722362735e-01
2.325000000000000122e-01	2.599954320818489428e-01
2.361000000000000043e-01	5.316906496935058790e-01
2.396999999999999964e-01	9.753524529984263225e-01
2.432999999999999885e-01	6.358487566084606302e-01
2.469000000000000083e-01	2.431411610365459552e-01
2.505000000000000004e-01	4.503158315426073477e-01
2.540999999999999925e-01	1.129050056902701327e+00
2.576999999999999846e-01	1.651821492325783236e+00
2.612999999999999767e-01	1.082217491564961609e+00
2.649000000000000243e-01	1.079231396839245960e+00
2.685000000000000164e-01	1.002067843738859487e+00
2.721000000000000085e-01	5.430445842071840445e-01
2.757999999999999896e-01	3.425222352217858340e-02
2.793999999999999817e-01	7.610964064767935522e-01
2.829999999999999738e-01	6.337104909636510630e-01
2.866000000000000214e-01	4.379203208460767938e-01
2.902000000000000135e-01	-4.161348835878825314e-01
2.938000000000000056e-01	-3.232359914073396068e-01
2.973999999999999977e-01	-1.406463437573028941e-01
3.009999999999999898e-01	-9.790584153918928667e-01
3.045999999999999819e-01	-8.077202572902644206e-01
3.081999999999999740e-01	-4.227067399072390597e-01
3.118000000000000216e-01	-3.223251266910561741e-01
3.154000000000000137e-01	5.425110594589350743e-01
3.190000000000000058e-01	-7.910752100139920029e-02
3.225999999999999979e-01	8.061837098162389914e-01
3.262999999999999790e-01	6.580237001213313786e-01
3.299000000000000266e-01	1.979665072156717276e+00
3.335000000000000187e-01	6.037744565994225265e-01
3.371000000000000107e-01	1.260610776013502132e+00
3.407000000000000028e-01	1.032790533228717278e+00
3.442999999999999949e-01	1.911749861993466748e+00
3.478999999999999870e-01	1.672748268304791175e+00
3.514999999999999791e-01	1.348102688044148456e+00
3.551000000000000267e-01	1.555348059520583970e+00
3.587000000000000188e-01	1.172251160468963604e+00
3.623000000000000109e-01	4.992383537539265559e-01
3.659000000000000030e-01	3.367513704715709988e-01
3.694999999999999951e-01	-1.871171220270269053e-01
3.730999999999999872e-01	1.978009960416424295e+00
3.768000000000000238e-01	1.293755015841589806e+00
3.804000000000000159e-01	5.900824184358438584e-02
3.840000000000000080e-01	2.322447504771652516e-01
3.876000000000000001e-01	6.162688401190135057e-01
3.911999999999999922e-01	5.434903557094142856e-01
3.947999999999999843e-01	1.063813792989019846e-01
3.983999999999999764e-01	2.056796160195124290e-01
4.020000000000000240e-01	6.322920935618753235e-01
4.056000000000000161e-01	7.014097491172072152e-01
4.092000000000000082e-01	3.170301285236737376e-03
4.128000000000000003e-01	-1.012375296042546391e-01
4.163999999999999924e-01	5.856662639853829067e-01
4.199999999999999845e-01	1.071130638949664149e-01
4.235999999999999766e-01	5.876916922668049548e-01
4.273000000000000131e-01	3.913537060944261015e-02
4.309000000000000052e-01	8.620425411014951411e-01
4.344999999999999973e-01	1.500448598417044366e+00
4.380999999999999894e-01	1.734000400668391340e+00
4.416999999999999815e-01	1.376865922783420793e+00
4.452999999999999736e-01	1.837555919592928522e+00
4.489000000000000212e-01	1.413048346447420389e+00
4.525000000000000133e-01	1.916980482835590305e+00
4.561000000000000054e-01	1.743714296872729275e+00
4.596999999999999975e-01	2.463143741517729524e+00
4.632999999999999896e-01	2.124958293872931669e+00
4.668999999999999817e-01	2.581609793211676163e+00
4.704999999999999738e-01	1.970841173330752039e+00
4.741000000000000214e-01	2.557115707434405749e+00
4.778000000000000025e-01	2.725998276041118551e+00
4.813999999999999946e-01	2.212820280229343961e+00
4.849999999999999867e-01	2.377197439362351616e+00
4.885999999999999788e-01	1.305410985229522147e+00
4.922000000000000264e-01	2.607232558528917998e+00
4.958000000000000185e-01	1.845026274555968238e+00
4.994000000000000106e-01	1.323257218023951687e+00
5.030000000000000027e-01	2.082631282645580839e+00
5.066000000000000503e-01	2.616443375411029670e+00
5.101999999999999869e-01	2.287696926428568922e+00
5.138000000000000345e-01	3.140408842247230048e+00
5.173999999999999710e-01	2.772168687562599043e+00
5.210000000000000187e-01	2.166676566495005840e+00
5.245999999999999552e-01	2.757274925076209637e+00
5.282999999999999918e-01	3.018267507179471565e+00
5.319000000000000394e-01	3.750264431715523372e+00
5.354999999999999760e-01	3.536610799453795195e+00
5.391000000000000236e-01	4.334688606016934287e+00
5.426999999999999602e-01	4.287104327032923656e+00
5.463000000000000078e-01	3.682386911200099533e+00
5.499000000000000554e-01	4.619666708895181273e+00
5.534999999999999920e-01	4.123096304265729373e+00
5.571000000000000396e-01	4.506193729207820020e+00
5.606999999999999762e-01	4.560859635688921720e+00
5.643000000000000238e-01	4.752109209109678822e+00
5.678999999999999604e-01	4.355843978635248526e+00
5.715000000000000080e-01	3.274934856558638252e+00
5.752000000000000446e-01	3.549159153993645788e+00
5.787999999999999812e-01	3.817199917533852460e+00
5.824000000000000288e-01	2.895563151244512579e+00
5.859999999999999654e-01	3.586129252314294469e+00
5.896000000000000130e-01	3.262886081837914620e+00
5.931999999999999496e-01	2.730173936561152814e+00
5.967999999999999972e-01	3.307615106585652498e+00
6.004000000000000448e-01	2.306328099235935625e+00
6.039999999999999813e-01	3.427929534296949576e+00
6.076000000000000290e-01	3.729469432525443828e+00
6.111999999999999655e-01	3.722341157889772489e+00
6.148000000000000131e-01	3.901742070811208940e+00
6.183999999999999497e-01	4.903429918591277747e+00
6.219999999999999973e-01	5.565520143522822316e+00
6.257000000000000339e-01	4.996329751464810620e+00
6.292999999999999705e-01	5.736606598348792829e+00
6.329000000000000181e-01	4.615832275392804718e+00
6.364999999999999547e-01	4.795913073347873201e+00
6.401000000000000023e-01	5.760951609862099865e+00
6.437000000000000499e-01	5.906424489094160180e+00
6.472999999999999865e-01	5.179689054388905589e+00
6.509000000000000341e-01	5.118952886324298568e+00
6.544999999999999707e-01	6.120245711863057991e+00
6.581000000000000183e-01	5.754085916895719244e+00
6.616999999999999549e-01	5.211937594032927556e+00
6.653000000000000025e-01	5.742277525252277748e+00
6.689000000000000501e-01	5.938926732582293866e+00
6.724999999999999867e-01	6.214324744216980889e+00
6.762000000000000233e-01	5.383970652097975318e+00
6.797999999999999599e-01	5.129148265136467266e+00
6.834000000000000075e-01	5.217899793634652283e+00
6.870000000000000551e-01	5.143563603824453878e+00
6.905999999999999917e-01	5.863627903449400769e+00
6.942000000000000393e-01	6.451166321891976807e+00
6.977999999999999758e-01	4.585304220628114713e+00
7.014000000000000234e-01	4.255943139058998348e+00
7.049999999999999600e-01	5.096359836253106401e+00
7.086000000000000076e-01	5.296431610875067086e+00
7.122000000000000552e-01	5.794924904898889118e+00
7.157999999999999918e-01	4.775588726484522262e+00
7.194000000000000394e-01	5.987184531555826084e+00
7.229999999999999760e-01	6.455650243059138482e+00
7.267000000000000126e-01	6.073640799912006116e+00
7.302999999999999492e-01	6.246959676266094164e+00
7.338999999999999968e-01	6.493924231809356407e+00
7.375000000000000444e-01	6.232284811539099856e+00
7.410999999999999810e-01	6.724663712317193287e+00
7.447000000000000286e-01	7.598722346279922490e+00
7.482999999999999652e-01	6.854218036138468584e+00
7.519000000000000128e-01	6.559222617880719142e+00
7.554999999999999494e-01	7.690960351623090219e+00
7.590999999999999970e-01	7.110460141898446551e+00
7.627000000000000446e-01	6.511181520436986503e+00
7.662999999999999812e-01	6.748946983827477375e+00
7.699000000000000288e-01	5.835376224302152082e+00
7.734999999999999654e-01	6.551246446388171663e+00
7.772000000000000020e-01	5.256980217561791235e+00
7.808000000000000496e-01	5.477605825104189030e+00
7.843999999999999861e-01	6.533710491413559751e+00
7.880000000000000338e-01	5.113098747468619365e+00
7.915999999999999703e-01	5.307207410623023591e+00
7.952000000000000179e-01	5.862371834891383138e+00
7.987999999999999545e-01	4.817179272446619365e+00
8.024000000000000021e-01	5.933253685291260737e+00
8.060000000000000497e-01	5.816938295490142963e+00
8.095999999999999863e-01	6.144913256431895121e+00
8.132000000000000339e-01	6.143184296668517952e+00
8.167999999999999705e-01	6.523880108243109710e+00
8.204000000000000181e-01	6.987481253267437964e+00
8.239999999999999547e-01	5.745521292528686708e+00
8.276999999999999913e-01	5.586370424506944765e+00
8.313000000000000389e-01	6.587443542771604044e+00
8.348999999999999755e-01	5.305480627934093363e+00
8.385000000000000231e-01	5.689951976037948000e+00
8.420999999999999597e-01	7.431346635146089064e+00
8.457000000000000073e-01	5.927082280225617339e+00
8.493000000000000549e-01	5.587820513697639768e+00
8.528999999999999915e-01	4.783740577618242007e+00
8.565000000000000391e-01	4.539087017128759172e+00
8.600999999999999757e-01	6.648822726319169263e+00
8.637000000000000233e-01	5.331247019344614202e+00
8.672999999999999599e-01	5.897574223739311172e+00
8.709000000000000075e-01	5.191931564038702263e+00
8.745000000000000551e-01	6.248248073408367631e+00
8.781999999999999806e-01	6.407643660189498824e+00
8.818000000000000282e-01	5.601209674220002377e+00
8.853999999999999648e-01	5.793429272676807074e+00
8.890000000000000124e-01	5.510050703752136236e+00
8.925999999999999490e-01	6.196289396455552101e+00
8.961999999999999966e-01	6.116581311548542566e+00
8.998000000000000442e-01	5.991687505950629600e+00
9.033999999999999808e-01	5.426136599864070931e+00
9.070000000000000284e-01	6.415341946039561094e+00
9.105999999999999650e-01	6.297473541943936048e+00
9.142000000000000126e-01	5.397918287036277185e+00
9.177999999999999492e-01	5.179220210434878346e+00
9.213999999999999968e-01	4.595217755700914175e+00
9.251000000000000334e-01	5.962307837727484738e+00
9.286999999999999700e-01	5.698930779812730663e+00
9.323000000000000176e-01	5.731816138016898599e+00
9.358999999999999542e-01	6.769140137515990752e+00
9.395000000000000018e-01	6.329346479599720965e+00
9.431000000000000494e-01	5.645833562023184093e+00
9.466999999999999860e-01	6.065996921457945668e+00
9.503000000000000336e-01	5.686404737803107068e+00
9.538999999999999702e-01	6.132701027846327868e+00
9.575000000000000178e-01	6.784509157875169727e+00
9.610999999999999543e-01	6.083490557552257094e+00
9.647000000000000020e-01	6.417746753276598604e+00
9.683000000000000496e-01	6.317538117049092072e+00
9.718999999999999861e-01	6.064459099673952025e+00
9.756000000000000227e-01	7.013827324703999722e+00
9.791999999999999593e-01	6.655654844070443943e+00
9.828000000000000069e-01	6.147366671998003795e+00
9.864000000000000545e-01	5.469348382020854160e+00
9.899999999999999911e-01	6.024952274811976594e+00
9.936000000000000387e-01	6.220015394643787054e+00
9.971999999999999753e-01	5.834814807167797213e+00
1.000799999999999912e+00	6.074174964314248193e+00
1.004399999999999959e+00	5.138981490985889522e+00
1.008000000000000007e+00	6.763002687226825849e+00
1.011600000000000055e+00	6.800541042130378244e+00
1.015200000000000102e+00	6.092330355129717212e+00
1.018799999999999928e+00	5.594910428529099811e+00
1.022399999999999975e+00	6.611383909312221974e+00
1.026100000000000012e+00	6.797885137584987802e+00
1.029700000000000060e+00	6.803583394639668214e+00
1.033300000000000107e+00	6.603006781987413198e+00
1.036899999999999933e+00	7.299698712733884598e+00
1.040499999999999980e+00	8.319235816103326187e+00
1.044100000000000028e+00	7.073982709310984163e+00
1.047700000000000076e+00	8.416063678827816474e+00
1.051299999999999901e+00	8.226786468045670375e+00
1.054899999999999949e+00	8.159261286730341567e+00
1.058499999999999996e+00	7.895606080409465655e+00
1.062100000000000044e+00	8.466087595128781729e+00
1.065700000000000092e+00	9.135313192042202601e+00
1.069299999999999917e+00	8.695289018179826357e+00
1.072899999999999965e+00	8.812203785811945522e+00
1.076600000000000001e+00	7.706906520600830923e+00
1.080200000000000049e+00	7.836121221813685978e+00
1.083800000000000097e+00	8.616034204696102705e+00
1.087399999999999922e+00	8.916425611450515376e+00
1.090999999999999970e+00	1.058773299731884165e+01
1.094600000000000017e+00	1.063748080330513623e+01
1.098200000000000065e+00	1.169534372130569011e+01
1.101799999999999891e+00	1.117131766269579174e+01
1.105399999999999938e+00	1.175137355403756700e+01
1.108999999999999986e+00	1.125595273056653411e+01
1.112600000000000033e+00	1.193589062135130341e+01
1.116200000000000081e+00	1.048138783280642983e+01
1.119799999999999907e+00	9.677767680777272119e+00
1.123399999999999954e+00	9.472189281263782235e+00
1.127099999999999991e+00	9.300513937764080197e+00
1.130700000000000038e+00	9.704934771952780537e+00
1.134300000000000086e+00	1.089110055904653329e+01
1.137899999999999912e+00	1.041252221159885316e+01
1.141499999999999959e+00	1.088276770259368753e+01
1.145100000000000007e+00	1.127225946013607327e+01
1.148700000000000054e+00	1.268485721412532463e+01
1.152300000000000102e+00	1.336575432527298801e+01
1.155899999999999928e+00	1.373762966441409361e+01
1.159499999999999975e+00	1.535150950554960936e+01
1.163100000000000023e+00	1.449146562835478846e+01
1.166700000000000070e+00	1.376407764263791300e+01
1.170299999999999896e+00	1.338670363537365660e+01
1.173899999999999944e+00	1.326965900964245826e+01
1.177599999999999980e+00	1.346639898686520809e+01
1.181200000000000028e+00	1.186183381047567664e+01
1.184800000000000075e+00	1.272474104697225172e+01
1.188399999999999901e+00	1.303814344618520948e+01
1.191999999999999948e+00	1.405394860825307290e+01
1.195599999999999996e+00	1.436625579607638770e+01
1.199200000000000044e+00	1.569226121357891834e+01
1.202800000000000091e+00	1.466611014746681008e+01
1.206399999999999917e+00	1.405084531254457936e+01
1.209999999999999964e+00	1.387731735191633220e+01
1.213600000000000012e+00	1.444301594730578131e+01
1.217200000000000060e+00	1.364189472564396333e+01
1.220800000000000107e+00	1.444033535921185418e+01
1.224399999999999933e+00	1.430673380330377498e+01
1.228099999999999969e+00	1.531936391089945815e+01
1.231700000000000017e+00	1.628965985628084567e+01
1.235300000000000065e+00	1.636237272227608841e+01
1.238899999999999890e+00	1.688712921465253203e+01
1.242499999999999938e+00	1.546017265297919785e+01
1.246099999999999985e+00	1.535872514283619950e+01
1.249700000000000033e+00	1.597247126012814533e+01
1.253300000000000081e+00	1.640331874332018458e+01
1.256899999999999906e+00	1.599193163245067417e+01
1.260499999999999954e+00	1.551399173237921225e+01
1.264100000000000001e+00	1.698789580237797026e+01
1.267700000000000049e+00	1.674665866203563525e+01
1.271300000000000097e+00	1.663978542791064896e+01
1.274899999999999922e+00	1.755426034647474864e+01
1.278599999999999959e+00	1.675424507047894096e+01
1.282200000000000006e+00	1.697574177649374860e+01
1.285800000000000054e+00	1.772884277761278327e+01
1.289400000000000102e+00	1.720102506410434628e+01
1.292999999999999927e+00	1.773576646864970385e+01
1.296599999999999975e+00	1.733712932964000686e+01
1.300200000000000022e+00	1.655518314901649291e+01
1.303800000000000070e+00	1.888749878836954110e+01
1.307399999999999896e+00	1.805653748104884571e+01
1.310999999999999943e+00	1.890737645013858881e+01
1.314599999999999991e+00	1.810808132090238232e+01
1.318200000000000038e+00	1.800785054880701352e+01
1.321800000000000086e+00	1.983947027181145728e+01
1.325499999999999901e+00	1.961396559029094533e+01
1.329099999999999948e+00	1.902787943158927675e+01
1.332699999999999996e+00	1.847006266881861691e+01
1.336300000000000043e+00	1.837688334130545087e+01
1.339900000000000091e+00	1.754529981826931007e+01
1.343499999999999917e+00	1.816062233642143653e+01
1.347099999999999964e+00	1.897508939765741687e+01
1.350700000000000012e+00	1.887492329003459446e+01
1.354300000000000059e+00	1.812859698110889539e+01
1.357900000000000107e+00	1.906138573768071609e+01
1.361499999999999932e+00	1.955676201524724434e+01
1.365099999999999980e+00	1.973448183125542599e+01
1.368700000000000028e+00	2.007064233378763163e+01
1.372300000000000075e+00	2.064932513730553865e+01
1.375999999999999890e+00	2.000405654240102749e+01
1.379599999999999937e+00	2.026439241428674620e+01
1.383199999999999985e+00	2.130089258192620605e+01
1.386800000000000033e+00	2.084745190772727597e+01
1.390400000000000080e+00	2.129791067876380239e+01
1.393999999999999906e+00	2.129831223575986954e+01
1.397599999999999953e+00	2.083584224570189392e+01
1.401200000000000001e+00	2.182096856834634835e+01
1.404800000000000049e+00	2.112955325310857901e+01
1.408400000000000096e+00	2.338526222454593650e+01
1.411999999999999922e+00	2.478843578857052776e+01
1.415599999999999969e+00	2.407080210548329191e+01
1.419200000000000017e+00	2.385625848205845756e+01
1.422800000000000065e+00	2.355559249070575589e+01
1.426500000000000101e+00	2.390238117318285660e+01
1.430099999999999927e+00	2.361412588591462480e+01
1.433699999999999974e+00	2.417898644436780131e+01
1.437300000000000022e+00	2.353345360957701615e+01
1.440900000000000070e+00	2.357505096613345330e+01
1.444499999999999895e+00	2.408996845979742218e+01
1.448099999999999943e+00	2.426335679253482525e+01
1.451699999999999990e+00	2.362850506356686964e+01
1.455300000000000038e+00	2.536577770588443315e+01
1.458900000000000086e+00	2.529615764143792589e+01
1.462499999999999911e+00	2.549658736940557802e+01
1.466099999999999959e+00	2.565706132127608186e+01
1.469700000000000006e+00	2.698557319298392088e+01
1.473300000000000054e+00	2.769972870879556126e+01
1.477000000000000091e+00	2.845153606948723635e+01
1.480599999999999916e+00	2.862468696939357216e+01
1.484199999999999964e+00	2.784386579563205188e+01
1.487800000000000011e+00	2.962801384381164738e+01
1.491400000000000059e+00	2.845114768833121133e+01
1.495000000000000107e+00	3.016108339615175282e+01
1.498599999999999932e+00	3.064772590967395871e+01
1.502199999999999980e+00	2.916617910150445070e+01
1.505800000000000027e+00	2.979464502445897267e+01
1.509400000000000075e+00	3.022202449646265876e+01
1.512999999999999901e+00	3.145110308869847771e+01
1.516599999999999948e+00	3.095044754935253550e+01
1.520199999999999996e+00	3.262901914050485175e+01
1.523800000000000043e+00	3.275905028417292897e+01
1.527500000000000080e+00	3.229346739096060048e+01
1.531099999999999905e+00	3.250807715422721600e+01
1.534699999999999953e+00	3.302153804233810064e+01
1.538300000000000001e+00	3.109547183681004512e+01
1.541900000000000048e+00	3.021816566100963897e+01
1.545500000000000096e+00	3.060460549161046373e+01
1.549099999999999921e+00	3.055961495047321108e+01
1.552699999999999969e+00	2.979215567848654445e+01
1.556300000000000017e+00	2.897669536490158038e+01
1.559900000000000064e+00	2.786489639225946036e+01
1.563499999999999890e+00	2.893160512392346106e+01
1.567099999999999937e+00	2.857546676385829798e+01
1.570699999999999985e+00	2.918280398116930385e+01
1.574300000000000033e+00	2.667177294829971146e+01
1.578000000000000069e+00	2.783864782211758282e+01
1.581599999999999895e+00	2.675173699533852556e+01
1.585199999999999942e+00	2.701917635149852970e+01
1.588799999999999990e+00	2.556851680955162820e+01
1.592400000000000038e+00	2.604324340144751915e+01
1.596000000000000085e+00	2.616205751804669433e+01
1.599599999999999911e+00	2.573328609703320424e+01
1.603199999999999958e+00	2.596154480661165920e+01
1.606800000000000006e+00	2.535857588845559718e+01
1.610400000000000054e+00	2.574333531269307329e+01
1.614000000000000101e+00	2.531664194648763555e+01
1.617599999999999927e+00	2.460033083852055569e+01
1.621199999999999974e+00	2.544291327512569012e+01
1.624800000000000022e+00	2.333662725763330315e+01
1.628500000000000059e+00	2.355997781039530636e+01
1.632100000000000106e+00	2.340435107781901891e+01
1.635699999999999932e+00	2.354281908956550851e+01
1.639299999999999979e+00	2.348997953662034988e+01
1.642900000000000027e+00	2.276810360577589876e+01
1.646500000000000075e+00	2.301907887423728738e+01
1.650099999999999900e+00	2.448405679909875232e+01
1.653699999999999948e+00	2.563963864761814904e+01
1.657299999999999995e+00	2.650153732967089226e+01
1.660900000000000043e+00	2.862792989897454277e+01
1.664500000000000091e+00	2.974031781139365904e+01
1.668099999999999916e+00	3.110227418372927843e+01
1.671699999999999964e+00	3.090074733739493595e+01
1.675400000000000000e+00	2.968213671967190947e+01
1.679000000000000048e+00	2.908997229689548192e+01
1.682600000000000096e+00	2.588732374666768266e+01
1.686199999999999921e+00	2.544593229170813231e+01
1.689799999999999969e+00	2.279924477907169589e+01
1.693400000000000016e+00	2.358160632630722375e+01
1.697000000000000064e+00	2.458908557042365217e+01
1.700599999999999890e+00	2.499443679472605240e+01
1.704199999999999937e+00	2.764183164434130902e+01
1.707799999999999985e+00	2.944412044218216096e+01
1.711400000000000032e+00	3.172609546440413908e+01
1.715000000000000080e+00	3.269686055132233093e+01
1.718599999999999905e+00	3.084447565720618911e+01
1.722199999999999953e+00	2.927288461140201292e+01
1.725899999999999990e+00	2.794639487810155742e+01
1.729500000000000037e+00	2.536749386945568574e+01
1.733100000000000085e+00	2.531888719037049640e+01
1.736699999999999910e+00	2.613357820889205385e+01
1.740299999999999958e+00	2.871531254352158058e+01
1.743900000000000006e+00	3.008938530704957515e+01
1.747500000000000053e+00	3.198971753178584265e+01
1.751100000000000101e+00	3.303981562424657170e+01
1.754699999999999926e+00	3.533321783962671958e+01
1.758299999999999974e+00	3.444744229339830355e+01
1.761900000000000022e+00	3.473921407198043454e+01
1.765500000000000069e+00	3.566780367307879374e+01
1.769099999999999895e+00	3.478898952399359246e+01
1.772699999999999942e+00	3.504603124468444975e+01
1.776399999999999979e+00	3.624836516831501143e+01
1.780000000000000027e+00	3.622808289709139018e+01
1.783600000000000074e+00	3.733148287608648985e+01
1.787199999999999900e+00	3.841881994367908959e+01
1.790799999999999947e+00	3.965906557556669298e+01
1.794399999999999995e+00	3.910239623406330622e+01
1.798000000000000043e+00	3.964078671565737011e+01
1.801600000000000090e+00	3.894289820265784385e+01
1.805199999999999916e+00	3.919880811960142353e+01
1.808799999999999963e+00	3.882246095753632886e+01
1.812400000000000011e+00	3.847060943648139641e+01
1.816000000000000059e+00	3.880814312556462653e+01
1.819600000000000106e+00	3.879716283444594183e+01
1.823199999999999932e+00	3.972795922711658534e+01
1.826899999999999968e+00	3.861787856247954664e+01
1.830500000000000016e+00	3.844493435421701122e+01
1.834100000000000064e+00	3.864126685953321783e+01
1.837699999999999889e+00	3.637348450174492598e+01
1.841299999999999937e+00	3.659028125304899248e+01
1.844899999999999984e+00	3.660313637416400923e+01
1.848500000000000032e+00	3.796314758132930223e+01
1.852100000000000080e+00	3.634031018368975907e+01
1.855699999999999905e+00	3.765033994826129771e+01
1.859299999999999953e+00	3.896597845489270640e+01
1.862900000000000000e+00	3.779655832910813018e+01
1.866500000000000048e+00	3.868258819270148763e+01
1.870100000000000096e+00	3.652458268051741186e+01
1.873699999999999921e+00	3.506322689415134874e+01
1.877399999999999958e+00	3.406767436144003369e+01
1.881000000000000005e+00	3.210869121137418603e+01
1.884600000000000053e+00	3.081913611389624563e+01
1.888200000000000101e+00	3.001671378603435514e+01
1.891799999999999926e+00	2.975100869965032757e+01
1.895399999999999974e+00	2.787856595980162311e+01
1.899000000000000021e+00	2.676180377599111537e+01
1.902600000000000069e+00	2.745552852590268245e+01
1.906199999999999894e+00	2.733739118551204683e+01
1.909799999999999942e+00	2.710592538783328109e+01
1.913399999999999990e+00	2.714441072100888874e+01
1.917000000000000037e+00	2.822393690836382163e+01
1.920600000000000085e+00	2.782668123990632125e+01
1.924199999999999910e+00	2.814478854725915014e+01
1.927899999999999947e+00	2.919207185669442595e+01
1.931499999999999995e+00	2.982864256512387158e+01
1.935100000000000042e+00	3.083221679582519670e+01
1.938700000000000090e+00	3.024167133324375101e+01
1.942299999999999915e+00	3.154380543769200784e+01
1.945899999999999963e+00	3.232571744175914574e+01
1.949500000000000011e+00	3.231080197973292201e+01
1.953100000000000058e+00	3.087402242086883319e+01
1.956700000000000106e+00	3.030095319579517010e+01
1.960299999999999931e+00	2.802936091894309456e+01
1.963899999999999979e+00	2.630551809524617468e+01
1.967500000000000027e+00	2.462314178643884688e+01
1.971100000000000074e+00	2.441984991066014743e+01
1.974699999999999900e+00	2.361979521832272866e+01
1.978399999999999936e+00	2.378138860655748843e+01
1.981999999999999984e+00	2.403180271446667859e+01
1.985600000000000032e+00	2.552920688815313000e+01
1.989200000000000079e+00	2.801829432397322961e+01
1.992799999999999905e+00	2.973709398484407274e+01
1.996399999999999952e+00	3.106308958091481642e+01
2.000000000000000000e+00	3.290716236843195475e+01
