2.000000000000000111e-01	-5.229302393317666109e+00
2.036000000000000032e-01	-4.612734586677583515e+00
2.071999999999999953e-01	-4.130710526267163729e+00
2.107999999999999874e-01	-3.644869345761350132e+00
2.144000000000000072e-01	-2.832639800353283555e+00
2.179999999999999993e-01	-2.059896083608459438e+00
2.215999999999999914e-01	-1.363455521119000924e+00
2.253000000000000003e-01	-8.521623584041823074e-01
2.288999999999999924e-01	-5.948723320888700261e-01
2.325000000000000122e-01	-3.410093380249792361e-01
2.361000000000000043e-01	-3.316544244692922749e-01
2.396999999999999964e-01	-4.549543394378661176e-01
2.432999999999999885e-01	-6.311881094580783502e-01
2.469000000000000083e-01	-1.076468701327548905e+00
2.505000000000000004e-01	-1.345448630445176041e+00
2.540999999999999925e-01	-1.781826356708520409e+00
2.576999999999999846e-01	-2.129808171589094634e+00
2.612999999999999767e-01	-2.652394011353047087e+00
2.649000000000000243e-01	-3.182962416502691294e+00
2.685000000000000164e-01	-3.699008819726092856e+00
2.721000000000000085e-01	-3.976004686418393774e+00
2.757999999999999896e-01	-4.302078052200113412e+00
2.793999999999999817e-01	-4.271517246895097486e+00
2.829999999999999738e-01	-4.172220112107342338e+00
2.866000000000000214e-01	-3.686710278429419674e+00
2.902000000000000135e-01	-3.263636675272409082e+00
2.938000000000000056e-01	-2.705141172062365928e+00
2.973999999999999977e-01	-1.926321886506478842e+00
3.009999999999999898e-01	-9.612954736730110472e-01
3.045999999999999819e-01	3.590259146705909732e-02
3.081999999999999740e-01	8.497661838491592512e-01
3.118000000000000216e-01	1.796048153670529501e+00
3.154000000000000137e-01	2.569047526157850925e+00
3.190000000000000058e-01	3.163397830337946193e+00
3.225999999999999979e-01	3.669050989469492929e+00
3.262999999999999790e-01	3.934439296785614992e+00
3.299000000000000266e-01	3.892819550527871542e+00
3.335000000000000187e-01	3.761643755564498370e+00
3.371000000000000107e-01	3.736869703977287571e+00
3.407000000000000028e-01	3.286847067003144218e+00
3.442999999999999949e-01	3.029318418355260167e+00
3.478999999999999870e-01	2.795061158214033448e+00
3.514999999999999791e-01	2.151610640399562957e+00
3.551000000000000267e-01	1.759840977221442726e+00
3.587000000000000188e-01	1.471035269306857796e+00
3.623000000000000109e-01	1.107739613533274881e+00
3.659000000000000030e-01	1.065541826422991667e+00
3.694999999999999951e-01	1.107094700289352973e+00
3.730999999999999872e-01	1.289872437441264674e+00
3.768000000000000238e-01	1.811250703793888306e+00
3.804000000000000159e-01	2.375620271577310927e+00
3.840000000000000080e-01	3.112242939392651842e+00
3.876000000000000001e-01	3.906894082281894942e+00
3.911999999999999922e-01	4.755450489638165301e+00
3.947999999999999843e-01	5.443367977346469821e+00
3.983999999999999764e-01	6.372976391055107825e+00
4.020000000000000240e-01	7.104415854066344238e+00
4.056000000000000161e-01	7.887946765998798071e+00
4.092000000000000082e-01	8.536685826707836711e+00
4.128000000000000003e-01	8.650230079986933163e+00
4.163999999999999924e-01	8.841049155325707787e+00
4.199999999999999845e-01	8.911935690545748301e+00
4.235999999999999766e-01	8.691964903626450578e+00
4.273000000000000131e-01	8.368320680600247030e+00
4.309000000000000052e-01	7.905299112225703695e+00
4.344999999999999973e-01	7.614972987997072451e+00
4.380999999999999894e-01	6.995035284854823843e+00
4.416999999999999815e-01	6.671096349120038127e+00
4.452999999999999736e-01	6.249478667707125012e+00
4.489000000000000212e-01	6.009593196268757431e+00
4.525000000000000133e-01	6.100540223003951823e+00
4.561000000000000054e-01	6.380396703586707297e+00
4.596999999999999975e-01	6.715451965105979859e+00
4.632999999999999896e-01	7.432953891489452403e+00
4.668999999999999817e-01	8.379787639604103333e+00
4.704999999999999738e-01	9.073650965121235146e+00
4.741000000000000214e-01	1.030860132220677805e+01
4.778000000000000025e-01	1.143015782815310111e+01
4.813999999999999946e-01	1.251163215094498149e+01
4.849999999999999867e-01	1.344043542787470358e+01
4.885999999999999788e-01	1.409485672567711489e+01
4.922000000000000264e-01	1.447020354884918092e+01
4.958000000000000185e-01	1.502621044629989733e+01
4.994000000000000106e-01	1.524452552877998635e+01
5.030000000000000027e-01	1.549691496817721337e+01
5.066000000000000503e-01	1.552666406750422290e+01
5.101999999999999869e-01	1.565956869077290747e+01
5.138000000000000345e-01	1.548276012188319051e+01
5.173999999999999710e-01	1.531375478609451690e+01
5.210000000000000187e-01	1.492745886253233500e+01
5.245999999999999552e-01	1.459884560798457542e+01
5.282999999999999918e-01	1.417488392380242601e+01
5.319000000000000394e-01	1.401970887174668690e+01
5.354999999999999760e-01	1.394339260578845519e+01
5.391000000000000236e-01	1.392533712843224514e+01
5.426999999999999602e-01	1.421392023336777477e+01
5.463000000000000078e-01	1.456674322105517660e+01
5.499000000000000554e-01	1.513828654401316953e+01
5.534999999999999920e-01	1.533615528057812583e+01
5.571000000000000396e-01	1.580866454144429056e+01
5.606999999999999762e-01	1.590461147012566201e+01
5.643000000000000238e-01	1.591810100537747097e+01
5.678999999999999604e-01	1.576046976264462529e+01
5.715000000000000080e-01	1.524342373211407953e+01
5.752000000000000446e-01	1.478826940494305298e+01
5.787999999999999812e-01	1.430691796140294159e+01
5.824000000000000288e-01	1.374892795159696668e+01
5.859999999999999654e-01	1.351356944571666752e+01
5.896000000000000130e-01	1.296144594635764946e+01
5.931999999999999496e-01	1.256882284832163421e+01
5.967999999999999972e-01	1.225854684748391854e+01
6.004000000000000448e-01	1.188695196524330200e+01
6.039999999999999813e-01	1.135553028816032040e+01
6.076000000000000290e-01	1.118100723974777821e+01
6.111999999999999655e-01	1.072744181159402466e+01
6.148000000000000131e-01	1.036792657065538670e+01
6.183999999999999497e-01	1.005738525592076194e+01
6.219999999999999973e-01	9.499372564144145770e+00
6.257000000000000339e-01	9.117265814645191924e+00
6.292999999999999705e-01	8.882566584045491709e+00
6.329000000000000181e-01	8.821883835508241845e+00
6.364999999999999547e-01	8.751450485163509541e+00
6.401000000000000023e-01	8.741663098968993850e+00
6.437000000000000499e-01	8.632324015723671806e+00
6.472999999999999865e-01	8.875055506568161334e+00
6.509000000000000341e-01	8.859599380603885521e+00
6.544999999999999707e-01	8.710288199093952244e+00
6.581000000000000183e-01	8.408043383249825808e+00
6.616999999999999549e-01	8.190418040393186772e+00
6.653000000000000025e-01	8.000102687843167359e+00
6.689000000000000501e-01	7.915159442022272174e+00
6.724999999999999867e-01	8.262091204883802220e+00
6.762000000000000233e-01	8.385203750384251364e+00
6.797999999999999599e-01	8.322119610834345593e+00
6.834000000000000075e-01	8.580168736225759929e+00
6.870000000000000551e-01	8.694569823452734880e+00
6.905999999999999917e-01	8.670592829436595039e+00
6.942000000000000393e-01	8.724614470599043159e+00
6.977999999999999758e-01	8.776062485107768651e+00
7.014000000000000234e-01	8.828545183066395907e+00
7.049999999999999600e-01	8.851808190298196877e+00
7.086000000000000076e-01	8.891172270290812918e+00
7.122000000000000552e-01	9.074387651663780474e+00
7.157999999999999918e-01	8.873458189987866618e+00
7.194000000000000394e-01	9.159404305626127396e+00
7.229999999999999760e-01	8.966114251335225660e+00
7.267000000000000126e-01	8.956379014249501225e+00
7.302999999999999492e-01	8.988447873840183178e+00
7.338999999999999968e-01	8.978814980660011713e+00
7.375000000000000444e-01	8.962500610318718586e+00
7.410999999999999810e-01	8.865778092535157029e+00
7.447000000000000286e-01	8.937276838546427626e+00
7.482999999999999652e-01	9.035649250133051424e+00
7.519000000000000128e-01	9.167559225050560201e+00
7.554999999999999494e-01	9.225778154023871025e+00
7.590999999999999970e-01	9.524955950969797414e+00
7.627000000000000446e-01	9.735139504766941343e+00
7.662999999999999812e-01	9.862011427521286677e+00
7.699000000000000288e-01	1.008418268071393697e+01
7.734999999999999654e-01	1.032886208237532166e+01
7.772000000000000020e-01	1.046860101828581513e+01
7.808000000000000496e-01	1.090260468501552182e+01
7.843999999999999861e-01	1.102841437081075959e+01
7.880000000000000338e-01	1.132570547553884133e+01
7.915999999999999703e-01	1.176827980725443368e+01
7.952000000000000179e-01	1.199407712178028085e+01
7.987999999999999545e-01	1.203658672928807327e+01
8.024000000000000021e-01	1.235492179675412494e+01
8.060000000000000497e-01	1.229797852885645781e+01
8.095999999999999863e-01	1.228702100083670601e+01
8.132000000000000339e-01	1.217129032248760900e+01
8.167999999999999705e-01	1.207830378683772743e+01
8.204000000000000181e-01	1.206959825622110216e+01
8.239999999999999547e-01	1.199110307593188551e+01
8.276999999999999913e-01	1.194080036079819784e+01
8.313000000000000389e-01	1.209623787203147316e+01
8.348999999999999755e-01	1.244472014732537524e+01
8.385000000000000231e-01	1.261317590335189287e+01
8.420999999999999597e-01	1.317411092909451575e+01
8.457000000000000073e-01	1.355900243582962794e+01
8.493000000000000549e-01	1.390832663409187475e+01
8.528999999999999915e-01	1.456012524653915641e+01
8.565000000000000391e-01	1.479574552683297917e+01
8.600999999999999757e-01	1.536234437511846274e+01
8.637000000000000233e-01	1.585694856587574897e+01
8.672999999999999599e-01	1.626087020375970837e+01
8.709000000000000075e-01	1.670357032084518067e+01
8.745000000000000551e-01	1.705502170888861713e+01
8.781999999999999806e-01	1.734085320298773425e+01
8.818000000000000282e-01	1.752443076022089485e+01
8.853999999999999648e-01	1.757409277386296509e+01
8.890000000000000124e-01	1.771933918527036056e+01
8.925999999999999490e-01	1.783690081112850123e+01
8.961999999999999966e-01	1.803820344791389019e+01
8.998000000000000442e-01	1.824190108930653764e+01
9.033999999999999808e-01	1.847499682817717570e+01
9.070000000000000284e-01	1.855509979590589964e+01
9.105999999999999650e-01	1.895443252453208416e+01
9.142000000000000126e-01	1.931137027395446282e+01
9.177999999999999492e-01	1.961965552414506320e+01
9.213999999999999968e-01	1.990330863297210229e+01
9.251000000000000334e-01	2.035030777976027139e+01
9.286999999999999700e-01	2.063746017216400830e+01
9.323000000000000176e-01	2.097253998136809017e+01
9.358999999999999542e-01	2.133549726632650589e+01
9.395000000000000018e-01	2.162455972007359151e+01
9.431000000000000494e-01	2.190363096999671910e+01
9.466999999999999860e-01	2.232743231739898349e+01
9.503000000000000336e-01	2.279058049381484707e+01
9.538999999999999702e-01	2.318406888928602427e+01
9.575000000000000178e-01	2.360496507911120290e+01
9.610999999999999543e-01	2.392927874099337160e+01
9.647000000000000020e-01	2.408623195994601573e+01
9.683000000000000496e-01	2.421659449151708188e+01
9.718999999999999861e-01	2.409738858402019090e+01
9.756000000000000227e-01	2.393002306102267340e+01
9.791999999999999593e-01	2.393912455653152804e+01
9.828000000000000069e-01	2.387372081984379690e+01
9.864000000000000545e-01	2.411719353343247363e+01
9.899999999999999911e-01	2.439872380825127607e+01
9.936000000000000387e-01	2.478592659232409900e+01
9.971999999999999753e-01	2.502089405493701690e+01
1.000799999999999912e+00	2.535095953242676359e+01
1.004399999999999959e+00	2.562451805732391819e+01
1.008000000000000007e+00	2.586498207440226693e+01
1.011600000000000055e+00	2.602803155457401374e+01
1.015200000000000102e+00	2.635608193365508711e+01
1.018799999999999928e+00	2.662826093654710746e+01
1.022399999999999975e+00	2.695435288523394490e+01
1.026100000000000012e+00	2.742453042366060245e+01
1.029700000000000060e+00	2.782225175652958882e+01
1.033300000000000107e+00	2.850899800163383802e+01
1.036899999999999933e+00	2.887716219603561640e+01
1.040499999999999980e+00	2.926601353357257196e+01
1.044100000000000028e+00	2.951499967829802884e+01
1.047700000000000076e+00	2.953553378100527027e+01
1.051299999999999901e+00	2.948448382477055318e+01
1.054899999999999949e+00	2.930231772483531572e+01
1.058499999999999996e+00	2.926732232565667502e+01
1.062100000000000044e+00	2.908783892136856153e+01
1.065700000000000092e+00	2.891144577066187438e+01
1.069299999999999917e+00	2.928886490045598023e+01
1.072899999999999965e+00	2.935950689087175647e+01
1.076600000000000001e+00	2.972186297214097905e+01
1.080200000000000049e+00	3.021665545548718868e+01
1.083800000000000097e+00	3.043043194119310257e+01
1.087399999999999922e+00	3.103041623275200322e+01
1.090999999999999970e+00	3.148913982029342762e+01
1.094600000000000017e+00	3.187472959425850405e+01
1.098200000000000065e+00	3.219886984382804940e+01
1.101799999999999891e+00	3.231418537700027116e+01
1.105399999999999938e+00	3.231291986908392033e+01
1.108999999999999986e+00	3.219726638845472166e+01
1.112600000000000033e+00	3.208956602737357855e+01
1.116200000000000081e+00	3.205163161348193057e+01
1.119799999999999907e+00	3.220503399972329817e+01
1.123399999999999954e+00	3.228609423405510626e+01
1.127099999999999991e+00	3.228246463904321217e+01
1.130700000000000038e+00	3.252884504873552629e+01
1.134300000000000086e+00	3.264384279165646063e+01
1.137899999999999912e+00	3.305581809465861198e+01
1.141499999999999959e+00	3.327531344828088322e+01
1.145100000000000007e+00	3.409070104512726829e+01
1.148700000000000054e+00	3.495552530543686487e+01
1.152300000000000102e+00	3.600557173548527601e+01
1.155899999999999928e+00	3.693967753853557667e+01
1.159499999999999975e+00	3.763488783371854396e+01
1.163100000000000023e+00	3.790384302443316500e+01
1.166700000000000070e+00	3.809843177140149351e+01
1.170299999999999896e+00	3.778443275752843533e+01
1.173899999999999944e+00	3.775574455901661963e+01
1.177599999999999980e+00	3.793135545835627198e+01
1.181200000000000028e+00	3.819716919187700199e+01
1.184800000000000075e+00	3.873265702036731284e+01
1.188399999999999901e+00	3.919373299876876615e+01
1.191999999999999948e+00	3.952626063310771798e+01
1.195599999999999996e+00	3.951305273595628620e+01
1.199200000000000044e+00	3.954094545600712962e+01
1.202800000000000091e+00	3.943378126483653290e+01
1.206399999999999917e+00	3.997614424347757023e+01
1.209999999999999964e+00	4.056607943750711343e+01
1.213600000000000012e+00	4.138186258701279030e+01
1.217200000000000060e+00	4.214715312855597062e+01
1.220800000000000107e+00	4.302339341841974374e+01
1.224399999999999933e+00	4.391691149276755368e+01
1.228099999999999969e+00	4.465185389188437171e+01
1.231700000000000017e+00	4.550292012340651837e+01
1.235300000000000065e+00	4.649709356907499824e+01
1.238899999999999890e+00	4.776981769161562852e+01
1.242499999999999938e+00	4.911169999142015996e+01
1.246099999999999985e+00	5.034695563704411114e+01
1.249700000000000033e+00	5.117080979216985526e+01
1.253300000000000081e+00	5.185172149129228814e+01
1.256899999999999906e+00	5.196396905869121952e+01
1.260499999999999954e+00	5.181411298175557789e+01
1.264100000000000001e+00	5.164251182137784468e+01
1.267700000000000049e+00	5.154327506067527054e+01
1.271300000000000097e+00	5.153884982654447811e+01
1.274899999999999922e+00	5.178233654217387993e+01
1.278599999999999959e+00	5.251284779617666487e+01
1.282200000000000006e+00	5.375816152898256917e+01
1.285800000000000054e+00	5.583565184568799822e+01
1.289400000000000102e+00	5.785942745477674976e+01
1.292999999999999927e+00	5.966978758792876647e+01
1.296599999999999975e+00	6.070976664439025683e+01
1.300200000000000022e+00	6.150632264351320799e+01
1.303800000000000070e+00	6.235748249176828750e+01
1.307399999999999896e+00	6.390786363806404324e+01
1.310999999999999943e+00	6.688317703441943252e+01
1.314599999999999991e+00	7.110349200922074431e+01
1.318200000000000038e+00	7.567539673127051003e+01
1.321800000000000086e+00	7.858076939767359193e+01
1.325499999999999901e+00	7.875433368554048741e+01
1.329099999999999948e+00	7.585714117620669583e+01
1.332699999999999996e+00	7.188110250638123944e+01
1.336300000000000043e+00	6.962703939000890330e+01
1.339900000000000091e+00	7.174536821815478049e+01
1.343499999999999917e+00	7.961657875015616526e+01
1.347099999999999964e+00	9.098379634676764738e+01
1.350700000000000012e+00	1.019019311582558913e+02
1.354300000000000059e+00	1.082824451780640373e+02
1.357900000000000107e+00	1.074626839233689566e+02
1.361499999999999932e+00	1.004902530379360144e+02
1.365099999999999980e+00	9.121717979901140438e+01
1.368700000000000028e+00	8.329022976873967821e+01
1.372300000000000075e+00	7.972948854744052483e+01
1.375999999999999890e+00	8.109661355429878427e+01
1.379599999999999937e+00	8.576875979350438683e+01
1.383199999999999985e+00	9.212439501199975211e+01
1.386800000000000033e+00	9.836707336515124211e+01
1.390400000000000080e+00	1.039596058382507664e+02
1.393999999999999906e+00	1.078190315445535106e+02
1.397599999999999953e+00	1.101078348053318479e+02
1.401200000000000001e+00	1.099834120146273762e+02
1.404800000000000049e+00	1.076356473959423710e+02
1.408400000000000096e+00	1.034055770150721827e+02
1.411999999999999922e+00	9.808564304347294183e+01
1.415599999999999969e+00	9.202145007921851061e+01
1.419200000000000017e+00	8.643065926387920683e+01
1.422800000000000065e+00	8.194199913988597928e+01
1.426500000000000101e+00	8.004522309774188216e+01
1.430099999999999927e+00	8.194709782976288182e+01
1.433699999999999974e+00	8.795053254845485924e+01
1.437300000000000022e+00	9.635706178079900042e+01
1.440900000000000070e+00	1.038785192601957732e+02
1.444499999999999895e+00	1.078830089524059304e+02
1.448099999999999943e+00	1.061061000288654981e+02
1.451699999999999990e+00	9.960139903917281856e+01
1.455300000000000038e+00	9.124450936937583378e+01
1.458900000000000086e+00	8.374184213838867663e+01
1.462499999999999911e+00	7.898352359229015462e+01
1.466099999999999959e+00	7.751549850523154817e+01
1.469700000000000006e+00	7.834028852159602252e+01
1.473300000000000054e+00	8.011873316373663556e+01
1.477000000000000091e+00	8.208562180917964213e+01
1.480599999999999916e+00	8.390208905002511131e+01
1.484199999999999964e+00	8.584731298921349207e+01
1.487800000000000011e+00	8.861034974777849982e+01
1.491400000000000059e+00	9.221203011862677101e+01
1.495000000000000107e+00	9.698901469756293636e+01
1.498599999999999932e+00	1.009675392527415312e+02
1.502199999999999980e+00	1.032716046500002705e+02
1.505800000000000027e+00	1.021418431562102569e+02
1.509400000000000075e+00	9.772382468826600643e+01
1.512999999999999901e+00	9.211374310059717629e+01
1.516599999999999948e+00	8.821070176647144478e+01
1.520199999999999996e+00	8.850415832559134799e+01
1.523800000000000043e+00	9.459944991510162993e+01
1.527500000000000080e+00	1.034743119547100179e+02
1.531099999999999905e+00	1.123327785459638619e+02
1.534699999999999953e+00	1.170733257972478327e+02
1.538300000000000001e+00	1.155994713498308215e+02
1.541900000000000048e+00	1.090913099861534477e+02
1.545500000000000096e+00	1.004293282260904761e+02
1.549099999999999921e+00	9.268432337108654906e+01
1.552699999999999969e+00	8.833037468308513951e+01
1.556300000000000017e+00	8.720376110028419703e+01
1.559900000000000064e+00	8.772530978701682614e+01
1.563499999999999890e+00	8.765589581325556878e+01
1.567099999999999937e+00	8.567011504960684931e+01
1.570699999999999985e+00	8.189984305689552002e+01
1.574300000000000033e+00	7.735634509334761333e+01
1.578000000000000069e+00	7.358023834226243309e+01
1.581599999999999895e+00	7.164979178282949590e+01
1.585199999999999942e+00	7.224024713150812715e+01
1.588799999999999990e+00	7.533120767657723604e+01
1.592400000000000038e+00	8.058049461203275143e+01
1.596000000000000085e+00	8.747950751831605487e+01
1.599599999999999911e+00	9.568486532443500892e+01
1.603199999999999958e+00	1.031555480664476221e+02
1.606800000000000006e+00	1.079837089442501394e+02
1.610400000000000054e+00	1.087379136599195277e+02
1.614000000000000101e+00	1.043331627992749162e+02
1.617599999999999927e+00	9.656451677769837261e+01
1.621199999999999974e+00	8.761259406802510341e+01
1.624800000000000022e+00	7.973555012877410775e+01
1.628500000000000059e+00	7.504075702605851461e+01
1.632100000000000106e+00	7.364834912892033003e+01
1.635699999999999932e+00	7.496830832807046363e+01
1.639299999999999979e+00	7.968125050839191204e+01
1.642900000000000027e+00	8.680649168841959806e+01
1.646500000000000075e+00	9.493147296592472628e+01
1.650099999999999900e+00	1.017238947050656606e+02
1.653699999999999948e+00	1.050268124302033783e+02
1.657299999999999995e+00	1.028418131622233318e+02
1.660900000000000043e+00	9.580683077539592318e+01
1.664500000000000091e+00	8.631763557423234090e+01
1.668099999999999916e+00	7.670280606990189654e+01
1.671699999999999964e+00	6.949528610334695600e+01
1.675400000000000000e+00	6.576856484280163784e+01
1.679000000000000048e+00	6.525923001934013712e+01
1.682600000000000096e+00	6.761467631599640526e+01
1.686199999999999921e+00	7.290269573634162725e+01
1.689799999999999969e+00	7.981503316184780772e+01
1.693400000000000016e+00	8.723095115022577772e+01
1.697000000000000064e+00	9.378035767626329289e+01
1.700599999999999890e+00	9.776116038336485303e+01
1.704199999999999937e+00	9.838692553480446179e+01
1.707799999999999985e+00	9.593169018540629622e+01
1.711400000000000032e+00	9.084180778485320218e+01
1.715000000000000080e+00	8.378044977944639982e+01
1.718599999999999905e+00	7.544008741379934690e+01
1.722199999999999953e+00	6.836167682694957648e+01
1.725899999999999990e+00	6.452080217216231972e+01
1.729500000000000037e+00	6.669213989028121148e+01
1.733100000000000085e+00	7.626572753394394510e+01
1.736699999999999910e+00	9.088251733874903948e+01
1.740299999999999958e+00	1.049909223749138505e+02
1.743900000000000006e+00	1.138971296406733273e+02
1.747500000000000053e+00	1.132326616072496535e+02
1.751100000000000101e+00	1.044293208233169423e+02
1.754699999999999926e+00	9.116727202026072518e+01
1.758299999999999974e+00	7.851820027177068084e+01
1.761900000000000022e+00	6.988025071300543800e+01
1.765500000000000069e+00	6.686099196448947168e+01
1.769099999999999895e+00	6.762435064750427216e+01
1.772699999999999942e+00	6.970029618447061637e+01
1.776399999999999979e+00	7.145039257000981081e+01
1.780000000000000027e+00	7.198400611391802784e+01
1.783600000000000074e+00	7.206170140943301305e+01
1.787199999999999900e+00	7.268003634002627678e+01
1.790799999999999947e+00	7.468097041570970873e+01
1.794399999999999995e+00	7.793950619616673237e+01
1.798000000000000043e+00	8.114168798232599045e+01
1.801600000000000090e+00	8.257926956393504270e+01
1.805199999999999916e+00	8.082170918615355504e+01
1.808799999999999963e+00	7.484987628863595432e+01
1.812400000000000011e+00	6.707468369061973590e+01
1.816000000000000059e+00	6.096327720516563886e+01
1.819600000000000106e+00	5.953502161595083919e+01
1.823199999999999932e+00	6.499567327645192449e+01
1.826899999999999968e+00	7.514264393174705958e+01
1.830500000000000016e+00	8.643251695822088720e+01
1.834100000000000064e+00	9.453653370753571039e+01
1.837699999999999889e+00	9.656523051511609879e+01
1.841299999999999937e+00	9.276525122201816487e+01
1.844899999999999984e+00	8.595864265529823456e+01
1.848500000000000032e+00	7.875579093588714841e+01
1.852100000000000080e+00	7.388574478331280204e+01
1.855699999999999905e+00	7.197201869509368066e+01
1.859299999999999953e+00	7.285011900002770346e+01
1.862900000000000000e+00	7.632645166440451590e+01
1.866500000000000048e+00	8.174313106443844390e+01
1.870100000000000096e+00	8.832143661728517259e+01
1.873699999999999921e+00	9.408649028074002274e+01
1.877399999999999958e+00	9.732057975292963192e+01
1.881000000000000005e+00	9.571080820896352748e+01
1.884600000000000053e+00	8.934636195474040221e+01
1.888200000000000101e+00	8.053094909435206716e+01
1.891799999999999926e+00	7.216727275415355791e+01
1.895399999999999974e+00	6.673158401478067958e+01
1.899000000000000021e+00	6.638917396990396469e+01
1.902600000000000069e+00	6.961867048113109036e+01
1.906199999999999894e+00	7.512583932044427115e+01
1.909799999999999942e+00	8.126450024440829623e+01
1.913399999999999990e+00	8.644965046291061128e+01
1.917000000000000037e+00	9.006066556900981368e+01
1.920600000000000085e+00	9.209123241704349994e+01
1.924199999999999910e+00	9.190330007277388802e+01
1.927899999999999947e+00	8.966611159152674304e+01
1.931499999999999995e+00	8.606603524990870824e+01
1.935100000000000042e+00	8.243272521569794264e+01
1.938700000000000090e+00	7.989415617545208192e+01
1.942299999999999915e+00	7.952921959235746385e+01
1.945899999999999963e+00	8.112491279478362571e+01
1.949500000000000011e+00	8.301288174097555839e+01
1.953100000000000058e+00	8.484373600479096922e+01
1.956700000000000106e+00	8.495257889175660182e+01
1.960299999999999931e+00	8.275007671181523961e+01
1.963899999999999979e+00	7.938009803123622987e+01
1.967500000000000027e+00	7.496988722244422831e+01
1.971100000000000074e+00	7.046095796567790615e+01
1.974699999999999900e+00	6.603999483944498650e+01
1.978399999999999936e+00	6.203618669191330781e+01
1.981999999999999984e+00	5.862527204490628208e+01
1.985600000000000032e+00	5.586377378801552140e+01
1.989200000000000079e+00	5.356381745950523765e+01
1.992799999999999905e+00	5.232844510316889597e+01
1.996399999999999952e+00	5.218453091230416874e+01
2.000000000000000000e+00	5.297765771127662049e+01
