2.000000000000000111e-01	-2.359580542711213536e+00
2.036000000000000032e-01	-3.028239240192748039e+00
2.071999999999999953e-01	-3.149150363379884521e+00
2.107999999999999874e-01	-2.975906492447200513e+00
2.144000000000000072e-01	-3.398729520191100306e+00
2.179999999999999993e-01	-4.264195050729803427e+00
2.215999999999999914e-01	-3.812041524577249874e+00
2.253000000000000003e-01	-3.712336426781079890e+00
2.288999999999999924e-01	-3.280895356774577110e+00
2.325000000000000122e-01	-3.918254473120018844e+00
2.361000000000000043e-01	-3.117806639815576819e+00
2.396999999999999964e-01	-2.936900820198114381e+00
2.432999999999999885e-01	-2.382424258924918270e+00
2.469000000000000083e-01	-2.976767208040733692e+00
2.505000000000000004e-01	-2.241127808732161775e+00
2.540999999999999925e-01	-2.117259192076573981e+00
2.576999999999999846e-01	-1.326319612732055786e+00
2.612999999999999767e-01	-1.351817515333069819e+00
2.649000000000000243e-01	-7.712152160385581379e-01
2.685000000000000164e-01	-8.645308140569490929e-01
2.721000000000000085e-01	-7.005279742648180541e-01
2.757999999999999896e-01	-4.838864553429599313e-01
2.793999999999999817e-01	-5.280795363671016984e-01
2.829999999999999738e-01	-8.115966418501228130e-01
2.866000000000000214e-01	-7.692978808193173812e-01
2.902000000000000135e-01	-1.295049025577851953e+00
2.938000000000000056e-01	-1.803225316528230149e+00
2.973999999999999977e-01	-1.759904542421755647e+00
3.009999999999999898e-01	-2.665446696009486693e+00
3.045999999999999819e-01	-2.269288607122219581e+00
3.081999999999999740e-01	-2.574829013223107310e+00
3.118000000000000216e-01	-3.061114648166003427e+00
3.154000000000000137e-01	-2.302328263663308228e+00
3.190000000000000058e-01	-3.035714615447504539e+00
3.225999999999999979e-01	-2.669132390705259539e+00
3.262999999999999790e-01	-2.993367083611026214e+00
3.299000000000000266e-01	-3.446394233806414409e+00
3.335000000000000187e-01	-2.597190862816939116e+00
3.371000000000000107e-01	-1.995228719340305767e+00
3.407000000000000028e-01	-1.859093376232630934e+00
3.442999999999999949e-01	-1.226568488044017968e+00
3.478999999999999870e-01	-1.048666369448632008e+00
3.514999999999999791e-01	2.202627924782757929e-01
3.551000000000000267e-01	3.546497472937558681e-01
3.587000000000000188e-01	4.336857903799875569e-01
3.623000000000000109e-01	7.216235255690222061e-01
3.659000000000000030e-01	1.193878587547088088e+00
3.694999999999999951e-01	6.391520766073390813e-01
3.730999999999999872e-01	1.979355859670699047e+00
3.768000000000000238e-01	1.249723814357946550e+00
3.804000000000000159e-01	1.019419924391465893e+00
3.840000000000000080e-01	1.172403969030226811e+00
3.876000000000000001e-01	1.209455821825381916e+00
3.911999999999999922e-01	5.401561827035777918e-01
3.947999999999999843e-01	6.789464897329305915e-01
3.983999999999999764e-01	-2.137967953247521813e-01
4.020000000000000240e-01	1.151172984564935581e-01
4.056000000000000161e-01	-4.299485086187175287e-01
4.092000000000000082e-01	-1.474885477382212318e-01
4.128000000000000003e-01	-4.367769588047324958e-01
4.163999999999999924e-01	2.476384452323832086e-02
4.199999999999999845e-01	-6.593014873776497087e-01
4.235999999999999766e-01	-5.970041953895611764e-01
4.273000000000000131e-01	-7.122985218379618289e-01
4.309000000000000052e-01	-1.204796310716454100e+00
4.344999999999999973e-01	-3.354808644302966769e-01
4.380999999999999894e-01	-6.118366183784251788e-01
4.416999999999999815e-01	2.911262247817399951e-01
4.452999999999999736e-01	2.160148883408939124e-01
4.489000000000000212e-01	2.739758534274956969e-01
4.525000000000000133e-01	9.459657043553191258e-01
4.561000000000000054e-01	1.064175489415879916e+00
4.596999999999999975e-01	7.392150699475803499e-01
4.632999999999999896e-01	1.519459289705272331e+00
4.668999999999999817e-01	1.572494433823670157e+00
4.704999999999999738e-01	1.463927556208445058e+00
4.741000000000000214e-01	2.130991101041580738e+00
4.778000000000000025e-01	2.538047777996898624e+00
4.813999999999999946e-01	2.121059486661247995e+00
4.849999999999999867e-01	2.297206816279112385e+00
4.885999999999999788e-01	2.689270110275018055e+00
4.922000000000000264e-01	1.993567701205396281e+00
4.958000000000000185e-01	2.660032103341363197e+00
4.994000000000000106e-01	1.605820512304297232e+00
5.030000000000000027e-01	1.508417487296328297e+00
5.066000000000000503e-01	1.617903248707191821e+00
5.101999999999999869e-01	1.710301933822138798e+00
5.138000000000000345e-01	8.485370992171077376e-01
5.173999999999999710e-01	6.046505379041691164e-01
5.210000000000000187e-01	8.572657746488582253e-02
5.245999999999999552e-01	4.770720970338921951e-01
5.282999999999999918e-01	-2.166587668853147131e-01
5.319000000000000394e-01	5.220689519922325772e-01
5.354999999999999760e-01	5.087969642358813882e-01
5.391000000000000236e-01	-2.966699534765914192e-01
5.426999999999999602e-01	1.275502359528216390e-01
5.463000000000000078e-01	8.678849085911772843e-01
5.499000000000000554e-01	1.129894835825905108e+00
5.534999999999999920e-01	2.130295128555345752e+00
5.571000000000000396e-01	2.676068817126026733e+00
5.606999999999999762e-01	3.124469512375010360e+00
5.643000000000000238e-01	3.525606885223976583e+00
5.678999999999999604e-01	3.158626491676666426e+00
5.715000000000000080e-01	3.410137419891692723e+00
5.752000000000000446e-01	3.273518666315289760e+00
5.787999999999999812e-01	3.334018690498869564e+00
5.824000000000000288e-01	3.744003976103911224e+00
5.859999999999999654e-01	3.387063700764346486e+00
5.896000000000000130e-01	3.123713595450452463e+00
5.931999999999999496e-01	3.811488676348221638e+00
5.967999999999999972e-01	3.617815409494602452e+00
6.004000000000000448e-01	3.511371028378447168e+00
6.039999999999999813e-01	3.124574819828531247e+00
6.076000000000000290e-01	2.969187239211026785e+00
6.111999999999999655e-01	2.153694884505193752e+00
6.148000000000000131e-01	2.609241041010065931e+00
6.183999999999999497e-01	2.507826402846091263e+00
6.219999999999999973e-01	2.699862891851674274e+00
6.257000000000000339e-01	2.383238136153834397e+00
6.292999999999999705e-01	2.216355998466044586e+00
6.329000000000000181e-01	1.597568728938479898e+00
6.364999999999999547e-01	2.417368671813923342e+00
6.401000000000000023e-01	2.207896154407409384e+00
6.437000000000000499e-01	1.632549397245034895e+00
6.472999999999999865e-01	2.348220356551347976e+00
6.509000000000000341e-01	2.373969214719041432e+00
6.544999999999999707e-01	2.307708046930722734e+00
6.581000000000000183e-01	3.221093533524529651e+00
6.616999999999999549e-01	4.140145729519454143e+00
6.653000000000000025e-01	3.580208757675311215e+00
6.689000000000000501e-01	4.272397735884931436e+00
6.724999999999999867e-01	3.736587409921043879e+00
6.762000000000000233e-01	4.865233035486660640e+00
6.797999999999999599e-01	4.867527345483924961e+00
6.834000000000000075e-01	5.413428287166038189e+00
6.870000000000000551e-01	5.378930627157537003e+00
6.905999999999999917e-01	5.286731053868455987e+00
6.942000000000000393e-01	4.846300360363960280e+00
6.977999999999999758e-01	4.801710779394735340e+00
7.014000000000000234e-01	4.773054515056636582e+00
7.049999999999999600e-01	4.260897333771215045e+00
7.086000000000000076e-01	3.683748219449257455e+00
7.122000000000000552e-01	4.555637611577309620e+00
7.157999999999999918e-01	3.574206964528431563e+00
7.194000000000000394e-01	3.345032243318796450e+00
7.229999999999999760e-01	3.234788800575580048e+00
7.267000000000000126e-01	2.656061030005079537e+00
7.302999999999999492e-01	3.194603707735286680e+00
7.338999999999999968e-01	3.388165257814183207e+00
7.375000000000000444e-01	2.912277351508510748e+00
7.410999999999999810e-01	3.103339387268279292e+00
7.447000000000000286e-01	3.044111177376217281e+00
7.482999999999999652e-01	4.083974686390991593e+00
7.519000000000000128e-01	3.891544577933306215e+00
7.554999999999999494e-01	4.503755312529286847e+00
7.590999999999999970e-01	4.540707003616621940e+00
7.627000000000000446e-01	5.113872686790458033e+00
7.662999999999999812e-01	4.948918813847579479e+00
7.699000000000000288e-01	4.829301304317590748e+00
7.734999999999999654e-01	4.971545618634659824e+00
7.772000000000000020e-01	5.751469087660185053e+00
7.808000000000000496e-01	5.793598726528784049e+00
7.843999999999999861e-01	5.488001817312823327e+00
7.880000000000000338e-01	5.904096235392306546e+00
7.915999999999999703e-01	5.706482172965690935e+00
7.952000000000000179e-01	6.354868404011978278e+00
7.987999999999999545e-01	6.196603871003417474e+00
8.024000000000000021e-01	5.856553212185770185e+00
8.060000000000000497e-01	6.156004719500460354e+00
8.095999999999999863e-01	5.221671618465593134e+00
8.132000000000000339e-01	5.322301755783766630e+00
8.167999999999999705e-01	4.793285104280778697e+00
8.204000000000000181e-01	5.228719560681700962e+00
8.239999999999999547e-01	4.877416284929610768e+00
8.276999999999999913e-01	4.917157158161940878e+00
8.313000000000000389e-01	4.597138620751299420e+00
8.348999999999999755e-01	3.938552833902819739e+00
8.385000000000000231e-01	4.741826753793087157e+00
8.420999999999999597e-01	4.317124895100794113e+00
8.457000000000000073e-01	4.397446473013551405e+00
8.493000000000000549e-01	4.032789750821466512e+00
8.528999999999999915e-01	4.329080850000597280e+00
8.565000000000000391e-01	5.081913248480001144e+00
8.600999999999999757e-01	5.860485216894113059e+00
8.637000000000000233e-01	5.131897755963136021e+00
8.672999999999999599e-01	5.703449792647466765e+00
8.709000000000000075e-01	6.057745548013283354e+00
8.745000000000000551e-01	6.080665048143210960e+00
8.781999999999999806e-01	6.657889608474981458e+00
8.818000000000000282e-01	6.638960993901394936e+00
8.853999999999999648e-01	6.269820241974498387e+00
8.890000000000000124e-01	6.665406223278953490e+00
8.925999999999999490e-01	7.026064311206941859e+00
8.961999999999999966e-01	7.327575496937702937e+00
8.998000000000000442e-01	7.486860952659873725e+00
9.033999999999999808e-01	7.626558034854980406e+00
9.070000000000000284e-01	7.368460369196721871e+00
9.105999999999999650e-01	7.193348736352323414e+00
9.142000000000000126e-01	7.204794575730348427e+00
9.177999999999999492e-01	6.915631582101915420e+00
9.213999999999999968e-01	7.431519890123706062e+00
9.251000000000000334e-01	7.434343000594206607e+00
9.286999999999999700e-01	6.995771808149227056e+00
9.323000000000000176e-01	6.844778120037644520e+00
9.358999999999999542e-01	7.261899463771170460e+00
9.395000000000000018e-01	7.317353528371738136e+00
9.431000000000000494e-01	6.935228482834098429e+00
9.466999999999999860e-01	7.941703312420655969e+00
9.503000000000000336e-01	8.139916545342822829e+00
9.538999999999999702e-01	7.726958720174490480e+00
9.575000000000000178e-01	7.869229464725829182e+00
9.610999999999999543e-01	7.970463689797560036e+00
9.647000000000000020e-01	8.344586570333882847e+00
9.683000000000000496e-01	9.214344337012629893e+00
9.718999999999999861e-01	9.613956618146296762e+00
9.756000000000000227e-01	9.729718450659206042e+00
9.791999999999999593e-01	1.040805587805108168e+01
9.828000000000000069e-01	1.028729187397356526e+01
9.864000000000000545e-01	9.734610397937291992e+00
9.899999999999999911e-01	9.901396339213530240e+00
9.936000000000000387e-01	1.008025579394196924e+01
9.971999999999999753e-01	9.643521532481649672e+00
1.000799999999999912e+00	1.086434457009406351e+01
1.004399999999999959e+00	1.050717056591184750e+01
1.008000000000000007e+00	1.039452487895447241e+01
1.011600000000000055e+00	1.053231876371333442e+01
1.015200000000000102e+00	1.030551068304544593e+01
1.018799999999999928e+00	1.066068144378924920e+01
1.022399999999999975e+00	1.134757024508116174e+01
1.026100000000000012e+00	1.101131945990356442e+01
1.029700000000000060e+00	1.079775298686180385e+01
1.033300000000000107e+00	1.102659728592630550e+01
1.036899999999999933e+00	1.170459374362514815e+01
1.040499999999999980e+00	1.141967915223629859e+01
1.044100000000000028e+00	1.128150525887951972e+01
1.047700000000000076e+00	1.103681573674596095e+01
1.051299999999999901e+00	1.150134149678843976e+01
1.054899999999999949e+00	1.151379691090103385e+01
1.058499999999999996e+00	1.135193520167178782e+01
1.062100000000000044e+00	1.169751452403790815e+01
1.065700000000000092e+00	1.223195715924877724e+01
1.069299999999999917e+00	1.230309812788048873e+01
1.072899999999999965e+00	1.281416987905836180e+01
1.076600000000000001e+00	1.201611790462595408e+01
1.080200000000000049e+00	1.271912389428235990e+01
1.083800000000000097e+00	1.262887665372628554e+01
1.087399999999999922e+00	1.327698113165569005e+01
1.090999999999999970e+00	1.521314340145651300e+01
1.094600000000000017e+00	1.625500483284734443e+01
1.098200000000000065e+00	1.680870332267734213e+01
1.101799999999999891e+00	1.697007958212522283e+01
1.105399999999999938e+00	1.823808643640548866e+01
1.108999999999999986e+00	1.654957653511183224e+01
1.112600000000000033e+00	1.643165797165117326e+01
1.116200000000000081e+00	1.557546543329496380e+01
1.119799999999999907e+00	1.628052892236956239e+01
1.123399999999999954e+00	1.564195806605602357e+01
1.127099999999999991e+00	1.511010742328482692e+01
1.130700000000000038e+00	1.504658165632387679e+01
1.134300000000000086e+00	1.536982178271338206e+01
1.137899999999999912e+00	1.536288537163979484e+01
1.141499999999999959e+00	1.595316410365145110e+01
1.145100000000000007e+00	1.640951574635273502e+01
1.148700000000000054e+00	1.850398509809255998e+01
1.152300000000000102e+00	1.980492451457116587e+01
1.155899999999999928e+00	2.091470064613922375e+01
1.159499999999999975e+00	2.257341032701232919e+01
1.163100000000000023e+00	2.189648727643549364e+01
1.166700000000000070e+00	2.134838357401445563e+01
1.170299999999999896e+00	2.060084519681293713e+01
1.173899999999999944e+00	1.976984667098645332e+01
1.177599999999999980e+00	1.930736540883373920e+01
1.181200000000000028e+00	1.954073417131084511e+01
1.184800000000000075e+00	2.040959910820974699e+01
1.188399999999999901e+00	2.079269854786215532e+01
1.191999999999999948e+00	2.148289910205521380e+01
1.195599999999999996e+00	2.255378924773922478e+01
1.199200000000000044e+00	2.343272275679139582e+01
1.202800000000000091e+00	2.386283904824385260e+01
1.206399999999999917e+00	2.445182415334754822e+01
1.209999999999999964e+00	2.396602544980638072e+01
1.213600000000000012e+00	2.424381857796497641e+01
1.217200000000000060e+00	2.345103676322896291e+01
1.220800000000000107e+00	2.396781444083712742e+01
1.224399999999999933e+00	2.380476948502074208e+01
1.228099999999999969e+00	2.390183906741789244e+01
1.231700000000000017e+00	2.445931190892153850e+01
1.235300000000000065e+00	2.487082163022003201e+01
1.238899999999999890e+00	2.555988899795242020e+01
1.242499999999999938e+00	2.615558990968120412e+01
1.246099999999999985e+00	2.654760650215794726e+01
1.249700000000000033e+00	2.691571069860778564e+01
1.253300000000000081e+00	2.692076965644935171e+01
1.256899999999999906e+00	2.743156305225122438e+01
1.260499999999999954e+00	2.798880810340366310e+01
1.264100000000000001e+00	2.903782650679947253e+01
1.267700000000000049e+00	2.895872965748340633e+01
1.271300000000000097e+00	2.905937165294940172e+01
1.274899999999999922e+00	2.957640036682048290e+01
1.278599999999999959e+00	3.115083744817532718e+01
1.282200000000000006e+00	3.061537827296125513e+01
1.285800000000000054e+00	3.185923029760977343e+01
1.289400000000000102e+00	3.149669642099200573e+01
1.292999999999999927e+00	3.244646123483330769e+01
1.296599999999999975e+00	3.256640300753711870e+01
1.300200000000000022e+00	3.343398937522997016e+01
1.303800000000000070e+00	3.483656052953332249e+01
1.307399999999999896e+00	3.430339508654437708e+01
1.310999999999999943e+00	3.474989070198324725e+01
1.314599999999999991e+00	3.529272675423062111e+01
1.318200000000000038e+00	3.574401409050064160e+01
1.321800000000000086e+00	3.510020649634795831e+01
1.325499999999999901e+00	3.592994762650595675e+01
1.329099999999999948e+00	3.674033493123437211e+01
1.332699999999999996e+00	3.653815948310442252e+01
1.336300000000000043e+00	3.630285975052094471e+01
1.339900000000000091e+00	3.652457093009027744e+01
1.343499999999999917e+00	3.824042894765505451e+01
1.347099999999999964e+00	3.808516907580097666e+01
1.350700000000000012e+00	3.931497192873269597e+01
1.354300000000000059e+00	4.068945879045534042e+01
1.357900000000000107e+00	4.108272695473691272e+01
1.361499999999999932e+00	4.104817594764934796e+01
1.365099999999999980e+00	4.110913653794241895e+01
1.368700000000000028e+00	4.211888168686811440e+01
1.372300000000000075e+00	4.234662879053487927e+01
1.375999999999999890e+00	4.308879439967845570e+01
1.379599999999999937e+00	4.367649315287354028e+01
1.383199999999999985e+00	4.313770719546423749e+01
1.386800000000000033e+00	4.462788049622482589e+01
1.390400000000000080e+00	4.425788367761266784e+01
1.393999999999999906e+00	4.478685186142496377e+01
1.397599999999999953e+00	4.474511072304883186e+01
1.401200000000000001e+00	4.517842824302390170e+01
1.404800000000000049e+00	4.639929613511475992e+01
1.408400000000000096e+00	4.607624741237583521e+01
1.411999999999999922e+00	4.788428569077701269e+01
1.415599999999999969e+00	4.858625739437330537e+01
1.419200000000000017e+00	4.858886712828486054e+01
1.422800000000000065e+00	4.755523514238917215e+01
1.426500000000000101e+00	4.706149951585424418e+01
1.430099999999999927e+00	4.693868167697132066e+01
1.433699999999999974e+00	4.630977477306151968e+01
1.437300000000000022e+00	4.576282226761069438e+01
1.440900000000000070e+00	4.660761223163881795e+01
1.444499999999999895e+00	4.617371764812633472e+01
1.448099999999999943e+00	4.818071039761729679e+01
1.451699999999999990e+00	4.828444557590329822e+01
1.455300000000000038e+00	5.022625707688749230e+01
1.458900000000000086e+00	5.094500315516268785e+01
1.462499999999999911e+00	5.131159501725064587e+01
1.466099999999999959e+00	5.093945897155894187e+01
1.469700000000000006e+00	5.210828684216122753e+01
1.473300000000000054e+00	5.149064243144503195e+01
1.477000000000000091e+00	5.230687512288989183e+01
1.480599999999999916e+00	5.271511212493878418e+01
1.484199999999999964e+00	5.386872663267989481e+01
1.487800000000000011e+00	5.474883642544143214e+01
1.491400000000000059e+00	5.595359100780536465e+01
1.495000000000000107e+00	5.568459446885561448e+01
1.498599999999999932e+00	5.676396785504235964e+01
1.502199999999999980e+00	5.799332580016793059e+01
1.505800000000000027e+00	5.859031937721336902e+01
1.509400000000000075e+00	5.851003161891723892e+01
1.512999999999999901e+00	5.959413993148439204e+01
1.516599999999999948e+00	6.016885900252101038e+01
1.520199999999999996e+00	5.910266384957992614e+01
1.523800000000000043e+00	5.829679478684725780e+01
1.527500000000000080e+00	5.715453698634254920e+01
1.531099999999999905e+00	5.647166174680003081e+01
1.534699999999999953e+00	5.609981988323843893e+01
1.538300000000000001e+00	5.729632959374922763e+01
1.541900000000000048e+00	5.913971770089835900e+01
1.545500000000000096e+00	6.171896856811863330e+01
1.549099999999999921e+00	6.386253273813474607e+01
1.552699999999999969e+00	6.364048841096438025e+01
1.556300000000000017e+00	6.259553733915316798e+01
1.559900000000000064e+00	6.044778186980685319e+01
1.563499999999999890e+00	5.879599570773604711e+01
1.567099999999999937e+00	5.713776679152262261e+01
1.570699999999999985e+00	5.556476274974416896e+01
1.574300000000000033e+00	5.556342841003161226e+01
1.578000000000000069e+00	5.528372035817226759e+01
1.581599999999999895e+00	5.532985128119151597e+01
1.585199999999999942e+00	5.614887877316814269e+01
1.588799999999999990e+00	5.672006343186104971e+01
1.592400000000000038e+00	5.719347152141217805e+01
1.596000000000000085e+00	5.805800579738151157e+01
1.599599999999999911e+00	5.839065464867294963e+01
1.603199999999999958e+00	5.774352403063819139e+01
1.606800000000000006e+00	5.823343811284227201e+01
1.610400000000000054e+00	5.752605544973091156e+01
1.614000000000000101e+00	5.660759265679030960e+01
1.617599999999999927e+00	5.490336652143898277e+01
1.621199999999999974e+00	5.530925419662086995e+01
1.624800000000000022e+00	5.558547146858287391e+01
1.628500000000000059e+00	5.671891207498021004e+01
1.632100000000000106e+00	5.891299725930758058e+01
1.635699999999999932e+00	6.082170888940731857e+01
1.639299999999999979e+00	6.237843823287430212e+01
1.642900000000000027e+00	6.155485650320888880e+01
1.646500000000000075e+00	6.005764358446605655e+01
1.650099999999999900e+00	5.915950352470371598e+01
1.653699999999999948e+00	6.014916523538052218e+01
1.657299999999999995e+00	6.317274125394413886e+01
1.660900000000000043e+00	6.868238620875669653e+01
1.664500000000000091e+00	7.414814538714702508e+01
1.668099999999999916e+00	7.774196531976431856e+01
1.671699999999999964e+00	7.771919725210244678e+01
1.675400000000000000e+00	7.470165849599364094e+01
1.679000000000000048e+00	6.925335775132010951e+01
1.682600000000000096e+00	6.372206111854065114e+01
1.686199999999999921e+00	5.974020506200155012e+01
1.689799999999999969e+00	5.972218495014540451e+01
1.693400000000000016e+00	6.083254811681877072e+01
1.697000000000000064e+00	6.350242565374171022e+01
1.700599999999999890e+00	6.640454574615606020e+01
1.704199999999999937e+00	6.781921875064058725e+01
1.707799999999999985e+00	6.848304999109576841e+01
1.711400000000000032e+00	6.853150495203779258e+01
1.715000000000000080e+00	6.730027250820842255e+01
1.718599999999999905e+00	6.719893788188012707e+01
1.722199999999999953e+00	6.409481995296950174e+01
1.725899999999999990e+00	6.237304057213256669e+01
1.729500000000000037e+00	6.111865064353388277e+01
1.733100000000000085e+00	5.938794529036741210e+01
1.736699999999999910e+00	5.899550546841398813e+01
1.740299999999999958e+00	6.006771655105842456e+01
1.743900000000000006e+00	6.102076228155448945e+01
1.747500000000000053e+00	6.403333705034900447e+01
1.751100000000000101e+00	6.732994121994612158e+01
1.754699999999999926e+00	7.019024652453546764e+01
1.758299999999999974e+00	7.213117320839255342e+01
1.761900000000000022e+00	7.209164251503175080e+01
1.765500000000000069e+00	6.945193340013408090e+01
1.769099999999999895e+00	6.615469925809131269e+01
1.772699999999999942e+00	6.298798525518228075e+01
1.776399999999999979e+00	6.174645965147868765e+01
1.780000000000000027e+00	6.236053958247229900e+01
1.783600000000000074e+00	6.338133544416445631e+01
1.787199999999999900e+00	6.391376601686094716e+01
1.790799999999999947e+00	6.487970881271131418e+01
1.794399999999999995e+00	6.466166535682457095e+01
1.798000000000000043e+00	6.275838855163742380e+01
1.801600000000000090e+00	6.189927882818115989e+01
1.805199999999999916e+00	6.170846556111128933e+01
1.808799999999999963e+00	6.340658327702967512e+01
1.812400000000000011e+00	6.609315925001598657e+01
1.816000000000000059e+00	6.859325433736414368e+01
1.819600000000000106e+00	7.157249773034972407e+01
1.823199999999999932e+00	7.306794154768500960e+01
1.826899999999999968e+00	7.472615358310159195e+01
1.830500000000000016e+00	7.647400261093703477e+01
1.834100000000000064e+00	7.868586160168352706e+01
1.837699999999999889e+00	8.279862679187363028e+01
1.841299999999999937e+00	8.690843665285184727e+01
1.844899999999999984e+00	9.010451134715177091e+01
1.848500000000000032e+00	9.007761612541013108e+01
1.852100000000000080e+00	8.630005765168884579e+01
1.855699999999999905e+00	7.786625003233726261e+01
1.859299999999999953e+00	6.945950625302764081e+01
1.862900000000000000e+00	6.217839423602929827e+01
1.866500000000000048e+00	5.837577454202405391e+01
1.870100000000000096e+00	5.931760569684445983e+01
1.873699999999999921e+00	6.299635769887193959e+01
1.877399999999999958e+00	6.665959994158116331e+01
1.881000000000000005e+00	6.880786493332564646e+01
1.884600000000000053e+00	6.827756348501644368e+01
1.888200000000000101e+00	6.760904474581401757e+01
1.891799999999999926e+00	6.729492068625556556e+01
1.895399999999999974e+00	7.035016309510407950e+01
1.899000000000000021e+00	7.718058860823285272e+01
1.902600000000000069e+00	8.473245890715662654e+01
1.906199999999999894e+00	9.238313345574282209e+01
1.909799999999999942e+00	9.682371335728478812e+01
1.913399999999999990e+00	9.685156765394593492e+01
1.917000000000000037e+00	9.226293372995452557e+01
1.920600000000000085e+00	8.675834226016921491e+01
1.924199999999999910e+00	8.001348203871410192e+01
1.927899999999999947e+00	7.346076192357861601e+01
1.931499999999999995e+00	6.894751418774198726e+01
1.935100000000000042e+00	6.451684878210232910e+01
1.938700000000000090e+00	6.212894098647772267e+01
1.942299999999999915e+00	6.233652636257304636e+01
1.945899999999999963e+00	6.401126639085597958e+01
1.949500000000000011e+00	6.613009459937910606e+01
1.953100000000000058e+00	6.761855576184925098e+01
1.956700000000000106e+00	6.768799492221309322e+01
1.960299999999999931e+00	6.556477232426911428e+01
1.963899999999999979e+00	6.344687212232383189e+01
1.967500000000000027e+00	6.308941682024610031e+01
1.971100000000000074e+00	6.370310633344656281e+01
1.974699999999999900e+00	6.690968505559776247e+01
1.978399999999999936e+00	7.193774903011355093e+01
1.981999999999999984e+00	7.789479425522819156e+01
1.985600000000000032e+00	8.370752837812365499e+01
1.989200000000000079e+00	8.783031123410697205e+01
1.992799999999999905e+00	9.014179551732124196e+01
1.996399999999999952e+00	8.919404561251926111e+01
2.000000000000000000e+00	8.331499040382192334e+01
