2.000000000000000111e-01	-2.651898587949270691e+00
2.036000000000000032e-01	-2.601028582392698407e+00
2.071999999999999953e-01	-1.513583938992665967e+00
2.107999999999999874e-01	-1.525344821819428986e+00
2.144000000000000072e-01	-1.958713067621179471e-01
2.179999999999999993e-01	9.538868663531933079e-01
2.215999999999999914e-01	8.695201654807021008e-01
2.253000000000000003e-01	1.244869200170492629e+00
2.288999999999999924e-01	1.525014544083818091e+00
2.325000000000000122e-01	2.618557740338672168e+00
2.361000000000000043e-01	1.890788617468309951e+00
2.396999999999999964e-01	2.418469309570646431e+00
2.432999999999999885e-01	2.066364779052520362e+00
2.469000000000000083e-01	1.419902773919950345e+00
2.505000000000000004e-01	1.336990362072171479e+00
2.540999999999999925e-01	6.414369631033541852e-01
2.576999999999999846e-01	7.551067080213647031e-01
2.612999999999999767e-01	-2.833145104391550095e-01
2.649000000000000243e-01	-1.227567466097138960e+00
2.685000000000000164e-01	-1.904755921874095481e+00
2.721000000000000085e-01	-1.468456348907605680e+00
2.757999999999999896e-01	-1.740331802882342460e+00
2.793999999999999817e-01	-1.783009251102708248e+00
2.829999999999999738e-01	-2.562039067755504718e+00
2.866000000000000214e-01	-1.863087967203022721e+00
2.902000000000000135e-01	-1.464021930249113979e+00
2.938000000000000056e-01	-5.714954660045208357e-01
2.973999999999999977e-01	6.481286323529781290e-01
3.009999999999999898e-01	1.621524433226547490e+00
3.045999999999999819e-01	1.818369544978309271e+00
3.081999999999999740e-01	2.668610907367007901e+00
3.118000000000000216e-01	3.211644405487731557e+00
3.154000000000000137e-01	4.645977254107597432e+00
3.190000000000000058e-01	4.353833843232947309e+00
3.225999999999999979e-01	6.296481781949349710e+00
3.262999999999999790e-01	4.624776325580342018e+00
3.299000000000000266e-01	6.045659389570626097e+00
3.335000000000000187e-01	6.007741092520107351e+00
3.371000000000000107e-01	5.632796004213509455e+00
3.407000000000000028e-01	5.389133145689447346e+00
3.442999999999999949e-01	5.736938069671124296e+00
3.478999999999999870e-01	5.695831865785633497e+00
3.514999999999999791e-01	4.599091925275961223e+00
3.551000000000000267e-01	3.811671443418330529e+00
3.587000000000000188e-01	3.137974793548003127e+00
3.623000000000000109e-01	3.441342505670160978e+00
3.659000000000000030e-01	3.324835305320682721e+00
3.694999999999999951e-01	2.811283840888667562e+00
3.730999999999999872e-01	3.056612905589769724e+00
3.768000000000000238e-01	3.869747010341460847e+00
3.804000000000000159e-01	4.306691327662315771e+00
3.840000000000000080e-01	4.834858452881891644e+00
3.876000000000000001e-01	5.354528688708780848e+00
3.911999999999999922e-01	6.040517577545656991e+00
3.947999999999999843e-01	7.763405851555348569e+00
3.983999999999999764e-01	7.630205592678384718e+00
4.020000000000000240e-01	8.834794504709382323e+00
4.056000000000000161e-01	9.787563819741633253e+00
4.092000000000000082e-01	1.045411044007428103e+01
4.128000000000000003e-01	1.109403446879407973e+01
4.163999999999999924e-01	1.104953185290542628e+01
4.199999999999999845e-01	1.118558800467223691e+01
4.235999999999999766e-01	1.087097025601187994e+01
4.273000000000000131e-01	1.084385540198246112e+01
4.309000000000000052e-01	9.347752064348618717e+00
4.344999999999999973e-01	9.089347654355968587e+00
4.380999999999999894e-01	8.876685422065227371e+00
4.416999999999999815e-01	8.323164891566028345e+00
4.452999999999999736e-01	9.092572656643524098e+00
4.489000000000000212e-01	8.337058819486815153e+00
4.525000000000000133e-01	7.480738895799642130e+00
4.561000000000000054e-01	8.465903112097928229e+00
4.596999999999999975e-01	8.557967405388049897e+00
4.632999999999999896e-01	8.259643100723222275e+00
4.668999999999999817e-01	9.441454006836037749e+00
4.704999999999999738e-01	1.086434832264608907e+01
4.741000000000000214e-01	1.214113959944008769e+01
4.778000000000000025e-01	1.235283162476089025e+01
4.813999999999999946e-01	1.406174750770219717e+01
4.849999999999999867e-01	1.564108686752323507e+01
4.885999999999999788e-01	1.589707160582724832e+01
4.922000000000000264e-01	1.782925030473564476e+01
4.958000000000000185e-01	1.683186982964491207e+01
4.994000000000000106e-01	1.735212385289231563e+01
5.030000000000000027e-01	1.722595175089217534e+01
5.066000000000000503e-01	1.794184805006483430e+01
5.101999999999999869e-01	1.741497866933595873e+01
5.138000000000000345e-01	1.700166831708319393e+01
5.173999999999999710e-01	1.600138747788417604e+01
5.210000000000000187e-01	1.680837633885794347e+01
5.245999999999999552e-01	1.644680826411714847e+01
5.282999999999999918e-01	1.545069366349216189e+01
5.319000000000000394e-01	1.677314427973837496e+01
5.354999999999999760e-01	1.615008885235682357e+01
5.391000000000000236e-01	1.641118128239131835e+01
5.426999999999999602e-01	1.580735520320176946e+01
5.463000000000000078e-01	1.601326659686127485e+01
5.499000000000000554e-01	1.675151722519033370e+01
5.534999999999999920e-01	1.747712905076267376e+01
5.571000000000000396e-01	1.716007814204523996e+01
5.606999999999999762e-01	1.768114001372947186e+01
5.643000000000000238e-01	1.779836667324291000e+01
5.678999999999999604e-01	1.752711244073257646e+01
5.715000000000000080e-01	1.710532812196247932e+01
5.752000000000000446e-01	1.658706690528142502e+01
5.787999999999999812e-01	1.540731163836814943e+01
5.824000000000000288e-01	1.649237327905963468e+01
5.859999999999999654e-01	1.614392092357465103e+01
5.896000000000000130e-01	1.469895570263128626e+01
5.931999999999999496e-01	1.478708266052204934e+01
5.967999999999999972e-01	1.381803243338321607e+01
6.004000000000000448e-01	1.403476046086480622e+01
6.039999999999999813e-01	1.289121977143348552e+01
6.076000000000000290e-01	1.239755844854774303e+01
6.111999999999999655e-01	1.346938677422505215e+01
6.148000000000000131e-01	1.167034613375783358e+01
6.183999999999999497e-01	1.157145852729226299e+01
6.219999999999999973e-01	1.154049332340010814e+01
6.257000000000000339e-01	1.104075706972514226e+01
6.292999999999999705e-01	1.086406709561211237e+01
6.329000000000000181e-01	1.091516420475926097e+01
6.364999999999999547e-01	1.115630970997298910e+01
6.401000000000000023e-01	1.134933067685051711e+01
6.437000000000000499e-01	9.926245127008746394e+00
6.472999999999999865e-01	1.117807228122189045e+01
6.509000000000000341e-01	1.135111895677373184e+01
6.544999999999999707e-01	1.043668530892765389e+01
6.581000000000000183e-01	9.931846344422078587e+00
6.616999999999999549e-01	9.265696957282365531e+00
6.653000000000000025e-01	9.979544674035771834e+00
6.689000000000000501e-01	1.017368144393198115e+01
6.724999999999999867e-01	9.212559493265006338e+00
6.762000000000000233e-01	9.362145754970072176e+00
6.797999999999999599e-01	1.018213711523119080e+01
6.834000000000000075e-01	1.101897536818943202e+01
6.870000000000000551e-01	1.071373561604809765e+01
6.905999999999999917e-01	1.007233544059009134e+01
6.942000000000000393e-01	9.671399807782258051e+00
6.977999999999999758e-01	1.000231707995412300e+01
7.014000000000000234e-01	1.124382622899882911e+01
7.049999999999999600e-01	9.693684138663172689e+00
7.086000000000000076e-01	1.018707022292911368e+01
7.122000000000000552e-01	1.179292991859141360e+01
7.157999999999999918e-01	1.145721514646229622e+01
7.194000000000000394e-01	1.127503454181139375e+01
7.229999999999999760e-01	1.051131466265547942e+01
7.267000000000000126e-01	1.077316986145745581e+01
7.302999999999999492e-01	1.125828495262637219e+01
7.338999999999999968e-01	1.033402605514159589e+01
7.375000000000000444e-01	1.055635713818677957e+01
7.410999999999999810e-01	1.035969211378786525e+01
7.447000000000000286e-01	1.028254787991968300e+01
7.482999999999999652e-01	1.111385580641899296e+01
7.519000000000000128e-01	1.114586271120382044e+01
7.554999999999999494e-01	1.171693698480667756e+01
7.590999999999999970e-01	1.089483674992867179e+01
7.627000000000000446e-01	1.136034611246625126e+01
7.662999999999999812e-01	1.243382398492957108e+01
7.699000000000000288e-01	1.180212354313495204e+01
7.734999999999999654e-01	1.238529281461686615e+01
7.772000000000000020e-01	1.258871472707859951e+01
7.808000000000000496e-01	1.179924841399886049e+01
7.843999999999999861e-01	1.289428173791807986e+01
7.880000000000000338e-01	1.266408030307005461e+01
7.915999999999999703e-01	1.359306817649541621e+01
7.952000000000000179e-01	1.383935124472443157e+01
7.987999999999999545e-01	1.429050254119985652e+01
8.024000000000000021e-01	1.447842341073728711e+01
8.060000000000000497e-01	1.426477734044769186e+01
8.095999999999999863e-01	1.415556264481672599e+01
8.132000000000000339e-01	1.402747946654118394e+01
8.167999999999999705e-01	1.460165549731717860e+01
8.204000000000000181e-01	1.311468543045817370e+01
8.239999999999999547e-01	1.386595124554715852e+01
8.276999999999999913e-01	1.443323591187036392e+01
8.313000000000000389e-01	1.369492147580753283e+01
8.348999999999999755e-01	1.426727897054852612e+01
8.385000000000000231e-01	1.506454884199464672e+01
8.420999999999999597e-01	1.506927935604866953e+01
8.457000000000000073e-01	1.581275038913717168e+01
8.493000000000000549e-01	1.638272514504604516e+01
8.528999999999999915e-01	1.622782658437025560e+01
8.565000000000000391e-01	1.551437353860240620e+01
8.600999999999999757e-01	1.751128694632448202e+01
8.637000000000000233e-01	1.786433344986132354e+01
8.672999999999999599e-01	1.807880335333537403e+01
8.709000000000000075e-01	1.770460437065007397e+01
8.745000000000000551e-01	1.841854150333659845e+01
8.781999999999999806e-01	2.002419782690446937e+01
8.818000000000000282e-01	1.815745164423232438e+01
8.853999999999999648e-01	1.946003156686863633e+01
8.890000000000000124e-01	1.895670415102907569e+01
8.925999999999999490e-01	1.908474118969838074e+01
8.961999999999999966e-01	1.877488406224396300e+01
8.998000000000000442e-01	1.955019792284656077e+01
9.033999999999999808e-01	1.936867575614691361e+01
9.070000000000000284e-01	2.054019697093272967e+01
9.105999999999999650e-01	2.120819729939193010e+01
9.142000000000000126e-01	2.060907867046728725e+01
9.177999999999999492e-01	2.147144104648578988e+01
9.213999999999999968e-01	2.164108312995268690e+01
9.251000000000000334e-01	2.116170683167581501e+01
9.286999999999999700e-01	2.178247471787016920e+01
9.323000000000000176e-01	2.219505804900443025e+01
9.358999999999999542e-01	2.268954701724512546e+01
9.395000000000000018e-01	2.248869903217705257e+01
9.431000000000000494e-01	2.383440694606730048e+01
9.466999999999999860e-01	2.401312633161459331e+01
9.503000000000000336e-01	2.447671180677745895e+01
9.538999999999999702e-01	2.399680185985167924e+01
9.575000000000000178e-01	2.516426596843774632e+01
9.610999999999999543e-01	2.601192074382433006e+01
9.647000000000000020e-01	2.658877882229536382e+01
9.683000000000000496e-01	2.474821532814551972e+01
9.718999999999999861e-01	2.558586334622027891e+01
9.756000000000000227e-01	2.516713796025297967e+01
9.791999999999999593e-01	2.540490695218610284e+01
9.828000000000000069e-01	2.497781719619403873e+01
9.864000000000000545e-01	2.600743513461423717e+01
9.899999999999999911e-01	2.503197800238372750e+01
9.936000000000000387e-01	2.593617951776984398e+01
9.971999999999999753e-01	2.631066786989874018e+01
1.000799999999999912e+00	2.676819383581061373e+01
1.004399999999999959e+00	2.700860197225363635e+01
1.008000000000000007e+00	2.811813183792957105e+01
1.011600000000000055e+00	2.761152570170994736e+01
1.015200000000000102e+00	2.815374460013218538e+01
1.018799999999999928e+00	2.801230154536088079e+01
1.022399999999999975e+00	2.861804641812388184e+01
1.026100000000000012e+00	2.868559484904329082e+01
1.029700000000000060e+00	2.896591060323969913e+01
1.033300000000000107e+00	2.964276373695752653e+01
1.036899999999999933e+00	2.921161176391721881e+01
1.040499999999999980e+00	3.007664085871312665e+01
1.044100000000000028e+00	3.047236161075532124e+01
1.047700000000000076e+00	2.989310016355140931e+01
1.051299999999999901e+00	3.037503395464722544e+01
1.054899999999999949e+00	2.950293905965297370e+01
1.058499999999999996e+00	3.036640712237926820e+01
1.062100000000000044e+00	3.159242311300428341e+01
1.065700000000000092e+00	3.132532667838949081e+01
1.069299999999999917e+00	3.137231403016618358e+01
1.072899999999999965e+00	3.092170863977716877e+01
1.076600000000000001e+00	3.182145785321298703e+01
1.080200000000000049e+00	3.279521621654927799e+01
1.083800000000000097e+00	3.215490767714495490e+01
1.087399999999999922e+00	3.245826659162464978e+01
1.090999999999999970e+00	3.188203093986478009e+01
1.094600000000000017e+00	3.338390809451344410e+01
1.098200000000000065e+00	3.294499418140071612e+01
1.101799999999999891e+00	3.356417157521895689e+01
1.105399999999999938e+00	3.218300199001198791e+01
1.108999999999999986e+00	3.358554370325693128e+01
1.112600000000000033e+00	3.175019494702240763e+01
1.116200000000000081e+00	3.173800380829656476e+01
1.119799999999999907e+00	3.314676891950167459e+01
1.123399999999999954e+00	3.392689641391532973e+01
1.127099999999999991e+00	3.433587090175764445e+01
1.130700000000000038e+00	3.520324028688808937e+01
1.134300000000000086e+00	3.533915218587011964e+01
1.137899999999999912e+00	3.455637766431910052e+01
1.141499999999999959e+00	3.443982388708539588e+01
1.145100000000000007e+00	3.563799976345561049e+01
1.148700000000000054e+00	3.574016330185659029e+01
1.152300000000000102e+00	3.603245209117724812e+01
1.155899999999999928e+00	3.691771305331455721e+01
1.159499999999999975e+00	3.802493608864826768e+01
1.163100000000000023e+00	3.990876529842061160e+01
1.166700000000000070e+00	3.795396485938172049e+01
1.170299999999999896e+00	3.868916452303277254e+01
1.173899999999999944e+00	3.761991846718548516e+01
1.177599999999999980e+00	3.822942790523993750e+01
1.181200000000000028e+00	3.788798567059806288e+01
1.184800000000000075e+00	3.783034670665168164e+01
1.188399999999999901e+00	3.854165547737281372e+01
1.191999999999999948e+00	3.775895320502949204e+01
1.195599999999999996e+00	4.014677261044150214e+01
1.199200000000000044e+00	4.062815495434107049e+01
1.202800000000000091e+00	4.007138228487368536e+01
1.206399999999999917e+00	4.191560285483745929e+01
1.209999999999999964e+00	4.193325885386399676e+01
1.213600000000000012e+00	4.324313341161221302e+01
1.217200000000000060e+00	4.467857106069664042e+01
1.220800000000000107e+00	4.492093953614408264e+01
1.224399999999999933e+00	4.551037650366122733e+01
1.228099999999999969e+00	4.517271914357149853e+01
1.231700000000000017e+00	4.529384268123958179e+01
1.235300000000000065e+00	4.525603041979201180e+01
1.238899999999999890e+00	4.512959868829300092e+01
1.242499999999999938e+00	4.705033623984045477e+01
1.246099999999999985e+00	4.759174752444270240e+01
1.249700000000000033e+00	4.934319118736104315e+01
1.253300000000000081e+00	5.082203233735407366e+01
1.256899999999999906e+00	5.242975130304215270e+01
1.260499999999999954e+00	5.354344061357596729e+01
1.264100000000000001e+00	5.474053745649695202e+01
1.267700000000000049e+00	5.561797193929588445e+01
1.271300000000000097e+00	5.709504337584318989e+01
1.274899999999999922e+00	5.717481593386777661e+01
1.278599999999999959e+00	5.878515419721590263e+01
1.282200000000000006e+00	5.952487177438842281e+01
1.285800000000000054e+00	5.833182887775186742e+01
1.289400000000000102e+00	5.781438639893470111e+01
1.292999999999999927e+00	5.945811932791372101e+01
1.296599999999999975e+00	6.087373054206138789e+01
1.300200000000000022e+00	6.031053045186133943e+01
1.303800000000000070e+00	6.208163340339707048e+01
1.307399999999999896e+00	6.436089637894363591e+01
1.310999999999999943e+00	6.785768642188708100e+01
1.314599999999999991e+00	7.044574784992596506e+01
1.318200000000000038e+00	7.336677990648956893e+01
1.321800000000000086e+00	7.548122344769046776e+01
1.325499999999999901e+00	7.844562535779449775e+01
1.329099999999999948e+00	7.769611163457960856e+01
1.332699999999999996e+00	7.697494302893470319e+01
1.336300000000000043e+00	7.547042221872760592e+01
1.339900000000000091e+00	7.578736778261263396e+01
1.343499999999999917e+00	7.578180150254502223e+01
1.347099999999999964e+00	7.791259656743190476e+01
1.350700000000000012e+00	8.126121188190357714e+01
1.354300000000000059e+00	8.404822587302763282e+01
1.357900000000000107e+00	8.767385514703777005e+01
1.361499999999999932e+00	8.993540590489524789e+01
1.365099999999999980e+00	9.096938345877667587e+01
1.368700000000000028e+00	8.815968435774487943e+01
1.372300000000000075e+00	8.424691433897720572e+01
1.375999999999999890e+00	7.664463928803719739e+01
1.379599999999999937e+00	7.072656100049017880e+01
1.383199999999999985e+00	6.860676512638411850e+01
1.386800000000000033e+00	7.163395410927638807e+01
1.390400000000000080e+00	8.131342940032502042e+01
1.393999999999999906e+00	9.293943617335690988e+01
1.397599999999999953e+00	1.025974397232242694e+02
1.401200000000000001e+00	1.095834939218228072e+02
1.404800000000000049e+00	1.097129072320275185e+02
1.408400000000000096e+00	1.061887803276868851e+02
1.411999999999999922e+00	1.007045276152383337e+02
1.415599999999999969e+00	9.830081901088657048e+01
1.419200000000000017e+00	1.006109806468656700e+02
1.422800000000000065e+00	1.034187355799311518e+02
1.426500000000000101e+00	1.068560030049174827e+02
1.430099999999999927e+00	1.075936943875232572e+02
1.433699999999999974e+00	1.058018856313698137e+02
1.437300000000000022e+00	1.021327939328344172e+02
1.440900000000000070e+00	9.990219004080957177e+01
1.444499999999999895e+00	9.968806017487581528e+01
1.448099999999999943e+00	1.050352412414951431e+02
1.451699999999999990e+00	1.124005829789035289e+02
1.455300000000000038e+00	1.209860001052188494e+02
1.458900000000000086e+00	1.273394169668502087e+02
1.462499999999999911e+00	1.257335707154588391e+02
1.466099999999999959e+00	1.195646211388469453e+02
1.469700000000000006e+00	1.099610388590116088e+02
1.473300000000000054e+00	9.963671637551108518e+01
1.477000000000000091e+00	8.925386575808589384e+01
1.480599999999999916e+00	8.386924136470736357e+01
1.484199999999999964e+00	8.153843094256416180e+01
1.487800000000000011e+00	8.598302399285698527e+01
1.491400000000000059e+00	9.713533186030821298e+01
1.495000000000000107e+00	1.153948515892158184e+02
1.498599999999999932e+00	1.340705277675257321e+02
1.502199999999999980e+00	1.466916605730022809e+02
1.505800000000000027e+00	1.482137521738146972e+02
1.509400000000000075e+00	1.372025114110532797e+02
1.512999999999999901e+00	1.182502835091412550e+02
1.516599999999999948e+00	1.013506581673236440e+02
1.520199999999999996e+00	8.973477940829648958e+01
1.523800000000000043e+00	9.147941436718420505e+01
1.527500000000000080e+00	1.018353964509524587e+02
1.531099999999999905e+00	1.155066084953197958e+02
1.534699999999999953e+00	1.249529144848378621e+02
1.538300000000000001e+00	1.268081800161452577e+02
1.541900000000000048e+00	1.240275343507513384e+02
1.545500000000000096e+00	1.176895760368064430e+02
1.549099999999999921e+00	1.117046979271018472e+02
1.552699999999999969e+00	1.102997630922476731e+02
1.556300000000000017e+00	1.115748549528832854e+02
1.559900000000000064e+00	1.127186800359928753e+02
1.563499999999999890e+00	1.134454038503155431e+02
1.567099999999999937e+00	1.100654096096993442e+02
1.570699999999999985e+00	1.025386114271061189e+02
1.574300000000000033e+00	9.263881721163203053e+01
1.578000000000000069e+00	8.530323130943180843e+01
1.581599999999999895e+00	7.976664123357018354e+01
1.585199999999999942e+00	7.847737200179076922e+01
1.588799999999999990e+00	8.050734388678645814e+01
1.592400000000000038e+00	8.274164787711720237e+01
1.596000000000000085e+00	8.602998508335150518e+01
1.599599999999999911e+00	8.863533804809497951e+01
1.603199999999999958e+00	9.003202680657777535e+01
1.606800000000000006e+00	9.113740377778403001e+01
1.610400000000000054e+00	9.186836198041577006e+01
1.614000000000000101e+00	8.948743760237859135e+01
1.617599999999999927e+00	8.834343128088976016e+01
1.621199999999999974e+00	8.629188327876984488e+01
1.624800000000000022e+00	8.336129999844125393e+01
1.628500000000000059e+00	8.066842285167960824e+01
1.632100000000000106e+00	7.755625449545979677e+01
1.635699999999999932e+00	7.834265494780400729e+01
1.639299999999999979e+00	8.127924901717312878e+01
1.642900000000000027e+00	8.524128117221074774e+01
1.646500000000000075e+00	9.370291510352180353e+01
1.650099999999999900e+00	1.015190853130263804e+02
1.653699999999999948e+00	1.073321927793066664e+02
1.657299999999999995e+00	1.067678533930723148e+02
1.660900000000000043e+00	1.036183295823028061e+02
1.664500000000000091e+00	9.851370128261272896e+01
1.668099999999999916e+00	9.288435263113267126e+01
1.671699999999999964e+00	8.814428193909373022e+01
1.675400000000000000e+00	8.680659053113818402e+01
1.679000000000000048e+00	8.592112716202352374e+01
1.682600000000000096e+00	8.472838389114254198e+01
1.686199999999999921e+00	8.211882266285535081e+01
1.689799999999999969e+00	7.965542179576965509e+01
1.693400000000000016e+00	7.573423225089514688e+01
1.697000000000000064e+00	7.337399716060141941e+01
1.700599999999999890e+00	7.318815378876089994e+01
1.704199999999999937e+00	7.578516480151084522e+01
1.707799999999999985e+00	7.994960830609876723e+01
1.711400000000000032e+00	8.278824174305903227e+01
1.715000000000000080e+00	8.422459403080216589e+01
1.718599999999999905e+00	8.192978159658134985e+01
1.722199999999999953e+00	7.816101869271930980e+01
1.725899999999999990e+00	7.357373420835008915e+01
1.729500000000000037e+00	7.163939094820820230e+01
1.733100000000000085e+00	7.400706358407698815e+01
1.736699999999999910e+00	7.744920091013841557e+01
1.740299999999999958e+00	8.214031664034482105e+01
1.743900000000000006e+00	8.559557143950728175e+01
1.747500000000000053e+00	8.503303359269310135e+01
1.751100000000000101e+00	8.043363891333881099e+01
1.754699999999999926e+00	7.682252671946017131e+01
1.758299999999999974e+00	7.272793052434184347e+01
1.761900000000000022e+00	6.885206523958849800e+01
1.765500000000000069e+00	6.820934475811736775e+01
1.769099999999999895e+00	6.889575376762942938e+01
1.772699999999999942e+00	7.015115886384305099e+01
1.776399999999999979e+00	7.268463655555514435e+01
1.780000000000000027e+00	7.555251127755340690e+01
1.783600000000000074e+00	7.853298427581982821e+01
1.787199999999999900e+00	8.177493684205268210e+01
1.790799999999999947e+00	8.603002719988965907e+01
1.794399999999999995e+00	8.930179578114119465e+01
1.798000000000000043e+00	9.406393733226254028e+01
1.801600000000000090e+00	9.809764871276375686e+01
1.805199999999999916e+00	1.013454309920181799e+02
1.808799999999999963e+00	1.044882610331565331e+02
1.812400000000000011e+00	1.054313016077265104e+02
1.816000000000000059e+00	1.034360242060987503e+02
1.819600000000000106e+00	9.810706602936114962e+01
1.823199999999999932e+00	8.935181137016719788e+01
1.826899999999999968e+00	7.708767754344820844e+01
1.830500000000000016e+00	6.697289826909330657e+01
1.834100000000000064e+00	5.969327447884092663e+01
1.837699999999999889e+00	5.884986279315701552e+01
1.841299999999999937e+00	6.377474094641020486e+01
1.844899999999999984e+00	7.179336579381380545e+01
1.848500000000000032e+00	7.843451258294241768e+01
1.852100000000000080e+00	8.318554344944259071e+01
1.855699999999999905e+00	8.483376810956768566e+01
1.859299999999999953e+00	8.301095889097160807e+01
1.862900000000000000e+00	8.078255101051121301e+01
1.866500000000000048e+00	7.846315447864458292e+01
1.870100000000000096e+00	7.635596315546227686e+01
1.873699999999999921e+00	7.565507758043348474e+01
1.877399999999999958e+00	7.886278091191960016e+01
1.881000000000000005e+00	8.380007220459205541e+01
1.884600000000000053e+00	9.176584247871080890e+01
1.888200000000000101e+00	1.008834876073258187e+02
1.891799999999999926e+00	1.072633199315941255e+02
1.895399999999999974e+00	1.080404486123938312e+02
1.899000000000000021e+00	1.027781322651818527e+02
1.902600000000000069e+00	9.260743259449118625e+01
1.906199999999999894e+00	8.210271246036219850e+01
1.909799999999999942e+00	7.386282212378719692e+01
1.913399999999999990e+00	6.919278253097742493e+01
1.917000000000000037e+00	6.985441985795344522e+01
1.920600000000000085e+00	6.990479168305272140e+01
1.924199999999999910e+00	6.930133252263786403e+01
1.927899999999999947e+00	6.578684208074621154e+01
1.931499999999999995e+00	6.044024567511364410e+01
1.935100000000000042e+00	5.734274664683030664e+01
1.938700000000000090e+00	5.822782285839596028e+01
1.942299999999999915e+00	6.718949805657152297e+01
1.945899999999999963e+00	8.193237943628845699e+01
1.949500000000000011e+00	9.675843955437845523e+01
1.953100000000000058e+00	1.056684316375797721e+02
1.956700000000000106e+00	1.033184881907834978e+02
1.960299999999999931e+00	9.032935307726623364e+01
1.963899999999999979e+00	7.387169784483083390e+01
1.967500000000000027e+00	5.772880614029137547e+01
1.971100000000000074e+00	4.956322545160801951e+01
1.974699999999999900e+00	5.262390458791786330e+01
1.978399999999999936e+00	6.182708444692241301e+01
1.981999999999999984e+00	7.542433251813611150e+01
1.985600000000000032e+00	8.796654470633572487e+01
1.989200000000000079e+00	9.479730248443644314e+01
1.992799999999999905e+00	9.326749830827307619e+01
1.996399999999999952e+00	7.887126291605764550e+01
2.000000000000000000e+00	4.757347150666372215e+01
