2.000000000000000111e-01	-3.040345687899133953e+00
2.036000000000000032e-01	-3.474363459133487098e+00
2.071999999999999953e-01	-3.019050249212224646e+00
2.107999999999999874e-01	-2.351733972678043294e+00
2.144000000000000072e-01	-3.409641758686894786e+00
2.179999999999999993e-01	-4.269994419482771697e+00
2.215999999999999914e-01	-3.562942209719534681e+00
2.253000000000000003e-01	-2.995430698522593360e+00
2.288999999999999924e-01	-2.775549795513201357e+00
2.325000000000000122e-01	-2.369824164484227502e+00
2.361000000000000043e-01	-3.511404368086902927e+00
2.396999999999999964e-01	-2.277929239994587629e+00
2.432999999999999885e-01	-2.102794475211757330e+00
2.469000000000000083e-01	-2.089134884754844990e+00
2.505000000000000004e-01	-1.954390177159411213e+00
2.540999999999999925e-01	-1.049111564791318063e+00
2.576999999999999846e-01	-7.597984924086766956e-01
2.612999999999999767e-01	-1.443340245599063820e+00
2.649000000000000243e-01	-1.008651220557786887e+00
2.685000000000000164e-01	-4.586869250837531942e-01
2.721000000000000085e-01	-3.972890783712512697e-01
2.757999999999999896e-01	-3.551895394928038519e-01
2.793999999999999817e-01	-3.785329278240487927e-01
2.829999999999999738e-01	-9.203718958932074479e-01
2.866000000000000214e-01	-1.092142918393480766e+00
2.902000000000000135e-01	-1.563118287268118856e+00
2.938000000000000056e-01	-1.930231086994802947e+00
2.973999999999999977e-01	-2.285131619827135196e+00
3.009999999999999898e-01	-1.567013163555577515e+00
3.045999999999999819e-01	-1.833262452136895204e+00
3.081999999999999740e-01	-1.539987781903941144e+00
3.118000000000000216e-01	-3.417927658039981331e+00
3.154000000000000137e-01	-2.696432700753106815e+00
3.190000000000000058e-01	-2.330996706126609475e+00
3.225999999999999979e-01	-3.575820349224078321e+00
3.262999999999999790e-01	-2.616074410997820010e+00
3.299000000000000266e-01	-2.043939086065520883e+00
3.335000000000000187e-01	-2.843510824732075282e+00
3.371000000000000107e-01	-1.210461889851564887e+00
3.407000000000000028e-01	-2.642342664631398108e+00
3.442999999999999949e-01	-1.541590870559355952e+00
3.478999999999999870e-01	-6.512785152728683968e-03
3.514999999999999791e-01	-6.123820606415288914e-01
3.551000000000000267e-01	5.681338415932524200e-01
3.587000000000000188e-01	5.171741970702287139e-01
3.623000000000000109e-01	5.579957475895227503e-01
3.659000000000000030e-01	1.982795490231016755e+00
3.694999999999999951e-01	1.790094169115368894e+00
3.730999999999999872e-01	1.298716816641641181e+00
3.768000000000000238e-01	1.462051785030253903e+00
3.804000000000000159e-01	1.196095316246596152e+00
3.840000000000000080e-01	9.630694864349170770e-01
3.876000000000000001e-01	8.257799921550071920e-01
3.911999999999999922e-01	1.000609518505593210e+00
3.947999999999999843e-01	6.966028172763736315e-01
3.983999999999999764e-01	5.697299236402930678e-01
4.020000000000000240e-01	9.131830975552844842e-01
4.056000000000000161e-01	4.709723115737263210e-01
4.092000000000000082e-01	5.619017539446317100e-01
4.128000000000000003e-01	8.058752914909618204e-01
4.163999999999999924e-01	-2.255556858248832786e-01
4.199999999999999845e-01	-6.722551261434209779e-01
4.235999999999999766e-01	-4.563785577330418120e-01
4.273000000000000131e-01	-7.587718171724793237e-01
4.309000000000000052e-01	-2.958917551885211772e-01
4.344999999999999973e-01	1.271835694684790852e-01
4.380999999999999894e-01	-2.396684288906741678e+00
4.416999999999999815e-01	-4.108177558867366352e-01
4.452999999999999736e-01	-4.768972272949636992e-02
4.489000000000000212e-01	7.678592631966484339e-01
4.525000000000000133e-01	1.682052752999685152e+00
4.561000000000000054e-01	1.379173771119988956e+00
4.596999999999999975e-01	1.988025158456063757e+00
4.632999999999999896e-01	1.924202464139506574e+00
4.668999999999999817e-01	1.614242434489455258e+00
4.704999999999999738e-01	2.108398656602228360e+00
4.741000000000000214e-01	1.765496903064526002e+00
4.778000000000000025e-01	1.741855443698539618e+00
4.813999999999999946e-01	1.996678743218963437e+00
4.849999999999999867e-01	1.965890602521065622e+00
4.885999999999999788e-01	2.486122503508787496e+00
4.922000000000000264e-01	2.125946514035669921e+00
4.958000000000000185e-01	2.602945039718113751e+00
4.994000000000000106e-01	2.978903478995786447e+00
5.030000000000000027e-01	2.062393676633651474e+00
5.066000000000000503e-01	2.247745118966586464e+00
5.101999999999999869e-01	2.107863592556158849e+00
5.138000000000000345e-01	1.110629455424511969e+00
5.173999999999999710e-01	3.519174175257411274e-01
5.210000000000000187e-01	1.142203322799667742e+00
5.245999999999999552e-01	2.443415307809084502e-01
5.282999999999999918e-01	-4.267627906661791704e-02
5.319000000000000394e-01	9.512259479852519517e-02
5.354999999999999760e-01	1.205713054554096386e+00
5.391000000000000236e-01	-1.148392082377181211e-01
5.426999999999999602e-01	1.178746692504957227e+00
5.463000000000000078e-01	1.129530051797206891e+00
5.499000000000000554e-01	1.196915656081096735e+00
5.534999999999999920e-01	2.693041205794749260e+00
5.571000000000000396e-01	3.025578251086686876e+00
5.606999999999999762e-01	4.129336778890886350e+00
5.643000000000000238e-01	3.568260846049485124e+00
5.678999999999999604e-01	3.553584023540547143e+00
5.715000000000000080e-01	3.218677688744171039e+00
5.752000000000000446e-01	2.897681373556774798e+00
5.787999999999999812e-01	3.278569129266444282e+00
5.824000000000000288e-01	3.593834860246591933e+00
5.859999999999999654e-01	4.271470879566322765e+00
5.896000000000000130e-01	4.278535224156093442e+00
5.931999999999999496e-01	3.299809863958105716e+00
5.967999999999999972e-01	3.944903724133596246e+00
6.004000000000000448e-01	2.931267620647696859e+00
6.039999999999999813e-01	3.842459789210547427e+00
6.076000000000000290e-01	3.583216331953213096e+00
6.111999999999999655e-01	2.324555090762770782e+00
6.148000000000000131e-01	2.811186049633198625e+00
6.183999999999999497e-01	2.765398717423603436e+00
6.219999999999999973e-01	2.207996305644512436e+00
6.257000000000000339e-01	1.830350949532372873e+00
6.292999999999999705e-01	2.485445087564630118e+00
6.329000000000000181e-01	2.163364604169117023e+00
6.364999999999999547e-01	1.561422551075242193e+00
6.401000000000000023e-01	3.496886082495040959e+00
6.437000000000000499e-01	2.971552674116655801e+00
6.472999999999999865e-01	3.787100338628255791e+00
6.509000000000000341e-01	3.194304180999235410e+00
6.544999999999999707e-01	3.288581499201612690e+00
6.581000000000000183e-01	3.929714765168032642e+00
6.616999999999999549e-01	4.641493542978460063e+00
6.653000000000000025e-01	4.464296317556408766e+00
6.689000000000000501e-01	4.718746043290163783e+00
6.724999999999999867e-01	5.225938651669210344e+00
6.762000000000000233e-01	4.473519023158985419e+00
6.797999999999999599e-01	5.682555308846865216e+00
6.834000000000000075e-01	4.510358163582514734e+00
6.870000000000000551e-01	4.611982331107206790e+00
6.905999999999999917e-01	5.572691987163649330e+00
6.942000000000000393e-01	4.703107165187994099e+00
6.977999999999999758e-01	4.957003779264757881e+00
7.014000000000000234e-01	4.464689468248649540e+00
7.049999999999999600e-01	4.654525821162144084e+00
7.086000000000000076e-01	4.297213838638464622e+00
7.122000000000000552e-01	2.768606959816496627e+00
7.157999999999999918e-01	3.792222355314574855e+00
7.194000000000000394e-01	4.486030864059061152e+00
7.229999999999999760e-01	3.999544816475855136e+00
7.267000000000000126e-01	3.752359880771168665e+00
7.302999999999999492e-01	3.722445402060889030e+00
7.338999999999999968e-01	3.497565470867523008e+00
7.375000000000000444e-01	2.840589036573430981e+00
7.410999999999999810e-01	3.026233596999268194e+00
7.447000000000000286e-01	3.905997386577984898e+00
7.482999999999999652e-01	4.794015338735684750e+00
7.519000000000000128e-01	4.936105052443241270e+00
7.554999999999999494e-01	4.346714314507514665e+00
7.590999999999999970e-01	3.960241212946727707e+00
7.627000000000000446e-01	4.956451201123171835e+00
7.662999999999999812e-01	5.168311461142909735e+00
7.699000000000000288e-01	6.284290218943123563e+00
7.734999999999999654e-01	5.422937397392706416e+00
7.772000000000000020e-01	5.009263786378996386e+00
7.808000000000000496e-01	6.606816934181125589e+00
7.843999999999999861e-01	5.465162380571356948e+00
7.880000000000000338e-01	5.900179501677235372e+00
7.915999999999999703e-01	5.736932907163725837e+00
7.952000000000000179e-01	6.266437359958782594e+00
7.987999999999999545e-01	6.605634276414820150e+00
8.024000000000000021e-01	5.144573408322662189e+00
8.060000000000000497e-01	5.976162864023163657e+00
8.095999999999999863e-01	5.564226099437064477e+00
8.132000000000000339e-01	5.876155399751578301e+00
8.167999999999999705e-01	5.967082703006841626e+00
8.204000000000000181e-01	5.579439323411678586e+00
8.239999999999999547e-01	5.916936856558848490e+00
8.276999999999999913e-01	5.492494381193681718e+00
8.313000000000000389e-01	4.767026438858717796e+00
8.348999999999999755e-01	4.730037727564569749e+00
8.385000000000000231e-01	3.587603914142406314e+00
8.420999999999999597e-01	4.151094726706022975e+00
8.457000000000000073e-01	4.764772202695978898e+00
8.493000000000000549e-01	4.443540508308394976e+00
8.528999999999999915e-01	4.830970766669819838e+00
8.565000000000000391e-01	5.199665554317560279e+00
8.600999999999999757e-01	4.468140819053714630e+00
8.637000000000000233e-01	5.493597315777177137e+00
8.672999999999999599e-01	6.854567812842338626e+00
8.709000000000000075e-01	5.913907911048831956e+00
8.745000000000000551e-01	6.432335235987145516e+00
8.781999999999999806e-01	6.983455990176421935e+00
8.818000000000000282e-01	7.653005002934278878e+00
8.853999999999999648e-01	7.575735773665254413e+00
8.890000000000000124e-01	8.806587573407625769e+00
8.925999999999999490e-01	7.834995807711904625e+00
8.961999999999999966e-01	7.907017333491021205e+00
8.998000000000000442e-01	7.484588017886765421e+00
9.033999999999999808e-01	7.584615760420451380e+00
9.070000000000000284e-01	7.310735648421095689e+00
9.105999999999999650e-01	6.813656622186368139e+00
9.142000000000000126e-01	7.554785284155008718e+00
9.177999999999999492e-01	7.072073418882110829e+00
9.213999999999999968e-01	7.467317559103093139e+00
9.251000000000000334e-01	6.932322136049278605e+00
9.286999999999999700e-01	7.310158107364304492e+00
9.323000000000000176e-01	6.997420022424251762e+00
9.358999999999999542e-01	6.839485002677611725e+00
9.395000000000000018e-01	8.149098055725946921e+00
9.431000000000000494e-01	8.595293443307028269e+00
9.466999999999999860e-01	7.112360001247875374e+00
9.503000000000000336e-01	8.032356521680402039e+00
9.538999999999999702e-01	7.179072012094765753e+00
9.575000000000000178e-01	7.777066571471527467e+00
9.610999999999999543e-01	8.650377658536143599e+00
9.647000000000000020e-01	9.544057359924003947e+00
9.683000000000000496e-01	8.241989778823986867e+00
9.718999999999999861e-01	1.093961201416883533e+01
9.756000000000000227e-01	9.292559830873811322e+00
9.791999999999999593e-01	1.151286524729432337e+01
9.828000000000000069e-01	9.595924068189425782e+00
9.864000000000000545e-01	9.877796238474985557e+00
9.899999999999999911e-01	1.011422211382654091e+01
9.936000000000000387e-01	1.029494232577775570e+01
9.971999999999999753e-01	9.839804795999095077e+00
1.000799999999999912e+00	1.091358727107998483e+01
1.004399999999999959e+00	9.644918836886708036e+00
1.008000000000000007e+00	1.107465333913828331e+01
1.011600000000000055e+00	1.037079645782121773e+01
1.015200000000000102e+00	1.098051365171070692e+01
1.018799999999999928e+00	9.064148306525455112e+00
1.022399999999999975e+00	1.102819073846620768e+01
1.026100000000000012e+00	1.120275399953622752e+01
1.029700000000000060e+00	1.140597448672319203e+01
1.033300000000000107e+00	1.115476035169239211e+01
1.036899999999999933e+00	1.153809530323480104e+01
1.040499999999999980e+00	1.162199271898221831e+01
1.044100000000000028e+00	1.193433679810468107e+01
1.047700000000000076e+00	1.096559172530438353e+01
1.051299999999999901e+00	1.133627400478507852e+01
1.054899999999999949e+00	1.090736701328630609e+01
1.058499999999999996e+00	1.188878860121681136e+01
1.062100000000000044e+00	1.153581651996467095e+01
1.065700000000000092e+00	1.120753875059108040e+01
1.069299999999999917e+00	1.139290393811588231e+01
1.072899999999999965e+00	1.215174440953117063e+01
1.076600000000000001e+00	1.312928235120608456e+01
1.080200000000000049e+00	1.276249160957911322e+01
1.083800000000000097e+00	1.375651850968469603e+01
1.087399999999999922e+00	1.430799228438694470e+01
1.090999999999999970e+00	1.575451715525208307e+01
1.094600000000000017e+00	1.623975017168035961e+01
1.098200000000000065e+00	1.856537938986441461e+01
1.101799999999999891e+00	1.783431832759149671e+01
1.105399999999999938e+00	1.705358217165697354e+01
1.108999999999999986e+00	1.649892216290026070e+01
1.112600000000000033e+00	1.760247724530234947e+01
1.116200000000000081e+00	1.586600031169832548e+01
1.119799999999999907e+00	1.658853715624880110e+01
1.123399999999999954e+00	1.542012307235630963e+01
1.127099999999999991e+00	1.559519202971710250e+01
1.130700000000000038e+00	1.526428030337544506e+01
1.134300000000000086e+00	1.498360009400127879e+01
1.137899999999999912e+00	1.465006844724384649e+01
1.141499999999999959e+00	1.570453272656679999e+01
1.145100000000000007e+00	1.810529578337737888e+01
1.148700000000000054e+00	1.759965737040564804e+01
1.152300000000000102e+00	2.006592345282805567e+01
1.155899999999999928e+00	2.142257919584758952e+01
1.159499999999999975e+00	2.196542926225473025e+01
1.163100000000000023e+00	2.239434994716480887e+01
1.166700000000000070e+00	2.193214084322346480e+01
1.170299999999999896e+00	2.036886542818547241e+01
1.173899999999999944e+00	1.909209112181414980e+01
1.177599999999999980e+00	1.979756422435119134e+01
1.181200000000000028e+00	1.948168485067682809e+01
1.184800000000000075e+00	2.028099381278090618e+01
1.188399999999999901e+00	2.115166527130964269e+01
1.191999999999999948e+00	2.291388814070783297e+01
1.195599999999999996e+00	2.326643720599681586e+01
1.199200000000000044e+00	2.291706688131679215e+01
1.202800000000000091e+00	2.411288668369197907e+01
1.206399999999999917e+00	2.476206764241016245e+01
1.209999999999999964e+00	2.418546899591734345e+01
1.213600000000000012e+00	2.360651368859484123e+01
1.217200000000000060e+00	2.396047499807542636e+01
1.220800000000000107e+00	2.313986195335549922e+01
1.224399999999999933e+00	2.405632541831727877e+01
1.228099999999999969e+00	2.391826527539595304e+01
1.231700000000000017e+00	2.548214261561568250e+01
1.235300000000000065e+00	2.531608821340046944e+01
1.238899999999999890e+00	2.604131744711047602e+01
1.242499999999999938e+00	2.640174041202957866e+01
1.246099999999999985e+00	2.646100868378076854e+01
1.249700000000000033e+00	2.709160382026686520e+01
1.253300000000000081e+00	2.698661159979158697e+01
1.256899999999999906e+00	2.738725477984455736e+01
1.260499999999999954e+00	2.858036965167186949e+01
1.264100000000000001e+00	2.828118254318913571e+01
1.267700000000000049e+00	2.959666852980076612e+01
1.271300000000000097e+00	2.954922156127425836e+01
1.274899999999999922e+00	2.942142826951274515e+01
1.278599999999999959e+00	3.126563607724944305e+01
1.282200000000000006e+00	3.100281442837037460e+01
1.285800000000000054e+00	3.141297335474978070e+01
1.289400000000000102e+00	3.234879240257742339e+01
1.292999999999999927e+00	3.215829059933005851e+01
1.296599999999999975e+00	3.323365996350797502e+01
1.300200000000000022e+00	3.390090867994479140e+01
1.303800000000000070e+00	3.458115106627082014e+01
1.307399999999999896e+00	3.540548577641277461e+01
1.310999999999999943e+00	3.554097158584192329e+01
1.314599999999999991e+00	3.570493676299220454e+01
1.318200000000000038e+00	3.695449902234928174e+01
1.321800000000000086e+00	3.634899528424013937e+01
1.325499999999999901e+00	3.609961225863698075e+01
1.329099999999999948e+00	3.629118784661915242e+01
1.332699999999999996e+00	3.660376194999152943e+01
1.336300000000000043e+00	3.668220588543384508e+01
1.339900000000000091e+00	3.650566147576245868e+01
1.343499999999999917e+00	3.834030268119630591e+01
1.347099999999999964e+00	3.939556978390677955e+01
1.350700000000000012e+00	3.902789076324589956e+01
1.354300000000000059e+00	4.052895152105850229e+01
1.357900000000000107e+00	4.105880639485963002e+01
1.361499999999999932e+00	4.054549308209278280e+01
1.365099999999999980e+00	4.182360952685125000e+01
1.368700000000000028e+00	4.335708510178636033e+01
1.372300000000000075e+00	4.321392894513154914e+01
1.375999999999999890e+00	4.348611663518823178e+01
1.379599999999999937e+00	4.319679840359752632e+01
1.383199999999999985e+00	4.457877379862561185e+01
1.386800000000000033e+00	4.493385703898348993e+01
1.390400000000000080e+00	4.423908885420266301e+01
1.393999999999999906e+00	4.515098597075746056e+01
1.397599999999999953e+00	4.528489693414868356e+01
1.401200000000000001e+00	4.548367155697089004e+01
1.404800000000000049e+00	4.634909299526805171e+01
1.408400000000000096e+00	4.668951470460359587e+01
1.411999999999999922e+00	4.734837558461915563e+01
1.415599999999999969e+00	4.799733723995242229e+01
1.419200000000000017e+00	4.823249279198032724e+01
1.422800000000000065e+00	4.833604877633288055e+01
1.426500000000000101e+00	4.688992873368775349e+01
1.430099999999999927e+00	4.782697962755310783e+01
1.433699999999999974e+00	4.571943820498742639e+01
1.437300000000000022e+00	4.601749011671751077e+01
1.440900000000000070e+00	4.598660297726519985e+01
1.444499999999999895e+00	4.556649868006590509e+01
1.448099999999999943e+00	4.738125441646197089e+01
1.451699999999999990e+00	4.850946776248996883e+01
1.455300000000000038e+00	5.057764789671268346e+01
1.458900000000000086e+00	5.093629637654444764e+01
1.462499999999999911e+00	5.286045509686928057e+01
1.466099999999999959e+00	5.220232866557250162e+01
1.469700000000000006e+00	5.156376817670507506e+01
1.473300000000000054e+00	5.203147166607523388e+01
1.477000000000000091e+00	5.209101986117152450e+01
1.480599999999999916e+00	5.230038214502035032e+01
1.484199999999999964e+00	5.401249672192971474e+01
1.487800000000000011e+00	5.521534754535186096e+01
1.491400000000000059e+00	5.569393482632338532e+01
1.495000000000000107e+00	5.548278836757046406e+01
1.498599999999999932e+00	5.674567435576086183e+01
1.502199999999999980e+00	5.741506115412366285e+01
1.505800000000000027e+00	5.773831799745763504e+01
1.509400000000000075e+00	5.880219271995376573e+01
1.512999999999999901e+00	6.035653362312545056e+01
1.516599999999999948e+00	5.989221853704449217e+01
1.520199999999999996e+00	5.944578982815129820e+01
1.523800000000000043e+00	5.823812825187676623e+01
1.527500000000000080e+00	5.718543046421946485e+01
1.531099999999999905e+00	5.610358493075732866e+01
1.534699999999999953e+00	5.616192417286915628e+01
1.538300000000000001e+00	5.843411086023185419e+01
1.541900000000000048e+00	5.974281327957984189e+01
1.545500000000000096e+00	6.175175481911302455e+01
1.549099999999999921e+00	6.342913708205033174e+01
1.552699999999999969e+00	6.445180627239265903e+01
1.556300000000000017e+00	6.341667408910146264e+01
1.559900000000000064e+00	6.152757698971739586e+01
1.563499999999999890e+00	5.852242839910385186e+01
1.567099999999999937e+00	5.820034824487384384e+01
1.570699999999999985e+00	5.701711899898145219e+01
1.574300000000000033e+00	5.609842446917847525e+01
1.578000000000000069e+00	5.554380108567085728e+01
1.581599999999999895e+00	5.551210204575743035e+01
1.585199999999999942e+00	5.642180638188762742e+01
1.588799999999999990e+00	5.764535905425690032e+01
1.592400000000000038e+00	5.832459127660282405e+01
1.596000000000000085e+00	5.892017960417226874e+01
1.599599999999999911e+00	5.739312419818341482e+01
1.603199999999999958e+00	5.925021889996467905e+01
1.606800000000000006e+00	5.769640236027942848e+01
1.610400000000000054e+00	5.734185781873552656e+01
1.614000000000000101e+00	5.652942193483499267e+01
1.617599999999999927e+00	5.547177268668369976e+01
1.621199999999999974e+00	5.534421614319742844e+01
1.624800000000000022e+00	5.622133313169441493e+01
1.628500000000000059e+00	5.774494095708062247e+01
1.632100000000000106e+00	5.940749264003906660e+01
1.635699999999999932e+00	6.059010106032172160e+01
1.639299999999999979e+00	6.181621211848670328e+01
1.642900000000000027e+00	6.110881360850924437e+01
1.646500000000000075e+00	5.948897908871613538e+01
1.650099999999999900e+00	5.929371931063194268e+01
1.653699999999999948e+00	6.034307985930058038e+01
1.657299999999999995e+00	6.348687276399076751e+01
1.660900000000000043e+00	6.875656025190360765e+01
1.664500000000000091e+00	7.490136993408538046e+01
1.668099999999999916e+00	7.802557441386649373e+01
1.671699999999999964e+00	7.794143385867668883e+01
1.675400000000000000e+00	7.535197941454741510e+01
1.679000000000000048e+00	7.025629813167331861e+01
1.682600000000000096e+00	6.463653576118832689e+01
1.686199999999999921e+00	6.014257868679115404e+01
1.689799999999999969e+00	6.027365856189927484e+01
1.693400000000000016e+00	6.160437117512832828e+01
1.697000000000000064e+00	6.375249779299970498e+01
1.700599999999999890e+00	6.507378213132639644e+01
1.704199999999999937e+00	6.770984558307949897e+01
1.707799999999999985e+00	6.768816478031101269e+01
1.711400000000000032e+00	6.777635078114913370e+01
1.715000000000000080e+00	6.744289847657739756e+01
1.718599999999999905e+00	6.638819261149203044e+01
1.722199999999999953e+00	6.501713907294764283e+01
1.725899999999999990e+00	6.252096570006735021e+01
1.729500000000000037e+00	6.169235614086615982e+01
1.733100000000000085e+00	5.937293875472391846e+01
1.736699999999999910e+00	5.975811589590792039e+01
1.740299999999999958e+00	5.937532455029935363e+01
1.743900000000000006e+00	6.059256538266899383e+01
1.747500000000000053e+00	6.362803917386699482e+01
1.751100000000000101e+00	6.704880601408953567e+01
1.754699999999999926e+00	6.978736174347116616e+01
1.758299999999999974e+00	7.231812713495287426e+01
1.761900000000000022e+00	7.165074129781210388e+01
1.765500000000000069e+00	7.007651856640994481e+01
1.769099999999999895e+00	6.713082814440943480e+01
1.772699999999999942e+00	6.302163647217221865e+01
1.776399999999999979e+00	6.211697389521647494e+01
1.780000000000000027e+00	6.249708237345595307e+01
1.783600000000000074e+00	6.363988421538458340e+01
1.787199999999999900e+00	6.538463985010696433e+01
1.790799999999999947e+00	6.516016531945790291e+01
1.794399999999999995e+00	6.450988151891738198e+01
1.798000000000000043e+00	6.379819751493489832e+01
1.801600000000000090e+00	6.147241518846823283e+01
1.805199999999999916e+00	6.151865687917043601e+01
1.808799999999999963e+00	6.263561161408151889e+01
1.812400000000000011e+00	6.665973178504971486e+01
1.816000000000000059e+00	6.944254828834138493e+01
1.819600000000000106e+00	7.248522875833350554e+01
1.823199999999999932e+00	7.272599335252645858e+01
1.826899999999999968e+00	7.482521245228079465e+01
1.830500000000000016e+00	7.577048426730404174e+01
1.834100000000000064e+00	7.805763723899677586e+01
1.837699999999999889e+00	8.234171876979530680e+01
1.841299999999999937e+00	8.641626156864266761e+01
1.844899999999999984e+00	9.063042885665328185e+01
1.848500000000000032e+00	8.980053279273911926e+01
1.852100000000000080e+00	8.613202768843709123e+01
1.855699999999999905e+00	7.946291627193652118e+01
1.859299999999999953e+00	6.950205266908615442e+01
1.862900000000000000e+00	6.203894954827922703e+01
1.866500000000000048e+00	5.860795722645485029e+01
1.870100000000000096e+00	5.950595639439747941e+01
1.873699999999999921e+00	6.291256948584857867e+01
1.877399999999999958e+00	6.590801418625673591e+01
1.881000000000000005e+00	6.788581248044256711e+01
1.884600000000000053e+00	6.820952035707190930e+01
1.888200000000000101e+00	6.817021153478461315e+01
1.891799999999999926e+00	6.807307087599954798e+01
1.895399999999999974e+00	6.976690604064177137e+01
1.899000000000000021e+00	7.743045861204514324e+01
1.902600000000000069e+00	8.475835617528905175e+01
1.906199999999999894e+00	9.251175498082562854e+01
1.909799999999999942e+00	9.642876098458883405e+01
1.913399999999999990e+00	9.635800749570846335e+01
1.917000000000000037e+00	9.238406779056633411e+01
1.920600000000000085e+00	8.624169861702715423e+01
1.924199999999999910e+00	8.030909265665411567e+01
1.927899999999999947e+00	7.426860573495413576e+01
1.931499999999999995e+00	6.859586420716659916e+01
1.935100000000000042e+00	6.494790514679894500e+01
1.938700000000000090e+00	6.358326514716975453e+01
1.942299999999999915e+00	6.346076688981374048e+01
1.945899999999999963e+00	6.434472332663142424e+01
1.949500000000000011e+00	6.626433849336062565e+01
1.953100000000000058e+00	6.672570023263330086e+01
1.956700000000000106e+00	6.647731552904132002e+01
1.960299999999999931e+00	6.648580293415793108e+01
1.963899999999999979e+00	6.333492944829274052e+01
1.967500000000000027e+00	6.306468299388714627e+01
1.971100000000000074e+00	6.342654234343452657e+01
1.974699999999999900e+00	6.692614557602119874e+01
1.978399999999999936e+00	7.325431585637531384e+01
1.981999999999999984e+00	7.897052017742227292e+01
1.985600000000000032e+00	8.358318948240848556e+01
1.989200000000000079e+00	8.784358223074485750e+01
1.992799999999999905e+00	8.987373914635594474e+01
1.996399999999999952e+00	8.876030427050042704e+01
2.000000000000000000e+00	8.246803584796059283e+01
