2.000000000000000111e-01	-5.278999999999999915e+00
2.036000000000000032e-01	-4.819200000000000372e+00
2.071999999999999953e-01	-4.225999999999999979e+00
2.107999999999999874e-01	-3.546800000000000175e+00
2.144000000000000072e-01	-2.829000000000000181e+00
2.179999999999999993e-01	-2.120299999999999851e+00
2.215999999999999914e-01	-1.468199999999999950e+00
2.253000000000000003e-01	-9.200000000000000400e-01
2.288999999999999924e-01	-5.233999999999999764e-01
2.325000000000000122e-01	-3.210999999999999965e-01
2.361000000000000043e-01	-3.048000000000000154e-01
2.396999999999999964e-01	-4.344999999999999973e-01
2.432999999999999885e-01	-6.699000000000000510e-01
2.469000000000000083e-01	-9.715000000000000302e-01
2.505000000000000004e-01	-1.320899999999999963e+00
2.540999999999999925e-01	-1.719400000000000039e+00
2.576999999999999846e-01	-2.168899999999999828e+00
2.612999999999999767e-01	-2.670999999999999819e+00
2.649000000000000243e-01	-3.199699999999999989e+00
2.685000000000000164e-01	-3.690300000000000136e+00
2.721000000000000085e-01	-4.075099999999999945e+00
2.757999999999999896e-01	-4.286500000000000199e+00
2.793999999999999817e-01	-4.283100000000000129e+00
2.829999999999999738e-01	-4.080599999999999561e+00
2.866000000000000214e-01	-3.701900000000000190e+00
2.902000000000000135e-01	-3.170100000000000140e+00
2.938000000000000056e-01	-2.508599999999999941e+00
2.973999999999999977e-01	-1.741100000000000092e+00
3.009999999999999898e-01	-8.918000000000000371e-01
3.045999999999999819e-01	1.529999999999999936e-02
3.081999999999999740e-01	9.510999999999999455e-01
3.118000000000000216e-01	1.858899999999999997e+00
3.154000000000000137e-01	2.672299999999999898e+00
3.190000000000000058e-01	3.324699999999999989e+00
3.225999999999999979e-01	3.756600000000000161e+00
3.262999999999999790e-01	3.972100000000000186e+00
3.299000000000000266e-01	4.009000000000000341e+00
3.335000000000000187e-01	3.905899999999999928e+00
3.371000000000000107e-01	3.700099999999999945e+00
3.407000000000000028e-01	3.414200000000000124e+00
3.442999999999999949e-01	3.058399999999999785e+00
3.478999999999999870e-01	2.642500000000000071e+00
3.514999999999999791e-01	2.177000000000000046e+00
3.551000000000000267e-01	1.698099999999999943e+00
3.587000000000000188e-01	1.274100000000000010e+00
3.623000000000000109e-01	9.752999999999999448e-01
3.659000000000000030e-01	8.716000000000000414e-01
3.694999999999999951e-01	9.982999999999999652e-01
3.730999999999999872e-01	1.324400000000000022e+00
3.768000000000000238e-01	1.811900000000000066e+00
3.804000000000000159e-01	2.422499999999999876e+00
3.840000000000000080e-01	3.122700000000000031e+00
3.876000000000000001e-01	3.892300000000000093e+00
3.911999999999999922e-01	4.713700000000000223e+00
3.947999999999999843e-01	5.569399999999999906e+00
3.983999999999999764e-01	6.435200000000000031e+00
4.020000000000000240e-01	7.255499999999999616e+00
4.056000000000000161e-01	7.965499999999999581e+00
4.092000000000000082e-01	8.500500000000000611e+00
4.128000000000000003e-01	8.803800000000000736e+00
4.163999999999999924e-01	8.884100000000000108e+00
4.199999999999999845e-01	8.780200000000000671e+00
4.235999999999999766e-01	8.531599999999999184e+00
4.273000000000000131e-01	8.177199999999999136e+00
4.309000000000000052e-01	7.755499999999999616e+00
4.344999999999999973e-01	7.304000000000000270e+00
4.380999999999999894e-01	6.860400000000000276e+00
4.416999999999999815e-01	6.462500000000000355e+00
4.452999999999999736e-01	6.153400000000000425e+00
4.489000000000000212e-01	5.982199999999999740e+00
4.525000000000000133e-01	5.997899999999999565e+00
4.561000000000000054e-01	6.249299999999999855e+00
4.596999999999999975e-01	6.748899999999999899e+00
4.632999999999999896e-01	7.448999999999999844e+00
4.668999999999999817e-01	8.296499999999999986e+00
4.704999999999999738e-01	9.238200000000000855e+00
4.741000000000000214e-01	1.022409999999999997e+01
4.778000000000000025e-01	1.121359999999999957e+01
4.813999999999999946e-01	1.216699999999999982e+01
4.849999999999999867e-01	1.304509999999999970e+01
4.885999999999999788e-01	1.381349999999999945e+01
4.922000000000000264e-01	1.445880000000000010e+01
4.958000000000000185e-01	1.497339999999999982e+01
4.994000000000000106e-01	1.534939999999999927e+01
5.030000000000000027e-01	1.558039999999999914e+01
5.066000000000000503e-01	1.567089999999999961e+01
5.101999999999999869e-01	1.562940000000000040e+01
5.138000000000000345e-01	1.546470000000000056e+01
5.173999999999999710e-01	1.518810000000000038e+01
5.210000000000000187e-01	1.484350000000000058e+01
5.245999999999999552e-01	1.449530000000000030e+01
5.282999999999999918e-01	1.420790000000000042e+01
5.319000000000000394e-01	1.404410000000000025e+01
5.354999999999999760e-01	1.402720000000000056e+01
5.391000000000000236e-01	1.414259999999999984e+01
5.426999999999999602e-01	1.437439999999999962e+01
5.463000000000000078e-01	1.470609999999999928e+01
5.499000000000000554e-01	1.509909999999999997e+01
5.534999999999999920e-01	1.548259999999999970e+01
5.571000000000000396e-01	1.578330000000000055e+01
5.606999999999999762e-01	1.592810000000000059e+01
5.643000000000000238e-01	1.587720000000000020e+01
5.678999999999999604e-01	1.566520000000000046e+01
5.715000000000000080e-01	1.533709999999999951e+01
5.752000000000000446e-01	1.493750000000000000e+01
5.787999999999999812e-01	1.450459999999999994e+01
5.824000000000000288e-01	1.405310000000000059e+01
5.859999999999999654e-01	1.359249999999999936e+01
5.896000000000000130e-01	1.313219999999999921e+01
5.931999999999999496e-01	1.268180000000000085e+01
5.967999999999999972e-01	1.225009999999999977e+01
6.004000000000000448e-01	1.184590000000000032e+01
6.039999999999999813e-01	1.147770000000000046e+01
6.076000000000000290e-01	1.115230000000000032e+01
6.111999999999999655e-01	1.085519999999999996e+01
6.148000000000000131e-01	1.056099999999999994e+01
6.183999999999999497e-01	1.024399999999999977e+01
6.219999999999999973e-01	9.880699999999999150e+00
6.257000000000000339e-01	9.489100000000000534e+00
6.292999999999999705e-01	9.121499999999999275e+00
6.329000000000000181e-01	8.831400000000000361e+00
6.364999999999999547e-01	8.670899999999999608e+00
6.401000000000000023e-01	8.641999999999999460e+00
6.437000000000000499e-01	8.682299999999999685e+00
6.472999999999999865e-01	8.725500000000000256e+00
6.509000000000000341e-01	8.705700000000000216e+00
6.544999999999999707e-01	8.595399999999999707e+00
6.581000000000000183e-01	8.441700000000000870e+00
6.616999999999999549e-01	8.300599999999999312e+00
6.653000000000000025e-01	8.227600000000000691e+00
6.689000000000000501e-01	8.256500000000000838e+00
6.724999999999999867e-01	8.352899999999999991e+00
6.762000000000000233e-01	8.469799999999999329e+00
6.797999999999999599e-01	8.560100000000000264e+00
6.834000000000000075e-01	8.588200000000000500e+00
6.870000000000000551e-01	8.575300000000000367e+00
6.905999999999999917e-01	8.559400000000000119e+00
6.942000000000000393e-01	8.578799999999999315e+00
6.977999999999999758e-01	8.666100000000000136e+00
7.014000000000000234e-01	8.807000000000000384e+00
7.049999999999999600e-01	8.965299999999999159e+00
7.086000000000000076e-01	9.104400000000000048e+00
7.122000000000000552e-01	9.189999999999999503e+00
7.157999999999999918e-01	9.217100000000000293e+00
7.194000000000000394e-01	9.202400000000000801e+00
7.229999999999999760e-01	9.163299999999999557e+00
7.267000000000000126e-01	9.116699999999999804e+00
7.302999999999999492e-01	9.072900000000000631e+00
7.338999999999999968e-01	9.034399999999999764e+00
7.375000000000000444e-01	9.003199999999999648e+00
7.410999999999999810e-01	8.981700000000000017e+00
7.447000000000000286e-01	8.978500000000000369e+00
7.482999999999999652e-01	9.013400000000000745e+00
7.519000000000000128e-01	9.106999999999999318e+00
7.554999999999999494e-01	9.280099999999999127e+00
7.590999999999999970e-01	9.538000000000000256e+00
7.627000000000000446e-01	9.845100000000000406e+00
7.662999999999999812e-01	1.015910000000000046e+01
7.699000000000000288e-01	1.043790000000000084e+01
7.734999999999999654e-01	1.065169999999999995e+01
7.772000000000000020e-01	1.082339999999999947e+01
7.808000000000000496e-01	1.098969999999999914e+01
7.843999999999999861e-01	1.118740000000000023e+01
7.880000000000000338e-01	1.144539999999999935e+01
7.915999999999999703e-01	1.173939999999999984e+01
7.952000000000000179e-01	1.202289999999999992e+01
7.987999999999999545e-01	1.224929999999999986e+01
8.024000000000000021e-01	1.237550000000000061e+01
8.060000000000000497e-01	1.240039999999999942e+01
8.095999999999999863e-01	1.234939999999999927e+01
8.132000000000000339e-01	1.224879999999999924e+01
8.167999999999999705e-01	1.212490000000000023e+01
8.204000000000000181e-01	1.201229999999999976e+01
8.239999999999999547e-01	1.195350000000000001e+01
8.276999999999999913e-01	1.199130000000000074e+01
8.313000000000000389e-01	1.216789999999999949e+01
8.348999999999999755e-01	1.248820000000000086e+01
8.385000000000000231e-01	1.290220000000000056e+01
8.420999999999999597e-01	1.335539999999999949e+01
8.457000000000000073e-01	1.379330000000000034e+01
8.493000000000000549e-01	1.418510000000000026e+01
8.528999999999999915e-01	1.455410000000000004e+01
8.565000000000000391e-01	1.493069999999999986e+01
8.600999999999999757e-01	1.534580000000000055e+01
8.637000000000000233e-01	1.581630000000000003e+01
8.672999999999999599e-01	1.631030000000000157e+01
8.709000000000000075e-01	1.678490000000000038e+01
8.745000000000000551e-01	1.719699999999999918e+01
8.781999999999999806e-01	1.751060000000000016e+01
8.818000000000000282e-01	1.773049999999999926e+01
8.853999999999999648e-01	1.787600000000000122e+01
8.890000000000000124e-01	1.796659999999999968e+01
8.925999999999999490e-01	1.802240000000000109e+01
8.961999999999999966e-01	1.806859999999999999e+01
8.998000000000000442e-01	1.813350000000000151e+01
9.033999999999999808e-01	1.824530000000000030e+01
9.070000000000000284e-01	1.843110000000000070e+01
9.105999999999999650e-01	1.869590000000000174e+01
9.142000000000000126e-01	1.902580000000000027e+01
9.177999999999999492e-01	1.940630000000000166e+01
9.213999999999999968e-01	1.982310000000000016e+01
9.251000000000000334e-01	2.025929999999999964e+01
9.286999999999999700e-01	2.069539999999999935e+01
9.323000000000000176e-01	2.111159999999999926e+01
9.358999999999999542e-01	2.148849999999999838e+01
9.395000000000000018e-01	2.181940000000000168e+01
9.431000000000000494e-01	2.212440000000000140e+01
9.466999999999999860e-01	2.242630000000000123e+01
9.503000000000000336e-01	2.274810000000000088e+01
9.538999999999999702e-01	2.309850000000000136e+01
9.575000000000000178e-01	2.344089999999999918e+01
9.610999999999999543e-01	2.373039999999999949e+01
9.647000000000000020e-01	2.392190000000000083e+01
9.683000000000000496e-01	2.398410000000000153e+01
9.718999999999999861e-01	2.395560000000000045e+01
9.756000000000000227e-01	2.389709999999999823e+01
9.791999999999999593e-01	2.386880000000000024e+01
9.828000000000000069e-01	2.392539999999999978e+01
9.864000000000000545e-01	2.407329999999999970e+01
9.899999999999999911e-01	2.429530000000000101e+01
9.936000000000000387e-01	2.457410000000000139e+01
9.971999999999999753e-01	2.489199999999999946e+01
1.000799999999999912e+00	2.522840000000000060e+01
1.004399999999999959e+00	2.556009999999999849e+01
1.008000000000000007e+00	2.586400000000000077e+01
1.011600000000000055e+00	2.611820000000000164e+01
1.015200000000000102e+00	2.633170000000000144e+01
1.018799999999999928e+00	2.654960000000000164e+01
1.022399999999999975e+00	2.681879999999999953e+01
1.026100000000000012e+00	2.718540000000000134e+01
1.029700000000000060e+00	2.765099999999999980e+01
1.033300000000000107e+00	2.813879999999999981e+01
1.036899999999999933e+00	2.856449999999999889e+01
1.040499999999999980e+00	2.884380000000000166e+01
1.044100000000000028e+00	2.893209999999999837e+01
1.047700000000000076e+00	2.889209999999999923e+01
1.051299999999999901e+00	2.880460000000000065e+01
1.054899999999999949e+00	2.875019999999999953e+01
1.058499999999999996e+00	2.879329999999999856e+01
1.062100000000000044e+00	2.892749999999999844e+01
1.065700000000000092e+00	2.912760000000000105e+01
1.069299999999999917e+00	2.936840000000000117e+01
1.072899999999999965e+00	2.962659999999999982e+01
1.076600000000000001e+00	2.989199999999999946e+01
1.080200000000000049e+00	3.016019999999999968e+01
1.083800000000000097e+00	3.042699999999999960e+01
1.087399999999999922e+00	3.068750000000000000e+01
1.090999999999999970e+00	3.093299999999999983e+01
1.094600000000000017e+00	3.115159999999999840e+01
1.098200000000000065e+00	3.133190000000000097e+01
1.101799999999999891e+00	3.146290000000000120e+01
1.105399999999999938e+00	3.155180000000000007e+01
1.108999999999999986e+00	3.162409999999999854e+01
1.112600000000000033e+00	3.170609999999999928e+01
1.116200000000000081e+00	3.182369999999999877e+01
1.119799999999999907e+00	3.198890000000000100e+01
1.123399999999999954e+00	3.219250000000000256e+01
1.127099999999999991e+00	3.242360000000000042e+01
1.130700000000000038e+00	3.267119999999999891e+01
1.134300000000000086e+00	3.294149999999999778e+01
1.137899999999999912e+00	3.328029999999999688e+01
1.141499999999999959e+00	3.373940000000000339e+01
1.145100000000000007e+00	3.437030000000000030e+01
1.148700000000000054e+00	3.518240000000000123e+01
1.152300000000000102e+00	3.602890000000000015e+01
1.155899999999999928e+00	3.672659999999999769e+01
1.159499999999999975e+00	3.709219999999999828e+01
1.163100000000000023e+00	3.699289999999999878e+01
1.166700000000000070e+00	3.659729999999999706e+01
1.170299999999999896e+00	3.618599999999999994e+01
1.173899999999999944e+00	3.603949999999999676e+01
1.177599999999999980e+00	3.640489999999999782e+01
1.181200000000000028e+00	3.719360000000000355e+01
1.184800000000000075e+00	3.812310000000000088e+01
1.188399999999999901e+00	3.890849999999999653e+01
1.191999999999999948e+00	3.927929999999999922e+01
1.195599999999999996e+00	3.922829999999999728e+01
1.199200000000000044e+00	3.897890000000000299e+01
1.202800000000000091e+00	3.876279999999999859e+01
1.206399999999999917e+00	3.880819999999999936e+01
1.209999999999999964e+00	3.921690000000000254e+01
1.213600000000000012e+00	3.992240000000000322e+01
1.217200000000000060e+00	4.084680000000000177e+01
1.220800000000000107e+00	4.191210000000000235e+01
1.224399999999999933e+00	4.305239999999999867e+01
1.228099999999999969e+00	4.422639999999999816e+01
1.231700000000000017e+00	4.539580000000000126e+01
1.235300000000000065e+00	4.652210000000000178e+01
1.238899999999999890e+00	4.756060000000000088e+01
1.242499999999999938e+00	4.844530000000000314e+01
1.246099999999999985e+00	4.910640000000000072e+01
1.249700000000000033e+00	4.947379999999999711e+01
1.253300000000000081e+00	4.952089999999999748e+01
1.256899999999999906e+00	4.944290000000000163e+01
1.260499999999999954e+00	4.950639999999999930e+01
1.264100000000000001e+00	4.997800000000000153e+01
1.267700000000000049e+00	5.108339999999999748e+01
1.271300000000000097e+00	5.270510000000000161e+01
1.274899999999999922e+00	5.455250000000000199e+01
1.278599999999999959e+00	5.633350000000000080e+01
1.282200000000000006e+00	5.777289999999999992e+01
1.285800000000000054e+00	5.884290000000000020e+01
1.289400000000000102e+00	5.970649999999999835e+01
1.292999999999999927e+00	6.053170000000000073e+01
1.296599999999999975e+00	6.148369999999999891e+01
1.300200000000000022e+00	6.264569999999999794e+01
1.303800000000000070e+00	6.400509999999999877e+01
1.307399999999999896e+00	6.554380000000000450e+01
1.310999999999999943e+00	6.724320000000000164e+01
1.314599999999999991e+00	6.900480000000000302e+01
1.318200000000000038e+00	7.058929999999999438e+01
1.321800000000000086e+00	7.174320000000000164e+01
1.325499999999999901e+00	7.221290000000000475e+01
1.329099999999999948e+00	7.196169999999999334e+01
1.332699999999999996e+00	7.155190000000000339e+01
1.336300000000000043e+00	7.164799999999999613e+01
1.339900000000000091e+00	7.291490000000000293e+01
1.343499999999999917e+00	7.572899999999999920e+01
1.347099999999999964e+00	7.919389999999999930e+01
1.350700000000000012e+00	8.206109999999999616e+01
1.354300000000000059e+00	8.308220000000000027e+01
1.357900000000000107e+00	8.140109999999999957e+01
1.361499999999999932e+00	7.898269999999999413e+01
1.365099999999999980e+00	7.902740000000000009e+01
1.368700000000000028e+00	8.474079999999999302e+01
1.372300000000000075e+00	9.889350000000000307e+01
1.375999999999999890e+00	1.188796999999999997e+02
1.379599999999999937e+00	1.384677000000000078e+02
1.383199999999999985e+00	1.513576999999999941e+02
1.386800000000000033e+00	1.515088000000000079e+02
1.390400000000000080e+00	1.390715999999999894e+02
1.393999999999999906e+00	1.205244000000000000e+02
1.397599999999999953e+00	1.026316000000000059e+02
1.401200000000000001e+00	9.208769999999999811e+01
1.404800000000000049e+00	9.139939999999999998e+01
1.408400000000000096e+00	9.658249999999999602e+01
1.411999999999999922e+00	1.030944999999999965e+02
1.415599999999999969e+00	1.063997999999999990e+02
1.419200000000000017e+00	1.040788000000000011e+02
1.422800000000000065e+00	9.877729999999999677e+01
1.426500000000000101e+00	9.388309999999999889e+01
1.430099999999999927e+00	9.278409999999999513e+01
1.433699999999999974e+00	9.760169999999999391e+01
1.437300000000000022e+00	1.056372999999999962e+02
1.440900000000000070e+00	1.130464000000000055e+02
1.444499999999999895e+00	1.159843000000000046e+02
1.448099999999999943e+00	1.114645000000000010e+02
1.451699999999999990e+00	1.017759999999999962e+02
1.455300000000000038e+00	9.121139999999999759e+01
1.458900000000000086e+00	8.406699999999999307e+01
1.462499999999999911e+00	8.418619999999999948e+01
1.466099999999999959e+00	9.073369999999999891e+01
1.469700000000000006e+00	1.001139000000000010e+02
1.473300000000000054e+00	1.086958000000000055e+02
1.477000000000000091e+00	1.130052000000000021e+02
1.480599999999999916e+00	1.125562000000000040e+02
1.484199999999999964e+00	1.095438000000000045e+02
1.487800000000000011e+00	1.062579999999999956e+02
1.491400000000000059e+00	1.049514999999999958e+02
1.495000000000000107e+00	1.062823000000000064e+02
1.498599999999999932e+00	1.087438999999999965e+02
1.502199999999999980e+00	1.106749999999999972e+02
1.505800000000000027e+00	1.104207999999999998e+02
1.509400000000000075e+00	1.072946000000000026e+02
1.512999999999999901e+00	1.026247000000000043e+02
1.516599999999999948e+00	9.799089999999999634e+01
1.520199999999999996e+00	9.497259999999999991e+01
1.523800000000000043e+00	9.460269999999999868e+01
1.527500000000000080e+00	9.612149999999999750e+01
1.531099999999999905e+00	9.840260000000000673e+01
1.534699999999999953e+00	1.003198000000000008e+02
1.538300000000000001e+00	1.008919999999999959e+02
1.541900000000000048e+00	9.990569999999999595e+01
1.545500000000000096e+00	9.739889999999999759e+01
1.549099999999999921e+00	9.341020000000000323e+01
1.552699999999999969e+00	8.805100000000000193e+01
1.556300000000000017e+00	8.206850000000000023e+01
1.559900000000000064e+00	7.653730000000000189e+01
1.563499999999999890e+00	7.253499999999999659e+01
1.567099999999999937e+00	7.106340000000000146e+01
1.570699999999999985e+00	7.195680000000000121e+01
1.574300000000000033e+00	7.413089999999999691e+01
1.578000000000000069e+00	7.647669999999999391e+01
1.581599999999999895e+00	7.791949999999999932e+01
1.585199999999999942e+00	7.849330000000000496e+01
1.588799999999999990e+00	7.955190000000000339e+01
1.592400000000000038e+00	8.252620000000000289e+01
1.596000000000000085e+00	8.883240000000000691e+01
1.599599999999999911e+00	9.851149999999999807e+01
1.603199999999999958e+00	1.091089999999999947e+02
1.606800000000000006e+00	1.179069999999999965e+02
1.610400000000000054e+00	1.221890999999999963e+02
1.614000000000000101e+00	1.204125999999999976e+02
1.617599999999999927e+00	1.143575000000000017e+02
1.621199999999999974e+00	1.063876000000000062e+02
1.624800000000000022e+00	9.886669999999999447e+01
1.628500000000000059e+00	9.377389999999999759e+01
1.632100000000000106e+00	9.134420000000000073e+01
1.635699999999999932e+00	9.131900000000000261e+01
1.639299999999999979e+00	9.343930000000000291e+01
1.642900000000000027e+00	9.735439999999999827e+01
1.646500000000000075e+00	1.020344000000000051e+02
1.650099999999999900e+00	1.061452000000000027e+02
1.653699999999999948e+00	1.083508000000000067e+02
1.657299999999999995e+00	1.074476999999999975e+02
1.660900000000000043e+00	1.039144000000000005e+02
1.664500000000000091e+00	9.939000000000000057e+01
1.668099999999999916e+00	9.553619999999999379e+01
1.671699999999999964e+00	9.396309999999999718e+01
1.675400000000000000e+00	9.499360000000000070e+01
1.679000000000000048e+00	9.760529999999999973e+01
1.682600000000000096e+00	1.007129999999999939e+02
1.686199999999999921e+00	1.032365999999999957e+02
1.689799999999999969e+00	1.044257999999999953e+02
1.693400000000000016e+00	1.040536000000000030e+02
1.697000000000000064e+00	1.019388000000000005e+02
1.700599999999999890e+00	9.790149999999999864e+01
1.704199999999999937e+00	9.202169999999999561e+01
1.707799999999999985e+00	8.501739999999999498e+01
1.711400000000000032e+00	7.770269999999999300e+01
1.715000000000000080e+00	7.089159999999999684e+01
1.718599999999999905e+00	6.545690000000000452e+01
1.722199999999999953e+00	6.250200000000000244e+01
1.725899999999999990e+00	6.318599999999999994e+01
1.729500000000000037e+00	6.866819999999999879e+01
1.733100000000000085e+00	7.959810000000000230e+01
1.736699999999999910e+00	9.340940000000000509e+01
1.740299999999999958e+00	1.062844999999999942e+02
1.743900000000000006e+00	1.144030999999999949e+02
1.747500000000000053e+00	1.143704000000000036e+02
1.751100000000000101e+00	1.073152000000000044e+02
1.754699999999999926e+00	9.709569999999999368e+01
1.758299999999999974e+00	8.760739999999999839e+01
1.761900000000000022e+00	8.259510000000000218e+01
1.765500000000000069e+00	8.281870000000000687e+01
1.769099999999999895e+00	8.630169999999999675e+01
1.772699999999999942e+00	9.096649999999999636e+01
1.776399999999999979e+00	9.475629999999999598e+01
1.780000000000000027e+00	9.655620000000000402e+01
1.783600000000000074e+00	9.655759999999999366e+01
1.787199999999999900e+00	9.504859999999999332e+01
1.790799999999999947e+00	9.231659999999999400e+01
1.794399999999999995e+00	8.859780000000000655e+01
1.798000000000000043e+00	8.401829999999999643e+01
1.801600000000000090e+00	7.869020000000000437e+01
1.805199999999999916e+00	7.272560000000000002e+01
1.808799999999999963e+00	6.657460000000000377e+01
1.812400000000000011e+00	6.182220000000000226e+01
1.816000000000000059e+00	6.029160000000000252e+01
1.819600000000000106e+00	6.380590000000000117e+01
1.823199999999999932e+00	7.352049999999999841e+01
1.826899999999999968e+00	8.697870000000000346e+01
1.830500000000000016e+00	1.005080999999999989e+02
1.834100000000000064e+00	1.104354000000000013e+02
1.837699999999999889e+00	1.135027999999999935e+02
1.841299999999999937e+00	1.101724999999999994e+02
1.844899999999999984e+00	1.028657999999999930e+02
1.848500000000000032e+00	9.402179999999999893e+01
1.852100000000000080e+00	8.604269999999999641e+01
1.855699999999999905e+00	8.073969999999999914e+01
1.859299999999999953e+00	7.944889999999999475e+01
1.862900000000000000e+00	8.349290000000000589e+01
1.866500000000000048e+00	9.411279999999999291e+01
1.870100000000000096e+00	1.097965999999999980e+02
1.873699999999999921e+00	1.256838000000000051e+02
1.877399999999999958e+00	1.367118000000000109e+02
1.881000000000000005e+00	1.378497999999999877e+02
1.884600000000000053e+00	1.273759000000000015e+02
1.888200000000000101e+00	1.097082999999999942e+02
1.891799999999999926e+00	8.993179999999999552e+01
1.895399999999999974e+00	7.313020000000000209e+01
1.899000000000000021e+00	6.286010000000000275e+01
1.902600000000000069e+00	5.825079999999999814e+01
1.906199999999999894e+00	5.763360000000000127e+01
1.909799999999999942e+00	5.933959999999999724e+01
1.913399999999999990e+00	6.207309999999999661e+01
1.917000000000000037e+00	6.627200000000000557e+01
1.920600000000000085e+00	7.287770000000000437e+01
1.924199999999999910e+00	8.283159999999999457e+01
1.927899999999999947e+00	9.669830000000000325e+01
1.931499999999999995e+00	1.121817999999999955e+02
1.935100000000000042e+00	1.256738000000000000e+02
1.938700000000000090e+00	1.335591000000000008e+02
1.942299999999999915e+00	1.325288999999999930e+02
1.945899999999999963e+00	1.233042999999999978e+02
1.949500000000000011e+00	1.094475000000000051e+02
1.953100000000000058e+00	9.457989999999999498e+01
1.956700000000000106e+00	8.224899999999999523e+01
1.960299999999999931e+00	7.408079999999999643e+01
1.963899999999999979e+00	6.965000000000000568e+01
1.967500000000000027e+00	6.843139999999999645e+01
1.971100000000000074e+00	6.989730000000000132e+01
1.974699999999999900e+00	7.334650000000000603e+01
1.978399999999999936e+00	7.779699999999999704e+01
1.981999999999999984e+00	8.224120000000000630e+01
1.985600000000000032e+00	8.567130000000000223e+01
1.989200000000000079e+00	8.707980000000000587e+01
1.992799999999999905e+00	8.545879999999999654e+01
1.996399999999999952e+00	7.980079999999999529e+01
2.000000000000000000e+00	6.909799999999999898e+01
