2.000000000000000111e-01	-2.532717928691532450e+00
2.036000000000000032e-01	-2.706813744636181962e+00
2.071999999999999953e-01	-3.188846668934672834e+00
2.107999999999999874e-01	-3.190430216593440615e+00
2.144000000000000072e-01	-3.687933389510958282e+00
2.179999999999999993e-01	-3.426734719375814642e+00
2.215999999999999914e-01	-3.911230883995680419e+00
2.253000000000000003e-01	-4.021560021395395701e+00
2.288999999999999924e-01	-3.703640190772741203e+00
2.325000000000000122e-01	-2.624937172490854564e+00
2.361000000000000043e-01	-3.162111947135209711e+00
2.396999999999999964e-01	-2.788252884920368047e+00
2.432999999999999885e-01	-2.434694808767018159e+00
2.469000000000000083e-01	-2.612052931203990624e+00
2.505000000000000004e-01	-2.200563513596729859e+00
2.540999999999999925e-01	-1.883926904307100969e+00
2.576999999999999846e-01	-1.399290282720653256e+00
2.612999999999999767e-01	-1.759435936402587108e+00
2.649000000000000243e-01	-6.726166301006126780e-01
2.685000000000000164e-01	-3.964348240934365553e-01
2.721000000000000085e-01	-3.087322759496980984e-01
2.757999999999999896e-01	-8.461342517293383159e-01
2.793999999999999817e-01	-8.313296029805297138e-01
2.829999999999999738e-01	-8.645601354866432331e-01
2.866000000000000214e-01	-1.347935762526070169e+00
2.902000000000000135e-01	-9.689294001418873314e-01
2.938000000000000056e-01	-1.357025587134789157e+00
2.973999999999999977e-01	-2.182815468856753593e+00
3.009999999999999898e-01	-1.751793948429013481e+00
3.045999999999999819e-01	-2.103597329945037231e+00
3.081999999999999740e-01	-2.691860852494089240e+00
3.118000000000000216e-01	-2.890296070453778121e+00
3.154000000000000137e-01	-2.623267124791709648e+00
3.190000000000000058e-01	-3.315702495720966425e+00
3.225999999999999979e-01	-2.241267237347213559e+00
3.262999999999999790e-01	-2.500833478483913019e+00
3.299000000000000266e-01	-2.262322489940748138e+00
3.335000000000000187e-01	-2.200654464386051945e+00
3.371000000000000107e-01	-2.979162080706693416e+00
3.407000000000000028e-01	-1.757763502301727065e+00
3.442999999999999949e-01	-6.438846135192621833e-01
3.478999999999999870e-01	-1.205003481252139963e+00
3.514999999999999791e-01	-3.512543974909281830e-01
3.551000000000000267e-01	2.096970812470293766e-01
3.587000000000000188e-01	8.195350916759013282e-01
3.623000000000000109e-01	8.099773097094118413e-01
3.659000000000000030e-01	1.146433733746225148e+00
3.694999999999999951e-01	9.115535542680515135e-01
3.730999999999999872e-01	1.389880278625592602e+00
3.768000000000000238e-01	1.404458299170545432e+00
3.804000000000000159e-01	1.539509039144559610e+00
3.840000000000000080e-01	9.081934311837621676e-01
3.876000000000000001e-01	8.713130494102764301e-01
3.911999999999999922e-01	6.957722712602423254e-01
3.947999999999999843e-01	9.973121127979935885e-01
3.983999999999999764e-01	1.134351121547619190e+00
4.020000000000000240e-01	-2.763905836619953704e-02
4.056000000000000161e-01	-6.673937634588095191e-02
4.092000000000000082e-01	-2.209266339620887254e-01
4.128000000000000003e-01	-3.995627324259478641e-01
4.163999999999999924e-01	-9.285383866031943212e-01
4.199999999999999845e-01	-4.798567211555939682e-01
4.235999999999999766e-01	-7.217284498725674569e-01
4.273000000000000131e-01	-1.047952734888252468e+00
4.309000000000000052e-01	-8.044113374961150420e-01
4.344999999999999973e-01	-1.639959592647309172e+00
4.380999999999999894e-01	-9.282272830406022024e-01
4.416999999999999815e-01	-1.287857194214646617e-01
4.452999999999999736e-01	-4.086997488610333296e-01
4.489000000000000212e-01	8.901916833835736842e-01
4.525000000000000133e-01	2.210768159801450028e-01
4.561000000000000054e-01	1.608427185096313661e+00
4.596999999999999975e-01	9.449419614427734260e-01
4.632999999999999896e-01	9.027010772926107318e-01
4.668999999999999817e-01	1.371247145705402293e+00
4.704999999999999738e-01	2.510092168985615935e+00
4.741000000000000214e-01	2.307774604679239339e+00
4.778000000000000025e-01	2.751607358911090095e+00
4.813999999999999946e-01	2.457131640952588736e+00
4.849999999999999867e-01	2.280989398875478802e+00
4.885999999999999788e-01	2.058759402468463673e+00
4.922000000000000264e-01	2.136471044427503685e+00
4.958000000000000185e-01	2.020093726037105686e+00
4.994000000000000106e-01	1.609195213663942914e+00
5.030000000000000027e-01	3.499039947208382184e-01
5.066000000000000503e-01	1.473994729457804187e+00
5.101999999999999869e-01	1.537502941837844972e+00
5.138000000000000345e-01	4.348452988074184566e-01
5.173999999999999710e-01	1.277004177989067735e+00
5.210000000000000187e-01	-3.975467436870933069e-02
5.245999999999999552e-01	-4.166660504166291856e-02
5.282999999999999918e-01	4.035117689205257041e-01
5.319000000000000394e-01	3.101446289770720677e-02
5.354999999999999760e-01	-2.188434662155617216e-01
5.391000000000000236e-01	3.035970498369303661e-01
5.426999999999999602e-01	4.730537760286440685e-01
5.463000000000000078e-01	7.844764109544710706e-01
5.499000000000000554e-01	1.186995850751341397e+00
5.534999999999999920e-01	1.184222989249732683e+00
5.571000000000000396e-01	2.328686815571916924e+00
5.606999999999999762e-01	2.871018253089263617e+00
5.643000000000000238e-01	3.039073375534890431e+00
5.678999999999999604e-01	3.274575900148761320e+00
5.715000000000000080e-01	2.637030540017171631e+00
5.752000000000000446e-01	2.538978793703049242e+00
5.787999999999999812e-01	3.238933132707408458e+00
5.824000000000000288e-01	3.909245530642895705e+00
5.859999999999999654e-01	3.183869214824140759e+00
5.896000000000000130e-01	3.106875114312141140e+00
5.931999999999999496e-01	3.765777462793345798e+00
5.967999999999999972e-01	2.732334696775065908e+00
6.004000000000000448e-01	3.300050271235797972e+00
6.039999999999999813e-01	3.148854298552185238e+00
6.076000000000000290e-01	2.935795124947309986e+00
6.111999999999999655e-01	2.965488151762597724e+00
6.148000000000000131e-01	3.083792767826770032e+00
6.183999999999999497e-01	2.597783264839279127e+00
6.219999999999999973e-01	2.295157584578952914e+00
6.257000000000000339e-01	2.704231661834797684e+00
6.292999999999999705e-01	2.147788853912341978e+00
6.329000000000000181e-01	1.419461498169699354e+00
6.364999999999999547e-01	2.373425968698364752e+00
6.401000000000000023e-01	2.476818524907526964e+00
6.437000000000000499e-01	2.184680097328647541e+00
6.472999999999999865e-01	3.003255516282896664e+00
6.509000000000000341e-01	2.559746386406007268e+00
6.544999999999999707e-01	3.253983943278524027e+00
6.581000000000000183e-01	3.078668498189751634e+00
6.616999999999999549e-01	3.243144562243254203e+00
6.653000000000000025e-01	3.818725096248047457e+00
6.689000000000000501e-01	4.857769089477077529e+00
6.724999999999999867e-01	4.563107352606134093e+00
6.762000000000000233e-01	4.332101726643034389e+00
6.797999999999999599e-01	4.832490454713602723e+00
6.834000000000000075e-01	4.637981863784406578e+00
6.870000000000000551e-01	5.166780469107717266e+00
6.905999999999999917e-01	4.782665981340482375e+00
6.942000000000000393e-01	4.501760292759164450e+00
6.977999999999999758e-01	4.459043976822860245e+00
7.014000000000000234e-01	4.399524385591023545e+00
7.049999999999999600e-01	3.737685923539270760e+00
7.086000000000000076e-01	3.652930038421120962e+00
7.122000000000000552e-01	3.842648869016575208e+00
7.157999999999999918e-01	3.861207941984296621e+00
7.194000000000000394e-01	3.370670416912692424e+00
7.229999999999999760e-01	3.148055993457341994e+00
7.267000000000000126e-01	2.288972036810887012e+00
7.302999999999999492e-01	4.369952439112894993e+00
7.338999999999999968e-01	3.136284162383918162e+00
7.375000000000000444e-01	2.833152541863714458e+00
7.410999999999999810e-01	3.282254233473338001e+00
7.447000000000000286e-01	3.419187619410542389e+00
7.482999999999999652e-01	4.228546906324079480e+00
7.519000000000000128e-01	3.861075351167719383e+00
7.554999999999999494e-01	4.266632304793181341e+00
7.590999999999999970e-01	4.046513764538176794e+00
7.627000000000000446e-01	4.716498732750015854e+00
7.662999999999999812e-01	4.176464040025145152e+00
7.699000000000000288e-01	4.829346250665890850e+00
7.734999999999999654e-01	5.045364440487876578e+00
7.772000000000000020e-01	5.892726233336180286e+00
7.808000000000000496e-01	5.606281791403724846e+00
7.843999999999999861e-01	6.300213728835561966e+00
7.880000000000000338e-01	5.858959950264461369e+00
7.915999999999999703e-01	6.144889893013843363e+00
7.952000000000000179e-01	6.163523512237720325e+00
7.987999999999999545e-01	5.744229061998358254e+00
8.024000000000000021e-01	6.681869851475682687e+00
8.060000000000000497e-01	5.864125137338922933e+00
8.095999999999999863e-01	5.904776783668160611e+00
8.132000000000000339e-01	5.390850886989412061e+00
8.167999999999999705e-01	5.029041613810755429e+00
8.204000000000000181e-01	5.501058563986019223e+00
8.239999999999999547e-01	4.432551925790992442e+00
8.276999999999999913e-01	4.141666080676015937e+00
8.313000000000000389e-01	4.462363622403954011e+00
8.348999999999999755e-01	4.956151506437187493e+00
8.385000000000000231e-01	4.637345100458010627e+00
8.420999999999999597e-01	4.556511648533436265e+00
8.457000000000000073e-01	5.143588450353457020e+00
8.493000000000000549e-01	4.575615878550972404e+00
8.528999999999999915e-01	4.958708268560974020e+00
8.565000000000000391e-01	5.353298247452871195e+00
8.600999999999999757e-01	5.464156539786406697e+00
8.637000000000000233e-01	5.988595049144064930e+00
8.672999999999999599e-01	5.415174609343869960e+00
8.709000000000000075e-01	5.567166892030511072e+00
8.745000000000000551e-01	5.894313311914543441e+00
8.781999999999999806e-01	6.063881727924746556e+00
8.818000000000000282e-01	7.523938810104382036e+00
8.853999999999999648e-01	6.817082680716072929e+00
8.890000000000000124e-01	7.195362421315494750e+00
8.925999999999999490e-01	6.675443210556348816e+00
8.961999999999999966e-01	7.758769221259832705e+00
8.998000000000000442e-01	7.356444448470609743e+00
9.033999999999999808e-01	7.060634420477680528e+00
9.070000000000000284e-01	7.254045978258870875e+00
9.105999999999999650e-01	7.352361247707416503e+00
9.142000000000000126e-01	7.037721139377889124e+00
9.177999999999999492e-01	7.370295097999914447e+00
9.213999999999999968e-01	7.677261543168626190e+00
9.251000000000000334e-01	7.140606825743849306e+00
9.286999999999999700e-01	7.469033292156046500e+00
9.323000000000000176e-01	7.268227232680321670e+00
9.358999999999999542e-01	7.029650041440011599e+00
9.395000000000000018e-01	7.365953978768148502e+00
9.431000000000000494e-01	8.118343867673441849e+00
9.466999999999999860e-01	7.667444516763947782e+00
9.503000000000000336e-01	7.687336259896968116e+00
9.538999999999999702e-01	8.855751833600912448e+00
9.575000000000000178e-01	8.227359517755477469e+00
9.610999999999999543e-01	8.507895419422712990e+00
9.647000000000000020e-01	9.354157321263057767e+00
9.683000000000000496e-01	9.218729925724737484e+00
9.718999999999999861e-01	9.219769786042967041e+00
9.756000000000000227e-01	9.320058082225298079e+00
9.791999999999999593e-01	9.745249564414748988e+00
9.828000000000000069e-01	9.885839487800447856e+00
9.864000000000000545e-01	9.954573120558459109e+00
9.899999999999999911e-01	1.009318578137995104e+01
9.936000000000000387e-01	1.021987209358138493e+01
9.971999999999999753e-01	1.021735647936805513e+01
1.000799999999999912e+00	1.054030442512081933e+01
1.004399999999999959e+00	1.027797851113485272e+01
1.008000000000000007e+00	1.046573909877474939e+01
1.011600000000000055e+00	1.058415583662528725e+01
1.015200000000000102e+00	1.148262383810092047e+01
1.018799999999999928e+00	1.067565225032462628e+01
1.022399999999999975e+00	1.079651092784512123e+01
1.026100000000000012e+00	1.102003599524172728e+01
1.029700000000000060e+00	1.123423789789852911e+01
1.033300000000000107e+00	1.172705237889040930e+01
1.036899999999999933e+00	1.144741595621270314e+01
1.040499999999999980e+00	1.115920062931390255e+01
1.044100000000000028e+00	1.206198496195108660e+01
1.047700000000000076e+00	1.180966216927467016e+01
1.051299999999999901e+00	1.179534936817215396e+01
1.054899999999999949e+00	1.204520704805051246e+01
1.058499999999999996e+00	1.061088139888317983e+01
1.062100000000000044e+00	1.194640632340012054e+01
1.065700000000000092e+00	1.249699646891166793e+01
1.069299999999999917e+00	1.249826597131554529e+01
1.072899999999999965e+00	1.221415307396562611e+01
1.076600000000000001e+00	1.194082385555577730e+01
1.080200000000000049e+00	1.211882718022769367e+01
1.083800000000000097e+00	1.202859129179275577e+01
1.087399999999999922e+00	1.353925925964246169e+01
1.090999999999999970e+00	1.380539263984671727e+01
1.094600000000000017e+00	1.461304854547634413e+01
1.098200000000000065e+00	1.636674661192125413e+01
1.101799999999999891e+00	1.543793865193068626e+01
1.105399999999999938e+00	1.598335929700121127e+01
1.108999999999999986e+00	1.570688120977712288e+01
1.112600000000000033e+00	1.572679303313946164e+01
1.116200000000000081e+00	1.593779532486687778e+01
1.119799999999999907e+00	1.513599299468982551e+01
1.123399999999999954e+00	1.512313431659083385e+01
1.127099999999999991e+00	1.534048304379442307e+01
1.130700000000000038e+00	1.548258153459443776e+01
1.134300000000000086e+00	1.567918395993826053e+01
1.137899999999999912e+00	1.522658736409766078e+01
1.141499999999999959e+00	1.580688216645158661e+01
1.145100000000000007e+00	1.635259215870335225e+01
1.148700000000000054e+00	1.725636935372961744e+01
1.152300000000000102e+00	1.840506015395925132e+01
1.155899999999999928e+00	1.919807520125433697e+01
1.159499999999999975e+00	2.042911439207141910e+01
1.163100000000000023e+00	1.964241883736297112e+01
1.166700000000000070e+00	1.960133883934273769e+01
1.170299999999999896e+00	1.961634398031695170e+01
1.173899999999999944e+00	1.970562529342906899e+01
1.177599999999999980e+00	1.891874075489409179e+01
1.181200000000000028e+00	2.001403802048087499e+01
1.184800000000000075e+00	2.050067199184764988e+01
1.188399999999999901e+00	2.181482886520098674e+01
1.191999999999999948e+00	2.247993870196658506e+01
1.195599999999999996e+00	2.234628114187652770e+01
1.199200000000000044e+00	2.250313259745214722e+01
1.202800000000000091e+00	2.284789640434068403e+01
1.206399999999999917e+00	2.302874125575100095e+01
1.209999999999999964e+00	2.349162517236090153e+01
1.213600000000000012e+00	2.384855984178022936e+01
1.217200000000000060e+00	2.382371309024292216e+01
1.220800000000000107e+00	2.454934036682337251e+01
1.224399999999999933e+00	2.476931630524221006e+01
1.228099999999999969e+00	2.428908437675890752e+01
1.231700000000000017e+00	2.453738910429935771e+01
1.235300000000000065e+00	2.476086559638870455e+01
1.238899999999999890e+00	2.521855575950642958e+01
1.242499999999999938e+00	2.561370759589309642e+01
1.246099999999999985e+00	2.613231988949642925e+01
1.249700000000000033e+00	2.541184375970372500e+01
1.253300000000000081e+00	2.657896130751640840e+01
1.256899999999999906e+00	2.657627959698479003e+01
1.260499999999999954e+00	2.804346781616827045e+01
1.264100000000000001e+00	2.886166950124811592e+01
1.267700000000000049e+00	2.899257680511641411e+01
1.271300000000000097e+00	2.988858456282715892e+01
1.274899999999999922e+00	2.954216619444596859e+01
1.278599999999999959e+00	2.998704473573432594e+01
1.282200000000000006e+00	3.003124979325055577e+01
1.285800000000000054e+00	3.052538308999180572e+01
1.289400000000000102e+00	3.180884252308028337e+01
1.292999999999999927e+00	3.184720843061770879e+01
1.296599999999999975e+00	3.304247407223542865e+01
1.300200000000000022e+00	3.286925784593647393e+01
1.303800000000000070e+00	3.329780156842748085e+01
1.307399999999999896e+00	3.494484066587309457e+01
1.310999999999999943e+00	3.501856635665065198e+01
1.314599999999999991e+00	3.609274167332539918e+01
1.318200000000000038e+00	3.649049940116823620e+01
1.321800000000000086e+00	3.755024966364977956e+01
1.325499999999999901e+00	3.718635887526953354e+01
1.329099999999999948e+00	3.664260925200382957e+01
1.332699999999999996e+00	3.742205131358046089e+01
1.336300000000000043e+00	3.682249909138347732e+01
1.339900000000000091e+00	3.714355668667824517e+01
1.343499999999999917e+00	3.752299724553190430e+01
1.347099999999999964e+00	3.739018742067104029e+01
1.350700000000000012e+00	3.779775084010981345e+01
1.354300000000000059e+00	3.852810951286473085e+01
1.357900000000000107e+00	3.880176536069809146e+01
1.361499999999999932e+00	4.009012722627044667e+01
1.365099999999999980e+00	4.070465714356951281e+01
1.368700000000000028e+00	4.074666418570182458e+01
1.372300000000000075e+00	4.145625079741207486e+01
1.375999999999999890e+00	4.170613606436765508e+01
1.379599999999999937e+00	4.288971487591692267e+01
1.383199999999999985e+00	4.322924745858335172e+01
1.386800000000000033e+00	4.402873557824354123e+01
1.390400000000000080e+00	4.455951447326012271e+01
1.393999999999999906e+00	4.478413022715725589e+01
1.397599999999999953e+00	4.541344524270935779e+01
1.401200000000000001e+00	4.450682027359689386e+01
1.404800000000000049e+00	4.567831981923875162e+01
1.408400000000000096e+00	4.498567149628117079e+01
1.411999999999999922e+00	4.595771351901320401e+01
1.415599999999999969e+00	4.601827310340863164e+01
1.419200000000000017e+00	4.611191262115527678e+01
1.422800000000000065e+00	4.668423339007089368e+01
1.426500000000000101e+00	4.619051427689674227e+01
1.430099999999999927e+00	4.680682286053806962e+01
1.433699999999999974e+00	4.738508008465766608e+01
1.437300000000000022e+00	4.746054585173328633e+01
1.440900000000000070e+00	4.731207418531025155e+01
1.444499999999999895e+00	4.749126951506099914e+01
1.448099999999999943e+00	4.814505063575687416e+01
1.451699999999999990e+00	4.725660085163095658e+01
1.455300000000000038e+00	4.796458996744920000e+01
1.458900000000000086e+00	4.875770027905718962e+01
1.462499999999999911e+00	4.996836087610720512e+01
1.466099999999999959e+00	4.992670021834444327e+01
1.469700000000000006e+00	5.155979593848441311e+01
1.473300000000000054e+00	5.181212466975540565e+01
1.477000000000000091e+00	5.220381960052541359e+01
1.480599999999999916e+00	5.264294340880354639e+01
1.484199999999999964e+00	5.315437117128924172e+01
1.487800000000000011e+00	5.418295662078060104e+01
1.491400000000000059e+00	5.553113640846914478e+01
1.495000000000000107e+00	5.687444365416752845e+01
1.498599999999999932e+00	5.902604224476956318e+01
1.502199999999999980e+00	5.975000287311978298e+01
1.505800000000000027e+00	6.117058993836786840e+01
1.509400000000000075e+00	6.064985611534472554e+01
1.512999999999999901e+00	6.063574204265103873e+01
1.516599999999999948e+00	5.932023234846926840e+01
1.520199999999999996e+00	5.840957545654007532e+01
1.523800000000000043e+00	5.808132418360749938e+01
1.527500000000000080e+00	5.720807151029687532e+01
1.531099999999999905e+00	5.711896839712731833e+01
1.534699999999999953e+00	5.681142835694485171e+01
1.538300000000000001e+00	5.736232445059927443e+01
1.541900000000000048e+00	5.754270493566475153e+01
1.545500000000000096e+00	5.835572649201424866e+01
1.549099999999999921e+00	5.846246340711233813e+01
1.552699999999999969e+00	5.885628033007029813e+01
1.556300000000000017e+00	5.915348373533268500e+01
1.559900000000000064e+00	5.921836426018603561e+01
1.563499999999999890e+00	5.877644796744298361e+01
1.567099999999999937e+00	5.923179853414983143e+01
1.570699999999999985e+00	6.021888965208206912e+01
1.574300000000000033e+00	6.036012537957766710e+01
1.578000000000000069e+00	5.983441800702198066e+01
1.581599999999999895e+00	5.970394632386571487e+01
1.585199999999999942e+00	5.926109322345748609e+01
1.588799999999999990e+00	5.853867359682272564e+01
1.592400000000000038e+00	5.880781471265060389e+01
1.596000000000000085e+00	5.915633850681867756e+01
1.599599999999999911e+00	6.072318749499812185e+01
1.603199999999999958e+00	6.189810060339252118e+01
1.606800000000000006e+00	6.365488399567711042e+01
1.610400000000000054e+00	6.338007473367332523e+01
1.614000000000000101e+00	6.058275776010082581e+01
1.617599999999999927e+00	5.879153885717321515e+01
1.621199999999999974e+00	5.584019281342487773e+01
1.624800000000000022e+00	5.404215878910204651e+01
1.628500000000000059e+00	5.333942985872455722e+01
1.632100000000000106e+00	5.397716311685545065e+01
1.635699999999999932e+00	5.572903288841578018e+01
1.639299999999999979e+00	5.776201142863538962e+01
1.642900000000000027e+00	5.853853086034150977e+01
1.646500000000000075e+00	6.092590515410078922e+01
1.650099999999999900e+00	6.297737883589186936e+01
1.653699999999999948e+00	6.481469126465009367e+01
1.657299999999999995e+00	6.800168607875249904e+01
1.660900000000000043e+00	7.025805556334839252e+01
1.664500000000000091e+00	7.282334681007246502e+01
1.668099999999999916e+00	7.272177951459103440e+01
1.671699999999999964e+00	7.219006859278628951e+01
1.675400000000000000e+00	6.844432229486955066e+01
1.679000000000000048e+00	6.411634901824810129e+01
1.682600000000000096e+00	6.016214408125376423e+01
1.686199999999999921e+00	5.633316091544472926e+01
1.689799999999999969e+00	5.586538396255582484e+01
1.693400000000000016e+00	5.625607604034080822e+01
1.697000000000000064e+00	5.678468815791195823e+01
1.700599999999999890e+00	5.863105848265112030e+01
1.704199999999999937e+00	6.118019543512428982e+01
1.707799999999999985e+00	6.284617445612531128e+01
1.711400000000000032e+00	6.371012142009348622e+01
1.715000000000000080e+00	6.493417800989080035e+01
1.718599999999999905e+00	6.367115987088590856e+01
1.722199999999999953e+00	6.189613598368879366e+01
1.725899999999999990e+00	6.067959824069640007e+01
1.729500000000000037e+00	5.986694636145575998e+01
1.733100000000000085e+00	5.878825231110570826e+01
1.736699999999999910e+00	5.893906815195798998e+01
1.740299999999999958e+00	5.967122021079384098e+01
1.743900000000000006e+00	6.107629108119922279e+01
1.747500000000000053e+00	6.260408657099947050e+01
1.751100000000000101e+00	6.671775407857572304e+01
1.754699999999999926e+00	6.932032097741368659e+01
1.758299999999999974e+00	7.102240862267508703e+01
1.761900000000000022e+00	7.158174108505036770e+01
1.765500000000000069e+00	7.215697441219246855e+01
1.769099999999999895e+00	6.980191516598490864e+01
1.772699999999999942e+00	6.822751002171450807e+01
1.776399999999999979e+00	6.647136086124403676e+01
1.780000000000000027e+00	6.587672603093366774e+01
1.783600000000000074e+00	6.549022314223508090e+01
1.787199999999999900e+00	6.560515345091560846e+01
1.790799999999999947e+00	6.505585157290096276e+01
1.794399999999999995e+00	6.302450513721554159e+01
1.798000000000000043e+00	6.223924678913257935e+01
1.801600000000000090e+00	6.044102092640788726e+01
1.805199999999999916e+00	5.971767591033123779e+01
1.808799999999999963e+00	5.787987431927649595e+01
1.812400000000000011e+00	5.683415407227526828e+01
1.816000000000000059e+00	5.579035581952046385e+01
1.819600000000000106e+00	5.803972704488079870e+01
1.823199999999999932e+00	6.198259326432554417e+01
1.826899999999999968e+00	6.712956615799328119e+01
1.830500000000000016e+00	7.246292526698556458e+01
1.834100000000000064e+00	7.635188914560032458e+01
1.837699999999999889e+00	7.679717790280747636e+01
1.841299999999999937e+00	7.575205230780042598e+01
1.844899999999999984e+00	7.241614661668413078e+01
1.848500000000000032e+00	7.086080380350840358e+01
1.852100000000000080e+00	7.019984064218350284e+01
1.855699999999999905e+00	7.167126144330981674e+01
1.859299999999999953e+00	7.321488494191605412e+01
1.862900000000000000e+00	7.450350610753737612e+01
1.866500000000000048e+00	7.365939478325915957e+01
1.870100000000000096e+00	7.193060875467126891e+01
1.873699999999999921e+00	6.756372833699570890e+01
1.877399999999999958e+00	6.456948842407767586e+01
1.881000000000000005e+00	6.099371807072424190e+01
1.884600000000000053e+00	5.998516483072671690e+01
1.888200000000000101e+00	6.076416372199214067e+01
1.891799999999999926e+00	6.258236687835546519e+01
1.895399999999999974e+00	6.496890542154270065e+01
1.899000000000000021e+00	6.847504249094114925e+01
1.902600000000000069e+00	7.172984981236285762e+01
1.906199999999999894e+00	7.410505923702646669e+01
1.909799999999999942e+00	7.400870941262630254e+01
1.913399999999999990e+00	7.044361982720303672e+01
1.917000000000000037e+00	6.557952976002556511e+01
1.920600000000000085e+00	6.091027968859216202e+01
1.924199999999999910e+00	5.725204208045494170e+01
1.927899999999999947e+00	5.783961029910394558e+01
1.931499999999999995e+00	6.090066718777529076e+01
1.935100000000000042e+00	6.420431052187323928e+01
1.938700000000000090e+00	6.650800586468666609e+01
1.942299999999999915e+00	6.670356681809759891e+01
1.945899999999999963e+00	6.414538651119191570e+01
1.949500000000000011e+00	6.096063724024431707e+01
1.953100000000000058e+00	5.849429238758244765e+01
1.956700000000000106e+00	5.804324157163300413e+01
1.960299999999999931e+00	6.050631932839559823e+01
1.963899999999999979e+00	6.284269757691448888e+01
1.967500000000000027e+00	6.564012909571908949e+01
1.971100000000000074e+00	6.640097876061111037e+01
1.974699999999999900e+00	6.673778180643161306e+01
1.978399999999999936e+00	6.579785331953529237e+01
1.981999999999999984e+00	6.459073942340724273e+01
1.985600000000000032e+00	6.328857007776047539e+01
1.989200000000000079e+00	6.361412775780919304e+01
1.992799999999999905e+00	6.612478125669770179e+01
1.996399999999999952e+00	7.027970240975137983e+01
2.000000000000000000e+00	7.787311117024906082e+01
