2.000000000000000111e-01	-2.857849107361753571e+00
2.036000000000000032e-01	-3.074077680706242433e+00
2.071999999999999953e-01	-3.069725433903790268e+00
2.107999999999999874e-01	-3.829932350447266654e+00
2.144000000000000072e-01	-2.876058897108348056e+00
2.179999999999999993e-01	-3.774996952810247386e+00
2.215999999999999914e-01	-3.643075589032937156e+00
2.253000000000000003e-01	-2.699943821871457317e+00
2.288999999999999924e-01	-2.741480536440663585e+00
2.325000000000000122e-01	-3.569119046381191929e+00
2.361000000000000043e-01	-3.577598317619039126e+00
2.396999999999999964e-01	-2.782848215673962677e+00
2.432999999999999885e-01	-2.133664473317653520e+00
2.469000000000000083e-01	-2.278855284393557667e+00
2.505000000000000004e-01	-1.674712009193994877e+00
2.540999999999999925e-01	-2.080354193047269540e+00
2.576999999999999846e-01	-1.181275108542628960e+00
2.612999999999999767e-01	-1.364642087361898071e+00
2.649000000000000243e-01	-1.227602089368646121e+00
2.685000000000000164e-01	-7.749411282613558605e-01
2.721000000000000085e-01	-9.573752501741243925e-01
2.757999999999999896e-01	-9.345037528557171846e-01
2.793999999999999817e-01	3.446722724127049275e-03
2.829999999999999738e-01	-1.054422956975852754e+00
2.866000000000000214e-01	-7.592836458194696103e-01
2.902000000000000135e-01	-1.287116384403870217e+00
2.938000000000000056e-01	-1.655349128175210627e+00
2.973999999999999977e-01	-1.818016339767095424e+00
3.009999999999999898e-01	-1.889829291544209866e+00
3.045999999999999819e-01	-1.445976345712551847e+00
3.081999999999999740e-01	-2.425675347740904098e+00
3.118000000000000216e-01	-2.448776708146787495e+00
3.154000000000000137e-01	-2.603847355478230874e+00
3.190000000000000058e-01	-3.074809146209743549e+00
3.225999999999999979e-01	-2.912023215542426602e+00
3.262999999999999790e-01	-2.432317131809011546e+00
3.299000000000000266e-01	-2.747926822259668889e+00
3.335000000000000187e-01	-2.305081798950872063e+00
3.371000000000000107e-01	-2.019085253396978530e+00
3.407000000000000028e-01	-1.604425076051842147e+00
3.442999999999999949e-01	-9.869328510678965216e-01
3.478999999999999870e-01	-6.081620707030077622e-01
3.514999999999999791e-01	-3.100095975769374679e-01
3.551000000000000267e-01	4.498543524603804133e-01
3.587000000000000188e-01	1.202465919472861744e+00
3.623000000000000109e-01	1.133643707042720106e+00
3.659000000000000030e-01	1.104607773727153353e+00
3.694999999999999951e-01	1.607128855010528712e+00
3.730999999999999872e-01	1.872742247468591525e+00
3.768000000000000238e-01	1.576499316298771713e+00
3.804000000000000159e-01	1.169749008208892826e+00
3.840000000000000080e-01	1.657611426949230138e+00
3.876000000000000001e-01	4.542181970271672031e-01
3.911999999999999922e-01	8.325707854264428054e-01
3.947999999999999843e-01	1.372570934162788969e+00
3.983999999999999764e-01	6.350647297103462208e-01
4.020000000000000240e-01	9.672785293564928333e-01
4.056000000000000161e-01	-3.349955309679305548e-01
4.092000000000000082e-01	-2.570664308791758557e-01
4.128000000000000003e-01	3.041336044909400682e-01
4.163999999999999924e-01	-1.007794264287486641e+00
4.199999999999999845e-01	-1.514013029347954342e+00
4.235999999999999766e-01	-8.266658659755309335e-01
4.273000000000000131e-01	-9.223088344269011474e-01
4.309000000000000052e-01	-5.963717767135037207e-01
4.344999999999999973e-01	-7.138160525410524038e-01
4.380999999999999894e-01	-1.089098018103271448e+00
4.416999999999999815e-01	-2.532396869385428184e-02
4.452999999999999736e-01	2.712537372395719126e-01
4.489000000000000212e-01	4.220998351835467677e-01
4.525000000000000133e-01	1.019215481966047276e+00
4.561000000000000054e-01	9.114614224359607331e-01
4.596999999999999975e-01	1.226284745165775458e+00
4.632999999999999896e-01	1.833526692749063658e+00
4.668999999999999817e-01	2.289535347965736101e+00
4.704999999999999738e-01	2.425083014182690455e+00
4.741000000000000214e-01	2.401753456150435007e+00
4.778000000000000025e-01	2.332110206204258240e+00
4.813999999999999946e-01	2.728751763916807960e+00
4.849999999999999867e-01	1.941798239786524993e+00
4.885999999999999788e-01	1.709320277468944660e+00
4.922000000000000264e-01	1.634812373736497459e+00
4.958000000000000185e-01	2.515516800516551577e+00
4.994000000000000106e-01	2.166074443415231698e+00
5.030000000000000027e-01	1.147867431966464569e+00
5.066000000000000503e-01	1.116722784956853509e+00
5.101999999999999869e-01	1.786063762094286300e+00
5.138000000000000345e-01	2.748888236949084685e-01
5.173999999999999710e-01	3.888127279242907797e-01
5.210000000000000187e-01	-3.700333198431590143e-01
5.245999999999999552e-01	6.961616563477379671e-01
5.282999999999999918e-01	1.806769513671119265e-01
5.319000000000000394e-01	1.676398267092000238e-01
5.354999999999999760e-01	-1.163894402179521670e-02
5.391000000000000236e-01	1.479713541062410487e+00
5.426999999999999602e-01	3.674368409133575986e-01
5.463000000000000078e-01	1.374733505404490241e+00
5.499000000000000554e-01	1.019471371822136430e+00
5.534999999999999920e-01	2.624068618818631293e+00
5.571000000000000396e-01	2.900508943573289145e+00
5.606999999999999762e-01	2.789160890711733121e+00
5.643000000000000238e-01	3.296218032900609884e+00
5.678999999999999604e-01	3.818550858238119794e+00
5.715000000000000080e-01	3.533312121006887185e+00
5.752000000000000446e-01	3.502693477514685405e+00
5.787999999999999812e-01	4.129518651684451314e+00
5.824000000000000288e-01	4.152053647518000545e+00
5.859999999999999654e-01	3.905492157748601478e+00
5.896000000000000130e-01	3.218801879554519463e+00
5.931999999999999496e-01	3.483454458726118030e+00
5.967999999999999972e-01	3.710967283261414451e+00
6.004000000000000448e-01	4.424590809971854277e+00
6.039999999999999813e-01	3.526036657515190686e+00
6.076000000000000290e-01	2.898705227781177118e+00
6.111999999999999655e-01	3.186851667841056557e+00
6.148000000000000131e-01	2.337825987807403472e+00
6.183999999999999497e-01	3.523296924427719468e+00
6.219999999999999973e-01	2.226668677298396570e+00
6.257000000000000339e-01	2.652981154538924358e+00
6.292999999999999705e-01	2.082388102259663309e+00
6.329000000000000181e-01	1.788721048562317506e+00
6.364999999999999547e-01	2.167124569743898110e+00
6.401000000000000023e-01	2.316488425694148034e+00
6.437000000000000499e-01	2.335509219228316447e+00
6.472999999999999865e-01	2.778616666032074356e+00
6.509000000000000341e-01	2.709669100689088506e+00
6.544999999999999707e-01	3.055053495853765178e+00
6.581000000000000183e-01	3.855898616478585783e+00
6.616999999999999549e-01	4.029110695813015397e+00
6.653000000000000025e-01	4.377724090508101185e+00
6.689000000000000501e-01	4.191992165761287303e+00
6.724999999999999867e-01	3.886223125498520226e+00
6.762000000000000233e-01	4.888983420153853565e+00
6.797999999999999599e-01	4.719848980328264609e+00
6.834000000000000075e-01	4.872725035775115288e+00
6.870000000000000551e-01	5.161273846336897009e+00
6.905999999999999917e-01	4.980031169250880296e+00
6.942000000000000393e-01	4.904084452167314367e+00
6.977999999999999758e-01	4.686005176496993663e+00
7.014000000000000234e-01	4.857824764399812700e+00
7.049999999999999600e-01	4.400696408254249903e+00
7.086000000000000076e-01	4.105250685984316306e+00
7.122000000000000552e-01	3.715495185483839613e+00
7.157999999999999918e-01	3.373538361839282906e+00
7.194000000000000394e-01	3.807093148900834390e+00
7.229999999999999760e-01	3.421803127970306502e+00
7.267000000000000126e-01	3.793131392569745408e+00
7.302999999999999492e-01	3.141551756027849418e+00
7.338999999999999968e-01	2.818770973515535960e+00
7.375000000000000444e-01	2.715558647436437489e+00
7.410999999999999810e-01	3.258725398361612680e+00
7.447000000000000286e-01	3.683430098658730500e+00
7.482999999999999652e-01	3.654658733216010091e+00
7.519000000000000128e-01	4.398979686065597861e+00
7.554999999999999494e-01	5.084600935082541184e+00
7.590999999999999970e-01	5.460066695247798307e+00
7.627000000000000446e-01	4.465440162380570399e+00
7.662999999999999812e-01	4.738634831223286881e+00
7.699000000000000288e-01	5.843854158129914822e+00
7.734999999999999654e-01	5.362541711128508304e+00
7.772000000000000020e-01	5.182828069864299003e+00
7.808000000000000496e-01	5.236877337684425093e+00
7.843999999999999861e-01	5.595646806314437782e+00
7.880000000000000338e-01	5.607786329418290805e+00
7.915999999999999703e-01	5.606995901908105928e+00
7.952000000000000179e-01	6.014789404202813827e+00
7.987999999999999545e-01	6.052320390513012960e+00
8.024000000000000021e-01	5.427854530566738056e+00
8.060000000000000497e-01	6.214989544091506168e+00
8.095999999999999863e-01	5.409739779584731068e+00
8.132000000000000339e-01	5.102895724972149161e+00
8.167999999999999705e-01	5.374707292869646658e+00
8.204000000000000181e-01	5.208151815393275541e+00
8.239999999999999547e-01	4.665257648030734394e+00
8.276999999999999913e-01	4.456227917789408188e+00
8.313000000000000389e-01	5.184394665019617321e+00
8.348999999999999755e-01	4.649981346215387390e+00
8.385000000000000231e-01	4.960391699125376697e+00
8.420999999999999597e-01	4.244274676683403413e+00
8.457000000000000073e-01	4.680307246468951021e+00
8.493000000000000549e-01	5.119562033884744956e+00
8.528999999999999915e-01	4.318597124324704772e+00
8.565000000000000391e-01	4.446238238306288615e+00
8.600999999999999757e-01	5.418205420230519209e+00
8.637000000000000233e-01	5.318217619308533095e+00
8.672999999999999599e-01	5.808971649373876112e+00
8.709000000000000075e-01	6.286792201962709825e+00
8.745000000000000551e-01	6.396751233789906621e+00
8.781999999999999806e-01	6.628139498160461329e+00
8.818000000000000282e-01	7.337077889254439711e+00
8.853999999999999648e-01	6.961336067937768490e+00
8.890000000000000124e-01	6.964980755551382074e+00
8.925999999999999490e-01	7.312516235792214658e+00
8.961999999999999966e-01	7.560451291389259865e+00
8.998000000000000442e-01	7.778476321876055977e+00
9.033999999999999808e-01	7.330465239330346883e+00
9.070000000000000284e-01	7.265795116143440424e+00
9.105999999999999650e-01	7.538571966300130711e+00
9.142000000000000126e-01	7.131367127318530841e+00
9.177999999999999492e-01	7.667478334313053701e+00
9.213999999999999968e-01	7.223386398147202847e+00
9.251000000000000334e-01	7.530076046080631080e+00
9.286999999999999700e-01	7.066768433577248487e+00
9.323000000000000176e-01	7.080887422150713206e+00
9.358999999999999542e-01	6.627318545196859034e+00
9.395000000000000018e-01	6.852220218528483286e+00
9.431000000000000494e-01	7.303298296333527340e+00
9.466999999999999860e-01	7.368965067357578391e+00
9.503000000000000336e-01	8.343132086375725009e+00
9.538999999999999702e-01	7.554625509552667317e+00
9.575000000000000178e-01	8.413547078242491040e+00
9.610999999999999543e-01	9.063042924258898125e+00
9.647000000000000020e-01	8.562065889234110827e+00
9.683000000000000496e-01	9.582794497234313980e+00
9.718999999999999861e-01	9.436465063014432886e+00
9.756000000000000227e-01	1.069529153803876831e+01
9.791999999999999593e-01	1.018392743771004838e+01
9.828000000000000069e-01	1.010547798396300934e+01
9.864000000000000545e-01	1.052003142624920251e+01
9.899999999999999911e-01	1.023752034738284600e+01
9.936000000000000387e-01	1.019086629583409831e+01
9.971999999999999753e-01	1.070974735492954366e+01
1.000799999999999912e+00	9.941767946269255418e+00
1.004399999999999959e+00	1.024968855496277342e+01
1.008000000000000007e+00	1.065155215538955957e+01
1.011600000000000055e+00	9.831606990702159266e+00
1.015200000000000102e+00	1.059482222864598988e+01
1.018799999999999928e+00	1.094595906526102702e+01
1.022399999999999975e+00	1.117677236441057964e+01
1.026100000000000012e+00	1.014756334105806701e+01
1.029700000000000060e+00	1.149392208903863910e+01
1.033300000000000107e+00	1.056197419940913917e+01
1.036899999999999933e+00	1.111220967560876183e+01
1.040499999999999980e+00	1.118910577685332797e+01
1.044100000000000028e+00	1.189079922214523322e+01
1.047700000000000076e+00	1.174625609432790441e+01
1.051299999999999901e+00	1.133006762090384356e+01
1.054899999999999949e+00	1.221012155033822211e+01
1.058499999999999996e+00	1.147963061238370486e+01
1.062100000000000044e+00	1.118756112440950012e+01
1.065700000000000092e+00	1.148049734986249781e+01
1.069299999999999917e+00	1.246841333349366288e+01
1.072899999999999965e+00	1.210470039815089471e+01
1.076600000000000001e+00	1.244090901942877103e+01
1.080200000000000049e+00	1.271226956389404705e+01
1.083800000000000097e+00	1.254173883857793648e+01
1.087399999999999922e+00	1.316857671992374534e+01
1.090999999999999970e+00	1.463590856347314784e+01
1.094600000000000017e+00	1.600460170464038256e+01
1.098200000000000065e+00	1.746353655266345939e+01
1.101799999999999891e+00	1.782136279275552582e+01
1.105399999999999938e+00	1.650639336990109740e+01
1.108999999999999986e+00	1.692161930692868310e+01
1.112600000000000033e+00	1.613761077245674258e+01
1.116200000000000081e+00	1.672388628875602379e+01
1.119799999999999907e+00	1.584653880433685735e+01
1.123399999999999954e+00	1.552853210228087910e+01
1.127099999999999991e+00	1.549346241436057348e+01
1.130700000000000038e+00	1.519104227090352488e+01
1.134300000000000086e+00	1.520367171602242529e+01
1.137899999999999912e+00	1.576052916559356909e+01
1.141499999999999959e+00	1.608651759838928186e+01
1.145100000000000007e+00	1.635311015143773972e+01
1.148700000000000054e+00	1.783849018501838302e+01
1.152300000000000102e+00	1.999231267717490113e+01
1.155899999999999928e+00	2.125949073861500338e+01
1.159499999999999975e+00	2.196108589243180376e+01
1.163100000000000023e+00	2.261747052663468338e+01
1.166700000000000070e+00	2.173744165625657843e+01
1.170299999999999896e+00	2.110920974726898791e+01
1.173899999999999944e+00	1.973767210208649203e+01
1.177599999999999980e+00	1.970014468435380550e+01
1.181200000000000028e+00	2.051525615223786048e+01
1.184800000000000075e+00	2.086268495772474196e+01
1.188399999999999901e+00	2.086697662345534354e+01
1.191999999999999948e+00	2.300592016796313644e+01
1.195599999999999996e+00	2.290021994663790039e+01
1.199200000000000044e+00	2.396418256392797019e+01
1.202800000000000091e+00	2.407319670177948723e+01
1.206399999999999917e+00	2.482518913347779232e+01
1.209999999999999964e+00	2.409958405099719059e+01
1.213600000000000012e+00	2.495899191536381423e+01
1.217200000000000060e+00	2.428404764379125069e+01
1.220800000000000107e+00	2.327594501257862802e+01
1.224399999999999933e+00	2.398674342546893712e+01
1.228099999999999969e+00	2.434945446108772060e+01
1.231700000000000017e+00	2.470452705311751274e+01
1.235300000000000065e+00	2.439401211299554717e+01
1.238899999999999890e+00	2.588167210933215401e+01
1.242499999999999938e+00	2.628032185561652767e+01
1.246099999999999985e+00	2.631930116589372304e+01
1.249700000000000033e+00	2.684132397331904940e+01
1.253300000000000081e+00	2.694195065233488151e+01
1.256899999999999906e+00	2.757578137314348865e+01
1.260499999999999954e+00	2.795611490741958605e+01
1.264100000000000001e+00	2.849102340125532962e+01
1.267700000000000049e+00	2.897511368076721539e+01
1.271300000000000097e+00	2.883202569380687308e+01
1.274899999999999922e+00	2.964686987376556004e+01
1.278599999999999959e+00	3.118640570929567701e+01
1.282200000000000006e+00	3.093024782269181117e+01
1.285800000000000054e+00	3.074066976669531925e+01
1.289400000000000102e+00	3.154498904190245767e+01
1.292999999999999927e+00	3.164224603356436205e+01
1.296599999999999975e+00	3.297435259095158244e+01
1.300200000000000022e+00	3.318974231238485118e+01
1.303800000000000070e+00	3.463905279278698401e+01
1.307399999999999896e+00	3.448618943145863369e+01
1.310999999999999943e+00	3.455803455750327657e+01
1.314599999999999991e+00	3.563992984544979237e+01
1.318200000000000038e+00	3.541002573719891444e+01
1.321800000000000086e+00	3.597989746508488196e+01
1.325499999999999901e+00	3.633731288824000671e+01
1.329099999999999948e+00	3.598598487538973956e+01
1.332699999999999996e+00	3.642659965892959661e+01
1.336300000000000043e+00	3.689400485446004296e+01
1.339900000000000091e+00	3.752449405751490019e+01
1.343499999999999917e+00	3.895894228823630101e+01
1.347099999999999964e+00	3.909070256630491258e+01
1.350700000000000012e+00	3.958784349570152017e+01
1.354300000000000059e+00	3.967581292985839525e+01
1.357900000000000107e+00	4.121569275166743296e+01
1.361499999999999932e+00	4.102925602845793662e+01
1.365099999999999980e+00	4.208389863716575974e+01
1.368700000000000028e+00	4.172370233101135995e+01
1.372300000000000075e+00	4.245199271870394853e+01
1.375999999999999890e+00	4.276214238668080014e+01
1.379599999999999937e+00	4.399460166762776225e+01
1.383199999999999985e+00	4.407194688384011982e+01
1.386800000000000033e+00	4.382968496914071466e+01
1.390400000000000080e+00	4.479965659658734012e+01
1.393999999999999906e+00	4.419079157507846389e+01
1.397599999999999953e+00	4.447470395816279876e+01
1.401200000000000001e+00	4.456119070140582039e+01
1.404800000000000049e+00	4.675277639545921460e+01
1.408400000000000096e+00	4.805106631663083760e+01
1.411999999999999922e+00	4.789543497589833265e+01
1.415599999999999969e+00	4.868428989653675387e+01
1.419200000000000017e+00	4.804333264699226902e+01
1.422800000000000065e+00	4.816112508087031330e+01
1.426500000000000101e+00	4.706299108348026294e+01
1.430099999999999927e+00	4.687935192899873016e+01
1.433699999999999974e+00	4.544521441835251352e+01
1.437300000000000022e+00	4.652436663720559551e+01
1.440900000000000070e+00	4.586656273761550295e+01
1.444499999999999895e+00	4.682090999222690897e+01
1.448099999999999943e+00	4.726976578871695267e+01
1.451699999999999990e+00	4.877870724225703469e+01
1.455300000000000038e+00	5.013507563953477586e+01
1.458900000000000086e+00	5.038074952703330212e+01
1.462499999999999911e+00	5.156371881810547109e+01
1.466099999999999959e+00	5.145913408524567245e+01
1.469700000000000006e+00	5.239572361421108582e+01
1.473300000000000054e+00	5.098847452759334686e+01
1.477000000000000091e+00	5.242970755723888487e+01
1.480599999999999916e+00	5.308584059204418537e+01
1.484199999999999964e+00	5.345275785036143645e+01
1.487800000000000011e+00	5.389198096477478828e+01
1.491400000000000059e+00	5.491104625930937289e+01
1.495000000000000107e+00	5.576258774591684642e+01
1.498599999999999932e+00	5.636655331147140657e+01
1.502199999999999980e+00	5.709567799916379016e+01
1.505800000000000027e+00	5.799472688618969585e+01
1.509400000000000075e+00	6.021520010528318068e+01
1.512999999999999901e+00	5.987480144761638456e+01
1.516599999999999948e+00	6.034893104478157255e+01
1.520199999999999996e+00	5.921592273862254530e+01
1.523800000000000043e+00	5.837317186494144750e+01
1.527500000000000080e+00	5.740534481741885742e+01
1.531099999999999905e+00	5.703246546821259955e+01
1.534699999999999953e+00	5.538638253603755857e+01
1.538300000000000001e+00	5.781424160695734571e+01
1.541900000000000048e+00	5.984599629298944734e+01
1.545500000000000096e+00	6.161748275120174867e+01
1.549099999999999921e+00	6.348083983676802688e+01
1.552699999999999969e+00	6.394832437274547488e+01
1.556300000000000017e+00	6.212932139758011374e+01
1.559900000000000064e+00	6.164839997293130835e+01
1.563499999999999890e+00	5.948568117978869196e+01
1.567099999999999937e+00	5.724959793268768493e+01
1.570699999999999985e+00	5.652668991315579916e+01
1.574300000000000033e+00	5.577674061962125052e+01
1.578000000000000069e+00	5.517147102521145285e+01
1.581599999999999895e+00	5.601163090504968523e+01
1.585199999999999942e+00	5.620575055407982035e+01
1.588799999999999990e+00	5.681761579174465737e+01
1.592400000000000038e+00	5.747295280581956689e+01
1.596000000000000085e+00	5.788274985379751314e+01
1.599599999999999911e+00	5.841740211756692247e+01
1.603199999999999958e+00	5.893893045892155413e+01
1.606800000000000006e+00	5.801887909495067674e+01
1.610400000000000054e+00	5.799534810406676399e+01
1.614000000000000101e+00	5.633549290113111851e+01
1.617599999999999927e+00	5.610130751711159292e+01
1.621199999999999974e+00	5.428586978577749989e+01
1.624800000000000022e+00	5.568136931145640034e+01
1.628500000000000059e+00	5.702893540225549884e+01
1.632100000000000106e+00	5.842098366493610229e+01
1.635699999999999932e+00	6.093599702883271618e+01
1.639299999999999979e+00	6.199454456670846270e+01
1.642900000000000027e+00	6.109904904770940703e+01
1.646500000000000075e+00	5.966713260474374891e+01
1.650099999999999900e+00	5.852476369016897451e+01
1.653699999999999948e+00	5.963855048801403314e+01
1.657299999999999995e+00	6.334690382186970226e+01
1.660900000000000043e+00	6.862615783883639153e+01
1.664500000000000091e+00	7.460513831145840413e+01
1.668099999999999916e+00	7.837456869483227706e+01
1.671699999999999964e+00	7.890553738977882858e+01
1.675400000000000000e+00	7.466183950463462793e+01
1.679000000000000048e+00	6.977677399468490194e+01
1.682600000000000096e+00	6.354880601371459647e+01
1.686199999999999921e+00	6.032525733169009641e+01
1.689799999999999969e+00	5.956433447175307094e+01
1.693400000000000016e+00	6.072623085351613526e+01
1.697000000000000064e+00	6.348579856583037184e+01
1.700599999999999890e+00	6.548094455041314177e+01
1.704199999999999937e+00	6.794617641790561891e+01
1.707799999999999985e+00	6.818356815025900630e+01
1.711400000000000032e+00	6.899087850565538815e+01
1.715000000000000080e+00	6.725952828838769904e+01
1.718599999999999905e+00	6.689183034889209978e+01
1.722199999999999953e+00	6.436891513371818974e+01
1.725899999999999990e+00	6.276486429174275372e+01
1.729500000000000037e+00	6.065802626589766078e+01
1.733100000000000085e+00	5.960415884138814135e+01
1.736699999999999910e+00	5.959038814427519526e+01
1.740299999999999958e+00	5.954607315939423984e+01
1.743900000000000006e+00	6.142031295687127113e+01
1.747500000000000053e+00	6.436149992530184250e+01
1.751100000000000101e+00	6.756624864885235127e+01
1.754699999999999926e+00	7.022459722750117805e+01
1.758299999999999974e+00	7.198253470204726057e+01
1.761900000000000022e+00	7.225125996012519636e+01
1.765500000000000069e+00	6.968725411228182054e+01
1.769099999999999895e+00	6.663251015549194278e+01
1.772699999999999942e+00	6.375958960491313832e+01
1.776399999999999979e+00	6.260131461693742949e+01
1.780000000000000027e+00	6.191640088376480122e+01
1.783600000000000074e+00	6.382504713752717151e+01
1.787199999999999900e+00	6.541229421934522748e+01
1.790799999999999947e+00	6.575586588523192688e+01
1.794399999999999995e+00	6.443453414097628240e+01
1.798000000000000043e+00	6.363102889518164318e+01
1.801600000000000090e+00	6.265333714684799560e+01
1.805199999999999916e+00	6.192391586012590210e+01
1.808799999999999963e+00	6.359853174915654961e+01
1.812400000000000011e+00	6.537770436010220010e+01
1.816000000000000059e+00	6.881817095346033852e+01
1.819600000000000106e+00	7.106728748823543640e+01
1.823199999999999932e+00	7.340772367925920605e+01
1.826899999999999968e+00	7.450247986395845601e+01
1.830500000000000016e+00	7.607748277949094984e+01
1.834100000000000064e+00	7.913334782040021764e+01
1.837699999999999889e+00	8.230503053363887034e+01
1.841299999999999937e+00	8.714954663806079793e+01
1.844899999999999984e+00	9.000554510659662810e+01
1.848500000000000032e+00	8.982358323084943663e+01
1.852100000000000080e+00	8.619646793757740966e+01
1.855699999999999905e+00	7.816252241711676163e+01
1.859299999999999953e+00	6.943489762421963007e+01
1.862900000000000000e+00	6.168656168604758960e+01
1.866500000000000048e+00	5.888385346002423404e+01
1.870100000000000096e+00	5.952305150955883306e+01
1.873699999999999921e+00	6.281299244958715633e+01
1.877399999999999958e+00	6.645240039677402422e+01
1.881000000000000005e+00	6.838719671240845344e+01
1.884600000000000053e+00	6.896765904647510581e+01
1.888200000000000101e+00	6.801500581137118218e+01
1.891799999999999926e+00	6.824487665753389365e+01
1.895399999999999974e+00	7.025105308890105960e+01
1.899000000000000021e+00	7.780662752561330819e+01
1.902600000000000069e+00	8.442013075426204693e+01
1.906199999999999894e+00	9.166849780900922440e+01
1.909799999999999942e+00	9.678639532868697870e+01
1.913399999999999990e+00	9.673218709390476988e+01
1.917000000000000037e+00	9.270753035370209716e+01
1.920600000000000085e+00	8.712654743332943497e+01
1.924199999999999910e+00	8.049288537939405330e+01
1.927899999999999947e+00	7.305005609889947493e+01
1.931499999999999995e+00	6.814675551011258392e+01
1.935100000000000042e+00	6.416637455357128772e+01
1.938700000000000090e+00	6.276086092740517586e+01
1.942299999999999915e+00	6.223422598751164969e+01
1.945899999999999963e+00	6.375065669299191029e+01
1.949500000000000011e+00	6.659443943315969250e+01
1.953100000000000058e+00	6.726743503023897119e+01
1.956700000000000106e+00	6.674523899239045477e+01
1.960299999999999931e+00	6.559618333502986331e+01
1.963899999999999979e+00	6.406122441765486997e+01
1.967500000000000027e+00	6.245408987521028621e+01
1.971100000000000074e+00	6.357569990319349529e+01
1.974699999999999900e+00	6.759432370320030259e+01
1.978399999999999936e+00	7.345384137000442593e+01
1.981999999999999984e+00	7.825763535212101374e+01
1.985600000000000032e+00	8.324491088704930064e+01
1.989200000000000079e+00	8.841483775127699118e+01
1.992799999999999905e+00	8.970212806905193759e+01
1.996399999999999952e+00	8.876137709578988222e+01
2.000000000000000000e+00	8.333929990656444886e+01
