2.000000000000000111e-01	-1.443404649152077557e+00
2.036000000000000032e-01	-1.972448593138880213e+00
2.071999999999999953e-01	-2.184775035279433286e+00
2.107999999999999874e-01	-4.194267708873518075e+00
2.144000000000000072e-01	-3.668722365482424141e+00
2.179999999999999993e-01	-2.001348516946164224e+00
2.215999999999999914e-01	-4.541629242872100569e+00
2.253000000000000003e-01	-3.137291097587801225e+00
2.288999999999999924e-01	-3.999796713268368720e+00
2.325000000000000122e-01	-2.213241849235362046e+00
2.361000000000000043e-01	-3.663513826805364193e+00
2.396999999999999964e-01	-3.168920428345592732e+00
2.432999999999999885e-01	-1.754638220465118970e+00
2.469000000000000083e-01	-1.146125964605886338e+00
2.505000000000000004e-01	1.030511930917737295e+00
2.540999999999999925e-01	-1.719717193138361244e+00
2.576999999999999846e-01	-7.826818758176720126e-01
2.612999999999999767e-01	-1.971415524155280208e+00
2.649000000000000243e-01	-4.624749179471290272e-01
2.685000000000000164e-01	4.797796889258629793e-01
2.721000000000000085e-01	1.588175076987334844e+00
2.757999999999999896e-01	-2.394919828241026671e-03
2.793999999999999817e-01	1.139079877483794911e+00
2.829999999999999738e-01	2.362379583769225189e-01
2.866000000000000214e-01	3.987568943206731831e-02
2.902000000000000135e-01	-1.220460269237360729e+00
2.938000000000000056e-01	-3.983943447907611901e-01
2.973999999999999977e-01	-5.271741877586644254e-01
3.009999999999999898e-01	-5.373688466632671190e-01
3.045999999999999819e-01	-1.926501189531907521e+00
3.081999999999999740e-01	-1.881791135794369296e+00
3.118000000000000216e-01	-2.289991181007204002e+00
3.154000000000000137e-01	-3.553339593679750053e+00
3.190000000000000058e-01	-4.197492902876611254e+00
3.225999999999999979e-01	-2.721596636408878389e+00
3.262999999999999790e-01	-1.429063579126335970e+00
3.299000000000000266e-01	-3.758219848934516882e+00
3.335000000000000187e-01	-2.804083317449034052e+00
3.371000000000000107e-01	-2.535199192361083043e+00
3.407000000000000028e-01	-2.781108031739378372e+00
3.442999999999999949e-01	8.445346063843572892e-02
3.478999999999999870e-01	1.813752884750869043e+00
3.514999999999999791e-01	1.027316528997115119e+00
3.551000000000000267e-01	1.665889013704101140e+00
3.587000000000000188e-01	4.232798584457168056e-01
3.623000000000000109e-01	1.246562208520028747e+00
3.659000000000000030e-01	1.294625326476467331e+00
3.694999999999999951e-01	1.733967300172274406e-01
3.730999999999999872e-01	2.306681244241565176e-01
3.768000000000000238e-01	8.636274177549034814e-01
3.804000000000000159e-01	3.488645711595360410e+00
3.840000000000000080e-01	2.492086169632361958e+00
3.876000000000000001e-01	1.491594937679928901e+00
3.911999999999999922e-01	2.824821346910224129e+00
3.947999999999999843e-01	1.783850432918678397e+00
3.983999999999999764e-01	4.281851152238089764e-01
4.020000000000000240e-01	2.430344477569546413e+00
4.056000000000000161e-01	1.403347634960195656e+00
4.092000000000000082e-01	-5.903650085166569639e-01
4.128000000000000003e-01	-3.417260734276788003e-01
4.163999999999999924e-01	-3.491542710777768566e-01
4.199999999999999845e-01	1.238025228213033069e+00
4.235999999999999766e-01	3.882221010970021702e-01
4.273000000000000131e-01	7.891833275028514727e-02
4.309000000000000052e-01	-2.758349848382013469e-02
4.344999999999999973e-01	1.592908750667130224e+00
4.380999999999999894e-01	-6.456973217765382689e-02
4.416999999999999815e-01	-9.036381073104037265e-01
4.452999999999999736e-01	9.776165398836184073e-01
4.489000000000000212e-01	3.236565715797525833e-01
4.525000000000000133e-01	3.780470709740481605e-01
4.561000000000000054e-01	1.662575661708213470e+00
4.596999999999999975e-01	1.644350044409478517e+00
4.632999999999999896e-01	2.171322341264581013e+00
4.668999999999999817e-01	3.512177719322447267e+00
4.704999999999999738e-01	3.793226887157701732e+00
4.741000000000000214e-01	2.049102416045471386e+00
4.778000000000000025e-01	3.179418790487718027e+00
4.813999999999999946e-01	1.993274237277841365e+00
4.849999999999999867e-01	3.088170414083165838e+00
4.885999999999999788e-01	4.023045793719187913e+00
4.922000000000000264e-01	2.682445023622409330e+00
4.958000000000000185e-01	1.735706904860250921e+00
4.994000000000000106e-01	1.789334224166086784e+00
5.030000000000000027e-01	2.792362357259821515e+00
5.066000000000000503e-01	1.255942870412152690e+00
5.101999999999999869e-01	2.314640325023901823e+00
5.138000000000000345e-01	1.358905692718656688e+00
5.173999999999999710e-01	2.651988543422306721e-01
5.210000000000000187e-01	2.360487341576005704e+00
5.245999999999999552e-01	1.735806438716212652e+00
5.282999999999999918e-01	2.729615653086566729e-01
5.319000000000000394e-01	4.393499167609699052e-02
5.354999999999999760e-01	-2.063514646727362956e-01
5.391000000000000236e-01	1.122716605086284403e-01
5.426999999999999602e-01	1.931874994045220673e+00
5.463000000000000078e-01	1.497184633006575782e-01
5.499000000000000554e-01	2.323994493210284507e+00
5.534999999999999920e-01	2.904950463688103390e+00
5.571000000000000396e-01	1.846650774979996523e+00
5.606999999999999762e-01	2.965014084561609309e+00
5.643000000000000238e-01	2.686770451415618766e+00
5.678999999999999604e-01	2.503040737354226053e+00
5.715000000000000080e-01	3.668238939933587961e+00
5.752000000000000446e-01	4.132559793912452761e+00
5.787999999999999812e-01	4.164143912229528510e+00
5.824000000000000288e-01	3.359992579075100849e+00
5.859999999999999654e-01	3.334273742445337696e+00
5.896000000000000130e-01	5.668981350699890953e+00
5.931999999999999496e-01	4.277878822247880741e+00
5.967999999999999972e-01	4.849764580107670753e+00
6.004000000000000448e-01	3.590036347874601574e+00
6.039999999999999813e-01	2.369828908937759770e+00
6.076000000000000290e-01	2.715921982456216188e+00
6.111999999999999655e-01	3.365821042994778800e+00
6.148000000000000131e-01	4.393901408643804629e+00
6.183999999999999497e-01	2.410789139578762175e+00
6.219999999999999973e-01	4.441795541665439551e+00
6.257000000000000339e-01	4.060243276133317814e+00
6.292999999999999705e-01	2.921684187265249921e+00
6.329000000000000181e-01	4.717080266756694673e-01
6.364999999999999547e-01	1.392159926607995146e+00
6.401000000000000023e-01	2.615165367713682798e+00
6.437000000000000499e-01	2.882235792715443168e+00
6.472999999999999865e-01	3.333975165298616261e+00
6.509000000000000341e-01	2.737260536426497914e+00
6.544999999999999707e-01	2.881061418686096776e+00
6.581000000000000183e-01	3.421446350456503360e+00
6.616999999999999549e-01	5.294496163253987753e+00
6.653000000000000025e-01	5.277473882051515019e+00
6.689000000000000501e-01	5.048907304498426285e+00
6.724999999999999867e-01	3.853677648929844324e+00
6.762000000000000233e-01	6.979613533429696481e+00
6.797999999999999599e-01	6.146573175971737690e+00
6.834000000000000075e-01	4.819999185342773274e+00
6.870000000000000551e-01	5.082764908955643257e+00
6.905999999999999917e-01	4.939342986651806378e+00
6.942000000000000393e-01	4.072701029072779200e+00
6.977999999999999758e-01	6.701386769562082790e+00
7.014000000000000234e-01	3.074980509340807355e+00
7.049999999999999600e-01	6.393465377851944353e+00
7.086000000000000076e-01	4.880461958123554211e+00
7.122000000000000552e-01	4.483647424784164670e+00
7.157999999999999918e-01	4.620610286703331404e+00
7.194000000000000394e-01	3.631796397131845655e+00
7.229999999999999760e-01	3.593322890039805984e+00
7.267000000000000126e-01	3.072640506364666901e+00
7.302999999999999492e-01	2.930400930076465293e+00
7.338999999999999968e-01	4.331350188959015135e+00
7.375000000000000444e-01	3.104053834668244249e+00
7.410999999999999810e-01	3.606686101756060303e+00
7.447000000000000286e-01	4.749251582748158285e+00
7.482999999999999652e-01	5.728071190927472855e+00
7.519000000000000128e-01	2.542082673134304471e+00
7.554999999999999494e-01	4.052830567246729743e+00
7.590999999999999970e-01	4.348237802854502121e+00
7.627000000000000446e-01	7.562003900053577254e+00
7.662999999999999812e-01	6.154771920217276815e+00
7.699000000000000288e-01	4.455270480027857083e+00
7.734999999999999654e-01	5.350272844355484558e+00
7.772000000000000020e-01	4.823972069194578438e+00
7.808000000000000496e-01	5.017322050261238786e+00
7.843999999999999861e-01	6.020379208741974963e+00
7.880000000000000338e-01	7.683212990225541716e+00
7.915999999999999703e-01	5.335169690408747556e+00
7.952000000000000179e-01	6.432769067386150397e+00
7.987999999999999545e-01	8.383165000522341259e+00
8.024000000000000021e-01	6.873131964763947721e+00
8.060000000000000497e-01	6.051166410894986747e+00
8.095999999999999863e-01	5.996921014808016537e+00
8.132000000000000339e-01	6.964736826514490886e+00
8.167999999999999705e-01	5.119008289121792288e+00
8.204000000000000181e-01	7.011007609084323633e+00
8.239999999999999547e-01	4.538771537942816181e+00
8.276999999999999913e-01	6.075569560302600536e+00
8.313000000000000389e-01	4.758187582898727896e+00
8.348999999999999755e-01	4.587382649224519326e+00
8.385000000000000231e-01	4.730771125202235083e+00
8.420999999999999597e-01	6.220054475341235900e+00
8.457000000000000073e-01	6.173864866504707116e+00
8.493000000000000549e-01	3.805981044311992800e+00
8.528999999999999915e-01	6.765598748421535191e+00
8.565000000000000391e-01	5.976835427810260448e+00
8.600999999999999757e-01	7.550166151618732613e+00
8.637000000000000233e-01	4.815134265602100783e+00
8.672999999999999599e-01	6.990882957524204855e+00
8.709000000000000075e-01	6.913200644666242844e+00
8.745000000000000551e-01	8.228410479130612742e+00
8.781999999999999806e-01	6.206100038173787858e+00
8.818000000000000282e-01	8.864239881547980815e+00
8.853999999999999648e-01	7.886974125748547060e+00
8.890000000000000124e-01	6.828487611014833369e+00
8.925999999999999490e-01	7.803005027777995650e+00
8.961999999999999966e-01	6.241643992819987830e+00
8.998000000000000442e-01	6.748585721839125640e+00
9.033999999999999808e-01	7.415962290608549168e+00
9.070000000000000284e-01	7.268153284102472966e+00
9.105999999999999650e-01	7.928891898671788674e+00
9.142000000000000126e-01	6.873558270536904935e+00
9.177999999999999492e-01	7.692902889181606696e+00
9.213999999999999968e-01	7.795524820902874907e+00
9.251000000000000334e-01	8.370001118020425679e+00
9.286999999999999700e-01	6.766090498931291997e+00
9.323000000000000176e-01	7.220830999061326416e+00
9.358999999999999542e-01	7.458901031053638775e+00
9.395000000000000018e-01	9.112319861927044684e+00
9.431000000000000494e-01	8.453708560680530226e+00
9.466999999999999860e-01	7.414844635032364906e+00
9.503000000000000336e-01	9.304965463868015263e+00
9.538999999999999702e-01	7.678421878764192243e+00
9.575000000000000178e-01	9.649710560209969756e+00
9.610999999999999543e-01	9.923989119067872622e+00
9.647000000000000020e-01	9.043886095620626620e+00
9.683000000000000496e-01	9.653643047262551846e+00
9.718999999999999861e-01	9.967756958040256521e+00
9.756000000000000227e-01	1.083339760616595981e+01
9.791999999999999593e-01	1.013206839985392804e+01
9.828000000000000069e-01	1.024446844923291522e+01
9.864000000000000545e-01	1.142970156849694874e+01
9.899999999999999911e-01	1.105273258189005681e+01
9.936000000000000387e-01	1.146319802818246458e+01
9.971999999999999753e-01	1.181254641840434516e+01
1.000799999999999912e+00	1.136127821501650992e+01
1.004399999999999959e+00	9.677847095646111342e+00
1.008000000000000007e+00	1.052201688491919285e+01
1.011600000000000055e+00	9.811752930468454537e+00
1.015200000000000102e+00	1.229946131847949786e+01
1.018799999999999928e+00	1.041489911894821141e+01
1.022399999999999975e+00	1.204201601682074418e+01
1.026100000000000012e+00	1.187473354026660033e+01
1.029700000000000060e+00	1.371705365558995737e+01
1.033300000000000107e+00	1.135071098449111204e+01
1.036899999999999933e+00	1.244919481693145258e+01
1.040499999999999980e+00	1.375381315128148074e+01
1.044100000000000028e+00	1.225579323941683541e+01
1.047700000000000076e+00	1.066934582967486733e+01
1.051299999999999901e+00	1.193935048304198254e+01
1.054899999999999949e+00	1.140656994081428621e+01
1.058499999999999996e+00	1.283501780217803301e+01
1.062100000000000044e+00	1.402162615575230831e+01
1.065700000000000092e+00	1.206276922330181556e+01
1.069299999999999917e+00	1.296545325342864352e+01
1.072899999999999965e+00	1.258889804836239001e+01
1.076600000000000001e+00	1.260607948035875658e+01
1.080200000000000049e+00	1.373724600134012164e+01
1.083800000000000097e+00	1.261100710034052597e+01
1.087399999999999922e+00	1.510658439791635388e+01
1.090999999999999970e+00	1.552314649166634730e+01
1.094600000000000017e+00	1.738863115932857539e+01
1.098200000000000065e+00	1.640830813205266381e+01
1.101799999999999891e+00	1.835361962421783133e+01
1.105399999999999938e+00	1.684098447873595816e+01
1.108999999999999986e+00	1.848784561255578041e+01
1.112600000000000033e+00	1.730126955339538242e+01
1.116200000000000081e+00	1.662841655493954818e+01
1.119799999999999907e+00	1.581475058587381000e+01
1.123399999999999954e+00	1.522151679505785005e+01
1.127099999999999991e+00	1.418933338420723977e+01
1.130700000000000038e+00	1.625688519485800043e+01
1.134300000000000086e+00	1.674798762124700602e+01
1.137899999999999912e+00	1.624043073945059845e+01
1.141499999999999959e+00	1.592749007013911466e+01
1.145100000000000007e+00	1.760799921115852484e+01
1.148700000000000054e+00	1.889820144447957517e+01
1.152300000000000102e+00	2.187156569246176474e+01
1.155899999999999928e+00	2.117776300473030915e+01
1.159499999999999975e+00	2.278428972256631369e+01
1.163100000000000023e+00	2.335915912163304142e+01
1.166700000000000070e+00	2.258411486153605097e+01
1.170299999999999896e+00	2.164608105220871792e+01
1.173899999999999944e+00	2.025327189488834279e+01
1.177599999999999980e+00	2.090008204441314987e+01
1.181200000000000028e+00	1.983176166698486398e+01
1.184800000000000075e+00	1.988176165004590601e+01
1.188399999999999901e+00	2.295830278940368174e+01
1.191999999999999948e+00	2.081034412022752633e+01
1.195599999999999996e+00	2.282324703016119116e+01
1.199200000000000044e+00	2.434473542393409673e+01
1.202800000000000091e+00	2.490865920545336110e+01
1.206399999999999917e+00	2.377117969605762937e+01
1.209999999999999964e+00	2.579084823004610172e+01
1.213600000000000012e+00	2.418052663276497682e+01
1.217200000000000060e+00	2.496924085281286310e+01
1.220800000000000107e+00	2.349739794460718301e+01
1.224399999999999933e+00	2.513226474735478178e+01
1.228099999999999969e+00	2.370464407284339714e+01
1.231700000000000017e+00	2.570778545206735544e+01
1.235300000000000065e+00	2.603061564366382541e+01
1.238899999999999890e+00	2.649414799255818664e+01
1.242499999999999938e+00	2.662197403056262601e+01
1.246099999999999985e+00	2.678650689957935072e+01
1.249700000000000033e+00	2.775564067535503909e+01
1.253300000000000081e+00	2.744774637553602048e+01
1.256899999999999906e+00	2.783727138812127677e+01
1.260499999999999954e+00	3.064819772971271661e+01
1.264100000000000001e+00	3.012040480249733321e+01
1.267700000000000049e+00	2.975049058846935068e+01
1.271300000000000097e+00	2.926331201709933794e+01
1.274899999999999922e+00	3.176622462367392430e+01
1.278599999999999959e+00	3.165114360813289096e+01
1.282200000000000006e+00	3.059238729186153094e+01
1.285800000000000054e+00	3.306645651942213959e+01
1.289400000000000102e+00	3.062469166458940606e+01
1.292999999999999927e+00	3.270036358936629028e+01
1.296599999999999975e+00	3.287583993034125029e+01
1.300200000000000022e+00	3.423915340156204934e+01
1.303800000000000070e+00	3.577657019253661730e+01
1.307399999999999896e+00	3.510376400197457514e+01
1.310999999999999943e+00	3.485918229316764183e+01
1.314599999999999991e+00	3.698373005729880703e+01
1.318200000000000038e+00	3.613513204405806079e+01
1.321800000000000086e+00	3.513158257129918383e+01
1.325499999999999901e+00	3.642395536289522084e+01
1.329099999999999948e+00	3.774384772561769807e+01
1.332699999999999996e+00	3.848691170590448962e+01
1.336300000000000043e+00	3.681718172393727428e+01
1.339900000000000091e+00	3.984685460141240299e+01
1.343499999999999917e+00	3.936234662075046487e+01
1.347099999999999964e+00	3.904444475733076558e+01
1.350700000000000012e+00	3.975029512490876016e+01
1.354300000000000059e+00	4.005109455250471484e+01
1.357900000000000107e+00	4.284106963513592348e+01
1.361499999999999932e+00	4.234724761398211967e+01
1.365099999999999980e+00	4.311107994251136688e+01
1.368700000000000028e+00	4.219967534400579012e+01
1.372300000000000075e+00	4.101287385845076727e+01
1.375999999999999890e+00	4.368082410819852157e+01
1.379599999999999937e+00	4.371112619159574564e+01
1.383199999999999985e+00	4.406258036888884533e+01
1.386800000000000033e+00	4.601469127364790523e+01
1.390400000000000080e+00	4.540128349914484573e+01
1.393999999999999906e+00	4.507657330660804007e+01
1.397599999999999953e+00	4.532929028980292685e+01
1.401200000000000001e+00	4.644279170400084666e+01
1.404800000000000049e+00	4.573250661013010898e+01
1.408400000000000096e+00	4.730098651997720083e+01
1.411999999999999922e+00	4.944231044967739308e+01
1.415599999999999969e+00	4.964513858556013304e+01
1.419200000000000017e+00	4.834734950496367389e+01
1.422800000000000065e+00	4.738846942063731404e+01
1.426500000000000101e+00	4.893308614118529221e+01
1.430099999999999927e+00	4.597620291089892675e+01
1.433699999999999974e+00	4.612452990052827317e+01
1.437300000000000022e+00	4.732130198992049941e+01
1.440900000000000070e+00	4.544120269812021462e+01
1.444499999999999895e+00	4.681418028268349474e+01
1.448099999999999943e+00	4.850202143490713524e+01
1.451699999999999990e+00	4.846849952200884104e+01
1.455300000000000038e+00	5.018610043269699617e+01
1.458900000000000086e+00	5.152652487671912951e+01
1.462499999999999911e+00	5.210975901329236137e+01
1.466099999999999959e+00	5.306272431853285809e+01
1.469700000000000006e+00	5.298750370411405441e+01
1.473300000000000054e+00	5.128332257447300435e+01
1.477000000000000091e+00	5.384862099106241118e+01
1.480599999999999916e+00	5.329640034535251658e+01
1.484199999999999964e+00	5.324084370324498394e+01
1.487800000000000011e+00	5.413593299376738344e+01
1.491400000000000059e+00	5.700078789965833437e+01
1.495000000000000107e+00	5.623065438956651008e+01
1.498599999999999932e+00	5.735791430812952996e+01
1.502199999999999980e+00	5.791716457214025127e+01
1.505800000000000027e+00	5.810544908642503259e+01
1.509400000000000075e+00	5.803954051851542317e+01
1.512999999999999901e+00	5.796265970677004731e+01
1.516599999999999948e+00	6.075392428632910935e+01
1.520199999999999996e+00	5.948221256627530806e+01
1.523800000000000043e+00	5.983932132044179042e+01
1.527500000000000080e+00	5.798407366869496826e+01
1.531099999999999905e+00	5.698965928857183627e+01
1.534699999999999953e+00	5.751492981461161946e+01
1.538300000000000001e+00	5.737478692576549832e+01
1.541900000000000048e+00	5.846200770225683385e+01
1.545500000000000096e+00	6.249959188858261427e+01
1.549099999999999921e+00	6.298131701882999778e+01
1.552699999999999969e+00	6.417926285860313840e+01
1.556300000000000017e+00	6.211690792342556477e+01
1.559900000000000064e+00	6.123138188285867045e+01
1.563499999999999890e+00	5.944509472677636097e+01
1.567099999999999937e+00	5.619715334059272038e+01
1.570699999999999985e+00	5.621868693050252119e+01
1.574300000000000033e+00	5.700055004413216864e+01
1.578000000000000069e+00	5.529261804463761365e+01
1.581599999999999895e+00	5.551724732105116544e+01
1.585199999999999942e+00	5.853526390265218993e+01
1.588799999999999990e+00	5.592760690983313765e+01
1.592400000000000038e+00	5.705675807334307592e+01
1.596000000000000085e+00	5.927898593272308148e+01
1.599599999999999911e+00	5.858982085690776387e+01
1.603199999999999958e+00	5.934489931057288459e+01
1.606800000000000006e+00	5.745163339906849131e+01
1.610400000000000054e+00	5.938009792754585447e+01
1.614000000000000101e+00	5.760957923686063964e+01
1.617599999999999927e+00	5.720058247380147520e+01
1.621199999999999974e+00	5.474678521915714668e+01
1.624800000000000022e+00	5.587276106211504612e+01
1.628500000000000059e+00	5.722530488725789866e+01
1.632100000000000106e+00	5.799593294814590649e+01
1.635699999999999932e+00	6.022372423727154001e+01
1.639299999999999979e+00	6.223519473425416493e+01
1.642900000000000027e+00	6.218513271427256939e+01
1.646500000000000075e+00	6.095893881279661741e+01
1.650099999999999900e+00	5.937310396663344392e+01
1.653699999999999948e+00	6.083387005397045755e+01
1.657299999999999995e+00	6.578478250468901933e+01
1.660900000000000043e+00	6.950321133187448197e+01
1.664500000000000091e+00	7.484942732881106053e+01
1.668099999999999916e+00	7.748167619666357098e+01
1.671699999999999964e+00	7.920437190594651611e+01
1.675400000000000000e+00	7.440401867933994140e+01
1.679000000000000048e+00	7.050847887481539544e+01
1.682600000000000096e+00	6.523822341667619185e+01
1.686199999999999921e+00	6.086625946409689902e+01
1.689799999999999969e+00	6.142535033746052164e+01
1.693400000000000016e+00	6.211781265055097379e+01
1.697000000000000064e+00	6.467431427869418314e+01
1.700599999999999890e+00	6.745373949019632676e+01
1.704199999999999937e+00	6.820592678275262699e+01
1.707799999999999985e+00	6.927654356072660846e+01
1.711400000000000032e+00	6.954705146981181940e+01
1.715000000000000080e+00	6.775675485356674699e+01
1.718599999999999905e+00	6.586332700016771469e+01
1.722199999999999953e+00	6.486969070063960885e+01
1.725899999999999990e+00	6.227772940656723932e+01
1.729500000000000037e+00	6.027651251070582106e+01
1.733100000000000085e+00	6.056634517023655206e+01
1.736699999999999910e+00	6.037833648317850788e+01
1.740299999999999958e+00	6.047739636420335074e+01
1.743900000000000006e+00	6.171536838508410483e+01
1.747500000000000053e+00	6.380081376356066158e+01
1.751100000000000101e+00	6.790920930437302161e+01
1.754699999999999926e+00	6.992623850764819338e+01
1.758299999999999974e+00	7.323098830684865845e+01
1.761900000000000022e+00	7.145693889381961128e+01
1.765500000000000069e+00	7.124312271151075038e+01
1.769099999999999895e+00	6.557941412032083406e+01
1.772699999999999942e+00	6.368706799597635637e+01
1.776399999999999979e+00	6.327703396911993394e+01
1.780000000000000027e+00	6.144117697651893906e+01
1.783600000000000074e+00	6.461234952280953792e+01
1.787199999999999900e+00	6.537061923685112674e+01
1.790799999999999947e+00	6.600547399745067878e+01
1.794399999999999995e+00	6.522498644115101740e+01
1.798000000000000043e+00	6.504552946740230368e+01
1.801600000000000090e+00	6.195780404855579349e+01
1.805199999999999916e+00	6.128086672661627432e+01
1.808799999999999963e+00	6.250953687781466783e+01
1.812400000000000011e+00	6.668760954838482746e+01
1.816000000000000059e+00	6.814433250543847009e+01
1.819600000000000106e+00	7.297551791240812236e+01
1.823199999999999932e+00	7.470661047990660109e+01
1.826899999999999968e+00	7.668994640811936847e+01
1.830500000000000016e+00	7.617379077131666065e+01
1.834100000000000064e+00	7.974552257989664383e+01
1.837699999999999889e+00	8.284707646145832882e+01
1.841299999999999937e+00	8.710161448466719492e+01
1.844899999999999984e+00	9.024517766750432202e+01
1.848500000000000032e+00	9.061608367884801396e+01
1.852100000000000080e+00	8.534769551047267555e+01
1.855699999999999905e+00	8.053696380976973046e+01
1.859299999999999953e+00	7.138361319388012305e+01
1.862900000000000000e+00	6.405414206532557841e+01
1.866500000000000048e+00	5.957461094919916889e+01
1.870100000000000096e+00	6.042686553186432974e+01
1.873699999999999921e+00	6.402352792752220978e+01
1.877399999999999958e+00	6.699041339618368340e+01
1.881000000000000005e+00	6.868259285784846213e+01
1.884600000000000053e+00	6.801824775276480750e+01
1.888200000000000101e+00	6.930849523853540006e+01
1.891799999999999926e+00	6.795186148359226763e+01
1.895399999999999974e+00	7.151076583140111609e+01
1.899000000000000021e+00	7.811144146887521345e+01
1.902600000000000069e+00	8.565867811807881083e+01
1.906199999999999894e+00	9.186407717090037295e+01
1.909799999999999942e+00	9.639936580052599879e+01
1.913399999999999990e+00	9.715542304996800738e+01
1.917000000000000037e+00	9.206128713972941568e+01
1.920600000000000085e+00	8.724235916903937493e+01
1.924199999999999910e+00	8.032112911820155432e+01
1.927899999999999947e+00	7.382970480363572108e+01
1.931499999999999995e+00	6.970509614334385162e+01
1.935100000000000042e+00	6.477234910646686217e+01
1.938700000000000090e+00	6.314593604177851205e+01
1.942299999999999915e+00	6.284242179980839893e+01
1.945899999999999963e+00	6.553202136116703969e+01
1.949500000000000011e+00	6.742997732765012131e+01
1.953100000000000058e+00	6.796960432846726974e+01
1.956700000000000106e+00	6.571529524363150188e+01
1.960299999999999931e+00	6.618193909763425609e+01
1.963899999999999979e+00	6.594320795533572266e+01
1.967500000000000027e+00	6.267994901701079158e+01
1.971100000000000074e+00	6.429599138095689170e+01
1.974699999999999900e+00	6.880476728687996513e+01
1.978399999999999936e+00	7.350381575322984418e+01
1.981999999999999984e+00	7.976379572580854926e+01
1.985600000000000032e+00	8.499300743460807439e+01
1.989200000000000079e+00	8.973388638211785917e+01
1.992799999999999905e+00	8.927767076427886650e+01
1.996399999999999952e+00	8.957920470938489643e+01
2.000000000000000000e+00	8.345889689637439801e+01
