2.000000000000000111e-01	-1.672302828265297414e+00
2.036000000000000032e-01	2.277958135767446102e-01
2.071999999999999953e-01	-6.952558680368021715e-01
2.107999999999999874e-01	-1.877706056177563365e+00
2.144000000000000072e-01	8.791922440274291262e-02
2.179999999999999993e-01	9.156863738382825524e-02
2.215999999999999914e-01	3.361673349174061354e-01
2.253000000000000003e-01	-8.813842619973192294e-01
2.288999999999999924e-01	7.486352849051896019e-01
2.325000000000000122e-01	-4.860587473759289678e-01
2.361000000000000043e-01	2.128854074849099998e-01
2.396999999999999964e-01	1.886927724741033430e+00
2.432999999999999885e-01	1.095512569730019203e+00
2.469000000000000083e-01	-1.701539672627655486e-01
2.505000000000000004e-01	6.308697681066159912e-01
2.540999999999999925e-01	1.392139557668998773e+00
2.576999999999999846e-01	1.724536685846458806e+00
2.612999999999999767e-01	1.034264298379289349e+00
2.649000000000000243e-01	1.185937102024634981e+00
2.685000000000000164e-01	4.831879439667506326e-01
2.721000000000000085e-01	1.983428701193034049e+00
2.757999999999999896e-01	1.741374067631376477e+00
2.793999999999999817e-01	5.151981197314963595e-02
2.829999999999999738e-01	3.026184069554437306e-01
2.866000000000000214e-01	9.931895292106339701e-01
2.902000000000000135e-01	2.163750176639333556e-01
2.938000000000000056e-01	1.102277958170099881e+00
2.973999999999999977e-01	3.140544455858169659e-01
3.009999999999999898e-01	7.131815161482987220e-01
3.045999999999999819e-01	-5.418812013502034564e-01
3.081999999999999740e-01	-1.011975054565419363e-01
3.118000000000000216e-01	-1.133961723379909969e+00
3.154000000000000137e-01	1.313887456263372666e+00
3.190000000000000058e-01	1.703347933841933948e+00
3.225999999999999979e-01	1.575889987805219050e+00
3.262999999999999790e-01	6.757400470776893098e-01
3.299000000000000266e-01	9.428349898813951357e-01
3.335000000000000187e-01	1.725781535132819400e+00
3.371000000000000107e-01	4.619517124114154161e-01
3.407000000000000028e-01	2.162489495400398809e+00
3.442999999999999949e-01	2.292305789238258118e+00
3.478999999999999870e-01	3.571977257888819812e-01
3.514999999999999791e-01	1.761106261881440371e+00
3.551000000000000267e-01	1.404636064157067876e+00
3.587000000000000188e-01	2.082628094803256502e+00
3.623000000000000109e-01	1.443904308726479124e+00
3.659000000000000030e-01	1.759074679076150227e+00
3.694999999999999951e-01	1.983080257104901767e+00
3.730999999999999872e-01	1.017406024294599920e+00
3.768000000000000238e-01	1.410743482354529510e+00
3.804000000000000159e-01	1.618439463241062581e+00
3.840000000000000080e-01	5.897358762786247821e-01
3.876000000000000001e-01	8.247889146520785975e-01
3.911999999999999922e-01	6.731675374691650227e-01
3.947999999999999843e-01	-1.337282064367095735e+00
3.983999999999999764e-01	-1.845081384022753401e-01
4.020000000000000240e-01	-4.477199917334452328e-01
4.056000000000000161e-01	1.093621212692484468e+00
4.092000000000000082e-01	6.402653370855428960e-01
4.128000000000000003e-01	1.136159506507635530e+00
4.163999999999999924e-01	6.933064072093764185e-02
4.199999999999999845e-01	5.149303041629316180e-01
4.235999999999999766e-01	2.302030240024812713e+00
4.273000000000000131e-01	1.099248593534388529e+00
4.309000000000000052e-01	2.177226709442656727e+00
4.344999999999999973e-01	2.817714671357287592e-01
4.380999999999999894e-01	2.701205943183084379e+00
4.416999999999999815e-01	4.041262203040577816e+00
4.452999999999999736e-01	1.760181976044070007e+00
4.489000000000000212e-01	3.079768223187890896e+00
4.525000000000000133e-01	2.534200513014606138e+00
4.561000000000000054e-01	3.081867750368066261e+00
4.596999999999999975e-01	2.998872490533369906e+00
4.632999999999999896e-01	2.963289317115928689e+00
4.668999999999999817e-01	3.593866847636007833e+00
4.704999999999999738e-01	2.534604872280197263e+00
4.741000000000000214e-01	2.511790023239166114e+00
4.778000000000000025e-01	2.609207885763043855e+00
4.813999999999999946e-01	1.611951232957015367e+00
4.849999999999999867e-01	1.399564614808946672e+00
4.885999999999999788e-01	2.439499746705260819e+00
4.922000000000000264e-01	1.937416531203006276e+00
4.958000000000000185e-01	2.221252578916161902e+00
4.994000000000000106e-01	1.140062791444720780e+00
5.030000000000000027e-01	2.547844262059720588e+00
5.066000000000000503e-01	3.471185795391602547e+00
5.101999999999999869e-01	2.646101546776395530e+00
5.138000000000000345e-01	2.326103690740723984e+00
5.173999999999999710e-01	3.258601175279587814e+00
5.210000000000000187e-01	2.814962772271117242e+00
5.245999999999999552e-01	3.604696530194972937e+00
5.282999999999999918e-01	2.934891691728263918e+00
5.319000000000000394e-01	3.153429653592657367e+00
5.354999999999999760e-01	2.887422481486688230e+00
5.391000000000000236e-01	3.860685790824840868e+00
5.426999999999999602e-01	4.648656973279171822e+00
5.463000000000000078e-01	4.092119196971395034e+00
5.499000000000000554e-01	4.850971133488067188e+00
5.534999999999999920e-01	3.771289921490198260e+00
5.571000000000000396e-01	5.443170220989873798e+00
5.606999999999999762e-01	5.926381435195652969e+00
5.643000000000000238e-01	4.866905232423619054e+00
5.678999999999999604e-01	4.229948866526854978e+00
5.715000000000000080e-01	3.637069050272018877e+00
5.752000000000000446e-01	3.846492785043793994e+00
5.787999999999999812e-01	4.306740117589354711e+00
5.824000000000000288e-01	4.019212728330931128e+00
5.859999999999999654e-01	4.293455950993932291e+00
5.896000000000000130e-01	4.212165956297671876e+00
5.931999999999999496e-01	2.830180798317028401e+00
5.967999999999999972e-01	2.301244085756993130e+00
6.004000000000000448e-01	3.608284212868432927e+00
6.039999999999999813e-01	3.338084070297441919e+00
6.076000000000000290e-01	5.129184056070505093e+00
6.111999999999999655e-01	6.246506796611117629e+00
6.148000000000000131e-01	3.139506194869847278e+00
6.183999999999999497e-01	2.073195162362742927e+00
6.219999999999999973e-01	4.358577299977674180e+00
6.257000000000000339e-01	4.142547494593589619e+00
6.292999999999999705e-01	4.802713333021521258e+00
6.329000000000000181e-01	6.001081769233339358e+00
6.364999999999999547e-01	5.687994423430934532e+00
6.401000000000000023e-01	6.200210765385360645e+00
6.437000000000000499e-01	5.747570413412367074e+00
6.472999999999999865e-01	5.995013444347407017e+00
6.509000000000000341e-01	5.383175086108118457e+00
6.544999999999999707e-01	5.404529256761248845e+00
6.581000000000000183e-01	6.598830482654625129e+00
6.616999999999999549e-01	4.924517455319222137e+00
6.653000000000000025e-01	6.343866708406432409e+00
6.689000000000000501e-01	6.376508095630509132e+00
6.724999999999999867e-01	6.399258353324822401e+00
6.762000000000000233e-01	6.664680244464021186e+00
6.797999999999999599e-01	6.583812742621836911e+00
6.834000000000000075e-01	5.593208739941039731e+00
6.870000000000000551e-01	5.362278191726614907e+00
6.905999999999999917e-01	5.688168420193191466e+00
6.942000000000000393e-01	5.623144545151641083e+00
6.977999999999999758e-01	3.883766714106483775e+00
7.014000000000000234e-01	4.499703344014577944e+00
7.049999999999999600e-01	6.222525725168733146e+00
7.086000000000000076e-01	6.223499518314314471e+00
7.122000000000000552e-01	7.567799195147566493e+00
7.157999999999999918e-01	5.331895392645329856e+00
7.194000000000000394e-01	6.422813460228351978e+00
7.229999999999999760e-01	5.659484219245620729e+00
7.267000000000000126e-01	6.940795518371012385e+00
7.302999999999999492e-01	6.274911094861407967e+00
7.338999999999999968e-01	6.043155858243085987e+00
7.375000000000000444e-01	6.031386320836749526e+00
7.410999999999999810e-01	6.439424516548664990e+00
7.447000000000000286e-01	6.911280448327651094e+00
7.482999999999999652e-01	7.632437758780378445e+00
7.519000000000000128e-01	8.052625112339935498e+00
7.554999999999999494e-01	7.877913274016113299e+00
7.590999999999999970e-01	7.511625128300944532e+00
7.627000000000000446e-01	6.954235724370557037e+00
7.662999999999999812e-01	8.030322168235672464e+00
7.699000000000000288e-01	7.214184531226899288e+00
7.734999999999999654e-01	6.334824774195716657e+00
7.772000000000000020e-01	7.092964092418642785e+00
7.808000000000000496e-01	6.619193412138284494e+00
7.843999999999999861e-01	5.856690420134984976e+00
7.880000000000000338e-01	6.510314839246060359e+00
7.915999999999999703e-01	6.347828056758789472e+00
7.952000000000000179e-01	4.236546043923462790e+00
7.987999999999999545e-01	5.229342448394162624e+00
8.024000000000000021e-01	5.169005146434901832e+00
8.060000000000000497e-01	6.392954210266934112e+00
8.095999999999999863e-01	5.172933839241069975e+00
8.132000000000000339e-01	6.669827741345997651e+00
8.167999999999999705e-01	6.854095011998130538e+00
8.204000000000000181e-01	6.520476766427974802e+00
8.239999999999999547e-01	6.039882392501938035e+00
8.276999999999999913e-01	5.359925743724865299e+00
8.313000000000000389e-01	6.306388127241813635e+00
8.348999999999999755e-01	6.760709028153456757e+00
8.385000000000000231e-01	7.472500875627357431e+00
8.420999999999999597e-01	6.294043851763354347e+00
8.457000000000000073e-01	7.751452596112033966e+00
8.493000000000000549e-01	6.869744027598325253e+00
8.528999999999999915e-01	4.952157975165044412e+00
8.565000000000000391e-01	5.892205757807733590e+00
8.600999999999999757e-01	5.870267001923560990e+00
8.637000000000000233e-01	5.769666097667303539e+00
8.672999999999999599e-01	5.350728076054447335e+00
8.709000000000000075e-01	6.299183021507016811e+00
8.745000000000000551e-01	6.897768646010931981e+00
8.781999999999999806e-01	5.268223741527680914e+00
8.818000000000000282e-01	5.185075967471126646e+00
8.853999999999999648e-01	5.238143221759906432e+00
8.890000000000000124e-01	5.121444060963767697e+00
8.925999999999999490e-01	7.112548418926268212e+00
8.961999999999999966e-01	5.167509841687541794e+00
8.998000000000000442e-01	6.145917958919655533e+00
9.033999999999999808e-01	5.355170208973683010e+00
9.070000000000000284e-01	6.382976421589400928e+00
9.105999999999999650e-01	5.967185648373235729e+00
9.142000000000000126e-01	5.194335242329915836e+00
9.177999999999999492e-01	4.811630997527215570e+00
9.213999999999999968e-01	4.906665114243025982e+00
9.251000000000000334e-01	4.681769717620082538e+00
9.286999999999999700e-01	5.365901470296762454e+00
9.323000000000000176e-01	6.165115851798795177e+00
9.358999999999999542e-01	6.885704161769325538e+00
9.395000000000000018e-01	5.835161338602083525e+00
9.431000000000000494e-01	7.140149451457508789e+00
9.466999999999999860e-01	5.834069619896010472e+00
9.503000000000000336e-01	7.339832451420735815e+00
9.538999999999999702e-01	6.087756277693397777e+00
9.575000000000000178e-01	7.494287514757346003e+00
9.610999999999999543e-01	5.886740943817528660e+00
9.647000000000000020e-01	6.347400573629003340e+00
9.683000000000000496e-01	7.217411642687359574e+00
9.718999999999999861e-01	6.747329487498348044e+00
9.756000000000000227e-01	6.818507517430295373e+00
9.791999999999999593e-01	6.269708109092199777e+00
9.828000000000000069e-01	6.630768188443138200e+00
9.864000000000000545e-01	5.824791526151917864e+00
9.899999999999999911e-01	6.431484952203141425e+00
9.936000000000000387e-01	5.769279039223113692e+00
9.971999999999999753e-01	7.029509999306171153e+00
1.000799999999999912e+00	7.691868776588783874e+00
1.004399999999999959e+00	6.099881123477870482e+00
1.008000000000000007e+00	7.581653550719489765e+00
1.011600000000000055e+00	6.060341292003403879e+00
1.015200000000000102e+00	5.999762797572776307e+00
1.018799999999999928e+00	7.289210507578655296e+00
1.022399999999999975e+00	5.580781449750281453e+00
1.026100000000000012e+00	6.364869884650893539e+00
1.029700000000000060e+00	6.867539586842098309e+00
1.033300000000000107e+00	6.682450805395573568e+00
1.036899999999999933e+00	6.957320977624855907e+00
1.040499999999999980e+00	7.327900519443871552e+00
1.044100000000000028e+00	7.830450418054503814e+00
1.047700000000000076e+00	7.659692825586008169e+00
1.051299999999999901e+00	7.568499532461533619e+00
1.054899999999999949e+00	8.372522568113387464e+00
1.058499999999999996e+00	9.001808077613706160e+00
1.062100000000000044e+00	8.535109578916802775e+00
1.065700000000000092e+00	7.515193194879378424e+00
1.069299999999999917e+00	7.262569745877958560e+00
1.072899999999999965e+00	6.718303301573939734e+00
1.076600000000000001e+00	8.715926013289772456e+00
1.080200000000000049e+00	9.353208262174890208e+00
1.083800000000000097e+00	1.027740982540931647e+01
1.087399999999999922e+00	1.075609669920467582e+01
1.090999999999999970e+00	1.020944847068214401e+01
1.094600000000000017e+00	1.186168362111055430e+01
1.098200000000000065e+00	1.231636680196718459e+01
1.101799999999999891e+00	1.029114516450859895e+01
1.105399999999999938e+00	1.131239533207729586e+01
1.108999999999999986e+00	1.108702339371144241e+01
1.112600000000000033e+00	1.084680560214062517e+01
1.116200000000000081e+00	1.096742484765798054e+01
1.119799999999999907e+00	8.276085528134700553e+00
1.123399999999999954e+00	1.070550619077018695e+01
1.127099999999999991e+00	1.097622751045657274e+01
1.130700000000000038e+00	1.041113011772912422e+01
1.134300000000000086e+00	1.133434035348108182e+01
1.137899999999999912e+00	1.144527501731104202e+01
1.141499999999999959e+00	1.183769141908541300e+01
1.145100000000000007e+00	1.205501683979807126e+01
1.148700000000000054e+00	1.421322042877964797e+01
1.152300000000000102e+00	1.278895178296533608e+01
1.155899999999999928e+00	1.257310568161170217e+01
1.159499999999999975e+00	1.321902286892678902e+01
1.163100000000000023e+00	1.399274976200155329e+01
1.166700000000000070e+00	1.424457094602638918e+01
1.170299999999999896e+00	1.396493084330771950e+01
1.173899999999999944e+00	1.457689458133550531e+01
1.177599999999999980e+00	1.273858006651634689e+01
1.181200000000000028e+00	1.163930086370045380e+01
1.184800000000000075e+00	1.458323509317026812e+01
1.188399999999999901e+00	1.499001718178290332e+01
1.191999999999999948e+00	1.403552176317270117e+01
1.195599999999999996e+00	1.440586125520357363e+01
1.199200000000000044e+00	1.506073931865641846e+01
1.202800000000000091e+00	1.497400009389180831e+01
1.206399999999999917e+00	1.576496561746469638e+01
1.209999999999999964e+00	1.442729567507027966e+01
1.213600000000000012e+00	1.435888213981445816e+01
1.217200000000000060e+00	1.368835862472063880e+01
1.220800000000000107e+00	1.493626201060028080e+01
1.224399999999999933e+00	1.511972311878207265e+01
1.228099999999999969e+00	1.514846859209850649e+01
1.231700000000000017e+00	1.448671862684471456e+01
1.235300000000000065e+00	1.460285831517209587e+01
1.238899999999999890e+00	1.639928346453159946e+01
1.242499999999999938e+00	1.448635706682671831e+01
1.246099999999999985e+00	1.687650726409500734e+01
1.249700000000000033e+00	1.614583019540551945e+01
1.253300000000000081e+00	1.564569168024595669e+01
1.256899999999999906e+00	1.637575908442999051e+01
1.260499999999999954e+00	1.549035555570952027e+01
1.264100000000000001e+00	1.639137859146348219e+01
1.267700000000000049e+00	1.639296974087685399e+01
1.271300000000000097e+00	1.598021955277943107e+01
1.274899999999999922e+00	1.541376081800228803e+01
1.278599999999999959e+00	1.687221910005925807e+01
1.282200000000000006e+00	1.722131947987116973e+01
1.285800000000000054e+00	1.729061826750544029e+01
1.289400000000000102e+00	1.659707377863107425e+01
1.292999999999999927e+00	1.804607911991054436e+01
1.296599999999999975e+00	1.754455743917392851e+01
1.300200000000000022e+00	1.707810390241951026e+01
1.303800000000000070e+00	1.868593468505830302e+01
1.307399999999999896e+00	1.885916241977768237e+01
1.310999999999999943e+00	1.839322000362894016e+01
1.314599999999999991e+00	1.816295900633578597e+01
1.318200000000000038e+00	1.885112149761781808e+01
1.321800000000000086e+00	1.858176279417178733e+01
1.325499999999999901e+00	1.871385917789834963e+01
1.329099999999999948e+00	1.854460825395414503e+01
1.332699999999999996e+00	1.689599289102716995e+01
1.336300000000000043e+00	1.717775559273792751e+01
1.339900000000000091e+00	1.956591501511681130e+01
1.343499999999999917e+00	1.836981266195606466e+01
1.347099999999999964e+00	1.830577963074750159e+01
1.350700000000000012e+00	1.929933340862909219e+01
1.354300000000000059e+00	1.999488677083408206e+01
1.357900000000000107e+00	1.908608159783511837e+01
1.361499999999999932e+00	1.912535488307052844e+01
1.365099999999999980e+00	1.812564925431604124e+01
1.368700000000000028e+00	1.964018416810280954e+01
1.372300000000000075e+00	1.936929412416958485e+01
1.375999999999999890e+00	2.141674006809691377e+01
1.379599999999999937e+00	2.088246819168554680e+01
1.383199999999999985e+00	2.116535003926818348e+01
1.386800000000000033e+00	2.157503144175199594e+01
1.390400000000000080e+00	2.129016546154312906e+01
1.393999999999999906e+00	2.124811572089792833e+01
1.397599999999999953e+00	2.146445258368022024e+01
1.401200000000000001e+00	2.241425172927541354e+01
1.404800000000000049e+00	2.203081517058983607e+01
1.408400000000000096e+00	2.286628152188048091e+01
1.411999999999999922e+00	2.314435317874854192e+01
1.415599999999999969e+00	2.600883225721133130e+01
1.419200000000000017e+00	2.548186095057252842e+01
1.422800000000000065e+00	2.398120963781855863e+01
1.426500000000000101e+00	2.481968072952793136e+01
1.430099999999999927e+00	2.420617230510353579e+01
1.433699999999999974e+00	2.385181654773016646e+01
1.437300000000000022e+00	2.295324781261549418e+01
1.440900000000000070e+00	2.334861286505093503e+01
1.444499999999999895e+00	2.552570685816894525e+01
1.448099999999999943e+00	2.368210085854865810e+01
1.451699999999999990e+00	2.466811192946279618e+01
1.455300000000000038e+00	2.573758272217146370e+01
1.458900000000000086e+00	2.477206277633244724e+01
1.462499999999999911e+00	2.421284913619049206e+01
1.466099999999999959e+00	2.498450167423612811e+01
1.469700000000000006e+00	2.673867240619183860e+01
1.473300000000000054e+00	2.689017890570935521e+01
1.477000000000000091e+00	2.615656435806528890e+01
1.480599999999999916e+00	2.701614564632334847e+01
1.484199999999999964e+00	2.870074724311321290e+01
1.487800000000000011e+00	3.072685476958418249e+01
1.491400000000000059e+00	2.976985691971859183e+01
1.495000000000000107e+00	2.976134502109029256e+01
1.498599999999999932e+00	2.946426742032609170e+01
1.502199999999999980e+00	2.990146841592494198e+01
1.505800000000000027e+00	2.972745652857920717e+01
1.509400000000000075e+00	3.120322734237109330e+01
1.512999999999999901e+00	3.217178038882363467e+01
1.516599999999999948e+00	3.159672951086590231e+01
1.520199999999999996e+00	3.082252200727233671e+01
1.523800000000000043e+00	3.325022769315442162e+01
1.527500000000000080e+00	3.136781931727371386e+01
1.531099999999999905e+00	3.245415546261143191e+01
1.534699999999999953e+00	3.298781686301896343e+01
1.538300000000000001e+00	3.195540410068986503e+01
1.541900000000000048e+00	3.026526464409180051e+01
1.545500000000000096e+00	3.075998361394342240e+01
1.549099999999999921e+00	2.921454418300986333e+01
1.552699999999999969e+00	2.922737544513054431e+01
1.556300000000000017e+00	2.813261416525161707e+01
1.559900000000000064e+00	2.939151623979023498e+01
1.563499999999999890e+00	2.830933634022772694e+01
1.567099999999999937e+00	2.783454538107895715e+01
1.570699999999999985e+00	2.546866949387695556e+01
1.574300000000000033e+00	2.705193246975719035e+01
1.578000000000000069e+00	2.578915892487232497e+01
1.581599999999999895e+00	2.698463067240587065e+01
1.585199999999999942e+00	2.766426931961917290e+01
1.588799999999999990e+00	2.551316425005489563e+01
1.592400000000000038e+00	2.701271195349170995e+01
1.596000000000000085e+00	2.658333731899813301e+01
1.599599999999999911e+00	2.722628084750606803e+01
1.603199999999999958e+00	2.552441715395329069e+01
1.606800000000000006e+00	2.424161158554608164e+01
1.610400000000000054e+00	2.394871654762261315e+01
1.614000000000000101e+00	2.481872540432122420e+01
1.617599999999999927e+00	2.426794521623029155e+01
1.621199999999999974e+00	2.329598840191506781e+01
1.624800000000000022e+00	2.534370874915406802e+01
1.628500000000000059e+00	2.346472216359336826e+01
1.632100000000000106e+00	2.317359605341014017e+01
1.635699999999999932e+00	2.265137767877136810e+01
1.639299999999999979e+00	2.354357165494243631e+01
1.642900000000000027e+00	2.393783505444921289e+01
1.646500000000000075e+00	2.437499979898981550e+01
1.650099999999999900e+00	2.311398113609594063e+01
1.653699999999999948e+00	2.524608558790594159e+01
1.657299999999999995e+00	2.521556421401496095e+01
1.660900000000000043e+00	2.785453629940987952e+01
1.664500000000000091e+00	2.822164787687851373e+01
1.668099999999999916e+00	2.897395597507871301e+01
1.671699999999999964e+00	2.991040984550325632e+01
1.675400000000000000e+00	2.804285501141324843e+01
1.679000000000000048e+00	2.671339054046673667e+01
1.682600000000000096e+00	2.644868477824060804e+01
1.686199999999999921e+00	2.383497681206594976e+01
1.689799999999999969e+00	2.338726370803625088e+01
1.693400000000000016e+00	2.349756353918479590e+01
1.697000000000000064e+00	2.355737088214506869e+01
1.700599999999999890e+00	2.244577652217397201e+01
1.704199999999999937e+00	2.691728711745223279e+01
1.707799999999999985e+00	2.825055539507957292e+01
1.711400000000000032e+00	3.094356444005096307e+01
1.715000000000000080e+00	2.994619599832253698e+01
1.718599999999999905e+00	3.075911918165302339e+01
1.722199999999999953e+00	2.987108072009066362e+01
1.725899999999999990e+00	2.791115300868202809e+01
1.729500000000000037e+00	2.544575233594076025e+01
1.733100000000000085e+00	2.677438301075729399e+01
1.736699999999999910e+00	2.763882782508083480e+01
1.740299999999999958e+00	2.895072003523491233e+01
1.743900000000000006e+00	2.996071992744553469e+01
1.747500000000000053e+00	3.173481168545275821e+01
1.751100000000000101e+00	3.166038157153638011e+01
1.754699999999999926e+00	3.309000141844888532e+01
1.758299999999999974e+00	3.355108586549361860e+01
1.761900000000000022e+00	3.378818658589358392e+01
1.765500000000000069e+00	3.494801577295371686e+01
1.769099999999999895e+00	3.506189593610438493e+01
1.772699999999999942e+00	3.518372788609984525e+01
1.776399999999999979e+00	3.588684159925817596e+01
1.780000000000000027e+00	3.452685852798814636e+01
1.783600000000000074e+00	3.381689099562449741e+01
1.787199999999999900e+00	3.404464042909336285e+01
1.790799999999999947e+00	3.536014016071329991e+01
1.794399999999999995e+00	3.616580165890370324e+01
1.798000000000000043e+00	3.676898426431790767e+01
1.801600000000000090e+00	3.802191359222977951e+01
1.805199999999999916e+00	3.806425621158197714e+01
1.808799999999999963e+00	3.840368849150647179e+01
1.812400000000000011e+00	3.653706967890336443e+01
1.816000000000000059e+00	3.813581843059262155e+01
1.819600000000000106e+00	3.752996631787038950e+01
1.823199999999999932e+00	3.505837626377394400e+01
1.826899999999999968e+00	3.637065529086689963e+01
1.830500000000000016e+00	3.631794014627980971e+01
1.834100000000000064e+00	3.653907933439196398e+01
1.837699999999999889e+00	3.594687712926801026e+01
1.841299999999999937e+00	3.735609840328082498e+01
1.844899999999999984e+00	3.696330012115578967e+01
1.848500000000000032e+00	3.607181126519400038e+01
1.852100000000000080e+00	3.933027215875613081e+01
1.855699999999999905e+00	3.642336008285573001e+01
1.859299999999999953e+00	3.713548754823641218e+01
1.862900000000000000e+00	3.708990253084174071e+01
1.866500000000000048e+00	3.589622648577047670e+01
1.870100000000000096e+00	3.577761001564103793e+01
1.873699999999999921e+00	3.494206251796385487e+01
1.877399999999999958e+00	3.273824755999343239e+01
1.881000000000000005e+00	3.004012323309492416e+01
1.884600000000000053e+00	2.802015367237993360e+01
1.888200000000000101e+00	2.617346324519500200e+01
1.891799999999999926e+00	2.537715228507481768e+01
1.895399999999999974e+00	2.562591101822755491e+01
1.899000000000000021e+00	2.438768275167998567e+01
1.902600000000000069e+00	2.472616775029029412e+01
1.906199999999999894e+00	2.551691018000087041e+01
1.909799999999999942e+00	2.656967711002414489e+01
1.913399999999999990e+00	2.879590969665211375e+01
1.917000000000000037e+00	3.014173941056303008e+01
1.920600000000000085e+00	3.314455492898957090e+01
1.924199999999999910e+00	3.329221169267538727e+01
1.927899999999999947e+00	3.217416848157812836e+01
1.931499999999999995e+00	3.159244972613392122e+01
1.935100000000000042e+00	3.001292534030065440e+01
1.938700000000000090e+00	3.007444861223972765e+01
1.942299999999999915e+00	2.890810460004773574e+01
1.945899999999999963e+00	3.073304582593217305e+01
1.949500000000000011e+00	3.117394046415725839e+01
1.953100000000000058e+00	3.142758829178838909e+01
1.956700000000000106e+00	3.104567560683640437e+01
1.960299999999999931e+00	3.030800489150690780e+01
1.963899999999999979e+00	2.845690094146309690e+01
1.967500000000000027e+00	2.662262167847672956e+01
1.971100000000000074e+00	2.570379173191946975e+01
1.974699999999999900e+00	2.369861677309315695e+01
1.978399999999999936e+00	2.476702797076298168e+01
1.981999999999999984e+00	2.529036535081997528e+01
1.985600000000000032e+00	2.743259791366223865e+01
1.989200000000000079e+00	2.797343566556533645e+01
1.992799999999999905e+00	2.866395082560304530e+01
1.996399999999999952e+00	3.115830781165094976e+01
2.000000000000000000e+00	3.166144467265844753e+01
