2.000000000000000111e-01	-3.156642793564072402e+00
2.036000000000000032e-01	-3.194772250205275999e+00
2.071999999999999953e-01	-3.404313984343236843e+00
2.107999999999999874e-01	-3.393460067103502453e+00
2.144000000000000072e-01	-3.702699798241900986e+00
2.179999999999999993e-01	-3.946861224530628487e+00
2.215999999999999914e-01	-3.747606727362507328e+00
2.253000000000000003e-01	-3.902537789989698691e+00
2.288999999999999924e-01	-3.872763478297077899e+00
2.325000000000000122e-01	-3.464679004301286280e+00
2.361000000000000043e-01	-2.957824580671467807e+00
2.396999999999999964e-01	-2.900046343828310391e+00
2.432999999999999885e-01	-2.597990527328863486e+00
2.469000000000000083e-01	-2.674091688720743765e+00
2.505000000000000004e-01	-2.114073405122846694e+00
2.540999999999999925e-01	-2.057856238515859193e+00
2.576999999999999846e-01	-1.486514314094720124e+00
2.612999999999999767e-01	-1.222459423386085708e+00
2.649000000000000243e-01	-1.080922408824060765e+00
2.685000000000000164e-01	-8.815660463368839572e-01
2.721000000000000085e-01	-7.404487602375784405e-01
2.757999999999999896e-01	-8.450357606816831790e-01
2.793999999999999817e-01	-1.122132459366797841e+00
2.829999999999999738e-01	-1.156906575307004470e+00
2.866000000000000214e-01	-1.560891064418392205e+00
2.902000000000000135e-01	-1.746282197108894652e+00
2.938000000000000056e-01	-1.835578707477684146e+00
2.973999999999999977e-01	-2.204194998141074446e+00
3.009999999999999898e-01	-2.232244247262598957e+00
3.045999999999999819e-01	-2.337186781788947787e+00
3.081999999999999740e-01	-2.897437957562821076e+00
3.118000000000000216e-01	-2.997633340916692202e+00
3.154000000000000137e-01	-2.936508798018290012e+00
3.190000000000000058e-01	-3.234949460000047239e+00
3.225999999999999979e-01	-3.435935909902688490e+00
3.262999999999999790e-01	-3.151973506422818705e+00
3.299000000000000266e-01	-3.011559014902900344e+00
3.335000000000000187e-01	-2.601196284090759203e+00
3.371000000000000107e-01	-2.364600942229522218e+00
3.407000000000000028e-01	-1.933382761052865551e+00
3.442999999999999949e-01	-1.314646098744361558e+00
3.478999999999999870e-01	-6.944048051237806662e-01
3.514999999999999791e-01	-4.303182765307309032e-01
3.551000000000000267e-01	-4.184042241055757616e-02
3.587000000000000188e-01	2.574786865218737231e-01
3.623000000000000109e-01	6.706023400913976307e-01
3.659000000000000030e-01	7.366885421886867347e-01
3.694999999999999951e-01	1.112039073329319727e+00
3.730999999999999872e-01	1.405430475317720251e+00
3.768000000000000238e-01	1.029500666022395539e+00
3.804000000000000159e-01	1.379405348655013963e+00
3.840000000000000080e-01	1.268482002115132845e+00
3.876000000000000001e-01	9.659046102603423556e-01
3.911999999999999922e-01	8.187947605430349052e-01
3.947999999999999843e-01	7.831820611906459284e-01
3.983999999999999764e-01	5.327449572219588037e-01
4.020000000000000240e-01	3.028259002129500277e-01
4.056000000000000161e-01	-1.703739180573229928e-01
4.092000000000000082e-01	-2.390197361497055639e-01
4.128000000000000003e-01	-4.839713828875090718e-01
4.163999999999999924e-01	-6.919049933205134728e-01
4.199999999999999845e-01	-1.060981641029854705e+00
4.235999999999999766e-01	-8.572470380668988366e-01
4.273000000000000131e-01	-1.312930919138649788e+00
4.309000000000000052e-01	-1.018774347155313453e+00
4.344999999999999973e-01	-7.620372503853657387e-01
4.380999999999999894e-01	-7.325884356096392658e-01
4.416999999999999815e-01	-1.304448121167725572e-01
4.452999999999999736e-01	-7.182502940553592286e-02
4.489000000000000212e-01	3.739452417416654351e-01
4.525000000000000133e-01	7.047105372933530898e-01
4.561000000000000054e-01	6.918588156603826533e-01
4.596999999999999975e-01	1.264560821746462338e+00
4.632999999999999896e-01	1.563506257450662629e+00
4.668999999999999817e-01	1.444564091511995274e+00
4.704999999999999738e-01	1.531351226419837896e+00
4.741000000000000214e-01	1.767320143633646756e+00
4.778000000000000025e-01	1.917827201866365794e+00
4.813999999999999946e-01	1.843459902190367483e+00
4.849999999999999867e-01	1.986156810287118546e+00
4.885999999999999788e-01	1.791971715376358576e+00
4.922000000000000264e-01	2.056758341365927389e+00
4.958000000000000185e-01	2.039674632407920463e+00
4.994000000000000106e-01	1.763231753881170150e+00
5.030000000000000027e-01	1.552565066649727932e+00
5.066000000000000503e-01	1.192667038609618535e+00
5.101999999999999869e-01	7.152082486970386954e-01
5.138000000000000345e-01	4.796321931288200502e-01
5.173999999999999710e-01	3.798648955943134675e-01
5.210000000000000187e-01	2.966036863686037361e-01
5.245999999999999552e-01	-1.820303009315717147e-02
5.282999999999999918e-01	-1.205001686251250814e-01
5.319000000000000394e-01	5.672384824259746328e-02
5.354999999999999760e-01	2.447864875334315737e-02
5.391000000000000236e-01	-2.383425254831833540e-01
5.426999999999999602e-01	2.711931555227380941e-01
5.463000000000000078e-01	5.459006651460166504e-01
5.499000000000000554e-01	1.275487817122638257e+00
5.534999999999999920e-01	1.576101095162979693e+00
5.571000000000000396e-01	2.117322796493893655e+00
5.606999999999999762e-01	2.819296693947442645e+00
5.643000000000000238e-01	3.208417485374826406e+00
5.678999999999999604e-01	2.896299236455467163e+00
5.715000000000000080e-01	3.127439473480159826e+00
5.752000000000000446e-01	3.264769411057183657e+00
5.787999999999999812e-01	3.097000011273296050e+00
5.824000000000000288e-01	3.291434743619438219e+00
5.859999999999999654e-01	3.188461676205852413e+00
5.896000000000000130e-01	3.311676636622633119e+00
5.931999999999999496e-01	3.357124490639920467e+00
5.967999999999999972e-01	3.303948036041432168e+00
6.004000000000000448e-01	3.253866754769652481e+00
6.039999999999999813e-01	3.080868832860474082e+00
6.076000000000000290e-01	2.903762495339293537e+00
6.111999999999999655e-01	2.619111870541762865e+00
6.148000000000000131e-01	2.703396311463372115e+00
6.183999999999999497e-01	2.521302588693073776e+00
6.219999999999999973e-01	2.362870001643213591e+00
6.257000000000000339e-01	1.709080631059534783e+00
6.292999999999999705e-01	1.658997440181376737e+00
6.329000000000000181e-01	1.643097892633978319e+00
6.364999999999999547e-01	1.907607602840958982e+00
6.401000000000000023e-01	2.135827308066546415e+00
6.437000000000000499e-01	2.431305535233297288e+00
6.472999999999999865e-01	2.238410776724564677e+00
6.509000000000000341e-01	2.644733190583715476e+00
6.544999999999999707e-01	3.063060444552788031e+00
6.581000000000000183e-01	3.434062627154371938e+00
6.616999999999999549e-01	3.553835966273201308e+00
6.653000000000000025e-01	3.987706327623799840e+00
6.689000000000000501e-01	4.196752227894444687e+00
6.724999999999999867e-01	4.453912925951819091e+00
6.762000000000000233e-01	4.512141066490121588e+00
6.797999999999999599e-01	4.780094537193883220e+00
6.834000000000000075e-01	4.786714807758097656e+00
6.870000000000000551e-01	4.989901802615153592e+00
6.905999999999999917e-01	4.915491367044393378e+00
6.942000000000000393e-01	4.772773777614195190e+00
6.977999999999999758e-01	4.588452327513570239e+00
7.014000000000000234e-01	4.187859354967121917e+00
7.049999999999999600e-01	4.034899832026455968e+00
7.086000000000000076e-01	3.888766373300840851e+00
7.122000000000000552e-01	3.664797112126808809e+00
7.157999999999999918e-01	3.579010098139585150e+00
7.194000000000000394e-01	3.172603787169301359e+00
7.229999999999999760e-01	3.064738190323173850e+00
7.267000000000000126e-01	2.992025249917996899e+00
7.302999999999999492e-01	3.115136375578190897e+00
7.338999999999999968e-01	2.608441970405275256e+00
7.375000000000000444e-01	2.666532102684362027e+00
7.410999999999999810e-01	2.775084685472098744e+00
7.447000000000000286e-01	3.246924556846829901e+00
7.482999999999999652e-01	3.486562887593859905e+00
7.519000000000000128e-01	4.091951521631064459e+00
7.554999999999999494e-01	4.390045887766412136e+00
7.590999999999999970e-01	4.560947248077755312e+00
7.627000000000000446e-01	5.023935533568635314e+00
7.662999999999999812e-01	4.785316757348121008e+00
7.699000000000000288e-01	5.293626283276463340e+00
7.734999999999999654e-01	5.291629137218235357e+00
7.772000000000000020e-01	5.449240125707788707e+00
7.808000000000000496e-01	5.288680431811981109e+00
7.843999999999999861e-01	5.581636563808047846e+00
7.880000000000000338e-01	5.836338890823157044e+00
7.915999999999999703e-01	5.951602236500396437e+00
7.952000000000000179e-01	5.852350096082986397e+00
7.987999999999999545e-01	5.985033332155832220e+00
8.024000000000000021e-01	5.915680614737821585e+00
8.060000000000000497e-01	5.783410091395744246e+00
8.095999999999999863e-01	5.294964966856293032e+00
8.132000000000000339e-01	5.241638000263820096e+00
8.167999999999999705e-01	5.190557974112824269e+00
8.204000000000000181e-01	4.678292570056545863e+00
8.239999999999999547e-01	4.762831000087087041e+00
8.276999999999999913e-01	4.812040074665282496e+00
8.313000000000000389e-01	4.480022902897701442e+00
8.348999999999999755e-01	4.613324445241119065e+00
8.385000000000000231e-01	4.487968214753230711e+00
8.420999999999999597e-01	4.954662779033531805e+00
8.457000000000000073e-01	4.606400334527412710e+00
8.493000000000000549e-01	4.778324594655989799e+00
8.528999999999999915e-01	4.849888889641539080e+00
8.565000000000000391e-01	5.067717664285331658e+00
8.600999999999999757e-01	5.438532820225174369e+00
8.637000000000000233e-01	5.696722703268452648e+00
8.672999999999999599e-01	5.769007244716234162e+00
8.709000000000000075e-01	5.978289460308233494e+00
8.745000000000000551e-01	6.037033309012409532e+00
8.781999999999999806e-01	6.542558113384428609e+00
8.818000000000000282e-01	6.262001505869346119e+00
8.853999999999999648e-01	6.875134372550001594e+00
8.890000000000000124e-01	7.181983480278926635e+00
8.925999999999999490e-01	7.402814028978562888e+00
8.961999999999999966e-01	7.296925816668569986e+00
8.998000000000000442e-01	7.018631943120746897e+00
9.033999999999999808e-01	6.856061438131373365e+00
9.070000000000000284e-01	7.205277247621107328e+00
9.105999999999999650e-01	7.243460604196173769e+00
9.142000000000000126e-01	7.215025764400301078e+00
9.177999999999999492e-01	6.751107702121733389e+00
9.213999999999999968e-01	7.090448011968411457e+00
9.251000000000000334e-01	7.013165883873355710e+00
9.286999999999999700e-01	6.969281296134575143e+00
9.323000000000000176e-01	7.014867121090905044e+00
9.358999999999999542e-01	7.072972864997487896e+00
9.395000000000000018e-01	7.247255380555645665e+00
9.431000000000000494e-01	7.679724200915773125e+00
9.466999999999999860e-01	7.330986508779623101e+00
9.503000000000000336e-01	7.599268882035603134e+00
9.538999999999999702e-01	7.723086879869975441e+00
9.575000000000000178e-01	8.234967792843960410e+00
9.610999999999999543e-01	8.406392487604778196e+00
9.647000000000000020e-01	8.583490653629857192e+00
9.683000000000000496e-01	8.942788748262243459e+00
9.718999999999999861e-01	9.453094920193477080e+00
9.756000000000000227e-01	9.657089037711205748e+00
9.791999999999999593e-01	9.817144167967573054e+00
9.828000000000000069e-01	9.984038807010161776e+00
9.864000000000000545e-01	1.058010591675677503e+01
9.899999999999999911e-01	1.013012298418085066e+01
9.936000000000000387e-01	1.015725523249168560e+01
9.971999999999999753e-01	1.025122624772351188e+01
1.000799999999999912e+00	1.007210117734645749e+01
1.004399999999999959e+00	1.035369372987931236e+01
1.008000000000000007e+00	1.045882946354217680e+01
1.011600000000000055e+00	1.002128603105053983e+01
1.015200000000000102e+00	1.028007355618231067e+01
1.018799999999999928e+00	1.043870872141889272e+01
1.022399999999999975e+00	1.055699650685066260e+01
1.026100000000000012e+00	1.050874391378236972e+01
1.029700000000000060e+00	1.105208585603983451e+01
1.033300000000000107e+00	1.113014796291214026e+01
1.036899999999999933e+00	1.114825977615725172e+01
1.040499999999999980e+00	1.111690999836192084e+01
1.044100000000000028e+00	1.126198464175358716e+01
1.047700000000000076e+00	1.147270904845149353e+01
1.051299999999999901e+00	1.142951062075902335e+01
1.054899999999999949e+00	1.153281686225320968e+01
1.058499999999999996e+00	1.181870746863860333e+01
1.062100000000000044e+00	1.189463452285063028e+01
1.065700000000000092e+00	1.249441466476496920e+01
1.069299999999999917e+00	1.220797859532145146e+01
1.072899999999999965e+00	1.232384382067860429e+01
1.076600000000000001e+00	1.244244261545434682e+01
1.080200000000000049e+00	1.251543553394895092e+01
1.083800000000000097e+00	1.270409669407081310e+01
1.087399999999999922e+00	1.336809911447333299e+01
1.090999999999999970e+00	1.495695839639946101e+01
1.094600000000000017e+00	1.594501508311776128e+01
1.098200000000000065e+00	1.677458612613017763e+01
1.101799999999999891e+00	1.731066222091547502e+01
1.105399999999999938e+00	1.747911238911312992e+01
1.108999999999999986e+00	1.686741895530001401e+01
1.112600000000000033e+00	1.646295998348375278e+01
1.116200000000000081e+00	1.616606341072718322e+01
1.119799999999999907e+00	1.579743077894567449e+01
1.123399999999999954e+00	1.556508945056428495e+01
1.127099999999999991e+00	1.550682477418279248e+01
1.130700000000000038e+00	1.547289566487074808e+01
1.134300000000000086e+00	1.530574533672209192e+01
1.137899999999999912e+00	1.548504797617660778e+01
1.141499999999999959e+00	1.583744318504395210e+01
1.145100000000000007e+00	1.676621981266151806e+01
1.148700000000000054e+00	1.796030504485903023e+01
1.152300000000000102e+00	1.945420973263117403e+01
1.155899999999999928e+00	2.083933027816834738e+01
1.159499999999999975e+00	2.174680784635082631e+01
1.163100000000000023e+00	2.191694744381895177e+01
1.166700000000000070e+00	2.121129320452751443e+01
1.170299999999999896e+00	2.072305281795609133e+01
1.173899999999999944e+00	1.980323377930107043e+01
1.177599999999999980e+00	1.974713911537423527e+01
1.181200000000000028e+00	1.988405722450761459e+01
1.184800000000000075e+00	2.061910471012512858e+01
1.188399999999999901e+00	2.131857090480420780e+01
1.191999999999999948e+00	2.212621053663610482e+01
1.195599999999999996e+00	2.298466762161355348e+01
1.199200000000000044e+00	2.341129288441005230e+01
1.202800000000000091e+00	2.413733123055630614e+01
1.206399999999999917e+00	2.404497588573770628e+01
1.209999999999999964e+00	2.390717332353599289e+01
1.213600000000000012e+00	2.399013887420395719e+01
1.217200000000000060e+00	2.369855166949270853e+01
1.220800000000000107e+00	2.390755723967134827e+01
1.224399999999999933e+00	2.430286023500131520e+01
1.228099999999999969e+00	2.462318012093538400e+01
1.231700000000000017e+00	2.514141284172126589e+01
1.235300000000000065e+00	2.541130030210365121e+01
1.238899999999999890e+00	2.554957699144569716e+01
1.242499999999999938e+00	2.590182564230710227e+01
1.246099999999999985e+00	2.596923812011059240e+01
1.249700000000000033e+00	2.612055553121799534e+01
1.253300000000000081e+00	2.617141756792939233e+01
1.256899999999999906e+00	2.708952552029349903e+01
1.260499999999999954e+00	2.768795271112163903e+01
1.264100000000000001e+00	2.796270918359058655e+01
1.267700000000000049e+00	2.852724079554334224e+01
1.271300000000000097e+00	2.942435610065202312e+01
1.274899999999999922e+00	2.946663119443740086e+01
1.278599999999999959e+00	3.006052780389716972e+01
1.282200000000000006e+00	3.035294366680457401e+01
1.285800000000000054e+00	3.112271398683709478e+01
1.289400000000000102e+00	3.148093906333921410e+01
1.292999999999999927e+00	3.205056395484202625e+01
1.296599999999999975e+00	3.281765973535059544e+01
1.300200000000000022e+00	3.318485469515072595e+01
1.303800000000000070e+00	3.400244113340551877e+01
1.307399999999999896e+00	3.400649246129394498e+01
1.310999999999999943e+00	3.440808875066293382e+01
1.314599999999999991e+00	3.475071382948049603e+01
1.318200000000000038e+00	3.512242050087969858e+01
1.321800000000000086e+00	3.566578309644473421e+01
1.325499999999999901e+00	3.582315349364883872e+01
1.329099999999999948e+00	3.586429800082629527e+01
1.332699999999999996e+00	3.624976525575335984e+01
1.336300000000000043e+00	3.695593094279978175e+01
1.339900000000000091e+00	3.713034486029499703e+01
1.343499999999999917e+00	3.776215666278681482e+01
1.347099999999999964e+00	3.861297320768039043e+01
1.350700000000000012e+00	3.970498647261749170e+01
1.354300000000000059e+00	4.003179467030619776e+01
1.357900000000000107e+00	4.054333354595124916e+01
1.361499999999999932e+00	4.106179775663954246e+01
1.365099999999999980e+00	4.181275276651513195e+01
1.368700000000000028e+00	4.173759520970983772e+01
1.372300000000000075e+00	4.190728859884328728e+01
1.375999999999999890e+00	4.247190058979307992e+01
1.379599999999999937e+00	4.256858295718219409e+01
1.383199999999999985e+00	4.286573576792066831e+01
1.386800000000000033e+00	4.302474939551492383e+01
1.390400000000000080e+00	4.363468035080317975e+01
1.393999999999999906e+00	4.420959100966486943e+01
1.397599999999999953e+00	4.525586699244154687e+01
1.401200000000000001e+00	4.620641260060691735e+01
1.404800000000000049e+00	4.707044874014081870e+01
1.408400000000000096e+00	4.782137685823928308e+01
1.411999999999999922e+00	4.806491906714451545e+01
1.415599999999999969e+00	4.826519875105383051e+01
1.419200000000000017e+00	4.710502820904988397e+01
1.422800000000000065e+00	4.645835818065340561e+01
1.426500000000000101e+00	4.538380573846770005e+01
1.430099999999999927e+00	4.512168291507520479e+01
1.433699999999999974e+00	4.544557114346688564e+01
1.437300000000000022e+00	4.660021140485895330e+01
1.440900000000000070e+00	4.761591929266183598e+01
1.444499999999999895e+00	4.867851885039582527e+01
1.448099999999999943e+00	4.931443813425124745e+01
1.451699999999999990e+00	4.940329287413890569e+01
1.455300000000000038e+00	4.967056865435958457e+01
1.458900000000000086e+00	4.926218392667799151e+01
1.462499999999999911e+00	4.949008330637417430e+01
1.466099999999999959e+00	4.995246251881996358e+01
1.469700000000000006e+00	5.048711319194905656e+01
1.473300000000000054e+00	5.176226407140266872e+01
1.477000000000000091e+00	5.257253729518164675e+01
1.480599999999999916e+00	5.352649653829082155e+01
1.484199999999999964e+00	5.440596138242960933e+01
1.487800000000000011e+00	5.523822721067387675e+01
1.491400000000000059e+00	5.549392681956357620e+01
1.495000000000000107e+00	5.515189674030396105e+01
1.498599999999999932e+00	5.503955802740662762e+01
1.502199999999999980e+00	5.504195562928784113e+01
1.505800000000000027e+00	5.563211501297418238e+01
1.509400000000000075e+00	5.562260858991994894e+01
1.512999999999999901e+00	5.647662576014914038e+01
1.516599999999999948e+00	5.782923694802953207e+01
1.520199999999999996e+00	5.867503968400059478e+01
1.523800000000000043e+00	5.978096554974680288e+01
1.527500000000000080e+00	6.022334840075419748e+01
1.531099999999999905e+00	6.059170549259953731e+01
1.534699999999999953e+00	6.066476642460141022e+01
1.538300000000000001e+00	6.029752172811928546e+01
1.541900000000000048e+00	5.957771003124054943e+01
1.545500000000000096e+00	5.855190015403453430e+01
1.549099999999999921e+00	5.802145235244575616e+01
1.552699999999999969e+00	5.746296101708469450e+01
1.556300000000000017e+00	5.728703558278861152e+01
1.559900000000000064e+00	5.677906498654490974e+01
1.563499999999999890e+00	5.672865253886939030e+01
1.567099999999999937e+00	5.679378710756243720e+01
1.570699999999999985e+00	5.667445909901680778e+01
1.574300000000000033e+00	5.678467327255260244e+01
1.578000000000000069e+00	5.644790565351296152e+01
1.581599999999999895e+00	5.602631892062951380e+01
1.585199999999999942e+00	5.477536482275996121e+01
1.588799999999999990e+00	5.397883047329963802e+01
1.592400000000000038e+00	5.292958544778808516e+01
1.596000000000000085e+00	5.279805445596452529e+01
1.599599999999999911e+00	5.368422590828616592e+01
1.603199999999999958e+00	5.488676060029851556e+01
1.606800000000000006e+00	5.591011952950913866e+01
1.610400000000000054e+00	5.652705903959876821e+01
1.614000000000000101e+00	5.600771793390242692e+01
1.617599999999999927e+00	5.516462271174579257e+01
1.621199999999999974e+00	5.449610020625464557e+01
1.624800000000000022e+00	5.378257238246736449e+01
1.628500000000000059e+00	5.421892829084236354e+01
1.632100000000000106e+00	5.454902982421753421e+01
1.635699999999999932e+00	5.540766376538348936e+01
1.639299999999999979e+00	5.627741458220790349e+01
1.642900000000000027e+00	5.697153673200428159e+01
1.646500000000000075e+00	5.754933810700983798e+01
1.650099999999999900e+00	5.830676677628545690e+01
1.653699999999999948e+00	5.939690753566156189e+01
1.657299999999999995e+00	6.054750647518228135e+01
1.660900000000000043e+00	6.263033386884757192e+01
1.664500000000000091e+00	6.395444935429431865e+01
1.668099999999999916e+00	6.527280747907191483e+01
1.671699999999999964e+00	6.578479740145532162e+01
1.675400000000000000e+00	6.567958385016741829e+01
1.679000000000000048e+00	6.462415601417488631e+01
1.682600000000000096e+00	6.276545719496644438e+01
1.686199999999999921e+00	6.025718579335158864e+01
1.689799999999999969e+00	5.753572961457561519e+01
1.693400000000000016e+00	5.472242411768147008e+01
1.697000000000000064e+00	5.301677092035367878e+01
1.700599999999999890e+00	5.341510524758917455e+01
1.704199999999999937e+00	5.563735783030941207e+01
1.707799999999999985e+00	5.874919616813286183e+01
1.711400000000000032e+00	6.186856004200522818e+01
1.715000000000000080e+00	6.451389379732948726e+01
1.718599999999999905e+00	6.459776570604756785e+01
1.722199999999999953e+00	6.370213103218949158e+01
1.725899999999999990e+00	6.140670988535787700e+01
1.729500000000000037e+00	5.957701980990808721e+01
1.733100000000000085e+00	5.839453937165541930e+01
1.736699999999999910e+00	5.735526451436779638e+01
1.740299999999999958e+00	5.724381773034486542e+01
1.743900000000000006e+00	5.846197316764808249e+01
1.747500000000000053e+00	6.066541538545904189e+01
1.751100000000000101e+00	6.287688538368703917e+01
1.754699999999999926e+00	6.580614210015119170e+01
1.758299999999999974e+00	6.773670004732579741e+01
1.761900000000000022e+00	6.882583623989346222e+01
1.765500000000000069e+00	6.901590717370959283e+01
1.769099999999999895e+00	6.830814993724716544e+01
1.772699999999999942e+00	6.633594119962907598e+01
1.776399999999999979e+00	6.444547423444099365e+01
1.780000000000000027e+00	6.219849621370606485e+01
1.783600000000000074e+00	6.001932300533869125e+01
1.787199999999999900e+00	5.873227148645599272e+01
1.790799999999999947e+00	5.878679093508163334e+01
1.794399999999999995e+00	5.957235988869252452e+01
1.798000000000000043e+00	6.111593249204843659e+01
1.801600000000000090e+00	6.275643113373310200e+01
1.805199999999999916e+00	6.336489267610677700e+01
1.808799999999999963e+00	6.314479962669037150e+01
1.812400000000000011e+00	6.188159132178588351e+01
1.816000000000000059e+00	6.108184681473834843e+01
1.819600000000000106e+00	6.198376774266981926e+01
1.823199999999999932e+00	6.423508803145311674e+01
1.826899999999999968e+00	6.765616594874491341e+01
1.830500000000000016e+00	7.121310920642653741e+01
1.834100000000000064e+00	7.260219052327842348e+01
1.837699999999999889e+00	7.170082205502239958e+01
1.841299999999999937e+00	6.818650328659468585e+01
1.844899999999999984e+00	6.495252137519211999e+01
1.848500000000000032e+00	6.230578268863490621e+01
1.852100000000000080e+00	6.192727494053053050e+01
1.855699999999999905e+00	6.406135110200069960e+01
1.859299999999999953e+00	6.659843656227542397e+01
1.862900000000000000e+00	6.859975153481225618e+01
1.866500000000000048e+00	6.821817322526342764e+01
1.870100000000000096e+00	6.520697953101161204e+01
1.873699999999999921e+00	6.133497703659460143e+01
1.877399999999999958e+00	5.817965001101789113e+01
1.881000000000000005e+00	5.790347095699868873e+01
1.884600000000000053e+00	6.123179950185267018e+01
1.888200000000000101e+00	6.597469349821810169e+01
1.891799999999999926e+00	7.076722381369246762e+01
1.895399999999999974e+00	7.309829615341169529e+01
1.899000000000000021e+00	7.290074373378980965e+01
1.902600000000000069e+00	7.103613665781242048e+01
1.906199999999999894e+00	6.812917221548984514e+01
1.909799999999999942e+00	6.591613411974054770e+01
1.913399999999999990e+00	6.583669577295412978e+01
1.917000000000000037e+00	6.751520520575785156e+01
1.920600000000000085e+00	6.929718716257139022e+01
1.924199999999999910e+00	7.008055145608069836e+01
1.927899999999999947e+00	6.865639854765434791e+01
1.931499999999999995e+00	6.635075189436436460e+01
1.935100000000000042e+00	6.316734726907579045e+01
1.938700000000000090e+00	6.036652932436175689e+01
1.942299999999999915e+00	5.880870361709033745e+01
1.945899999999999963e+00	5.886369903134004744e+01
1.949500000000000011e+00	5.985387907561012355e+01
1.953100000000000058e+00	6.188795056896412916e+01
1.956700000000000106e+00	6.448294900182762035e+01
1.960299999999999931e+00	6.697515245845137599e+01
1.963899999999999979e+00	6.910025231819805924e+01
1.967500000000000027e+00	7.015418297436453088e+01
1.971100000000000074e+00	7.006203430374665686e+01
1.974699999999999900e+00	6.729766645078488807e+01
1.978399999999999936e+00	6.445964594480734888e+01
1.981999999999999984e+00	6.115482437261405124e+01
1.985600000000000032e+00	5.847525575154475774e+01
1.989200000000000079e+00	5.764132649019312993e+01
1.992799999999999905e+00	5.871641277537148795e+01
1.996399999999999952e+00	6.305603762416658498e+01
2.000000000000000000e+00	7.156581028899547903e+01
