2.000000000000000111e-01	-1.309701310729509682e+00
2.036000000000000032e-01	-1.260192494483909131e+00
2.071999999999999953e-01	-1.277811204607068207e+00
2.107999999999999874e-01	-1.378143713819543592e+00
2.144000000000000072e-01	-9.937780407356882062e-01
2.179999999999999993e-01	-9.346166229396573044e-01
2.215999999999999914e-01	-1.017986952350455443e+00
2.253000000000000003e-01	-9.682306283340542663e-01
2.288999999999999924e-01	-3.210377985276653412e-01
2.325000000000000122e-01	-6.311727798975401704e-01
2.361000000000000043e-01	5.791266385796387528e-01
2.396999999999999964e-01	-8.600004134874023043e-02
2.432999999999999885e-01	2.483426049643565059e-01
2.469000000000000083e-01	7.965785765916131300e-01
2.505000000000000004e-01	2.858115452718776317e-01
2.540999999999999925e-01	6.662701542515145903e-01
2.576999999999999846e-01	1.334813238882556430e+00
2.612999999999999767e-01	1.008896113214139190e+00
2.649000000000000243e-01	1.470135529727601753e+00
2.685000000000000164e-01	5.880437458219953673e-01
2.721000000000000085e-01	9.516839530691156845e-02
2.757999999999999896e-01	6.164289570060987877e-01
2.793999999999999817e-01	3.375110508308813428e-01
2.829999999999999738e-01	2.722964027074651350e-01
2.866000000000000214e-01	5.191631099169615737e-01
2.902000000000000135e-01	-5.300113506256154405e-02
2.938000000000000056e-01	-4.002736998449645256e-01
2.973999999999999977e-01	-3.662763130194393590e-01
3.009999999999999898e-01	-7.331502092568229489e-01
3.045999999999999819e-01	-6.068168142025969214e-01
3.081999999999999740e-01	-1.449346124299777383e-01
3.118000000000000216e-01	1.552253209589583016e-01
3.154000000000000137e-01	-2.925666813808660560e-01
3.190000000000000058e-01	-4.140836699387395736e-02
3.225999999999999979e-01	3.847509928939665258e-01
3.262999999999999790e-01	1.112739838875783427e+00
3.299000000000000266e-01	7.392619140252181253e-01
3.335000000000000187e-01	1.425902578349142358e+00
3.371000000000000107e-01	9.546545023593053791e-01
3.407000000000000028e-01	1.281206168630961928e+00
3.442999999999999949e-01	1.509405019674887605e+00
3.478999999999999870e-01	1.554308125131691476e+00
3.514999999999999791e-01	2.011242404056033273e+00
3.551000000000000267e-01	1.449772202715382985e+00
3.587000000000000188e-01	7.322451490393606655e-01
3.623000000000000109e-01	1.596206601907484535e+00
3.659000000000000030e-01	1.211312263627607688e+00
3.694999999999999951e-01	3.179326861490169298e-01
3.730999999999999872e-01	1.132080452857274100e+00
3.768000000000000238e-01	6.469959342726090412e-01
3.804000000000000159e-01	2.184260034199352329e-01
3.840000000000000080e-01	-2.997137719161535041e-01
3.876000000000000001e-01	5.003299337015024717e-01
3.911999999999999922e-01	-7.954627619718365739e-02
3.947999999999999843e-01	4.558549730404001243e-01
3.983999999999999764e-01	5.847582491848718478e-02
4.020000000000000240e-01	2.064389285617901915e-01
4.056000000000000161e-01	3.633281837130988845e-01
4.092000000000000082e-01	-4.181852528378235401e-02
4.128000000000000003e-01	-8.015925111348860821e-02
4.163999999999999924e-01	6.085216181748793751e-01
4.199999999999999845e-01	4.447966847961973835e-01
4.235999999999999766e-01	1.252970600635673337e+00
4.273000000000000131e-01	7.596075994383726382e-01
4.309000000000000052e-01	6.176197282648072662e-01
4.344999999999999973e-01	1.283966664254754475e+00
4.380999999999999894e-01	1.431730797799351196e+00
4.416999999999999815e-01	1.225700286099977721e+00
4.452999999999999736e-01	1.988984081372566326e+00
4.489000000000000212e-01	1.682054616932709301e+00
4.525000000000000133e-01	1.933352839299912196e+00
4.561000000000000054e-01	2.304101544367759935e+00
4.596999999999999975e-01	1.658087225416939425e+00
4.632999999999999896e-01	2.494121680538421870e+00
4.668999999999999817e-01	1.839821523164851369e+00
4.704999999999999738e-01	1.257074828509278763e+00
4.741000000000000214e-01	1.852947460865963958e+00
4.778000000000000025e-01	1.905636593091117215e+00
4.813999999999999946e-01	1.670980271521664395e+00
4.849999999999999867e-01	1.474268418498720701e+00
4.885999999999999788e-01	1.808976739880407081e+00
4.922000000000000264e-01	1.560790966393358570e+00
4.958000000000000185e-01	1.175582087057001957e+00
4.994000000000000106e-01	1.444268937225190674e+00
5.030000000000000027e-01	2.036317431068824568e+00
5.066000000000000503e-01	1.495686229851576510e+00
5.101999999999999869e-01	2.204554646584848232e+00
5.138000000000000345e-01	1.966752587328495672e+00
5.173999999999999710e-01	2.388500049816416393e+00
5.210000000000000187e-01	2.501125164967424652e+00
5.245999999999999552e-01	2.884390706852471009e+00
5.282999999999999918e-01	2.770246481444711861e+00
5.319000000000000394e-01	2.759342149790925180e+00
5.354999999999999760e-01	3.242878527268579614e+00
5.391000000000000236e-01	4.168913531300454167e+00
5.426999999999999602e-01	4.032856231139573921e+00
5.463000000000000078e-01	4.045259194551059423e+00
5.499000000000000554e-01	4.464938363429351575e+00
5.534999999999999920e-01	4.310408907947235413e+00
5.571000000000000396e-01	4.888513099795307681e+00
5.606999999999999762e-01	5.123234832093311653e+00
5.643000000000000238e-01	4.304593173625537617e+00
5.678999999999999604e-01	4.727604757453463868e+00
5.715000000000000080e-01	4.166163667787532887e+00
5.752000000000000446e-01	3.618784290931473357e+00
5.787999999999999812e-01	4.212699774487824733e+00
5.824000000000000288e-01	2.678094745275034771e+00
5.859999999999999654e-01	2.831848375111673644e+00
5.896000000000000130e-01	2.893694241223782715e+00
5.931999999999999496e-01	2.998958736464355734e+00
5.967999999999999972e-01	3.430350790275297435e+00
6.004000000000000448e-01	2.982707203918040673e+00
6.039999999999999813e-01	3.270925284109763354e+00
6.076000000000000290e-01	3.802751881474885298e+00
6.111999999999999655e-01	3.621557455162292882e+00
6.148000000000000131e-01	3.692361338128040238e+00
6.183999999999999497e-01	3.807582890920818475e+00
6.219999999999999973e-01	4.392216628699623371e+00
6.257000000000000339e-01	4.541087989794997171e+00
6.292999999999999705e-01	4.606830318743123875e+00
6.329000000000000181e-01	4.787451289443239943e+00
6.364999999999999547e-01	5.027081625370508178e+00
6.401000000000000023e-01	5.884382209759204230e+00
6.437000000000000499e-01	6.008818881693885672e+00
6.472999999999999865e-01	5.484616498480041180e+00
6.509000000000000341e-01	5.037301190849372112e+00
6.544999999999999707e-01	6.011712251628208215e+00
6.581000000000000183e-01	5.006586138237753225e+00
6.616999999999999549e-01	5.567809335685492300e+00
6.653000000000000025e-01	5.383737560675786682e+00
6.689000000000000501e-01	5.465788867496275572e+00
6.724999999999999867e-01	5.295605522505423046e+00
6.762000000000000233e-01	5.324134697695405372e+00
6.797999999999999599e-01	5.459731684938655683e+00
6.834000000000000075e-01	5.084614819802774299e+00
6.870000000000000551e-01	5.056832968553602647e+00
6.905999999999999917e-01	5.524561810774769377e+00
6.942000000000000393e-01	5.397199823143103536e+00
6.977999999999999758e-01	5.347032895189982149e+00
7.014000000000000234e-01	5.109458417404169062e+00
7.049999999999999600e-01	5.473841502878242338e+00
7.086000000000000076e-01	4.964222732986878661e+00
7.122000000000000552e-01	5.609058487649991598e+00
7.157999999999999918e-01	5.669691514046590441e+00
7.194000000000000394e-01	5.768505980809222500e+00
7.229999999999999760e-01	5.694842031873559307e+00
7.267000000000000126e-01	6.609539597415747814e+00
7.302999999999999492e-01	6.396851430113539294e+00
7.338999999999999968e-01	6.144491453030399342e+00
7.375000000000000444e-01	5.732182324730127121e+00
7.410999999999999810e-01	6.778411607504688519e+00
7.447000000000000286e-01	6.596463036053092921e+00
7.482999999999999652e-01	6.624523916198373996e+00
7.519000000000000128e-01	6.999846134575291146e+00
7.554999999999999494e-01	7.052392639828886090e+00
7.590999999999999970e-01	7.670812731541776230e+00
7.627000000000000446e-01	7.085682890090683195e+00
7.662999999999999812e-01	6.282580270108129028e+00
7.699000000000000288e-01	5.935171877884496183e+00
7.734999999999999654e-01	6.678521273779755241e+00
7.772000000000000020e-01	6.259404503120816976e+00
7.808000000000000496e-01	6.237593244448627949e+00
7.843999999999999861e-01	5.768233203086285954e+00
7.880000000000000338e-01	5.228526261192492086e+00
7.915999999999999703e-01	5.411824474708195609e+00
7.952000000000000179e-01	5.441246136524532595e+00
7.987999999999999545e-01	5.311768626118321457e+00
8.024000000000000021e-01	5.682230541676766222e+00
8.060000000000000497e-01	5.841474069560969262e+00
8.095999999999999863e-01	6.089777534074620746e+00
8.132000000000000339e-01	5.986525416199421024e+00
8.167999999999999705e-01	6.534371927981015737e+00
8.204000000000000181e-01	6.638981147259655380e+00
8.239999999999999547e-01	6.243353433017990284e+00
8.276999999999999913e-01	5.994097787039928349e+00
8.313000000000000389e-01	5.691207532826210169e+00
8.348999999999999755e-01	6.196352492446305149e+00
8.385000000000000231e-01	5.783260106859890115e+00
8.420999999999999597e-01	6.269828619626363064e+00
8.457000000000000073e-01	6.291160976308415087e+00
8.493000000000000549e-01	5.124799038157194175e+00
8.528999999999999915e-01	5.613560988311203204e+00
8.565000000000000391e-01	5.597655827665275474e+00
8.600999999999999757e-01	5.584280015414998743e+00
8.637000000000000233e-01	5.587488681664822820e+00
8.672999999999999599e-01	5.686064176633078837e+00
8.709000000000000075e-01	5.724271131021855474e+00
8.745000000000000551e-01	5.756923107403336459e+00
8.781999999999999806e-01	5.516499956254492965e+00
8.818000000000000282e-01	6.165012751385678946e+00
8.853999999999999648e-01	5.541615339552219410e+00
8.890000000000000124e-01	5.113595210017427561e+00
8.925999999999999490e-01	5.058964196455015383e+00
8.961999999999999966e-01	5.325939153990712605e+00
8.998000000000000442e-01	5.943641343183187153e+00
9.033999999999999808e-01	4.999921557389646054e+00
9.070000000000000284e-01	5.902115056593000730e+00
9.105999999999999650e-01	5.337534096011943952e+00
9.142000000000000126e-01	5.756257564567894391e+00
9.177999999999999492e-01	5.065068192465792762e+00
9.213999999999999968e-01	5.589167288471408312e+00
9.251000000000000334e-01	5.219756667671968664e+00
9.286999999999999700e-01	5.628106948309170576e+00
9.323000000000000176e-01	5.462645332591291591e+00
9.358999999999999542e-01	5.383246758956892641e+00
9.395000000000000018e-01	5.912374580464073048e+00
9.431000000000000494e-01	5.608896371464105357e+00
9.466999999999999860e-01	5.649690717241172777e+00
9.503000000000000336e-01	6.112766010395533911e+00
9.538999999999999702e-01	5.987512186295632866e+00
9.575000000000000178e-01	6.417907364209751719e+00
9.610999999999999543e-01	6.234888616401345729e+00
9.647000000000000020e-01	6.576426159301085761e+00
9.683000000000000496e-01	6.271558389141719481e+00
9.718999999999999861e-01	6.072945250797214811e+00
9.756000000000000227e-01	6.066086316060903982e+00
9.791999999999999593e-01	6.123622456397941782e+00
9.828000000000000069e-01	6.045119220072350252e+00
9.864000000000000545e-01	5.838529206371338098e+00
9.899999999999999911e-01	6.370289481232838114e+00
9.936000000000000387e-01	5.434827734636734853e+00
9.971999999999999753e-01	6.425288196625905890e+00
1.000799999999999912e+00	6.200677310968693234e+00
1.004399999999999959e+00	6.122367498891057025e+00
1.008000000000000007e+00	5.416810374557311292e+00
1.011600000000000055e+00	5.989406893686832767e+00
1.015200000000000102e+00	5.732279060222071898e+00
1.018799999999999928e+00	6.430141992860181510e+00
1.022399999999999975e+00	6.259831150854831883e+00
1.026100000000000012e+00	6.509148639761030530e+00
1.029700000000000060e+00	6.999414014241559734e+00
1.033300000000000107e+00	7.434124931421062676e+00
1.036899999999999933e+00	8.021635605470676111e+00
1.040499999999999980e+00	8.060691803961233859e+00
1.044100000000000028e+00	7.862507034750935375e+00
1.047700000000000076e+00	7.846214116382932424e+00
1.051299999999999901e+00	8.151020250479618312e+00
1.054899999999999949e+00	8.212469047084223206e+00
1.058499999999999996e+00	8.182090447803071598e+00
1.062100000000000044e+00	8.401338397502636113e+00
1.065700000000000092e+00	8.262730133667218979e+00
1.069299999999999917e+00	8.619543634019796841e+00
1.072899999999999965e+00	8.090362470672298301e+00
1.076600000000000001e+00	7.850875171909781791e+00
1.080200000000000049e+00	8.537298162174241867e+00
1.083800000000000097e+00	8.423105066709046795e+00
1.087399999999999922e+00	9.894736331705132670e+00
1.090999999999999970e+00	1.000097542600084743e+01
1.094600000000000017e+00	1.132927042455988342e+01
1.098200000000000065e+00	1.158456838974679748e+01
1.101799999999999891e+00	1.181226782909748607e+01
1.105399999999999938e+00	1.231472693505553906e+01
1.108999999999999986e+00	1.135827478886791120e+01
1.112600000000000033e+00	1.152337770852770049e+01
1.116200000000000081e+00	1.077381081902700544e+01
1.119799999999999907e+00	1.038015584860723095e+01
1.123399999999999954e+00	1.006447225299462289e+01
1.127099999999999991e+00	1.022116623815592362e+01
1.130700000000000038e+00	9.793997029998015691e+00
1.134300000000000086e+00	1.042494153654109645e+01
1.137899999999999912e+00	9.637648415590538420e+00
1.141499999999999959e+00	1.062684004785700864e+01
1.145100000000000007e+00	1.156843182046298679e+01
1.148700000000000054e+00	1.175980233958743781e+01
1.152300000000000102e+00	1.337107962372270542e+01
1.155899999999999928e+00	1.454797477317540988e+01
1.159499999999999975e+00	1.484184130892597153e+01
1.163100000000000023e+00	1.513953494871128314e+01
1.166700000000000070e+00	1.479461309931252622e+01
1.170299999999999896e+00	1.363596977492912288e+01
1.173899999999999944e+00	1.287625783051018402e+01
1.177599999999999980e+00	1.299368601475553930e+01
1.181200000000000028e+00	1.268225244948910557e+01
1.184800000000000075e+00	1.345287924540132352e+01
1.188399999999999901e+00	1.373687570595829754e+01
1.191999999999999948e+00	1.361560148857801344e+01
1.195599999999999996e+00	1.500374693936058179e+01
1.199200000000000044e+00	1.423207925117895556e+01
1.202800000000000091e+00	1.526585417069997064e+01
1.206399999999999917e+00	1.427587788224101040e+01
1.209999999999999964e+00	1.459525299297634682e+01
1.213600000000000012e+00	1.459484211307697166e+01
1.217200000000000060e+00	1.402138799821256043e+01
1.220800000000000107e+00	1.488749963897174311e+01
1.224399999999999933e+00	1.428617279131432660e+01
1.228099999999999969e+00	1.480300627386253609e+01
1.231700000000000017e+00	1.492391804943491351e+01
1.235300000000000065e+00	1.538885687947501957e+01
1.238899999999999890e+00	1.481681688788802198e+01
1.242499999999999938e+00	1.521825108684671513e+01
1.246099999999999985e+00	1.497416695749678262e+01
1.249700000000000033e+00	1.588430024314896016e+01
1.253300000000000081e+00	1.571218412609934489e+01
1.256899999999999906e+00	1.592916154215723523e+01
1.260499999999999954e+00	1.542308358900135268e+01
1.264100000000000001e+00	1.624028385977411659e+01
1.267700000000000049e+00	1.629546204206296167e+01
1.271300000000000097e+00	1.577057438088124108e+01
1.274899999999999922e+00	1.653414030460080753e+01
1.278599999999999959e+00	1.596272705550284599e+01
1.282200000000000006e+00	1.704377068480693680e+01
1.285800000000000054e+00	1.727062461649229519e+01
1.289400000000000102e+00	1.701499757728495155e+01
1.292999999999999927e+00	1.721609120851887198e+01
1.296599999999999975e+00	1.784145165085597284e+01
1.300200000000000022e+00	1.723174041713842897e+01
1.303800000000000070e+00	1.806667236716718605e+01
1.307399999999999896e+00	1.806532180934425469e+01
1.310999999999999943e+00	1.812955571192183868e+01
1.314599999999999991e+00	1.840891641144158442e+01
1.318200000000000038e+00	1.821046880833477388e+01
1.321800000000000086e+00	1.795209324020296293e+01
1.325499999999999901e+00	1.772713751723010134e+01
1.329099999999999948e+00	1.784021177334009423e+01
1.332699999999999996e+00	1.745668320931882533e+01
1.336300000000000043e+00	1.801374603967575894e+01
1.339900000000000091e+00	1.820070571590052921e+01
1.343499999999999917e+00	1.796234561990063838e+01
1.347099999999999964e+00	1.848302854407724993e+01
1.350700000000000012e+00	1.890636275862770788e+01
1.354300000000000059e+00	1.840549306914863337e+01
1.357900000000000107e+00	1.936165414770626114e+01
1.361499999999999932e+00	1.927502876110703767e+01
1.365099999999999980e+00	1.944855284720524935e+01
1.368700000000000028e+00	1.907559952786586521e+01
1.372300000000000075e+00	1.966299375799226823e+01
1.375999999999999890e+00	2.039575445015857724e+01
1.379599999999999937e+00	2.062547632383375174e+01
1.383199999999999985e+00	2.092901833461401750e+01
1.386800000000000033e+00	2.086048303194172249e+01
1.390400000000000080e+00	2.110175258538026455e+01
1.393999999999999906e+00	2.147126260842621193e+01
1.397599999999999953e+00	2.215111136981585815e+01
1.401200000000000001e+00	2.271076064135636585e+01
1.404800000000000049e+00	2.243953993559401994e+01
1.408400000000000096e+00	2.383377718691759739e+01
1.411999999999999922e+00	2.354084294174259639e+01
1.415599999999999969e+00	2.373561890247104955e+01
1.419200000000000017e+00	2.386149448199288159e+01
1.422800000000000065e+00	2.339491838863617801e+01
1.426500000000000101e+00	2.368646941135848394e+01
1.430099999999999927e+00	2.307279251719231539e+01
1.433699999999999974e+00	2.371030949811733990e+01
1.437300000000000022e+00	2.356022924236514626e+01
1.440900000000000070e+00	2.383082988701306348e+01
1.444499999999999895e+00	2.383297137110253416e+01
1.448099999999999943e+00	2.421881046388230629e+01
1.451699999999999990e+00	2.400857592674035246e+01
1.455300000000000038e+00	2.499594718690337913e+01
1.458900000000000086e+00	2.464017693616900218e+01
1.462499999999999911e+00	2.523920799761822309e+01
1.466099999999999959e+00	2.527582101337340248e+01
1.469700000000000006e+00	2.671771015144950923e+01
1.473300000000000054e+00	2.701764687695739298e+01
1.477000000000000091e+00	2.748264950611497426e+01
1.480599999999999916e+00	2.810285555972585314e+01
1.484199999999999964e+00	2.875890379302612132e+01
1.487800000000000011e+00	2.918577317663460846e+01
1.491400000000000059e+00	2.954171882126717819e+01
1.495000000000000107e+00	2.984381173856635883e+01
1.498599999999999932e+00	3.003132586051915709e+01
1.502199999999999980e+00	2.998256327336524407e+01
1.505800000000000027e+00	2.974140840153524223e+01
1.509400000000000075e+00	3.042571372246892381e+01
1.512999999999999901e+00	3.053898097008259782e+01
1.516599999999999948e+00	3.050807525566444411e+01
1.520199999999999996e+00	3.145254905132855683e+01
1.523800000000000043e+00	3.134620946030851840e+01
1.527500000000000080e+00	3.228189625998272305e+01
1.531099999999999905e+00	3.179584777624980063e+01
1.534699999999999953e+00	3.157054830011827207e+01
1.538300000000000001e+00	3.162620075799468822e+01
1.541900000000000048e+00	3.092235888362839091e+01
1.545500000000000096e+00	3.078823664995205434e+01
1.549099999999999921e+00	3.005313228189995911e+01
1.552699999999999969e+00	3.023002554252322582e+01
1.556300000000000017e+00	2.975287804774419698e+01
1.559900000000000064e+00	2.880657959482283559e+01
1.563499999999999890e+00	2.802311844721914724e+01
1.567099999999999937e+00	2.721249542525720244e+01
1.570699999999999985e+00	2.618370324280393646e+01
1.574300000000000033e+00	2.550962809510843599e+01
1.578000000000000069e+00	2.469040045581197518e+01
1.581599999999999895e+00	2.465654488947496148e+01
1.585199999999999942e+00	2.517065053983765210e+01
1.588799999999999990e+00	2.615059868567174917e+01
1.592400000000000038e+00	2.683240681808129580e+01
1.596000000000000085e+00	2.659305113664099096e+01
1.599599999999999911e+00	2.660386998087417609e+01
1.603199999999999958e+00	2.564287183587190455e+01
1.606800000000000006e+00	2.499562699961004242e+01
1.610400000000000054e+00	2.443359409050722064e+01
1.614000000000000101e+00	2.394371509605973358e+01
1.617599999999999927e+00	2.430875309594078360e+01
1.621199999999999974e+00	2.420006693151834298e+01
1.624800000000000022e+00	2.450584194870511467e+01
1.628500000000000059e+00	2.425940821358356914e+01
1.632100000000000106e+00	2.438829253510374784e+01
1.635699999999999932e+00	2.405856874552896940e+01
1.639299999999999979e+00	2.309698519437762698e+01
1.642900000000000027e+00	2.241344371765874754e+01
1.646500000000000075e+00	2.255913841968421352e+01
1.650099999999999900e+00	2.292727579811818828e+01
1.653699999999999948e+00	2.437079104321300349e+01
1.657299999999999995e+00	2.679521411013203291e+01
1.660900000000000043e+00	2.950576723211530705e+01
1.664500000000000091e+00	3.175120471705397307e+01
1.668099999999999916e+00	3.399945779395496004e+01
1.671699999999999964e+00	3.354506373284815623e+01
1.675400000000000000e+00	3.213138768995908379e+01
1.679000000000000048e+00	2.950873272465977237e+01
1.682600000000000096e+00	2.662541360599632156e+01
1.686199999999999921e+00	2.441877743715226146e+01
1.689799999999999969e+00	2.411324454479247592e+01
1.693400000000000016e+00	2.485745418553418062e+01
1.697000000000000064e+00	2.583980644169672303e+01
1.700599999999999890e+00	2.742135153658570701e+01
1.704199999999999937e+00	2.996881631916169653e+01
1.707799999999999985e+00	3.215122553593406707e+01
1.711400000000000032e+00	3.374689626774917883e+01
1.715000000000000080e+00	3.349268984139831673e+01
1.718599999999999905e+00	3.306981636949017656e+01
1.722199999999999953e+00	3.121875768286857777e+01
1.725899999999999990e+00	2.953051075750477139e+01
1.729500000000000037e+00	2.812724933903936275e+01
1.733100000000000085e+00	2.739095053304166427e+01
1.736699999999999910e+00	2.849671977384921817e+01
1.740299999999999958e+00	2.977733699033111137e+01
1.743900000000000006e+00	3.192884946164105031e+01
1.747500000000000053e+00	3.277661812198685709e+01
1.751100000000000101e+00	3.288217873919193579e+01
1.754699999999999926e+00	3.321693539025832109e+01
1.758299999999999974e+00	3.365522054905119376e+01
1.761900000000000022e+00	3.406204361345805864e+01
1.765500000000000069e+00	3.355134329971242124e+01
1.769099999999999895e+00	3.384168047791848011e+01
1.772699999999999942e+00	3.315452189721881382e+01
1.776399999999999979e+00	3.341749094801868125e+01
1.780000000000000027e+00	3.339703778554360269e+01
1.783600000000000074e+00	3.352887363628460804e+01
1.787199999999999900e+00	3.331458761870820240e+01
1.790799999999999947e+00	3.408666289106167824e+01
1.794399999999999995e+00	3.439864197332578044e+01
1.798000000000000043e+00	3.560391400431598896e+01
1.801600000000000090e+00	3.704080931894585405e+01
1.805199999999999916e+00	3.788345159486671321e+01
1.808799999999999963e+00	3.893480303346678539e+01
1.812400000000000011e+00	4.013331126994549436e+01
1.816000000000000059e+00	3.935527149613759690e+01
1.819600000000000106e+00	3.928385672179381771e+01
1.823199999999999932e+00	3.898497719115433569e+01
1.826899999999999968e+00	3.763999050758141607e+01
1.830500000000000016e+00	3.697946003701375162e+01
1.834100000000000064e+00	3.535261638736727718e+01
1.837699999999999889e+00	3.314977523701544726e+01
1.841299999999999937e+00	3.196722280429693441e+01
1.844899999999999984e+00	3.111682790603974169e+01
1.848500000000000032e+00	3.139291809685658308e+01
1.852100000000000080e+00	3.341076922405515859e+01
1.855699999999999905e+00	3.578693078358072199e+01
1.859299999999999953e+00	3.887215745468616745e+01
1.862900000000000000e+00	4.084479232035607055e+01
1.866500000000000048e+00	4.005678447894086958e+01
1.870100000000000096e+00	3.829404299119293142e+01
1.873699999999999921e+00	3.488980842252279047e+01
1.877399999999999958e+00	3.174228094618023377e+01
1.881000000000000005e+00	2.859671650769210061e+01
1.884600000000000053e+00	2.771598330137171118e+01
1.888200000000000101e+00	2.735251541166030265e+01
1.891799999999999926e+00	2.824307017951380416e+01
1.895399999999999974e+00	2.842000949305268875e+01
1.899000000000000021e+00	2.811914418907549162e+01
1.902600000000000069e+00	2.864515818466220409e+01
1.906199999999999894e+00	2.823006659416064679e+01
1.909799999999999942e+00	2.817955840599340434e+01
1.913399999999999990e+00	2.881375227982730536e+01
1.917000000000000037e+00	2.913865123869192786e+01
1.920600000000000085e+00	2.993335904395508962e+01
1.924199999999999910e+00	3.056949760950117323e+01
1.927899999999999947e+00	3.120362533757265311e+01
1.931499999999999995e+00	3.145316532889923877e+01
1.935100000000000042e+00	3.103711698586080558e+01
1.938700000000000090e+00	3.085908115584325273e+01
1.942299999999999915e+00	3.056141250844168411e+01
1.945899999999999963e+00	2.940263714223515734e+01
1.949500000000000011e+00	2.873262403524283570e+01
1.953100000000000058e+00	2.791860293905779500e+01
1.956700000000000106e+00	2.630481729488738907e+01
1.960299999999999931e+00	2.645744843659918288e+01
1.963899999999999979e+00	2.545368782537910590e+01
1.967500000000000027e+00	2.580899345251203059e+01
1.971100000000000074e+00	2.507444975894512496e+01
1.974699999999999900e+00	2.526351606462691635e+01
1.978399999999999936e+00	2.528871245646508115e+01
1.981999999999999984e+00	2.510510362028327336e+01
1.985600000000000032e+00	2.608913987501648890e+01
1.989200000000000079e+00	2.609874568122094729e+01
1.992799999999999905e+00	2.699169315469748298e+01
1.996399999999999952e+00	2.742346490156053207e+01
2.000000000000000000e+00	2.898222529721927287e+01
