2.000000000000000111e-01	-2.043936556395404391e+00
2.036000000000000032e-01	-2.744206684593433643e+00
2.071999999999999953e-01	-2.609638487141609620e+00
2.107999999999999874e-01	-1.899766427041601702e+00
2.144000000000000072e-01	-2.451827266903770841e+00
2.179999999999999993e-01	-2.774432935333918770e+00
2.215999999999999914e-01	-3.755989834076116196e+00
2.253000000000000003e-01	-4.007581912601248852e+00
2.288999999999999924e-01	-2.351335174220910762e+00
2.325000000000000122e-01	-2.451676383992604347e+00
2.361000000000000043e-01	-3.126028217112104102e+00
2.396999999999999964e-01	-3.144061828591386831e+00
2.432999999999999885e-01	-3.641826907019019011e+00
2.469000000000000083e-01	-2.101113838772922016e+00
2.505000000000000004e-01	-1.772238500058989086e+00
2.540999999999999925e-01	5.145566315851421990e-01
2.576999999999999846e-01	1.363263170861793050e+00
2.612999999999999767e-01	-1.540711115306765855e+00
2.649000000000000243e-01	3.489509250586322331e-01
2.685000000000000164e-01	4.980893600128457610e-01
2.721000000000000085e-01	-3.036386274102911287e-01
2.757999999999999896e-01	-5.188176500889646325e-01
2.793999999999999817e-01	4.926597595494233151e-01
2.829999999999999738e-01	5.151600469586461450e-01
2.866000000000000214e-01	-9.342201815963435685e-01
2.902000000000000135e-01	-1.352552498070738185e+00
2.938000000000000056e-01	4.213142282969686292e-01
2.973999999999999977e-01	-1.246620613698616875e+00
3.009999999999999898e-01	-1.409027235602635875e+00
3.045999999999999819e-01	-1.246189508477933305e+00
3.081999999999999740e-01	-3.675813038824042422e+00
3.118000000000000216e-01	-3.407187616384470541e+00
3.154000000000000137e-01	-2.706615213697444400e+00
3.190000000000000058e-01	-3.205514914634038259e+00
3.225999999999999979e-01	-3.121249952463029498e+00
3.262999999999999790e-01	-1.113715758488956098e+00
3.299000000000000266e-01	-7.431561933560226763e-01
3.335000000000000187e-01	-5.706851638562819851e-01
3.371000000000000107e-01	-1.463869635422043070e+00
3.407000000000000028e-01	-1.118862550904182740e+00
3.442999999999999949e-01	4.722745027573060916e-02
3.478999999999999870e-01	-1.219729443125917800e+00
3.514999999999999791e-01	-1.127549015701819535e+00
3.551000000000000267e-01	2.710690041384458127e-01
3.587000000000000188e-01	1.168570362199231605e+00
3.623000000000000109e-01	2.677167621773310913e+00
3.659000000000000030e-01	1.665294420871110015e+00
3.694999999999999951e-01	4.386114563230261165e-01
3.730999999999999872e-01	-1.213229644824576070e-02
3.768000000000000238e-01	1.732607845791805712e+00
3.804000000000000159e-01	2.797936349274213974e+00
3.840000000000000080e-01	2.139849205846374058e+00
3.876000000000000001e-01	1.408042304717330939e+00
3.911999999999999922e-01	1.330984531403724747e+00
3.947999999999999843e-01	1.729945660344002434e+00
3.983999999999999764e-01	7.789735305936156262e-01
4.020000000000000240e-01	-1.214730791486836825e+00
4.056000000000000161e-01	-2.341560307805481411e-01
4.092000000000000082e-01	-9.074370642868104797e-01
4.128000000000000003e-01	-4.123647875395912710e-01
4.163999999999999924e-01	9.781659435644685097e-02
4.199999999999999845e-01	-1.947026763304138264e-02
4.235999999999999766e-01	-7.164788511173948438e-01
4.273000000000000131e-01	-1.105085254767471215e+00
4.309000000000000052e-01	-1.914678717870677005e-01
4.344999999999999973e-01	1.096817976407426620e+00
4.380999999999999894e-01	-5.970452783190011159e-01
4.416999999999999815e-01	-1.073910625945432962e+00
4.452999999999999736e-01	8.364113046142915842e-01
4.489000000000000212e-01	1.237165931746392555e+00
4.525000000000000133e-01	7.233048595014828219e-01
4.561000000000000054e-01	8.083708387797611250e-01
4.596999999999999975e-01	3.350515496175466623e+00
4.632999999999999896e-01	2.828814142189156833e+00
4.668999999999999817e-01	2.159877015941011447e+00
4.704999999999999738e-01	4.973821279345337132e+00
4.741000000000000214e-01	3.717159962352785119e+00
4.778000000000000025e-01	1.625989246547630440e+00
4.813999999999999946e-01	2.439039176433560385e+00
4.849999999999999867e-01	3.521123873300062268e+00
4.885999999999999788e-01	3.575005078400693925e+00
4.922000000000000264e-01	4.286069706424871839e+00
4.958000000000000185e-01	3.810601765857389189e+00
4.994000000000000106e-01	2.892319497377032977e+00
5.030000000000000027e-01	2.100448650652754878e+00
5.066000000000000503e-01	7.154007768662107303e-02
5.101999999999999869e-01	2.292479592942849642e+00
5.138000000000000345e-01	2.786405902639602861e+00
5.173999999999999710e-01	2.492718676896828536e-02
5.210000000000000187e-01	6.464318896015677218e-01
5.245999999999999552e-01	4.833246429653684784e-01
5.282999999999999918e-01	5.360603412923112820e-01
5.319000000000000394e-01	6.893576610702273344e-01
5.354999999999999760e-01	-6.104767032962195028e-01
5.391000000000000236e-01	6.616987008287567029e-01
5.426999999999999602e-01	-9.672186354193657021e-02
5.463000000000000078e-01	-4.440539782726492524e-01
5.499000000000000554e-01	1.870514610505683795e+00
5.534999999999999920e-01	2.400462762725683596e-01
5.571000000000000396e-01	1.867222534393503608e+00
5.606999999999999762e-01	3.340287257534456877e+00
5.643000000000000238e-01	3.198522774077304121e+00
5.678999999999999604e-01	3.952595779151616640e+00
5.715000000000000080e-01	4.169103077848334671e+00
5.752000000000000446e-01	3.496179833989804031e+00
5.787999999999999812e-01	4.428441076287842115e+00
5.824000000000000288e-01	4.191114213191724502e+00
5.859999999999999654e-01	3.232272549598240730e+00
5.896000000000000130e-01	5.075219598821461453e+00
5.931999999999999496e-01	3.951368255170739641e+00
5.967999999999999972e-01	2.872299952927361844e+00
6.004000000000000448e-01	4.181683841957997139e+00
6.039999999999999813e-01	3.664959981483350226e+00
6.076000000000000290e-01	2.793597428591759968e+00
6.111999999999999655e-01	2.660915425318162164e+00
6.148000000000000131e-01	2.397097708872396371e+00
6.183999999999999497e-01	3.359600256080844449e+00
6.219999999999999973e-01	2.451748117480901268e+00
6.257000000000000339e-01	1.662710590675472222e+00
6.292999999999999705e-01	2.426456054844301491e+00
6.329000000000000181e-01	3.222023086950954074e+00
6.364999999999999547e-01	2.818341123933659098e+00
6.401000000000000023e-01	3.522466958711265139e+00
6.437000000000000499e-01	2.922865785901068936e+00
6.472999999999999865e-01	3.593896528416827607e+00
6.509000000000000341e-01	3.646871565460615638e+00
6.544999999999999707e-01	4.924040191055247817e+00
6.581000000000000183e-01	5.315529878791380725e+00
6.616999999999999549e-01	4.051890731223228848e+00
6.653000000000000025e-01	3.638084931010261869e+00
6.689000000000000501e-01	4.235963798457307306e+00
6.724999999999999867e-01	5.603047549743278566e+00
6.762000000000000233e-01	4.413842090115995376e+00
6.797999999999999599e-01	4.410087070637734641e+00
6.834000000000000075e-01	6.187511616510798618e+00
6.870000000000000551e-01	5.270255924586258800e+00
6.905999999999999917e-01	4.292812707840234054e+00
6.942000000000000393e-01	5.830861264344736838e+00
6.977999999999999758e-01	5.652200900309136244e+00
7.014000000000000234e-01	5.061083650776041942e+00
7.049999999999999600e-01	4.546745118167391020e+00
7.086000000000000076e-01	3.427043727142423890e+00
7.122000000000000552e-01	3.171986106321667442e+00
7.157999999999999918e-01	3.634307695895544477e+00
7.194000000000000394e-01	3.833782037984917679e+00
7.229999999999999760e-01	4.665995621080778477e+00
7.267000000000000126e-01	3.218025121068202488e+00
7.302999999999999492e-01	3.223224469111984014e+00
7.338999999999999968e-01	1.851775671773457033e+00
7.375000000000000444e-01	2.073984859729715691e+00
7.410999999999999810e-01	3.448335874880783969e+00
7.447000000000000286e-01	4.006504149572799989e+00
7.482999999999999652e-01	4.694386253255426134e+00
7.519000000000000128e-01	6.155098009805502812e+00
7.554999999999999494e-01	6.256981105785384578e+00
7.590999999999999970e-01	5.385504766819432021e+00
7.627000000000000446e-01	5.063643631326647743e+00
7.662999999999999812e-01	5.791013395140119258e+00
7.699000000000000288e-01	4.651956671596731319e+00
7.734999999999999654e-01	6.139597499083327747e+00
7.772000000000000020e-01	5.841466658604603346e+00
7.808000000000000496e-01	6.574576085862042341e+00
7.843999999999999861e-01	5.870684076601936141e+00
7.880000000000000338e-01	7.494874312008650286e+00
7.915999999999999703e-01	6.936247222713034510e+00
7.952000000000000179e-01	7.706475048852215792e+00
7.987999999999999545e-01	4.282505284323300465e+00
8.024000000000000021e-01	7.232721600334492962e+00
8.060000000000000497e-01	6.904816832365367141e+00
8.095999999999999863e-01	6.891772245486563087e+00
8.132000000000000339e-01	5.357329856761935183e+00
8.167999999999999705e-01	7.295606020509211476e+00
8.204000000000000181e-01	4.116935716067787077e+00
8.239999999999999547e-01	5.281261210139095219e+00
8.276999999999999913e-01	4.647448459721476688e+00
8.313000000000000389e-01	3.866029032235585028e+00
8.348999999999999755e-01	5.047653375556583555e+00
8.385000000000000231e-01	4.949410405847570082e+00
8.420999999999999597e-01	5.025381694360720353e+00
8.457000000000000073e-01	6.973548061512770957e+00
8.493000000000000549e-01	6.465364603389868847e+00
8.528999999999999915e-01	5.157073342842412700e+00
8.565000000000000391e-01	8.422785377122703920e+00
8.600999999999999757e-01	7.403451260846624749e+00
8.637000000000000233e-01	5.689570606760394611e+00
8.672999999999999599e-01	6.344257169357598869e+00
8.709000000000000075e-01	6.565595488959659498e+00
8.745000000000000551e-01	6.362158080372119606e+00
8.781999999999999806e-01	7.457869605341276298e+00
8.818000000000000282e-01	7.796088597985772140e+00
8.853999999999999648e-01	5.955799297510686152e+00
8.890000000000000124e-01	5.656349324098785658e+00
8.925999999999999490e-01	7.968726555774619413e+00
8.961999999999999966e-01	8.116822025503793725e+00
8.998000000000000442e-01	7.949212234996481996e+00
9.033999999999999808e-01	8.166683476399805741e+00
9.070000000000000284e-01	8.456313167440296041e+00
9.105999999999999650e-01	7.912903430015825634e+00
9.142000000000000126e-01	8.326651008957155042e+00
9.177999999999999492e-01	8.219208157790381719e+00
9.213999999999999968e-01	6.055441277060852556e+00
9.251000000000000334e-01	7.729179104403424816e+00
9.286999999999999700e-01	7.105270456144033631e+00
9.323000000000000176e-01	7.650962985222291124e+00
9.358999999999999542e-01	6.264349668482349642e+00
9.395000000000000018e-01	7.938007528872223162e+00
9.431000000000000494e-01	7.120248444727121040e+00
9.466999999999999860e-01	7.364911742235381809e+00
9.503000000000000336e-01	8.808780847787554436e+00
9.538999999999999702e-01	8.033305471989612201e+00
9.575000000000000178e-01	8.186189125611122108e+00
9.610999999999999543e-01	8.651866324040824452e+00
9.647000000000000020e-01	1.088966151926678805e+01
9.683000000000000496e-01	1.046290164492977937e+01
9.718999999999999861e-01	1.004395192237599765e+01
9.756000000000000227e-01	9.189998189579224430e+00
9.791999999999999593e-01	1.136280451740750408e+01
9.828000000000000069e-01	1.026733436119642562e+01
9.864000000000000545e-01	1.019894781878737966e+01
9.899999999999999911e-01	9.941249283574540740e+00
9.936000000000000387e-01	1.110570721352680756e+01
9.971999999999999753e-01	1.041814561420057750e+01
1.000799999999999912e+00	1.020652614564318661e+01
1.004399999999999959e+00	1.137957500628870022e+01
1.008000000000000007e+00	1.011766303512404619e+01
1.011600000000000055e+00	1.146157795885706321e+01
1.015200000000000102e+00	1.246180633496166301e+01
1.018799999999999928e+00	1.102574677516634694e+01
1.022399999999999975e+00	1.124715832925680381e+01
1.026100000000000012e+00	1.001123030767713651e+01
1.029700000000000060e+00	1.160547097402645456e+01
1.033300000000000107e+00	1.193429524830170152e+01
1.036899999999999933e+00	1.230710617101613735e+01
1.040499999999999980e+00	1.242369859696966117e+01
1.044100000000000028e+00	1.176941707844681062e+01
1.047700000000000076e+00	1.105547482716241525e+01
1.051299999999999901e+00	1.202482419493785137e+01
1.054899999999999949e+00	1.221784207548681422e+01
1.058499999999999996e+00	1.227125814652529812e+01
1.062100000000000044e+00	1.289444406907341545e+01
1.065700000000000092e+00	1.315754772351003510e+01
1.069299999999999917e+00	1.298773438392234603e+01
1.072899999999999965e+00	1.224745643058347788e+01
1.076600000000000001e+00	1.393594612006573996e+01
1.080200000000000049e+00	1.223281924913250407e+01
1.083800000000000097e+00	1.337121162590755752e+01
1.087399999999999922e+00	1.406058372523761513e+01
1.090999999999999970e+00	1.428152256554237631e+01
1.094600000000000017e+00	1.568677189102556824e+01
1.098200000000000065e+00	1.649216278218461795e+01
1.101799999999999891e+00	1.785997074407455898e+01
1.105399999999999938e+00	1.950410906458977678e+01
1.108999999999999986e+00	1.716227725136191040e+01
1.112600000000000033e+00	1.624701873721782519e+01
1.116200000000000081e+00	1.546064739213908901e+01
1.119799999999999907e+00	1.707367261468520070e+01
1.123399999999999954e+00	1.615283997301135699e+01
1.127099999999999991e+00	1.544103633644905926e+01
1.130700000000000038e+00	1.669169728994731727e+01
1.134300000000000086e+00	1.589070449490191628e+01
1.137899999999999912e+00	1.799264760066692048e+01
1.141499999999999959e+00	1.713179129223728125e+01
1.145100000000000007e+00	1.715467050042665065e+01
1.148700000000000054e+00	1.888865780808890094e+01
1.152300000000000102e+00	2.020300762259459049e+01
1.155899999999999928e+00	2.103913094637778869e+01
1.159499999999999975e+00	2.109354031776972249e+01
1.163100000000000023e+00	2.248751189650367621e+01
1.166700000000000070e+00	2.233054398447118771e+01
1.170299999999999896e+00	2.043818798143228577e+01
1.173899999999999944e+00	2.109122681251290388e+01
1.177599999999999980e+00	1.886689048956366932e+01
1.181200000000000028e+00	2.158373720420651765e+01
1.184800000000000075e+00	2.135664588232240391e+01
1.188399999999999901e+00	2.034625318396079408e+01
1.191999999999999948e+00	2.150593779524504257e+01
1.195599999999999996e+00	2.189086737910477609e+01
1.199200000000000044e+00	2.378448737271477498e+01
1.202800000000000091e+00	2.425446673821640431e+01
1.206399999999999917e+00	2.472668439266291784e+01
1.209999999999999964e+00	2.331022622927260812e+01
1.213600000000000012e+00	2.420884919309404637e+01
1.217200000000000060e+00	2.532325325903235225e+01
1.220800000000000107e+00	2.468015858433899723e+01
1.224399999999999933e+00	2.355873847674240906e+01
1.228099999999999969e+00	2.518493109617354975e+01
1.231700000000000017e+00	2.729917362766808253e+01
1.235300000000000065e+00	2.535811597265096751e+01
1.238899999999999890e+00	2.526316386247367873e+01
1.242499999999999938e+00	2.698115868145424301e+01
1.246099999999999985e+00	2.915076632388904443e+01
1.249700000000000033e+00	2.587127801284982453e+01
1.253300000000000081e+00	2.609142715039831728e+01
1.256899999999999906e+00	2.709865925217957638e+01
1.260499999999999954e+00	2.640697401770270503e+01
1.264100000000000001e+00	2.958759212799416716e+01
1.267700000000000049e+00	2.804787885764203637e+01
1.271300000000000097e+00	3.030828359579052034e+01
1.274899999999999922e+00	3.192962216476258419e+01
1.278599999999999959e+00	3.016660572903501247e+01
1.282200000000000006e+00	3.101722550197382944e+01
1.285800000000000054e+00	3.184062170320308027e+01
1.289400000000000102e+00	3.325834768848854139e+01
1.292999999999999927e+00	3.399499088789828960e+01
1.296599999999999975e+00	3.304172825730529439e+01
1.300200000000000022e+00	3.208089068008634825e+01
1.303800000000000070e+00	3.277868973628923044e+01
1.307399999999999896e+00	3.504723458038387207e+01
1.310999999999999943e+00	3.596231045197532694e+01
1.314599999999999991e+00	3.553303430560492870e+01
1.318200000000000038e+00	3.626778586468957144e+01
1.321800000000000086e+00	3.830409249802392679e+01
1.325499999999999901e+00	3.695976579805209639e+01
1.329099999999999948e+00	3.683787033230101571e+01
1.332699999999999996e+00	3.855220575165573393e+01
1.336300000000000043e+00	3.939327933068259568e+01
1.339900000000000091e+00	3.803797858668568921e+01
1.343499999999999917e+00	3.959558443007434647e+01
1.347099999999999964e+00	3.884265200418457198e+01
1.350700000000000012e+00	4.202973293628318885e+01
1.354300000000000059e+00	3.994781504344372536e+01
1.357900000000000107e+00	3.911972200658195931e+01
1.361499999999999932e+00	3.920784448573972014e+01
1.365099999999999980e+00	4.305138129938964653e+01
1.368700000000000028e+00	4.287344528632475260e+01
1.372300000000000075e+00	4.333093804205990551e+01
1.375999999999999890e+00	4.336471600001786442e+01
1.379599999999999937e+00	4.382337975872447089e+01
1.383199999999999985e+00	4.525780496253746321e+01
1.386800000000000033e+00	4.516316606580765125e+01
1.390400000000000080e+00	4.593520504728360976e+01
1.393999999999999906e+00	4.557758099545319652e+01
1.397599999999999953e+00	4.585563886689796931e+01
1.401200000000000001e+00	4.434244628685514300e+01
1.404800000000000049e+00	4.744873475102743754e+01
1.408400000000000096e+00	4.717290218777383615e+01
1.411999999999999922e+00	4.759255565350446204e+01
1.415599999999999969e+00	4.727903516890819446e+01
1.419200000000000017e+00	4.692792433800592988e+01
1.422800000000000065e+00	4.796838943726082505e+01
1.426500000000000101e+00	4.798018337675806322e+01
1.430099999999999927e+00	4.786309327601878039e+01
1.433699999999999974e+00	4.653332156117269847e+01
1.437300000000000022e+00	4.830291386211784044e+01
1.440900000000000070e+00	4.807301062224561861e+01
1.444499999999999895e+00	4.875040544279801935e+01
1.448099999999999943e+00	4.810816923488444274e+01
1.451699999999999990e+00	4.902549092045482837e+01
1.455300000000000038e+00	4.913738391577319931e+01
1.458900000000000086e+00	5.168139928983344333e+01
1.462499999999999911e+00	5.049819504245645163e+01
1.466099999999999959e+00	5.329457821764202663e+01
1.469700000000000006e+00	5.276244484688255909e+01
1.473300000000000054e+00	5.507907075768577698e+01
1.477000000000000091e+00	5.425064043253363621e+01
1.480599999999999916e+00	5.498560135710219754e+01
1.484199999999999964e+00	5.712686108445016941e+01
1.487800000000000011e+00	5.686122909363582778e+01
1.491400000000000059e+00	5.577483130516019116e+01
1.495000000000000107e+00	5.861874019139226277e+01
1.498599999999999932e+00	5.827550370349469944e+01
1.502199999999999980e+00	6.036214866514556832e+01
1.505800000000000027e+00	6.239199921652610925e+01
1.509400000000000075e+00	6.298745166336915702e+01
1.512999999999999901e+00	6.214606009771730299e+01
1.516599999999999948e+00	6.202124089846198274e+01
1.520199999999999996e+00	6.251226972463545195e+01
1.523800000000000043e+00	6.202431463765375241e+01
1.527500000000000080e+00	5.988535442186192626e+01
1.531099999999999905e+00	5.812273746613447400e+01
1.534699999999999953e+00	5.707655341638541557e+01
1.538300000000000001e+00	5.587752903317938546e+01
1.541900000000000048e+00	5.732283848148864536e+01
1.545500000000000096e+00	5.729428950259978137e+01
1.549099999999999921e+00	5.920205493798368934e+01
1.552699999999999969e+00	6.185485744927426310e+01
1.556300000000000017e+00	6.183084720046284843e+01
1.559900000000000064e+00	6.048855531865523716e+01
1.563499999999999890e+00	6.066258316815988394e+01
1.567099999999999937e+00	5.954473251090871599e+01
1.570699999999999985e+00	5.783038810517745532e+01
1.574300000000000033e+00	5.576659816247226331e+01
1.578000000000000069e+00	5.525934376154086181e+01
1.581599999999999895e+00	5.441637649394026255e+01
1.585199999999999942e+00	5.797771331685086693e+01
1.588799999999999990e+00	5.810791086885207335e+01
1.592400000000000038e+00	6.048686694488978333e+01
1.596000000000000085e+00	6.158229640900351853e+01
1.599599999999999911e+00	6.284973507538528281e+01
1.603199999999999958e+00	6.314557241109757513e+01
1.606800000000000006e+00	6.211931763166106890e+01
1.610400000000000054e+00	6.253278634570608574e+01
1.614000000000000101e+00	6.116149007246090008e+01
1.617599999999999927e+00	6.175726814226018746e+01
1.621199999999999974e+00	5.953544113134713456e+01
1.624800000000000022e+00	5.896949287921806615e+01
1.628500000000000059e+00	5.860094921487961273e+01
1.632100000000000106e+00	5.852002106209130972e+01
1.635699999999999932e+00	5.926116538733341343e+01
1.639299999999999979e+00	5.850400865478530221e+01
1.642900000000000027e+00	5.820337106429399654e+01
1.646500000000000075e+00	5.862188766552568353e+01
1.650099999999999900e+00	5.845739847693611324e+01
1.653699999999999948e+00	5.764574794006455960e+01
1.657299999999999995e+00	5.968856947206234764e+01
1.660900000000000043e+00	6.747622491562209746e+01
1.664500000000000091e+00	7.124747387787893160e+01
1.668099999999999916e+00	7.374637643850707036e+01
1.671699999999999964e+00	7.318169429584015973e+01
1.675400000000000000e+00	7.274331263784638679e+01
1.679000000000000048e+00	6.633179675557528299e+01
1.682600000000000096e+00	6.175544920988548370e+01
1.686199999999999921e+00	5.661989058317271883e+01
1.689799999999999969e+00	5.516365818640422702e+01
1.693400000000000016e+00	5.460890374406127989e+01
1.697000000000000064e+00	5.796175413302400159e+01
1.700599999999999890e+00	6.009069224477117643e+01
1.704199999999999937e+00	6.015514224790766917e+01
1.707799999999999985e+00	6.050207571308374099e+01
1.711400000000000032e+00	6.343845129428865448e+01
1.715000000000000080e+00	6.435916894152374823e+01
1.718599999999999905e+00	6.373785954021933264e+01
1.722199999999999953e+00	6.214518986900782238e+01
1.725899999999999990e+00	6.076740990673906850e+01
1.729500000000000037e+00	5.973694739375410023e+01
1.733100000000000085e+00	5.715348306064763761e+01
1.736699999999999910e+00	5.734271844212260305e+01
1.740299999999999958e+00	5.449711327042012243e+01
1.743900000000000006e+00	5.150869917004195742e+01
1.747500000000000053e+00	5.082322906484272806e+01
1.751100000000000101e+00	5.467436778345924608e+01
1.754699999999999926e+00	5.795229535124855147e+01
1.758299999999999974e+00	6.006925672469539990e+01
1.761900000000000022e+00	6.447884734079681834e+01
1.765500000000000069e+00	6.501489483386596646e+01
1.769099999999999895e+00	6.701949331750248007e+01
1.772699999999999942e+00	6.993696763914962844e+01
1.776399999999999979e+00	7.065593343974587981e+01
1.780000000000000027e+00	6.877008843175826769e+01
1.783600000000000074e+00	6.647441039630561477e+01
1.787199999999999900e+00	6.384888144584820679e+01
1.790799999999999947e+00	6.170090752883265850e+01
1.794399999999999995e+00	6.233833931863741640e+01
1.798000000000000043e+00	6.130653248463111993e+01
1.801600000000000090e+00	6.207643440365476550e+01
1.805199999999999916e+00	6.261247561037193776e+01
1.808799999999999963e+00	6.447440689658057522e+01
1.812400000000000011e+00	6.535030531461153203e+01
1.816000000000000059e+00	6.765857295335393928e+01
1.819600000000000106e+00	6.903561150002484226e+01
1.823199999999999932e+00	6.797572313534142552e+01
1.826899999999999968e+00	6.795828022460037232e+01
1.830500000000000016e+00	6.955683695145287970e+01
1.834100000000000064e+00	6.898680632183810246e+01
1.837699999999999889e+00	6.661594239796052364e+01
1.841299999999999937e+00	6.514279645165200350e+01
1.844899999999999984e+00	6.434568805609531239e+01
1.848500000000000032e+00	6.585597440015148152e+01
1.852100000000000080e+00	6.949457434906898357e+01
1.855699999999999905e+00	7.564059902330795637e+01
1.859299999999999953e+00	8.198996672120010487e+01
1.862900000000000000e+00	8.498883359533201087e+01
1.866500000000000048e+00	8.709791085990424619e+01
1.870100000000000096e+00	8.250300358802800815e+01
1.873699999999999921e+00	7.589223617892865548e+01
1.877399999999999958e+00	7.031064765231235469e+01
1.881000000000000005e+00	6.587366066646744400e+01
1.884600000000000053e+00	6.314997708896259354e+01
1.888200000000000101e+00	6.119425887617885707e+01
1.891799999999999926e+00	6.179522146338617006e+01
1.895399999999999974e+00	6.347090864106816355e+01
1.899000000000000021e+00	6.576832766201007985e+01
1.902600000000000069e+00	6.798212746300606568e+01
1.906199999999999894e+00	7.268895454996368244e+01
1.909799999999999942e+00	7.296459794075813932e+01
1.913399999999999990e+00	7.299379237197076975e+01
1.917000000000000037e+00	7.306129229048245577e+01
1.920600000000000085e+00	7.256724368111517265e+01
1.924199999999999910e+00	7.156325667984322081e+01
1.927899999999999947e+00	7.282895112962526696e+01
1.931499999999999995e+00	7.449069703559769096e+01
1.935100000000000042e+00	7.446725194658402813e+01
1.938700000000000090e+00	7.678382267356808200e+01
1.942299999999999915e+00	7.256923095875649210e+01
1.945899999999999963e+00	7.175051934431814971e+01
1.949500000000000011e+00	6.831709537206994298e+01
1.953100000000000058e+00	6.669320430189438298e+01
1.956700000000000106e+00	6.920816092772143691e+01
1.960299999999999931e+00	7.126414586109935101e+01
1.963899999999999979e+00	7.604051183017634230e+01
1.967500000000000027e+00	8.181442737674007049e+01
1.971100000000000074e+00	7.995655523475210202e+01
1.974699999999999900e+00	7.652524069540395146e+01
1.978399999999999936e+00	6.801619272757224621e+01
1.981999999999999984e+00	6.109588617778342723e+01
1.985600000000000032e+00	5.358495464902616590e+01
1.989200000000000079e+00	5.220455597652107116e+01
1.992799999999999905e+00	5.335279002082334188e+01
1.996399999999999952e+00	6.310988667083249481e+01
2.000000000000000000e+00	7.943858697525334378e+01
