2.000000000000000111e-01	-2.890405874164300393e+00
2.036000000000000032e-01	-3.306745845356698243e+00
2.071999999999999953e-01	-3.199457489329486037e+00
2.107999999999999874e-01	-3.003963233266900623e+00
2.144000000000000072e-01	-3.565598775343961080e+00
2.179999999999999993e-01	-3.949680018733352505e+00
2.215999999999999914e-01	-3.940730858017928107e+00
2.253000000000000003e-01	-3.721527351215375035e+00
2.288999999999999924e-01	-3.866108572773915064e+00
2.325000000000000122e-01	-3.352575920350900684e+00
2.361000000000000043e-01	-3.181653623084004678e+00
2.396999999999999964e-01	-2.753768422283486395e+00
2.432999999999999885e-01	-2.626033147821777991e+00
2.469000000000000083e-01	-2.274391535764652694e+00
2.505000000000000004e-01	-1.782243447281769644e+00
2.540999999999999925e-01	-1.808983183877750367e+00
2.576999999999999846e-01	-1.400588720746307914e+00
2.612999999999999767e-01	-1.418061482621733260e+00
2.649000000000000243e-01	-1.173473874845636367e+00
2.685000000000000164e-01	-9.870210878880976146e-01
2.721000000000000085e-01	-9.822202129893324862e-01
2.757999999999999896e-01	-5.924504493266846694e-01
2.793999999999999817e-01	-7.942662321312979889e-01
2.829999999999999738e-01	-8.985924689231836737e-01
2.866000000000000214e-01	-1.380247149721260280e+00
2.902000000000000135e-01	-1.769485705996870717e+00
2.938000000000000056e-01	-1.872356001721785956e+00
2.973999999999999977e-01	-1.900824026676581013e+00
3.009999999999999898e-01	-2.356345889948363581e+00
3.045999999999999819e-01	-2.812394969902921371e+00
3.081999999999999740e-01	-2.443893208867748967e+00
3.118000000000000216e-01	-2.862137002513113870e+00
3.154000000000000137e-01	-3.324764867694942616e+00
3.190000000000000058e-01	-2.873243936773200780e+00
3.225999999999999979e-01	-3.269100601352932678e+00
3.262999999999999790e-01	-3.097160675961033061e+00
3.299000000000000266e-01	-2.805180914877505316e+00
3.335000000000000187e-01	-2.520660446934189114e+00
3.371000000000000107e-01	-2.174626395774131193e+00
3.407000000000000028e-01	-1.899916657755194249e+00
3.442999999999999949e-01	-1.110835548726214705e+00
3.478999999999999870e-01	-5.557037672499243186e-01
3.514999999999999791e-01	-9.846812044093405936e-02
3.551000000000000267e-01	-1.415690051349526302e-01
3.587000000000000188e-01	4.661373778199738860e-01
3.623000000000000109e-01	6.798111116662051145e-01
3.659000000000000030e-01	9.705723386064030178e-01
3.694999999999999951e-01	1.466560554407844164e+00
3.730999999999999872e-01	1.386917697279467898e+00
3.768000000000000238e-01	1.002210942210534750e+00
3.804000000000000159e-01	1.644294098603193977e+00
3.840000000000000080e-01	1.070945724927711451e+00
3.876000000000000001e-01	1.275295019471570868e+00
3.911999999999999922e-01	1.080355271408605544e+00
3.947999999999999843e-01	6.050364335352421685e-01
3.983999999999999764e-01	6.681374775386983433e-01
4.020000000000000240e-01	-2.937483643700191105e-01
4.056000000000000161e-01	-1.319100673218865372e-01
4.092000000000000082e-01	-3.899385508439003889e-01
4.128000000000000003e-01	-8.056861763505289709e-01
4.163999999999999924e-01	-9.720798386961003734e-01
4.199999999999999845e-01	-3.523473710620530497e-01
4.235999999999999766e-01	-1.038275527588978786e+00
4.273000000000000131e-01	-9.091100057481746877e-01
4.309000000000000052e-01	-8.079378064958645522e-01
4.344999999999999973e-01	-9.466798491634059731e-01
4.380999999999999894e-01	-5.352585325965080187e-01
4.416999999999999815e-01	-5.862816048337826658e-03
4.452999999999999736e-01	-1.645875150422424216e-01
4.489000000000000212e-01	4.174582651686034596e-01
4.525000000000000133e-01	4.899190814851699383e-01
4.561000000000000054e-01	9.633555968422378157e-01
4.596999999999999975e-01	7.366008238481938086e-01
4.632999999999999896e-01	9.748064071139243003e-01
4.668999999999999817e-01	1.607591296743076104e+00
4.704999999999999738e-01	1.358422225799359673e+00
4.741000000000000214e-01	2.283386265254389702e+00
4.778000000000000025e-01	2.067442322612954353e+00
4.813999999999999946e-01	1.967887059911275660e+00
4.849999999999999867e-01	1.971156148903852046e+00
4.885999999999999788e-01	2.378657419997953326e+00
4.922000000000000264e-01	2.125791677903008825e+00
4.958000000000000185e-01	2.152693597153794602e+00
4.994000000000000106e-01	1.682581426788737344e+00
5.030000000000000027e-01	1.304707280776788991e+00
5.066000000000000503e-01	1.127872279089957352e+00
5.101999999999999869e-01	4.914130626269374025e-01
5.138000000000000345e-01	6.242392336700233191e-01
5.173999999999999710e-01	5.212710020496591490e-01
5.210000000000000187e-01	1.839216985544988303e-01
5.245999999999999552e-01	2.615416864601793900e-01
5.282999999999999918e-01	-6.768681237526066874e-02
5.319000000000000394e-01	-4.919326800492449525e-01
5.354999999999999760e-01	-1.073153825081056278e-01
5.391000000000000236e-01	-2.904422543155094627e-01
5.426999999999999602e-01	-1.037884849938140452e-01
5.463000000000000078e-01	7.705424498082428242e-01
5.499000000000000554e-01	1.138308361525339540e+00
5.534999999999999920e-01	1.920576691988260976e+00
5.571000000000000396e-01	2.292941622153581882e+00
5.606999999999999762e-01	2.691472664375088364e+00
5.643000000000000238e-01	3.394763116214364107e+00
5.678999999999999604e-01	3.219813141061297124e+00
5.715000000000000080e-01	3.021748277523518045e+00
5.752000000000000446e-01	3.443286160684737585e+00
5.787999999999999812e-01	3.242864102116910452e+00
5.824000000000000288e-01	2.817857542306590801e+00
5.859999999999999654e-01	3.515622577781054137e+00
5.896000000000000130e-01	3.187094398179139532e+00
5.931999999999999496e-01	3.127476680932118391e+00
5.967999999999999972e-01	3.064608386209687563e+00
6.004000000000000448e-01	3.237984350567813863e+00
6.039999999999999813e-01	3.275180858035408704e+00
6.076000000000000290e-01	3.109264851465888935e+00
6.111999999999999655e-01	2.665322725597256248e+00
6.148000000000000131e-01	2.265284522048863103e+00
6.183999999999999497e-01	2.418370105270707171e+00
6.219999999999999973e-01	2.097423433435255280e+00
6.257000000000000339e-01	1.977277734026537725e+00
6.292999999999999705e-01	1.791686377085927484e+00
6.329000000000000181e-01	2.212878497849083193e+00
6.364999999999999547e-01	2.255221964603674856e+00
6.401000000000000023e-01	2.037820047930983591e+00
6.437000000000000499e-01	2.388445080877596549e+00
6.472999999999999865e-01	2.338299625860385422e+00
6.509000000000000341e-01	2.655499607042449028e+00
6.544999999999999707e-01	2.879018862683923707e+00
6.581000000000000183e-01	3.200987550324458475e+00
6.616999999999999549e-01	3.433621880733318754e+00
6.653000000000000025e-01	3.775523430611295694e+00
6.689000000000000501e-01	4.163076094026025409e+00
6.724999999999999867e-01	4.176879617342656559e+00
6.762000000000000233e-01	4.562848687281189086e+00
6.797999999999999599e-01	4.463987267585717511e+00
6.834000000000000075e-01	4.872711353353084363e+00
6.870000000000000551e-01	4.699161854508371761e+00
6.905999999999999917e-01	4.305591321663652771e+00
6.942000000000000393e-01	5.133814752764692457e+00
6.977999999999999758e-01	4.911703125166649642e+00
7.014000000000000234e-01	4.320249611080851260e+00
7.049999999999999600e-01	4.003243281554681232e+00
7.086000000000000076e-01	3.736622637042244843e+00
7.122000000000000552e-01	3.675592182005679831e+00
7.157999999999999918e-01	3.482883713193070108e+00
7.194000000000000394e-01	3.385009745655525482e+00
7.229999999999999760e-01	2.995736249681282271e+00
7.267000000000000126e-01	3.216348399428337501e+00
7.302999999999999492e-01	3.017946781244130960e+00
7.338999999999999968e-01	2.671388437646041059e+00
7.375000000000000444e-01	2.437099086057549879e+00
7.410999999999999810e-01	2.654542771829041303e+00
7.447000000000000286e-01	3.092915874749715854e+00
7.482999999999999652e-01	3.750188742877212711e+00
7.519000000000000128e-01	4.006434436986273440e+00
7.554999999999999494e-01	4.489262814806907365e+00
7.590999999999999970e-01	4.804228966793432143e+00
7.627000000000000446e-01	4.038664509550695669e+00
7.662999999999999812e-01	4.817324938648232191e+00
7.699000000000000288e-01	4.914852796062003648e+00
7.734999999999999654e-01	4.894159447128000551e+00
7.772000000000000020e-01	5.230089880117342105e+00
7.808000000000000496e-01	5.531200207115979595e+00
7.843999999999999861e-01	5.530573863611007113e+00
7.880000000000000338e-01	5.584594236049343685e+00
7.915999999999999703e-01	6.179511353315535693e+00
7.952000000000000179e-01	6.320437884511343363e+00
7.987999999999999545e-01	5.977010762075298800e+00
8.024000000000000021e-01	5.610330718516859605e+00
8.060000000000000497e-01	5.363602853985999452e+00
8.095999999999999863e-01	5.311441255632050940e+00
8.132000000000000339e-01	5.303132474277662212e+00
8.167999999999999705e-01	4.961841203963272662e+00
8.204000000000000181e-01	5.024959351760562853e+00
8.239999999999999547e-01	4.492995396593737922e+00
8.276999999999999913e-01	4.889143928311176168e+00
8.313000000000000389e-01	4.505515025224076986e+00
8.348999999999999755e-01	4.700504632505324132e+00
8.385000000000000231e-01	4.389727502746746168e+00
8.420999999999999597e-01	4.896960277344721391e+00
8.457000000000000073e-01	4.623164255823679625e+00
8.493000000000000549e-01	4.779994040526124977e+00
8.528999999999999915e-01	5.196187453622118646e+00
8.565000000000000391e-01	4.964683980560640641e+00
8.600999999999999757e-01	4.901072162234139995e+00
8.637000000000000233e-01	5.337000744349214898e+00
8.672999999999999599e-01	5.503158275266077482e+00
8.709000000000000075e-01	6.067527001594976710e+00
8.745000000000000551e-01	6.000228043922766652e+00
8.781999999999999806e-01	6.669398427457285727e+00
8.818000000000000282e-01	6.532267662091862270e+00
8.853999999999999648e-01	6.614238220846670124e+00
8.890000000000000124e-01	6.773179049088609460e+00
8.925999999999999490e-01	6.914490338634085020e+00
8.961999999999999966e-01	7.433366482464674796e+00
8.998000000000000442e-01	7.494043047156660364e+00
9.033999999999999808e-01	6.908757407655443217e+00
9.070000000000000284e-01	6.817585533702422040e+00
9.105999999999999650e-01	6.995564707268306037e+00
9.142000000000000126e-01	6.823474962566502100e+00
9.177999999999999492e-01	6.932908516815080802e+00
9.213999999999999968e-01	6.930803914781779262e+00
9.251000000000000334e-01	7.003548933438821678e+00
9.286999999999999700e-01	6.781755058953097048e+00
9.323000000000000176e-01	7.061143951244942762e+00
9.358999999999999542e-01	6.538696463271112869e+00
9.395000000000000018e-01	6.933181684860218574e+00
9.431000000000000494e-01	7.320532262090637232e+00
9.466999999999999860e-01	7.441947847606482647e+00
9.503000000000000336e-01	7.580224754867635362e+00
9.538999999999999702e-01	7.394620649401430157e+00
9.575000000000000178e-01	8.315269915518291199e+00
9.610999999999999543e-01	8.310926269986634196e+00
9.647000000000000020e-01	8.419826297026771655e+00
9.683000000000000496e-01	9.200063575713357977e+00
9.718999999999999861e-01	9.019700925280545789e+00
9.756000000000000227e-01	8.932117272304850530e+00
9.791999999999999593e-01	9.775739252134821200e+00
9.828000000000000069e-01	1.010014042055222561e+01
9.864000000000000545e-01	9.919508357462710535e+00
9.899999999999999911e-01	1.014145511614136197e+01
9.936000000000000387e-01	9.886542143051039844e+00
9.971999999999999753e-01	1.031142748220491434e+01
1.000799999999999912e+00	1.014622912822997058e+01
1.004399999999999959e+00	1.019108871036125130e+01
1.008000000000000007e+00	1.026330038418393187e+01
1.011600000000000055e+00	1.043361237142407028e+01
1.015200000000000102e+00	1.045622549169185334e+01
1.018799999999999928e+00	1.087755513484140479e+01
1.022399999999999975e+00	1.058459023234285112e+01
1.026100000000000012e+00	1.085942574798967897e+01
1.029700000000000060e+00	1.091946417945972847e+01
1.033300000000000107e+00	1.105368536650497724e+01
1.036899999999999933e+00	1.063738536983787064e+01
1.040499999999999980e+00	1.098834585566054400e+01
1.044100000000000028e+00	1.107792057695369614e+01
1.047700000000000076e+00	1.133455674489073495e+01
1.051299999999999901e+00	1.139683823914335292e+01
1.054899999999999949e+00	1.115983428709858849e+01
1.058499999999999996e+00	1.150637315620461898e+01
1.062100000000000044e+00	1.178297539263797944e+01
1.065700000000000092e+00	1.184495117895484562e+01
1.069299999999999917e+00	1.212446454625551517e+01
1.072899999999999965e+00	1.208586084018196516e+01
1.076600000000000001e+00	1.228366801740412662e+01
1.080200000000000049e+00	1.215424253920625119e+01
1.083800000000000097e+00	1.302819107426365797e+01
1.087399999999999922e+00	1.355485711351407119e+01
1.090999999999999970e+00	1.494221536920503723e+01
1.094600000000000017e+00	1.593965384145375985e+01
1.098200000000000065e+00	1.703602959103021419e+01
1.101799999999999891e+00	1.748455327836837725e+01
1.105399999999999938e+00	1.708962865709710854e+01
1.108999999999999986e+00	1.700741906973355810e+01
1.112600000000000033e+00	1.619640246670960693e+01
1.116200000000000081e+00	1.587737314145775791e+01
1.119799999999999907e+00	1.575539309371582242e+01
1.123399999999999954e+00	1.566873403467105064e+01
1.127099999999999991e+00	1.519455649246980045e+01
1.130700000000000038e+00	1.529451566910722171e+01
1.134300000000000086e+00	1.529947229184713642e+01
1.137899999999999912e+00	1.519821967469183299e+01
1.141499999999999959e+00	1.556781973887586901e+01
1.145100000000000007e+00	1.650675593558067433e+01
1.148700000000000054e+00	1.826276364713475431e+01
1.152300000000000102e+00	1.981847926181102792e+01
1.155899999999999928e+00	2.097229748819774642e+01
1.159499999999999975e+00	2.191820074392956741e+01
1.163100000000000023e+00	2.204803801679819131e+01
1.166700000000000070e+00	2.113923887176989425e+01
1.170299999999999896e+00	2.041535671680891184e+01
1.173899999999999944e+00	1.932389825398261607e+01
1.177599999999999980e+00	1.921309265973144775e+01
1.181200000000000028e+00	1.981006802942617639e+01
1.184800000000000075e+00	1.974668832624970349e+01
1.188399999999999901e+00	2.112615686696408801e+01
1.191999999999999948e+00	2.167939870200558161e+01
1.195599999999999996e+00	2.260453405953148831e+01
1.199200000000000044e+00	2.348205136968864437e+01
1.202800000000000091e+00	2.435430080111044759e+01
1.206399999999999917e+00	2.398090059897900872e+01
1.209999999999999964e+00	2.408624427076538765e+01
1.213600000000000012e+00	2.370730426534137436e+01
1.217200000000000060e+00	2.364903294898181230e+01
1.220800000000000107e+00	2.345878079197397170e+01
1.224399999999999933e+00	2.342549620791594833e+01
1.228099999999999969e+00	2.439008765948469559e+01
1.231700000000000017e+00	2.451861526978373362e+01
1.235300000000000065e+00	2.541637553429361773e+01
1.238899999999999890e+00	2.585808279419657651e+01
1.242499999999999938e+00	2.602136130795310365e+01
1.246099999999999985e+00	2.658769743089953153e+01
1.249700000000000033e+00	2.656451477042276466e+01
1.253300000000000081e+00	2.698784552889850730e+01
1.256899999999999906e+00	2.760018316867408572e+01
1.260499999999999954e+00	2.804269730004297756e+01
1.264100000000000001e+00	2.829890529417857081e+01
1.267700000000000049e+00	2.891092179476251189e+01
1.271300000000000097e+00	2.932713814631027915e+01
1.274899999999999922e+00	2.969800374949119615e+01
1.278599999999999959e+00	3.067334743308751754e+01
1.282200000000000006e+00	3.090009703012973574e+01
1.285800000000000054e+00	3.113503020203416938e+01
1.289400000000000102e+00	3.119481289912526734e+01
1.292999999999999927e+00	3.179159810333890590e+01
1.296599999999999975e+00	3.298183408960669283e+01
1.300200000000000022e+00	3.332608395335554974e+01
1.303800000000000070e+00	3.365016754175044866e+01
1.307399999999999896e+00	3.501967905728216834e+01
1.310999999999999943e+00	3.459015029228871185e+01
1.314599999999999991e+00	3.537261091148062064e+01
1.318200000000000038e+00	3.562107154501349982e+01
1.321800000000000086e+00	3.557517092082515120e+01
1.325499999999999901e+00	3.577823044391255536e+01
1.329099999999999948e+00	3.663100714870492425e+01
1.332699999999999996e+00	3.642104139577972433e+01
1.336300000000000043e+00	3.644917058861644676e+01
1.339900000000000091e+00	3.730851576704310446e+01
1.343499999999999917e+00	3.784899054415475916e+01
1.347099999999999964e+00	3.886241239058814045e+01
1.350700000000000012e+00	3.928190406759297559e+01
1.354300000000000059e+00	3.999242289722505461e+01
1.357900000000000107e+00	4.035689798491011260e+01
1.361499999999999932e+00	4.142602334256459073e+01
1.365099999999999980e+00	4.083399731984081171e+01
1.368700000000000028e+00	4.145858904885554352e+01
1.372300000000000075e+00	4.198049909248145894e+01
1.375999999999999890e+00	4.283824213933888814e+01
1.379599999999999937e+00	4.349132445942223058e+01
1.383199999999999985e+00	4.419060484409205003e+01
1.386800000000000033e+00	4.397308008341882157e+01
1.390400000000000080e+00	4.452358912111640876e+01
1.393999999999999906e+00	4.427937225744053507e+01
1.397599999999999953e+00	4.432268887993625839e+01
1.401200000000000001e+00	4.528648599268726116e+01
1.404800000000000049e+00	4.619610703582898026e+01
1.408400000000000096e+00	4.710182471461637732e+01
1.411999999999999922e+00	4.773263592694640778e+01
1.415599999999999969e+00	4.814317686821303965e+01
1.419200000000000017e+00	4.807002510675362572e+01
1.422800000000000065e+00	4.730811387379196731e+01
1.426500000000000101e+00	4.732574467792451856e+01
1.430099999999999927e+00	4.622501760370425927e+01
1.433699999999999974e+00	4.563614289938379187e+01
1.437300000000000022e+00	4.573645640801196777e+01
1.440900000000000070e+00	4.593951187520020341e+01
1.444499999999999895e+00	4.673746117780329001e+01
1.448099999999999943e+00	4.721170242835082576e+01
1.451699999999999990e+00	4.828134277842566746e+01
1.455300000000000038e+00	4.959827956367921331e+01
1.458900000000000086e+00	5.083696150389744872e+01
1.462499999999999911e+00	5.078471614332914896e+01
1.466099999999999959e+00	5.143330033670386570e+01
1.469700000000000006e+00	5.144672770563315822e+01
1.473300000000000054e+00	5.119448554278539376e+01
1.477000000000000091e+00	5.178656988278153506e+01
1.480599999999999916e+00	5.231494806168264944e+01
1.484199999999999964e+00	5.377714214933091341e+01
1.487800000000000011e+00	5.400483175228974630e+01
1.491400000000000059e+00	5.528270414252129683e+01
1.495000000000000107e+00	5.603317270592156518e+01
1.498599999999999932e+00	5.657645203854692539e+01
1.502199999999999980e+00	5.773212665002557742e+01
1.505800000000000027e+00	5.815778143412148182e+01
1.509400000000000075e+00	5.939605917839245564e+01
1.512999999999999901e+00	5.905010732822029951e+01
1.516599999999999948e+00	5.966483472890050876e+01
1.520199999999999996e+00	5.970630401573417601e+01
1.523800000000000043e+00	5.862342760357552862e+01
1.527500000000000080e+00	5.727661764073963013e+01
1.531099999999999905e+00	5.583785069704457982e+01
1.534699999999999953e+00	5.574470492801191313e+01
1.538300000000000001e+00	5.694386861253132537e+01
1.541900000000000048e+00	5.916273196351899344e+01
1.545500000000000096e+00	6.180248689065075496e+01
1.549099999999999921e+00	6.310583343000728718e+01
1.552699999999999969e+00	6.382722188389650597e+01
1.556300000000000017e+00	6.240985325716096099e+01
1.559900000000000064e+00	6.072576869387881970e+01
1.563499999999999890e+00	5.837769016503995090e+01
1.567099999999999937e+00	5.688235603134577190e+01
1.570699999999999985e+00	5.613108519801263441e+01
1.574300000000000033e+00	5.524293799368827251e+01
1.578000000000000069e+00	5.522113363515114770e+01
1.581599999999999895e+00	5.558111532390213227e+01
1.585199999999999942e+00	5.585249024086111547e+01
1.588799999999999990e+00	5.670487153051644924e+01
1.592400000000000038e+00	5.754296227867105529e+01
1.596000000000000085e+00	5.753588329231683218e+01
1.599599999999999911e+00	5.809833883243370423e+01
1.603199999999999958e+00	5.768885473328111857e+01
1.606800000000000006e+00	5.795349722869215725e+01
1.610400000000000054e+00	5.728797528533252148e+01
1.614000000000000101e+00	5.639058308103137307e+01
1.617599999999999927e+00	5.534505742526269501e+01
1.621199999999999974e+00	5.522255448174313130e+01
1.624800000000000022e+00	5.505112522364549932e+01
1.628500000000000059e+00	5.686157228997332425e+01
1.632100000000000106e+00	5.894260705247933174e+01
1.635699999999999932e+00	6.042614161041229437e+01
1.639299999999999979e+00	6.163170155907862124e+01
1.642900000000000027e+00	6.085737872414456007e+01
1.646500000000000075e+00	5.971834301988445759e+01
1.650099999999999900e+00	5.834584725564630503e+01
1.653699999999999948e+00	5.929272061607792210e+01
1.657299999999999995e+00	6.305440489908151847e+01
1.660900000000000043e+00	6.868725362897237119e+01
1.664500000000000091e+00	7.389401501975704889e+01
1.668099999999999916e+00	7.787410869373412936e+01
1.671699999999999964e+00	7.794867329182798699e+01
1.675400000000000000e+00	7.481414098093962650e+01
1.679000000000000048e+00	6.902965755947842297e+01
1.682600000000000096e+00	6.355654207728174043e+01
1.686199999999999921e+00	6.019275057219022074e+01
1.689799999999999969e+00	5.917003887564606401e+01
1.693400000000000016e+00	6.143160702740851775e+01
1.697000000000000064e+00	6.344414591146691151e+01
1.700599999999999890e+00	6.578380515639148030e+01
1.704199999999999937e+00	6.748896918993567340e+01
1.707799999999999985e+00	6.821921908794547562e+01
1.711400000000000032e+00	6.861047599872148339e+01
1.715000000000000080e+00	6.743317070310008887e+01
1.718599999999999905e+00	6.590282790802682200e+01
1.722199999999999953e+00	6.424768823047170940e+01
1.725899999999999990e+00	6.269487483710437203e+01
1.729500000000000037e+00	6.070985736270368704e+01
1.733100000000000085e+00	5.955120556940212850e+01
1.736699999999999910e+00	5.918674294665711955e+01
1.740299999999999958e+00	5.972724048789060447e+01
1.743900000000000006e+00	6.112605130556439548e+01
1.747500000000000053e+00	6.371177399131735086e+01
1.751100000000000101e+00	6.734465316505684029e+01
1.754699999999999926e+00	6.999935787820346889e+01
1.758299999999999974e+00	7.188654475505458663e+01
1.761900000000000022e+00	7.169931218560856223e+01
1.765500000000000069e+00	6.897550290367831849e+01
1.769099999999999895e+00	6.636770375081754025e+01
1.772699999999999942e+00	6.318335291695901645e+01
1.776399999999999979e+00	6.172528269235480991e+01
1.780000000000000027e+00	6.231436942443441751e+01
1.783600000000000074e+00	6.314500265760506892e+01
1.787199999999999900e+00	6.464438795209666466e+01
1.790799999999999947e+00	6.486457939839175424e+01
1.794399999999999995e+00	6.423235020674712814e+01
1.798000000000000043e+00	6.296165763587262632e+01
1.801600000000000090e+00	6.188604339325812731e+01
1.805199999999999916e+00	6.199409139899458410e+01
1.808799999999999963e+00	6.335021520062635147e+01
1.812400000000000011e+00	6.583583377225011191e+01
1.816000000000000059e+00	6.831904222944093874e+01
1.819600000000000106e+00	7.112808681726515658e+01
1.823199999999999932e+00	7.320276248195997937e+01
1.826899999999999968e+00	7.432873703075982519e+01
1.830500000000000016e+00	7.592845705110730137e+01
1.834100000000000064e+00	7.876817860053614595e+01
1.837699999999999889e+00	8.240301641669306321e+01
1.841299999999999937e+00	8.648309157484358423e+01
1.844899999999999984e+00	9.052487921727475850e+01
1.848500000000000032e+00	9.043828991606993384e+01
1.852100000000000080e+00	8.572598702364436463e+01
1.855699999999999905e+00	7.855792841336491961e+01
1.859299999999999953e+00	6.926229856758912717e+01
1.862900000000000000e+00	6.204393295562977784e+01
1.866500000000000048e+00	5.870638493353703069e+01
1.870100000000000096e+00	5.952357471095875496e+01
1.873699999999999921e+00	6.253148923986415753e+01
1.877399999999999958e+00	6.605042388834992551e+01
1.881000000000000005e+00	6.855825456931160033e+01
1.884600000000000053e+00	6.871653540915141889e+01
1.888200000000000101e+00	6.750250910265553728e+01
1.891799999999999926e+00	6.749731043100595684e+01
1.895399999999999974e+00	7.028267899723417145e+01
1.899000000000000021e+00	7.638715998110883731e+01
1.902600000000000069e+00	8.518517829914439687e+01
1.906199999999999894e+00	9.207807150008153485e+01
1.909799999999999942e+00	9.620172901914962438e+01
1.913399999999999990e+00	9.676572300149001649e+01
1.917000000000000037e+00	9.232818415447420080e+01
1.920600000000000085e+00	8.682147747389416281e+01
1.924199999999999910e+00	7.990747419391671258e+01
1.927899999999999947e+00	7.320325522342049851e+01
1.931499999999999995e+00	6.825648576958141689e+01
1.935100000000000042e+00	6.451841795855142436e+01
1.938700000000000090e+00	6.212518786643648383e+01
1.942299999999999915e+00	6.253068860031012832e+01
1.945899999999999963e+00	6.415893920206950440e+01
1.949500000000000011e+00	6.528837524359715871e+01
1.953100000000000058e+00	6.690059945932449637e+01
1.956700000000000106e+00	6.708589045445150134e+01
1.960299999999999931e+00	6.532180693608364663e+01
1.963899999999999979e+00	6.322492120954710515e+01
1.967500000000000027e+00	6.254195156753350915e+01
1.971100000000000074e+00	6.358380194960487586e+01
1.974699999999999900e+00	6.721935476805046505e+01
1.978399999999999936e+00	7.241370062317741940e+01
1.981999999999999984e+00	7.806218358768605015e+01
1.985600000000000032e+00	8.364443016692115407e+01
1.989200000000000079e+00	8.768483862036110565e+01
1.992799999999999905e+00	8.965346039046588089e+01
1.996399999999999952e+00	8.860226672427194217e+01
2.000000000000000000e+00	8.279190092049226735e+01
