2.000000000000000111e-01	-3.361722331486951543e+00
2.036000000000000032e-01	-2.839294538335600748e+00
2.071999999999999953e-01	-3.507954335536150214e+00
2.107999999999999874e-01	-3.581551459826709749e+00
2.144000000000000072e-01	-4.012996719965737924e+00
2.179999999999999993e-01	-3.763272989441002192e+00
2.215999999999999914e-01	-4.243233742646027373e+00
2.253000000000000003e-01	-3.210764074425259462e+00
2.288999999999999924e-01	-4.184774235969002554e+00
2.325000000000000122e-01	-3.329192153698419254e+00
2.361000000000000043e-01	-3.321014104153044766e+00
2.396999999999999964e-01	-3.508467877390658796e+00
2.432999999999999885e-01	-3.298609034915313210e+00
2.469000000000000083e-01	-2.638857419623502398e+00
2.505000000000000004e-01	-2.240744917295550920e+00
2.540999999999999925e-01	-1.777738040251079621e+00
2.576999999999999846e-01	-1.866422410923832098e+00
2.612999999999999767e-01	-9.669341902776741327e-01
2.649000000000000243e-01	-7.627106337564151239e-01
2.685000000000000164e-01	-9.674517823450288212e-01
2.721000000000000085e-01	-1.046974934103037880e+00
2.757999999999999896e-01	-9.530829701974532497e-01
2.793999999999999817e-01	-8.044678203683202078e-01
2.829999999999999738e-01	-9.713825963931324026e-01
2.866000000000000214e-01	-1.202102408652028664e+00
2.902000000000000135e-01	-1.783271457641111057e+00
2.938000000000000056e-01	-2.135425000129249185e+00
2.973999999999999977e-01	-2.817118394613280952e+00
3.009999999999999898e-01	-2.268019175359848205e+00
3.045999999999999819e-01	-2.391667717220707257e+00
3.081999999999999740e-01	-3.295145351361670638e+00
3.118000000000000216e-01	-3.128903819305071110e+00
3.154000000000000137e-01	-3.067032691797860533e+00
3.190000000000000058e-01	-3.672704445665743389e+00
3.225999999999999979e-01	-3.600579051771564121e+00
3.262999999999999790e-01	-3.089108091243167209e+00
3.299000000000000266e-01	-3.000213921591005750e+00
3.335000000000000187e-01	-2.393149462806886785e+00
3.371000000000000107e-01	-2.388940779679538995e+00
3.407000000000000028e-01	-1.765911453606662018e+00
3.442999999999999949e-01	-1.412032946107743658e+00
3.478999999999999870e-01	-9.940211289113514148e-01
3.514999999999999791e-01	-7.303776293188172231e-01
3.551000000000000267e-01	-2.249694534655624356e-01
3.587000000000000188e-01	4.601699729432424113e-01
3.623000000000000109e-01	6.033795284684624338e-01
3.659000000000000030e-01	1.124737421253758640e+00
3.694999999999999951e-01	6.272821981554939086e-01
3.730999999999999872e-01	8.588467402549475604e-01
3.768000000000000238e-01	1.255970401302057393e+00
3.804000000000000159e-01	8.514552121476925972e-01
3.840000000000000080e-01	1.090250749102490646e+00
3.876000000000000001e-01	1.230329548736196044e+00
3.911999999999999922e-01	6.916003959707012205e-01
3.947999999999999843e-01	1.433993670938030762e-01
3.983999999999999764e-01	3.471551557116848707e-01
4.020000000000000240e-01	1.266724380574542064e-01
4.056000000000000161e-01	-1.555836350444403382e-01
4.092000000000000082e-01	2.330013997130285786e-01
4.128000000000000003e-01	-3.112200031412724055e-01
4.163999999999999924e-01	-1.070025670843407495e+00
4.199999999999999845e-01	-1.152543843725483574e+00
4.235999999999999766e-01	-1.116548716958191800e+00
4.273000000000000131e-01	-1.301277772073486938e+00
4.309000000000000052e-01	-1.123452297785828558e+00
4.344999999999999973e-01	-1.015009384566423201e+00
4.380999999999999894e-01	-7.578122899073325147e-01
4.416999999999999815e-01	-3.540225848122352525e-01
4.452999999999999736e-01	2.929159330396962635e-01
4.489000000000000212e-01	3.939960869506807795e-01
4.525000000000000133e-01	1.007360809005523050e+00
4.561000000000000054e-01	4.184120039725007789e-01
4.596999999999999975e-01	1.416456632188502596e+00
4.632999999999999896e-01	9.760386984178361924e-01
4.668999999999999817e-01	1.436381663394057151e+00
4.704999999999999738e-01	2.156958502548670609e+00
4.741000000000000214e-01	1.358191436553574993e+00
4.778000000000000025e-01	1.938865427714778100e+00
4.813999999999999946e-01	2.503027279083947398e+00
4.849999999999999867e-01	2.197228403017343012e+00
4.885999999999999788e-01	1.653614797858753871e+00
4.922000000000000264e-01	1.989364601662295673e+00
4.958000000000000185e-01	1.593770003532281487e+00
4.994000000000000106e-01	1.413223268902965568e+00
5.030000000000000027e-01	1.423483664103276425e+00
5.066000000000000503e-01	8.731803230455962295e-01
5.101999999999999869e-01	1.311884103074340002e-02
5.138000000000000345e-01	2.671711687548591341e-01
5.173999999999999710e-01	4.284146815256258956e-01
5.210000000000000187e-01	3.765833823311885986e-01
5.245999999999999552e-01	-4.358371451829515242e-01
5.282999999999999918e-01	-3.339099566862840929e-02
5.319000000000000394e-01	-6.071822497711640843e-01
5.354999999999999760e-01	4.794517727297381571e-02
5.391000000000000236e-01	5.577549366529377384e-02
5.426999999999999602e-01	6.085743267938167333e-01
5.463000000000000078e-01	2.670441721700627102e-01
5.499000000000000554e-01	9.516270667422506158e-01
5.534999999999999920e-01	1.161023961648774083e+00
5.571000000000000396e-01	1.904960944523055755e+00
5.606999999999999762e-01	2.508000303613144855e+00
5.643000000000000238e-01	2.262808258651563875e+00
5.678999999999999604e-01	2.854222636647379296e+00
5.715000000000000080e-01	3.205136709102123227e+00
5.752000000000000446e-01	2.631000237503428707e+00
5.787999999999999812e-01	2.903595902377257953e+00
5.824000000000000288e-01	3.117060208474175642e+00
5.859999999999999654e-01	3.021826572898421936e+00
5.896000000000000130e-01	3.605629576692550131e+00
5.931999999999999496e-01	3.025344768161304820e+00
5.967999999999999972e-01	3.239965389738592716e+00
6.004000000000000448e-01	3.317126406470536359e+00
6.039999999999999813e-01	2.551852404635714944e+00
6.076000000000000290e-01	2.825518373423353768e+00
6.111999999999999655e-01	2.592456445744550031e+00
6.148000000000000131e-01	1.854614621524727003e+00
6.183999999999999497e-01	1.957495957554920674e+00
6.219999999999999973e-01	2.072622696356490213e+00
6.257000000000000339e-01	1.697415792849474192e+00
6.292999999999999705e-01	2.204146067098883499e+00
6.329000000000000181e-01	1.175952122369396502e+00
6.364999999999999547e-01	2.106737141448554063e+00
6.401000000000000023e-01	1.668923165897484573e+00
6.437000000000000499e-01	1.785922632539678201e+00
6.472999999999999865e-01	1.969430359364252592e+00
6.509000000000000341e-01	2.420768438611707207e+00
6.544999999999999707e-01	3.329020393351470819e+00
6.581000000000000183e-01	3.362646576617876804e+00
6.616999999999999549e-01	3.644334080304961976e+00
6.653000000000000025e-01	3.718766717354495821e+00
6.689000000000000501e-01	4.215701376898866037e+00
6.724999999999999867e-01	3.705406158754599666e+00
6.762000000000000233e-01	4.112249250282707713e+00
6.797999999999999599e-01	4.297413111380538275e+00
6.834000000000000075e-01	4.526487638934856506e+00
6.870000000000000551e-01	5.154879738406509482e+00
6.905999999999999917e-01	4.662763568129966174e+00
6.942000000000000393e-01	4.855853083165849959e+00
6.977999999999999758e-01	4.013467643131152229e+00
7.014000000000000234e-01	4.062645141807006866e+00
7.049999999999999600e-01	3.978002542478979109e+00
7.086000000000000076e-01	3.979972580352262312e+00
7.122000000000000552e-01	3.473028273966762836e+00
7.157999999999999918e-01	3.239870619160100773e+00
7.194000000000000394e-01	3.420054718622984602e+00
7.229999999999999760e-01	2.861961804847199531e+00
7.267000000000000126e-01	2.708969859303941075e+00
7.302999999999999492e-01	2.949600339429335083e+00
7.338999999999999968e-01	2.784090602340794529e+00
7.375000000000000444e-01	2.558088822854028166e+00
7.410999999999999810e-01	2.198071739099590083e+00
7.447000000000000286e-01	2.772731189912997607e+00
7.482999999999999652e-01	3.480892256141105534e+00
7.519000000000000128e-01	3.684437581454087507e+00
7.554999999999999494e-01	3.912701161516797477e+00
7.590999999999999970e-01	3.935931370803491536e+00
7.627000000000000446e-01	4.470993827697072653e+00
7.662999999999999812e-01	5.260880600890906145e+00
7.699000000000000288e-01	4.952244539901130338e+00
7.734999999999999654e-01	5.448486954640724633e+00
7.772000000000000020e-01	5.572949112654209891e+00
7.808000000000000496e-01	5.154544760094335487e+00
7.843999999999999861e-01	5.389474881644897408e+00
7.880000000000000338e-01	5.935247089496304085e+00
7.915999999999999703e-01	5.574300334744503260e+00
7.952000000000000179e-01	6.054497237589909986e+00
7.987999999999999545e-01	5.750968756515287161e+00
8.024000000000000021e-01	5.193341696540766605e+00
8.060000000000000497e-01	5.458982807418907512e+00
8.095999999999999863e-01	4.949498630792996678e+00
8.132000000000000339e-01	5.184814715120308115e+00
8.167999999999999705e-01	4.727886837426587441e+00
8.204000000000000181e-01	4.465643415695279117e+00
8.239999999999999547e-01	5.199805223323077819e+00
8.276999999999999913e-01	4.625380850037271507e+00
8.313000000000000389e-01	4.656509152165591914e+00
8.348999999999999755e-01	4.390325405573333839e+00
8.385000000000000231e-01	4.423718794245339758e+00
8.420999999999999597e-01	4.859818663784327697e+00
8.457000000000000073e-01	4.609807056926571001e+00
8.493000000000000549e-01	4.896197793652419250e+00
8.528999999999999915e-01	4.720038907721326282e+00
8.565000000000000391e-01	4.480757481381858476e+00
8.600999999999999757e-01	5.118712164700768064e+00
8.637000000000000233e-01	5.245135362283505742e+00
8.672999999999999599e-01	5.024062707551964380e+00
8.709000000000000075e-01	5.842337168621896559e+00
8.745000000000000551e-01	6.432315125233367681e+00
8.781999999999999806e-01	6.224391796600406757e+00
8.818000000000000282e-01	6.616598103002941933e+00
8.853999999999999648e-01	6.997780776080170462e+00
8.890000000000000124e-01	6.420200282790636592e+00
8.925999999999999490e-01	6.529214116129008261e+00
8.961999999999999966e-01	7.269257819572223056e+00
8.998000000000000442e-01	6.934166719435959081e+00
9.033999999999999808e-01	6.674994535598160361e+00
9.070000000000000284e-01	6.963245715146695325e+00
9.105999999999999650e-01	6.649240193245182340e+00
9.142000000000000126e-01	6.623908379445001771e+00
9.177999999999999492e-01	7.262780920903695758e+00
9.213999999999999968e-01	6.625375023850495815e+00
9.251000000000000334e-01	6.764858038562892695e+00
9.286999999999999700e-01	7.280041851838367606e+00
9.323000000000000176e-01	7.283378123982691577e+00
9.358999999999999542e-01	7.294291550841188965e+00
9.395000000000000018e-01	6.996315740329757560e+00
9.431000000000000494e-01	7.261270709924448674e+00
9.466999999999999860e-01	7.317576349564027360e+00
9.503000000000000336e-01	7.735245415426818205e+00
9.538999999999999702e-01	8.268165025093633602e+00
9.575000000000000178e-01	7.631895566590260138e+00
9.610999999999999543e-01	8.245106320611956363e+00
9.647000000000000020e-01	8.332257159820731118e+00
9.683000000000000496e-01	9.618385287619151569e+00
9.718999999999999861e-01	8.828598356558678972e+00
9.756000000000000227e-01	9.562568190369766796e+00
9.791999999999999593e-01	9.621020610400398354e+00
9.828000000000000069e-01	9.259935787451070155e+00
9.864000000000000545e-01	9.491714339665776379e+00
9.899999999999999911e-01	9.527068413091624777e+00
9.936000000000000387e-01	1.008204631576263210e+01
9.971999999999999753e-01	9.841816527148406379e+00
1.000799999999999912e+00	9.994941348705932427e+00
1.004399999999999959e+00	1.042890128859730581e+01
1.008000000000000007e+00	9.878490249435159853e+00
1.011600000000000055e+00	1.013421316565185393e+01
1.015200000000000102e+00	9.744929940950749270e+00
1.018799999999999928e+00	1.049949015934094199e+01
1.022399999999999975e+00	1.094893389025131469e+01
1.026100000000000012e+00	1.043954829973219844e+01
1.029700000000000060e+00	1.047757441984491500e+01
1.033300000000000107e+00	1.085738137794027303e+01
1.036899999999999933e+00	1.108850108680190338e+01
1.040499999999999980e+00	1.052045052772475309e+01
1.044100000000000028e+00	1.167900103638006115e+01
1.047700000000000076e+00	1.157542960459296033e+01
1.051299999999999901e+00	1.216585526506064419e+01
1.054899999999999949e+00	1.204117269393725387e+01
1.058499999999999996e+00	1.145808903416739355e+01
1.062100000000000044e+00	1.226224938474825166e+01
1.065700000000000092e+00	1.214893888033478753e+01
1.069299999999999917e+00	1.238571999727106743e+01
1.072899999999999965e+00	1.277088601023095471e+01
1.076600000000000001e+00	1.310738093163937457e+01
1.080200000000000049e+00	1.286953441562457101e+01
1.083800000000000097e+00	1.323721785283760255e+01
1.087399999999999922e+00	1.348374359952282653e+01
1.090999999999999970e+00	1.437843257917076834e+01
1.094600000000000017e+00	1.527986046612528170e+01
1.098200000000000065e+00	1.537300353155691823e+01
1.101799999999999891e+00	1.608477537266086799e+01
1.105399999999999938e+00	1.642002130173437635e+01
1.108999999999999986e+00	1.612355900667759201e+01
1.112600000000000033e+00	1.588293642448471132e+01
1.116200000000000081e+00	1.600018884600197566e+01
1.119799999999999907e+00	1.633103274171929797e+01
1.123399999999999954e+00	1.648716019153955514e+01
1.127099999999999991e+00	1.665091986131387003e+01
1.130700000000000038e+00	1.671890957819289270e+01
1.134300000000000086e+00	1.600745625491906665e+01
1.137899999999999912e+00	1.716253566052952095e+01
1.141499999999999959e+00	1.686447226387573295e+01
1.145100000000000007e+00	1.762066502087592568e+01
1.148700000000000054e+00	1.781161101696502413e+01
1.152300000000000102e+00	1.875848759053357639e+01
1.155899999999999928e+00	1.994310763113503171e+01
1.159499999999999975e+00	2.027367363149472013e+01
1.163100000000000023e+00	2.085836180159151709e+01
1.166700000000000070e+00	2.084903378876032676e+01
1.170299999999999896e+00	2.046573052943687188e+01
1.173899999999999944e+00	2.046550888262672174e+01
1.177599999999999980e+00	1.981406790466374090e+01
1.181200000000000028e+00	2.028311831254743325e+01
1.184800000000000075e+00	2.128718994765126737e+01
1.188399999999999901e+00	2.181976380318371866e+01
1.191999999999999948e+00	2.284557051979647468e+01
1.195599999999999996e+00	2.341636618206931431e+01
1.199200000000000044e+00	2.316342064940442924e+01
1.202800000000000091e+00	2.338115157554911860e+01
1.206399999999999917e+00	2.392708981815415115e+01
1.209999999999999964e+00	2.359114066334030824e+01
1.213600000000000012e+00	2.427369521208575520e+01
1.217200000000000060e+00	2.447744707136972764e+01
1.220800000000000107e+00	2.458513832541017763e+01
1.224399999999999933e+00	2.449257893219925108e+01
1.228099999999999969e+00	2.419178197499183369e+01
1.231700000000000017e+00	2.441552892161288213e+01
1.235300000000000065e+00	2.472267274602030440e+01
1.238899999999999890e+00	2.494634505010630221e+01
1.242499999999999938e+00	2.517119783175071746e+01
1.246099999999999985e+00	2.594023525014170062e+01
1.249700000000000033e+00	2.607131754055205519e+01
1.253300000000000081e+00	2.640563010505742980e+01
1.256899999999999906e+00	2.746186869533155317e+01
1.260499999999999954e+00	2.714668713099802488e+01
1.264100000000000001e+00	2.798722484197403659e+01
1.267700000000000049e+00	2.871312086029716681e+01
1.271300000000000097e+00	2.911397722372771213e+01
1.274899999999999922e+00	2.936819641388169089e+01
1.278599999999999959e+00	3.002925798411615688e+01
1.282200000000000006e+00	3.046686837910569068e+01
1.285800000000000054e+00	3.113443048649921252e+01
1.289400000000000102e+00	3.135066293193711928e+01
1.292999999999999927e+00	3.165620861761071936e+01
1.296599999999999975e+00	3.303332762898811836e+01
1.300200000000000022e+00	3.339311968371505657e+01
1.303800000000000070e+00	3.401539155494618427e+01
1.307399999999999896e+00	3.373289676932389369e+01
1.310999999999999943e+00	3.456550595655452440e+01
1.314599999999999991e+00	3.490573096642027906e+01
1.318200000000000038e+00	3.523050334168517139e+01
1.321800000000000086e+00	3.533993847512342512e+01
1.325499999999999901e+00	3.613655539552331675e+01
1.329099999999999948e+00	3.575680564776735082e+01
1.332699999999999996e+00	3.692444993533923991e+01
1.336300000000000043e+00	3.673759687420332654e+01
1.339900000000000091e+00	3.737241626284691876e+01
1.343499999999999917e+00	3.751935413110095396e+01
1.347099999999999964e+00	3.836614762649224986e+01
1.350700000000000012e+00	3.942805331276721859e+01
1.354300000000000059e+00	3.840827099160729574e+01
1.357900000000000107e+00	3.968796153434130503e+01
1.361499999999999932e+00	3.976604175793774232e+01
1.365099999999999980e+00	4.008051091869034366e+01
1.368700000000000028e+00	4.129744445915748940e+01
1.372300000000000075e+00	4.147898995399670241e+01
1.375999999999999890e+00	4.267058155967718847e+01
1.379599999999999937e+00	4.278271939223149190e+01
1.383199999999999985e+00	4.371050788778597962e+01
1.386800000000000033e+00	4.445061388675588177e+01
1.390400000000000080e+00	4.447701564090080240e+01
1.393999999999999906e+00	4.434982149674865326e+01
1.397599999999999953e+00	4.480704576996468802e+01
1.401200000000000001e+00	4.480101448602875536e+01
1.404800000000000049e+00	4.595082163741271586e+01
1.408400000000000096e+00	4.675979363100016428e+01
1.411999999999999922e+00	4.702285272733435306e+01
1.415599999999999969e+00	4.725682541810748205e+01
1.419200000000000017e+00	4.711789670405497787e+01
1.422800000000000065e+00	4.664000826404901545e+01
1.426500000000000101e+00	4.583041721719599337e+01
1.430099999999999927e+00	4.448149601336554326e+01
1.433699999999999974e+00	4.498010613538323810e+01
1.437300000000000022e+00	4.574168045705552998e+01
1.440900000000000070e+00	4.591465655776380572e+01
1.444499999999999895e+00	4.762681106278189702e+01
1.448099999999999943e+00	4.792072290277248925e+01
1.451699999999999990e+00	4.958747216808226455e+01
1.455300000000000038e+00	4.960705899099315985e+01
1.458900000000000086e+00	5.154707009381823468e+01
1.462499999999999911e+00	5.207366563696577089e+01
1.466099999999999959e+00	5.219741564488929697e+01
1.469700000000000006e+00	5.218132495619681777e+01
1.473300000000000054e+00	5.278743230449283175e+01
1.477000000000000091e+00	5.264175543685287550e+01
1.480599999999999916e+00	5.292474733160835143e+01
1.484199999999999964e+00	5.297928478522700146e+01
1.487800000000000011e+00	5.294525106681606985e+01
1.491400000000000059e+00	5.299467774021861999e+01
1.495000000000000107e+00	5.280228254522161535e+01
1.498599999999999932e+00	5.287278964925597080e+01
1.502199999999999980e+00	5.409121778338551678e+01
1.505800000000000027e+00	5.600528644710156811e+01
1.509400000000000075e+00	5.791939446452906992e+01
1.512999999999999901e+00	5.972807776770312671e+01
1.516599999999999948e+00	6.129667642963386953e+01
1.520199999999999996e+00	6.167281229606077630e+01
1.523800000000000043e+00	6.148837622222755783e+01
1.527500000000000080e+00	5.950717649093787998e+01
1.531099999999999905e+00	5.787417444292140800e+01
1.534699999999999953e+00	5.604878922789397677e+01
1.538300000000000001e+00	5.482865927522877314e+01
1.541900000000000048e+00	5.438535655151616766e+01
1.545500000000000096e+00	5.424695960146375029e+01
1.549099999999999921e+00	5.641986634009461454e+01
1.552699999999999969e+00	5.791381090214762395e+01
1.556300000000000017e+00	6.125382697402278609e+01
1.559900000000000064e+00	6.383895133982826309e+01
1.563499999999999890e+00	6.548867905674501344e+01
1.567099999999999937e+00	6.473739677484149979e+01
1.570699999999999985e+00	6.317585981622904256e+01
1.574300000000000033e+00	6.044211832488245761e+01
1.578000000000000069e+00	5.789770430448164262e+01
1.581599999999999895e+00	5.591596039405531116e+01
1.585199999999999942e+00	5.567045514362457936e+01
1.588799999999999990e+00	5.535015484056303592e+01
1.592400000000000038e+00	5.549843730303066280e+01
1.596000000000000085e+00	5.596216276841034443e+01
1.599599999999999911e+00	5.627043454246060605e+01
1.603199999999999958e+00	5.678522062008365623e+01
1.606800000000000006e+00	5.663552414863217166e+01
1.610400000000000054e+00	5.627919808311595773e+01
1.614000000000000101e+00	5.568554731184187290e+01
1.617599999999999927e+00	5.612584625808814565e+01
1.621199999999999974e+00	5.608339395066459332e+01
1.624800000000000022e+00	5.606196441106841633e+01
1.628500000000000059e+00	5.635145754780577221e+01
1.632100000000000106e+00	5.696760352005646411e+01
1.635699999999999932e+00	5.765505459091860274e+01
1.639299999999999979e+00	5.817522350576695800e+01
1.642900000000000027e+00	5.873466202329502295e+01
1.646500000000000075e+00	5.930058453555540154e+01
1.650099999999999900e+00	5.986371459704040632e+01
1.653699999999999948e+00	6.098101944482997538e+01
1.657299999999999995e+00	6.263166157165700554e+01
1.660900000000000043e+00	6.484279178867370774e+01
1.664500000000000091e+00	6.666230081665351292e+01
1.668099999999999916e+00	6.804115019652174112e+01
1.671699999999999964e+00	6.694578930123373084e+01
1.675400000000000000e+00	6.472995925150634378e+01
1.679000000000000048e+00	6.134779197150678698e+01
1.682600000000000096e+00	5.870408748672214472e+01
1.686199999999999921e+00	5.665030830305794751e+01
1.689799999999999969e+00	5.606821299005471815e+01
1.693400000000000016e+00	5.683771077445808828e+01
1.697000000000000064e+00	5.791513999597686535e+01
1.700599999999999890e+00	5.969098097276025783e+01
1.704199999999999937e+00	6.176997570795344217e+01
1.707799999999999985e+00	6.265011132838296248e+01
1.711400000000000032e+00	6.288736256244155243e+01
1.715000000000000080e+00	6.311997356776852541e+01
1.718599999999999905e+00	6.196783315815487470e+01
1.722199999999999953e+00	6.037521328544632127e+01
1.725899999999999990e+00	5.897073270638937004e+01
1.729500000000000037e+00	5.669676087488378613e+01
1.733100000000000085e+00	5.524052610119626650e+01
1.736699999999999910e+00	5.476336787052629518e+01
1.740299999999999958e+00	5.608894459390943865e+01
1.743900000000000006e+00	5.880853737589978891e+01
1.747500000000000053e+00	6.211071098078299713e+01
1.751100000000000101e+00	6.735302622954704077e+01
1.754699999999999926e+00	7.254986717696236553e+01
1.758299999999999974e+00	7.627901534520812277e+01
1.761900000000000022e+00	7.860150269980324822e+01
1.765500000000000069e+00	7.860657746033116666e+01
1.769099999999999895e+00	7.629636680531633885e+01
1.772699999999999942e+00	7.350586888290534660e+01
1.776399999999999979e+00	7.081100415642566759e+01
1.780000000000000027e+00	6.883042140022914168e+01
1.783600000000000074e+00	6.614614611113275089e+01
1.787199999999999900e+00	6.479820297593154521e+01
1.790799999999999947e+00	6.495167913295962592e+01
1.794399999999999995e+00	6.481065245213885362e+01
1.798000000000000043e+00	6.527479514529653670e+01
1.801600000000000090e+00	6.510387356400786985e+01
1.805199999999999916e+00	6.454795361870631609e+01
1.808799999999999963e+00	6.248959108180248023e+01
1.812400000000000011e+00	6.165106468307995158e+01
1.816000000000000059e+00	6.384608472732736573e+01
1.819600000000000106e+00	7.120066062192150014e+01
1.823199999999999932e+00	8.379990114903037579e+01
1.826899999999999968e+00	1.004556217123573276e+02
1.830500000000000016e+00	1.147319070381461898e+02
1.834100000000000064e+00	1.227932081796045622e+02
1.837699999999999889e+00	1.210841728330855602e+02
1.841299999999999937e+00	1.117863464792690991e+02
1.844899999999999984e+00	9.756775980852867747e+01
1.848500000000000032e+00	8.448502207433317324e+01
1.852100000000000080e+00	7.653447545307582800e+01
1.855699999999999905e+00	7.524264901781648973e+01
1.859299999999999953e+00	7.669644068195360376e+01
1.862900000000000000e+00	7.959277402987760297e+01
1.866500000000000048e+00	8.126868105983182033e+01
1.870100000000000096e+00	8.035759840557673783e+01
1.873699999999999921e+00	7.836890756965641458e+01
1.877399999999999958e+00	7.590970903166831363e+01
1.881000000000000005e+00	7.476364467965140648e+01
1.884600000000000053e+00	7.425687033193221964e+01
1.888200000000000101e+00	7.527043782714744680e+01
1.891799999999999926e+00	7.559139504207782068e+01
1.895399999999999974e+00	7.461268989996982270e+01
1.899000000000000021e+00	7.236635457815137329e+01
1.902600000000000069e+00	6.911938407050486433e+01
1.906199999999999894e+00	6.694771591455598525e+01
1.909799999999999942e+00	6.553221906073954983e+01
1.913399999999999990e+00	6.663798834559017337e+01
1.917000000000000037e+00	6.899276093328829518e+01
1.920600000000000085e+00	7.147029440304901016e+01
1.924199999999999910e+00	7.359983254844763678e+01
1.927899999999999947e+00	7.357914761123267056e+01
1.931499999999999995e+00	7.334639777627330659e+01
1.935100000000000042e+00	7.093166973474454551e+01
1.938700000000000090e+00	6.807971886717760412e+01
1.942299999999999915e+00	6.454376841155792022e+01
1.945899999999999963e+00	6.204896313617905435e+01
1.949500000000000011e+00	5.924926829666929251e+01
1.953100000000000058e+00	5.790293762662665245e+01
1.956700000000000106e+00	5.888092346171886504e+01
1.960299999999999931e+00	6.097170344282981347e+01
1.963899999999999979e+00	6.576541585682876701e+01
1.967500000000000027e+00	6.922849778903866991e+01
1.971100000000000074e+00	7.228328933769722653e+01
1.974699999999999900e+00	7.531424243299579757e+01
1.978399999999999936e+00	7.653797480392633190e+01
1.981999999999999984e+00	7.696757799058711669e+01
1.985600000000000032e+00	7.642758865928541923e+01
1.989200000000000079e+00	7.615041803016760014e+01
1.992799999999999905e+00	7.441213934997770707e+01
1.996399999999999952e+00	7.309203758790954453e+01
2.000000000000000000e+00	7.125924121923934251e+01
