2.000000000000000111e-01	-1.883243155227767973e+00
2.036000000000000032e-01	-3.097202069582503547e+00
2.071999999999999953e-01	-3.732302138834625360e+00
2.107999999999999874e-01	-3.414044594580998737e+00
2.144000000000000072e-01	-2.978426058617358763e+00
2.179999999999999993e-01	-3.600467999018330367e+00
2.215999999999999914e-01	-3.513880280769381859e+00
2.253000000000000003e-01	-3.765713373839538303e+00
2.288999999999999924e-01	-3.292015958580347235e+00
2.325000000000000122e-01	-2.608161790451827056e+00
2.361000000000000043e-01	-2.730463075908240889e+00
2.396999999999999964e-01	-2.560251648312197315e+00
2.432999999999999885e-01	-2.511715460971346126e+00
2.469000000000000083e-01	-2.385416960584438861e+00
2.505000000000000004e-01	-8.423097403276917916e-01
2.540999999999999925e-01	-1.316259394179411624e+00
2.576999999999999846e-01	-2.956080023318474748e-01
2.612999999999999767e-01	-1.091697304152569714e+00
2.649000000000000243e-01	-1.028790415945525005e+00
2.685000000000000164e-01	-7.574276783316151729e-01
2.721000000000000085e-01	9.429757901454116631e-02
2.757999999999999896e-01	-9.258468777380246539e-02
2.793999999999999817e-01	-3.018668666262598332e-01
2.829999999999999738e-01	-6.458437007165828136e-01
2.866000000000000214e-01	3.157437333764145926e-02
2.902000000000000135e-01	-6.331492148247559459e-01
2.938000000000000056e-01	-1.387005076621924404e+00
2.973999999999999977e-01	-1.509763471202068885e+00
3.009999999999999898e-01	-1.691922691925923594e+00
3.045999999999999819e-01	-2.113023499858639465e+00
3.081999999999999740e-01	-2.951828987714904429e+00
3.118000000000000216e-01	-3.666752234705313196e+00
3.154000000000000137e-01	-2.163213277938147439e+00
3.190000000000000058e-01	-3.880172399191075705e+00
3.225999999999999979e-01	-2.835572545424705826e+00
3.262999999999999790e-01	-1.859239629902925905e+00
3.299000000000000266e-01	-2.107069503475453409e+00
3.335000000000000187e-01	-1.485331238186525793e+00
3.371000000000000107e-01	-2.132224362571282228e+00
3.407000000000000028e-01	-1.629761669641881294e+00
3.442999999999999949e-01	-6.359173660512624782e-01
3.478999999999999870e-01	5.381099599496970143e-01
3.514999999999999791e-01	-8.458169492377876075e-03
3.551000000000000267e-01	3.866679589354492519e-01
3.587000000000000188e-01	1.055427142744287117e-01
3.623000000000000109e-01	9.503069239771790855e-01
3.659000000000000030e-01	2.077359305436451642e+00
3.694999999999999951e-01	1.264508705648820674e+00
3.730999999999999872e-01	1.461463783218177603e+00
3.768000000000000238e-01	1.557922687177915710e+00
3.804000000000000159e-01	8.275646269067300498e-01
3.840000000000000080e-01	1.350458623342499109e+00
3.876000000000000001e-01	1.246701431505516933e+00
3.911999999999999922e-01	1.362258522675035888e+00
3.947999999999999843e-01	1.534422172548174368e+00
3.983999999999999764e-01	4.737043102325454447e-01
4.020000000000000240e-01	-2.193076184445572063e-02
4.056000000000000161e-01	3.154811832006863548e-01
4.092000000000000082e-01	-1.106773411692866027e+00
4.128000000000000003e-01	-7.910071628439641067e-01
4.163999999999999924e-01	-1.731465615686450521e-01
4.199999999999999845e-01	-5.611788614470492043e-02
4.235999999999999766e-01	-1.625147692184723880e+00
4.273000000000000131e-01	-7.842252731085270767e-01
4.309000000000000052e-01	7.723705053619698280e-01
4.344999999999999973e-01	-3.812261206466650565e-01
4.380999999999999894e-01	2.039213293536439320e-01
4.416999999999999815e-01	4.848168820454243910e-01
4.452999999999999736e-01	-2.454518545509970506e-02
4.489000000000000212e-01	-1.577935527572034424e-01
4.525000000000000133e-01	1.278968855983750874e+00
4.561000000000000054e-01	1.204558300747326172e+00
4.596999999999999975e-01	1.849825059297772745e+00
4.632999999999999896e-01	2.708954432688732261e+00
4.668999999999999817e-01	1.225106695301873660e+00
4.704999999999999738e-01	2.226536504407838457e+00
4.741000000000000214e-01	1.777667542875360329e+00
4.778000000000000025e-01	2.618014647775109172e+00
4.813999999999999946e-01	1.991773769405909222e+00
4.849999999999999867e-01	1.516337161427063318e+00
4.885999999999999788e-01	1.971879875759440903e+00
4.922000000000000264e-01	2.764398614473301485e+00
4.958000000000000185e-01	1.333534650383113362e+00
4.994000000000000106e-01	1.371316790668665631e+00
5.030000000000000027e-01	1.912404694919643156e+00
5.066000000000000503e-01	1.504836960310241611e+00
5.101999999999999869e-01	4.505857175957962424e-01
5.138000000000000345e-01	2.098077371186076179e-01
5.173999999999999710e-01	2.207442290591595524e-01
5.210000000000000187e-01	2.548673281970669224e-01
5.245999999999999552e-01	-5.084547611400671574e-01
5.282999999999999918e-01	3.634569575626092619e-01
5.319000000000000394e-01	-6.411488590758235295e-02
5.354999999999999760e-01	-4.410948859215527706e-01
5.391000000000000236e-01	6.926139101789405284e-02
5.426999999999999602e-01	5.858204877119718157e-01
5.463000000000000078e-01	2.742033967303108000e-01
5.499000000000000554e-01	1.314995930139502667e+00
5.534999999999999920e-01	1.986686904501254514e+00
5.571000000000000396e-01	2.241469065065301969e+00
5.606999999999999762e-01	3.126724165596494132e+00
5.643000000000000238e-01	3.199626385942591966e+00
5.678999999999999604e-01	3.956768731052275445e+00
5.715000000000000080e-01	2.418331501391756788e+00
5.752000000000000446e-01	3.716356015197217921e+00
5.787999999999999812e-01	3.890414262353513841e+00
5.824000000000000288e-01	4.707068546852864799e+00
5.859999999999999654e-01	4.745247673946965783e+00
5.896000000000000130e-01	3.336643105107926388e+00
5.931999999999999496e-01	3.132560220534416739e+00
5.967999999999999972e-01	3.630737446938188562e+00
6.004000000000000448e-01	3.641787464117428819e+00
6.039999999999999813e-01	3.135652002316518860e+00
6.076000000000000290e-01	3.661384693349611030e+00
6.111999999999999655e-01	2.539734478107030569e+00
6.148000000000000131e-01	3.126833280587429709e+00
6.183999999999999497e-01	2.268356100329651071e+00
6.219999999999999973e-01	2.911157684787380795e+00
6.257000000000000339e-01	2.353648846196022326e+00
6.292999999999999705e-01	1.440524293494323871e+00
6.329000000000000181e-01	2.491183889233609783e+00
6.364999999999999547e-01	2.768506025301538997e+00
6.401000000000000023e-01	2.753012545630801000e+00
6.437000000000000499e-01	1.631504362133643582e+00
6.472999999999999865e-01	2.760089509810182307e+00
6.509000000000000341e-01	2.388345810266304881e+00
6.544999999999999707e-01	3.869267919561934388e+00
6.581000000000000183e-01	3.501393574827886379e+00
6.616999999999999549e-01	3.761214783211839663e+00
6.653000000000000025e-01	3.999408610680871501e+00
6.689000000000000501e-01	4.170740211196802605e+00
6.724999999999999867e-01	5.185353891488153621e+00
6.762000000000000233e-01	4.555614526508850126e+00
6.797999999999999599e-01	5.790815636277160117e+00
6.834000000000000075e-01	4.900769677193859586e+00
6.870000000000000551e-01	5.703894558123009162e+00
6.905999999999999917e-01	5.469434727312153299e+00
6.942000000000000393e-01	5.679994534459845923e+00
6.977999999999999758e-01	4.590968138317347957e+00
7.014000000000000234e-01	4.054155782241907424e+00
7.049999999999999600e-01	4.428067523723147048e+00
7.086000000000000076e-01	3.754774365967497918e+00
7.122000000000000552e-01	2.876434184765141122e+00
7.157999999999999918e-01	4.216642527175499922e+00
7.194000000000000394e-01	3.854615629407097899e+00
7.229999999999999760e-01	3.760570078160782259e+00
7.267000000000000126e-01	2.470714426413965104e+00
7.302999999999999492e-01	4.101952608900760744e+00
7.338999999999999968e-01	3.404985783562718638e+00
7.375000000000000444e-01	2.586009716181796314e+00
7.410999999999999810e-01	3.060227264465158914e+00
7.447000000000000286e-01	3.272218422973364405e+00
7.482999999999999652e-01	2.653487250489543925e+00
7.519000000000000128e-01	3.700500908210057283e+00
7.554999999999999494e-01	3.833808893565964659e+00
7.590999999999999970e-01	4.774566567436364650e+00
7.627000000000000446e-01	5.086562233214408479e+00
7.662999999999999812e-01	4.428879075883129346e+00
7.699000000000000288e-01	5.503432425450374588e+00
7.734999999999999654e-01	5.247938689180584149e+00
7.772000000000000020e-01	5.179170747336914182e+00
7.808000000000000496e-01	5.843328074305349062e+00
7.843999999999999861e-01	6.129273561963969108e+00
7.880000000000000338e-01	5.551851949620746574e+00
7.915999999999999703e-01	6.817436477274532614e+00
7.952000000000000179e-01	5.622590508170850043e+00
7.987999999999999545e-01	6.459485724686240715e+00
8.024000000000000021e-01	4.906540173377248237e+00
8.060000000000000497e-01	6.187369347508893114e+00
8.095999999999999863e-01	5.479719840894044403e+00
8.132000000000000339e-01	5.187266943553336063e+00
8.167999999999999705e-01	4.886654049063364091e+00
8.204000000000000181e-01	4.667991650352546706e+00
8.239999999999999547e-01	4.665441779877764539e+00
8.276999999999999913e-01	5.238246075585167638e+00
8.313000000000000389e-01	4.158027450320436635e+00
8.348999999999999755e-01	5.373938525044335890e+00
8.385000000000000231e-01	4.728669111169294226e+00
8.420999999999999597e-01	6.243770584441286076e+00
8.457000000000000073e-01	5.369298686701129419e+00
8.493000000000000549e-01	5.150957438099259988e+00
8.528999999999999915e-01	5.889155540414744650e+00
8.565000000000000391e-01	5.256261087068233806e+00
8.600999999999999757e-01	5.926937154906529059e+00
8.637000000000000233e-01	5.376235598193480847e+00
8.672999999999999599e-01	6.305191858617869904e+00
8.709000000000000075e-01	5.781937871224138270e+00
8.745000000000000551e-01	5.731971213384449371e+00
8.781999999999999806e-01	6.180927797312848249e+00
8.818000000000000282e-01	6.878495855571599371e+00
8.853999999999999648e-01	7.266718388280063223e+00
8.890000000000000124e-01	7.686215799474989119e+00
8.925999999999999490e-01	7.482096719945574570e+00
8.961999999999999966e-01	7.187507345642385914e+00
8.998000000000000442e-01	6.953872257580415273e+00
9.033999999999999808e-01	7.569516333608326875e+00
9.070000000000000284e-01	7.717777297344583509e+00
9.105999999999999650e-01	7.012575802716691342e+00
9.142000000000000126e-01	8.439678228805242099e+00
9.177999999999999492e-01	7.364202222355285876e+00
9.213999999999999968e-01	7.257743060164015603e+00
9.251000000000000334e-01	7.147809501237086138e+00
9.286999999999999700e-01	7.081827690313385659e+00
9.323000000000000176e-01	7.337261425253157832e+00
9.358999999999999542e-01	7.532164897864907616e+00
9.395000000000000018e-01	7.143287081993502596e+00
9.431000000000000494e-01	7.037102048533449228e+00
9.466999999999999860e-01	7.579559879083028306e+00
9.503000000000000336e-01	8.153346413357008160e+00
9.538999999999999702e-01	8.713605579847966354e+00
9.575000000000000178e-01	9.212370353933032163e+00
9.610999999999999543e-01	9.658890329043847700e+00
9.647000000000000020e-01	8.891892999398356423e+00
9.683000000000000496e-01	9.465073206691283048e+00
9.718999999999999861e-01	8.618903894806912547e+00
9.756000000000000227e-01	9.227030318517318364e+00
9.791999999999999593e-01	9.798832609142369421e+00
9.828000000000000069e-01	1.038459929610989008e+01
9.864000000000000545e-01	1.008706629047625292e+01
9.899999999999999911e-01	9.851370925665644762e+00
9.936000000000000387e-01	9.942252967010217546e+00
9.971999999999999753e-01	9.890969164749323639e+00
1.000799999999999912e+00	1.037582383928100249e+01
1.004399999999999959e+00	9.891280090593530971e+00
1.008000000000000007e+00	1.046113560400023346e+01
1.011600000000000055e+00	1.012002201279767100e+01
1.015200000000000102e+00	1.047810485525464586e+01
1.018799999999999928e+00	1.161798785008548052e+01
1.022399999999999975e+00	9.704507732854523283e+00
1.026100000000000012e+00	1.092096837249979124e+01
1.029700000000000060e+00	1.038415130797688768e+01
1.033300000000000107e+00	1.115544699784344651e+01
1.036899999999999933e+00	1.144397931992759077e+01
1.040499999999999980e+00	1.184419888382349662e+01
1.044100000000000028e+00	1.181224368273861280e+01
1.047700000000000076e+00	1.185947700192531329e+01
1.051299999999999901e+00	1.086181833153047371e+01
1.054899999999999949e+00	1.146697930761930095e+01
1.058499999999999996e+00	1.155409798380992648e+01
1.062100000000000044e+00	1.056008040582897145e+01
1.065700000000000092e+00	1.219718588461709174e+01
1.069299999999999917e+00	1.208008224449861068e+01
1.072899999999999965e+00	1.198688125498811807e+01
1.076600000000000001e+00	1.222754514426871708e+01
1.080200000000000049e+00	1.220833724847483914e+01
1.083800000000000097e+00	1.251291873884797390e+01
1.087399999999999922e+00	1.264369749304237800e+01
1.090999999999999970e+00	1.507489104743735631e+01
1.094600000000000017e+00	1.621864329169560648e+01
1.098200000000000065e+00	1.523962571399377275e+01
1.101799999999999891e+00	1.573004794311738053e+01
1.105399999999999938e+00	1.475003155134035993e+01
1.108999999999999986e+00	1.700482881656283141e+01
1.112600000000000033e+00	1.668616638160951737e+01
1.116200000000000081e+00	1.584668763242793155e+01
1.119799999999999907e+00	1.561119004011796640e+01
1.123399999999999954e+00	1.496125456809117793e+01
1.127099999999999991e+00	1.597485626938243364e+01
1.130700000000000038e+00	1.605336599065082481e+01
1.134300000000000086e+00	1.490790037465958306e+01
1.137899999999999912e+00	1.585933940176203549e+01
1.141499999999999959e+00	1.635989908997424536e+01
1.145100000000000007e+00	1.653769516613608559e+01
1.148700000000000054e+00	1.694860916923462213e+01
1.152300000000000102e+00	1.903659733396050768e+01
1.155899999999999928e+00	1.993475468122831629e+01
1.159499999999999975e+00	1.972696840498697313e+01
1.163100000000000023e+00	1.939674632014666855e+01
1.166700000000000070e+00	1.958526469914816559e+01
1.170299999999999896e+00	1.948523182824968814e+01
1.173899999999999944e+00	1.873135851885023939e+01
1.177599999999999980e+00	1.886547908843299837e+01
1.181200000000000028e+00	1.897721053301937388e+01
1.184800000000000075e+00	2.182394190433338110e+01
1.188399999999999901e+00	2.087476246994668116e+01
1.191999999999999948e+00	2.229251635051681646e+01
1.195599999999999996e+00	2.185687373110651421e+01
1.199200000000000044e+00	2.218078284646581011e+01
1.202800000000000091e+00	2.236363590723665240e+01
1.206399999999999917e+00	2.276810303327276941e+01
1.209999999999999964e+00	2.365896790804180227e+01
1.213600000000000012e+00	2.306344674320124355e+01
1.217200000000000060e+00	2.455641717257093504e+01
1.220800000000000107e+00	2.468395830476808683e+01
1.224399999999999933e+00	2.453818566896953257e+01
1.228099999999999969e+00	2.509393166575507195e+01
1.231700000000000017e+00	2.507561094106842603e+01
1.235300000000000065e+00	2.589171112653701101e+01
1.238899999999999890e+00	2.564566618958238209e+01
1.242499999999999938e+00	2.513358616015791824e+01
1.246099999999999985e+00	2.620591706151082079e+01
1.249700000000000033e+00	2.570785084825626043e+01
1.253300000000000081e+00	2.607102610349863880e+01
1.256899999999999906e+00	2.710189559175850960e+01
1.260499999999999954e+00	2.820004117343708216e+01
1.264100000000000001e+00	2.856188556998326433e+01
1.267700000000000049e+00	2.831040644098343151e+01
1.271300000000000097e+00	2.994014419867081500e+01
1.274899999999999922e+00	2.972768932252531116e+01
1.278599999999999959e+00	3.019190828317092823e+01
1.282200000000000006e+00	2.983728243922002576e+01
1.285800000000000054e+00	3.102064261169515902e+01
1.289400000000000102e+00	3.171851793980726342e+01
1.292999999999999927e+00	3.167493510270550772e+01
1.296599999999999975e+00	3.259596491917466210e+01
1.300200000000000022e+00	3.312452543480179656e+01
1.303800000000000070e+00	3.413649742915720964e+01
1.307399999999999896e+00	3.489314572543674586e+01
1.310999999999999943e+00	3.553865510064591149e+01
1.314599999999999991e+00	3.504373599704886288e+01
1.318200000000000038e+00	3.741324188043165577e+01
1.321800000000000086e+00	3.650240570494737113e+01
1.325499999999999901e+00	3.602493713945272447e+01
1.329099999999999948e+00	3.644789789554022263e+01
1.332699999999999996e+00	3.727302532900230148e+01
1.336300000000000043e+00	3.769471012096108353e+01
1.339900000000000091e+00	3.727052463188043419e+01
1.343499999999999917e+00	3.684128108751468744e+01
1.347099999999999964e+00	3.819147298436282512e+01
1.350700000000000012e+00	3.782308484483938571e+01
1.354300000000000059e+00	3.889207620637289864e+01
1.357900000000000107e+00	4.007960632991214567e+01
1.361499999999999932e+00	3.983284277664829176e+01
1.365099999999999980e+00	4.012584712451329239e+01
1.368700000000000028e+00	4.074065674701714812e+01
1.372300000000000075e+00	4.288213220173201989e+01
1.375999999999999890e+00	4.266144269392521693e+01
1.379599999999999937e+00	4.334772251316525171e+01
1.383199999999999985e+00	4.336417440634242126e+01
1.386800000000000033e+00	4.527927395410328160e+01
1.390400000000000080e+00	4.419270028535171235e+01
1.393999999999999906e+00	4.549421993526103591e+01
1.397599999999999953e+00	4.526721021565199266e+01
1.401200000000000001e+00	4.528283865585736123e+01
1.404800000000000049e+00	4.591784024553341936e+01
1.408400000000000096e+00	4.544513647383765687e+01
1.411999999999999922e+00	4.590957854704775798e+01
1.415599999999999969e+00	4.591680968498920379e+01
1.419200000000000017e+00	4.536209925669991350e+01
1.422800000000000065e+00	4.624298064915468842e+01
1.426500000000000101e+00	4.735501999396043260e+01
1.430099999999999927e+00	4.700346413768992448e+01
1.433699999999999974e+00	4.661771589754547307e+01
1.437300000000000022e+00	4.876770109668643727e+01
1.440900000000000070e+00	4.725066322255759133e+01
1.444499999999999895e+00	4.816422448796320310e+01
1.448099999999999943e+00	4.760567841347196349e+01
1.451699999999999990e+00	4.793284642746330348e+01
1.455300000000000038e+00	4.843285171713721127e+01
1.458900000000000086e+00	4.888833972179794074e+01
1.462499999999999911e+00	4.963440638251270798e+01
1.466099999999999959e+00	4.972547476733389971e+01
1.469700000000000006e+00	5.079315472838904100e+01
1.473300000000000054e+00	5.144663692571329250e+01
1.477000000000000091e+00	5.328477493412445654e+01
1.480599999999999916e+00	5.311317278976162726e+01
1.484199999999999964e+00	5.305474420629505516e+01
1.487800000000000011e+00	5.352109926478805590e+01
1.491400000000000059e+00	5.523288843919060298e+01
1.495000000000000107e+00	5.678574755391968409e+01
1.498599999999999932e+00	5.914749558109151906e+01
1.502199999999999980e+00	5.985854970199758895e+01
1.505800000000000027e+00	6.063739728035264420e+01
1.509400000000000075e+00	6.230993042221515310e+01
1.512999999999999901e+00	6.097423616140450520e+01
1.516599999999999948e+00	5.968699194274303466e+01
1.520199999999999996e+00	5.937220571166282213e+01
1.523800000000000043e+00	5.824656260348983494e+01
1.527500000000000080e+00	5.675098030897309087e+01
1.531099999999999905e+00	5.685841769808921953e+01
1.534699999999999953e+00	5.720939693540763216e+01
1.538300000000000001e+00	5.736879332066294523e+01
1.541900000000000048e+00	5.750922707228551900e+01
1.545500000000000096e+00	5.833227575152083233e+01
1.549099999999999921e+00	5.802458966034561172e+01
1.552699999999999969e+00	5.910508714639027517e+01
1.556300000000000017e+00	5.791343511409669276e+01
1.559900000000000064e+00	5.890142544733178198e+01
1.563499999999999890e+00	5.860521624819302389e+01
1.567099999999999937e+00	5.887078570563139834e+01
1.570699999999999985e+00	6.038466188841125160e+01
1.574300000000000033e+00	6.007767959588474582e+01
1.578000000000000069e+00	6.026671376358176246e+01
1.581599999999999895e+00	6.019124776647145580e+01
1.585199999999999942e+00	6.038364131745018426e+01
1.588799999999999990e+00	5.887716517036175645e+01
1.592400000000000038e+00	5.868478869230305861e+01
1.596000000000000085e+00	5.923597603064892780e+01
1.599599999999999911e+00	6.052191302107213033e+01
1.603199999999999958e+00	6.335206457112529677e+01
1.606800000000000006e+00	6.417787635228695819e+01
1.610400000000000054e+00	6.289454385173896611e+01
1.614000000000000101e+00	6.105486444715897676e+01
1.617599999999999927e+00	5.895510207942971448e+01
1.621199999999999974e+00	5.540956156404721611e+01
1.624800000000000022e+00	5.402482226253994213e+01
1.628500000000000059e+00	5.344609104442031366e+01
1.632100000000000106e+00	5.475236647598977413e+01
1.635699999999999932e+00	5.555624756260847619e+01
1.639299999999999979e+00	5.744842878391983021e+01
1.642900000000000027e+00	6.015166100751342526e+01
1.646500000000000075e+00	6.138184133600122294e+01
1.650099999999999900e+00	6.278206783988125039e+01
1.653699999999999948e+00	6.468683352204664061e+01
1.657299999999999995e+00	6.767785138305582393e+01
1.660900000000000043e+00	6.996183660788675240e+01
1.664500000000000091e+00	7.352380272363389224e+01
1.668099999999999916e+00	7.377251285170812878e+01
1.671699999999999964e+00	7.319400279835494416e+01
1.675400000000000000e+00	6.864716348854619810e+01
1.679000000000000048e+00	6.386235497791136595e+01
1.682600000000000096e+00	5.941408497501871722e+01
1.686199999999999921e+00	5.732953543439738553e+01
1.689799999999999969e+00	5.746215843447470206e+01
1.693400000000000016e+00	5.620364167162717450e+01
1.697000000000000064e+00	5.825055217237483873e+01
1.700599999999999890e+00	5.954702464235088399e+01
1.704199999999999937e+00	6.099131607176202863e+01
1.707799999999999985e+00	6.210593202507440935e+01
1.711400000000000032e+00	6.397739519402844621e+01
1.715000000000000080e+00	6.440641651979818505e+01
1.718599999999999905e+00	6.400618942157342417e+01
1.722199999999999953e+00	6.208379305472667653e+01
1.725899999999999990e+00	6.138902010946207355e+01
1.729500000000000037e+00	5.910298674860247559e+01
1.733100000000000085e+00	5.881779051975230743e+01
1.736699999999999910e+00	5.919694122663609903e+01
1.740299999999999958e+00	5.925453140162351673e+01
1.743900000000000006e+00	6.119059998173247550e+01
1.747500000000000053e+00	6.383272742426960633e+01
1.751100000000000101e+00	6.546770020470584939e+01
1.754699999999999926e+00	6.923229011685188539e+01
1.758299999999999974e+00	7.172407860187570350e+01
1.761900000000000022e+00	7.211231203004793144e+01
1.765500000000000069e+00	7.202082292480550052e+01
1.769099999999999895e+00	6.991843567845258178e+01
1.772699999999999942e+00	6.760752723300656442e+01
1.776399999999999979e+00	6.683271532192415521e+01
1.780000000000000027e+00	6.594478199483297942e+01
1.783600000000000074e+00	6.576702263734277665e+01
1.787199999999999900e+00	6.541749101587363668e+01
1.790799999999999947e+00	6.559340517249837887e+01
1.794399999999999995e+00	6.418106810847511667e+01
1.798000000000000043e+00	6.260318367750164015e+01
1.801600000000000090e+00	6.108144409433401734e+01
1.805199999999999916e+00	5.929873180548530343e+01
1.808799999999999963e+00	5.786065197726258447e+01
1.812400000000000011e+00	5.660808616456294828e+01
1.816000000000000059e+00	5.631681664209905591e+01
1.819600000000000106e+00	5.822419815964171619e+01
1.823199999999999932e+00	6.144925976570813475e+01
1.826899999999999968e+00	6.731812681341077109e+01
1.830500000000000016e+00	7.251953111832510501e+01
1.834100000000000064e+00	7.601600775980931246e+01
1.837699999999999889e+00	7.768900068612603604e+01
1.841299999999999937e+00	7.590219614307935103e+01
1.844899999999999984e+00	7.270210061527936318e+01
1.848500000000000032e+00	7.057704634310111658e+01
1.852100000000000080e+00	6.937045800503467774e+01
1.855699999999999905e+00	7.208450968853169627e+01
1.859299999999999953e+00	7.386874257861387605e+01
1.862900000000000000e+00	7.484563850319352696e+01
1.866500000000000048e+00	7.445678515666888586e+01
1.870100000000000096e+00	7.112853266345041447e+01
1.873699999999999921e+00	6.769991841520081266e+01
1.877399999999999958e+00	6.485165493370824663e+01
1.881000000000000005e+00	6.101331369495211732e+01
1.884600000000000053e+00	5.964734303182922304e+01
1.888200000000000101e+00	6.033828167058470626e+01
1.891799999999999926e+00	6.296055560309688559e+01
1.895399999999999974e+00	6.612729819229353723e+01
1.899000000000000021e+00	6.887776162332865226e+01
1.902600000000000069e+00	7.210267932833453131e+01
1.906199999999999894e+00	7.376762374271180533e+01
1.909799999999999942e+00	7.391170461239950384e+01
1.913399999999999990e+00	7.115014927179851156e+01
1.917000000000000037e+00	6.590883275101576544e+01
1.920600000000000085e+00	6.072388041648495971e+01
1.924199999999999910e+00	5.799846057623935991e+01
1.927899999999999947e+00	5.775874651655193759e+01
1.931499999999999995e+00	5.996265389907535592e+01
1.935100000000000042e+00	6.411317920981846896e+01
1.938700000000000090e+00	6.666288358140263881e+01
1.942299999999999915e+00	6.690000873469929843e+01
1.945899999999999963e+00	6.358221522407441739e+01
1.949500000000000011e+00	6.213955417313897556e+01
1.953100000000000058e+00	5.889506854203067121e+01
1.956700000000000106e+00	5.838391900608517915e+01
1.960299999999999931e+00	5.963583770423799280e+01
1.963899999999999979e+00	6.271611055364332543e+01
1.967500000000000027e+00	6.562217330818832295e+01
1.971100000000000074e+00	6.627617693506346086e+01
1.974699999999999900e+00	6.659968508008434185e+01
1.978399999999999936e+00	6.620346042233107653e+01
1.981999999999999984e+00	6.491533516828474148e+01
1.985600000000000032e+00	6.370248005529281699e+01
1.989200000000000079e+00	6.407196114687202737e+01
1.992799999999999905e+00	6.579545171923155067e+01
1.996399999999999952e+00	6.997474141873534847e+01
2.000000000000000000e+00	7.779641328204239414e+01
