2.000000000000000111e-01	-4.369017380851303756e+00
2.036000000000000032e-01	-4.016028620503337088e+00
2.071999999999999953e-01	-3.692753680359229573e+00
2.107999999999999874e-01	-2.225959396703530047e+00
2.144000000000000072e-01	-1.477124734953966012e+00
2.179999999999999993e-01	-1.158694280459822812e+00
2.215999999999999914e-01	-1.026412668587683097e+00
2.253000000000000003e-01	-2.777462499677088026e-01
2.288999999999999924e-01	-2.469341718228426907e-01
2.325000000000000122e-01	2.009207367812820832e-01
2.361000000000000043e-01	1.693700890966771011e+00
2.396999999999999964e-01	6.861245098510320162e-01
2.432999999999999885e-01	7.049346881310064594e-02
2.469000000000000083e-01	-1.497431623455653948e-01
2.505000000000000004e-01	-1.134558463627954206e+00
2.540999999999999925e-01	-9.802725328539247940e-01
2.576999999999999846e-01	-1.439412608104530644e+00
2.612999999999999767e-01	-1.353038379589460272e+00
2.649000000000000243e-01	-1.002565215311760127e+00
2.685000000000000164e-01	-2.257605768772705357e+00
2.721000000000000085e-01	-2.429640934855119117e+00
2.757999999999999896e-01	-3.526613728620311417e+00
2.793999999999999817e-01	-2.913324223787300049e+00
2.829999999999999738e-01	-3.066490362656428825e+00
2.866000000000000214e-01	-2.049050959473737166e+00
2.902000000000000135e-01	-2.109435528140156002e+00
2.938000000000000056e-01	-9.251646801539743503e-01
2.973999999999999977e-01	-3.734079610428027163e-01
3.009999999999999898e-01	5.475587679185387469e-01
3.045999999999999819e-01	6.471234760664943408e-01
3.081999999999999740e-01	2.513447856807227154e+00
3.118000000000000216e-01	3.781755982434160224e+00
3.154000000000000137e-01	4.267241264125589240e+00
3.190000000000000058e-01	4.783142987055804873e+00
3.225999999999999979e-01	4.828789492517037374e+00
3.262999999999999790e-01	5.951084633053245199e+00
3.299000000000000266e-01	5.323337967206986932e+00
3.335000000000000187e-01	5.762949130284749977e+00
3.371000000000000107e-01	3.904244000652064450e+00
3.407000000000000028e-01	3.458082227465819614e+00
3.442999999999999949e-01	4.480646491078246640e+00
3.478999999999999870e-01	2.616507569066030658e+00
3.514999999999999791e-01	3.150678215232449286e+00
3.551000000000000267e-01	2.479137633393400542e+00
3.587000000000000188e-01	2.561851541911039476e+00
3.623000000000000109e-01	2.040831916203579510e+00
3.659000000000000030e-01	1.898574219565470900e+00
3.694999999999999951e-01	1.048381987187193776e+00
3.730999999999999872e-01	1.394879521308385772e+00
3.768000000000000238e-01	3.850547463183143115e+00
3.804000000000000159e-01	4.303404304341043485e+00
3.840000000000000080e-01	5.653406278088878523e+00
3.876000000000000001e-01	4.523006443364851137e+00
3.911999999999999922e-01	5.743842213085128989e+00
3.947999999999999843e-01	4.975208935106328667e+00
3.983999999999999764e-01	6.552813584989555018e+00
4.020000000000000240e-01	7.823859454536521874e+00
4.056000000000000161e-01	9.658480709796606334e+00
4.092000000000000082e-01	1.000819461893761186e+01
4.128000000000000003e-01	1.051224985038822446e+01
4.163999999999999924e-01	9.178892695958635883e+00
4.199999999999999845e-01	1.012030280823049821e+01
4.235999999999999766e-01	8.467722814350279847e+00
4.273000000000000131e-01	9.886126513277872618e+00
4.309000000000000052e-01	7.463316209568778170e+00
4.344999999999999973e-01	8.579717633453860515e+00
4.380999999999999894e-01	8.409968767730715555e+00
4.416999999999999815e-01	7.655511919929218756e+00
4.452999999999999736e-01	7.200026654551892946e+00
4.489000000000000212e-01	6.683952927605631977e+00
4.525000000000000133e-01	7.695044692282807297e+00
4.561000000000000054e-01	6.791279963705415312e+00
4.596999999999999975e-01	6.966984154601285617e+00
4.632999999999999896e-01	8.980065303419179301e+00
4.668999999999999817e-01	8.621799841561482936e+00
4.704999999999999738e-01	1.095973832981665552e+01
4.741000000000000214e-01	1.006947011892740562e+01
4.778000000000000025e-01	1.315873301574772292e+01
4.813999999999999946e-01	1.183337997302675326e+01
4.849999999999999867e-01	1.428060657832843816e+01
4.885999999999999788e-01	1.561555274798324788e+01
4.922000000000000264e-01	1.432931211293890605e+01
4.958000000000000185e-01	1.551143987257118262e+01
4.994000000000000106e-01	1.565925391797312116e+01
5.030000000000000027e-01	1.639301011173050782e+01
5.066000000000000503e-01	1.701212790673831421e+01
5.101999999999999869e-01	1.688552010821014093e+01
5.138000000000000345e-01	1.546944615604036954e+01
5.173999999999999710e-01	1.659436085219267554e+01
5.210000000000000187e-01	1.639220408417001096e+01
5.245999999999999552e-01	1.555472479595177226e+01
5.282999999999999918e-01	1.568750350322790688e+01
5.319000000000000394e-01	1.533297895749530504e+01
5.354999999999999760e-01	1.573912616162158429e+01
5.391000000000000236e-01	1.541571892363894847e+01
5.426999999999999602e-01	1.499287074508359829e+01
5.463000000000000078e-01	1.503254151796714311e+01
5.499000000000000554e-01	1.620494184032797236e+01
5.534999999999999920e-01	1.532868696297317257e+01
5.571000000000000396e-01	1.801520577854871163e+01
5.606999999999999762e-01	1.683257192202716723e+01
5.643000000000000238e-01	1.620825248532498364e+01
5.678999999999999604e-01	1.668733663669524603e+01
5.715000000000000080e-01	1.583321804170004299e+01
5.752000000000000446e-01	1.568774070210379890e+01
5.787999999999999812e-01	1.665527979970470795e+01
5.824000000000000288e-01	1.521169856182238256e+01
5.859999999999999654e-01	1.365362910403556995e+01
5.896000000000000130e-01	1.504752106885737106e+01
5.931999999999999496e-01	1.338743831491383141e+01
5.967999999999999972e-01	1.372361902534111699e+01
6.004000000000000448e-01	1.438471892691878118e+01
6.039999999999999813e-01	1.232500174085193834e+01
6.076000000000000290e-01	1.180204972966795296e+01
6.111999999999999655e-01	1.131243399370778668e+01
6.148000000000000131e-01	1.191080238444932959e+01
6.183999999999999497e-01	1.221078405938879285e+01
6.219999999999999973e-01	1.072861445011463566e+01
6.257000000000000339e-01	1.062265814879701864e+01
6.292999999999999705e-01	9.389565624395913801e+00
6.329000000000000181e-01	1.145800383452754190e+01
6.364999999999999547e-01	1.180825480581016507e+01
6.401000000000000023e-01	1.015747198400849172e+01
6.437000000000000499e-01	8.838030006182044929e+00
6.472999999999999865e-01	9.823244643232911244e+00
6.509000000000000341e-01	9.664472520984423554e+00
6.544999999999999707e-01	9.689926881904709077e+00
6.581000000000000183e-01	8.994955451848634098e+00
6.616999999999999549e-01	1.058636300861585156e+01
6.653000000000000025e-01	9.098151850350028269e+00
6.689000000000000501e-01	7.855420501785671306e+00
6.724999999999999867e-01	8.929717571852103575e+00
6.762000000000000233e-01	9.279076098740663525e+00
6.797999999999999599e-01	8.806667391418185886e+00
6.834000000000000075e-01	8.714890586853991650e+00
6.870000000000000551e-01	9.051853429603930579e+00
6.905999999999999917e-01	9.372430154313105888e+00
6.942000000000000393e-01	1.026475469852653966e+01
6.977999999999999758e-01	8.747562482381814775e+00
7.014000000000000234e-01	1.037568112082595739e+01
7.049999999999999600e-01	1.017180770793112821e+01
7.086000000000000076e-01	1.155455675731142051e+01
7.122000000000000552e-01	1.022944326552282135e+01
7.157999999999999918e-01	1.095720266088438422e+01
7.194000000000000394e-01	1.018349677713576362e+01
7.229999999999999760e-01	1.021985186864982253e+01
7.267000000000000126e-01	1.061598106776874850e+01
7.302999999999999492e-01	9.217168931612640392e+00
7.338999999999999968e-01	1.086667866956645589e+01
7.375000000000000444e-01	8.846716077962552660e+00
7.410999999999999810e-01	1.053822789250326863e+01
7.447000000000000286e-01	9.973142936471141695e+00
7.482999999999999652e-01	1.051980319184701429e+01
7.519000000000000128e-01	1.177992691518917390e+01
7.554999999999999494e-01	8.732438893849892025e+00
7.590999999999999970e-01	1.018371537838106633e+01
7.627000000000000446e-01	9.167603084178471917e+00
7.662999999999999812e-01	1.215132529242519688e+01
7.699000000000000288e-01	1.166648945573320795e+01
7.734999999999999654e-01	1.071291334046037491e+01
7.772000000000000020e-01	1.057606507218878455e+01
7.808000000000000496e-01	1.152237832395758410e+01
7.843999999999999861e-01	1.229991772514254222e+01
7.880000000000000338e-01	1.251851070303396796e+01
7.915999999999999703e-01	1.183810692216299287e+01
7.952000000000000179e-01	1.341829635828067069e+01
7.987999999999999545e-01	1.390552456107234391e+01
8.024000000000000021e-01	1.337437326983812191e+01
8.060000000000000497e-01	1.283339923574679631e+01
8.095999999999999863e-01	1.194395672067063607e+01
8.132000000000000339e-01	1.282169388184301795e+01
8.167999999999999705e-01	1.327124219871443778e+01
8.204000000000000181e-01	1.253119202626518636e+01
8.239999999999999547e-01	1.293036747078098969e+01
8.276999999999999913e-01	1.366690587455376971e+01
8.313000000000000389e-01	1.345067881225917361e+01
8.348999999999999755e-01	1.303930696434668768e+01
8.385000000000000231e-01	1.382514990669230670e+01
8.420999999999999597e-01	1.386285628300367279e+01
8.457000000000000073e-01	1.391428853637141927e+01
8.493000000000000549e-01	1.617213904420371051e+01
8.528999999999999915e-01	1.615642330980945118e+01
8.565000000000000391e-01	1.462175617749439738e+01
8.600999999999999757e-01	1.629908068024733225e+01
8.637000000000000233e-01	1.572400048816270157e+01
8.672999999999999599e-01	1.631192240506326385e+01
8.709000000000000075e-01	1.725616289801405756e+01
8.745000000000000551e-01	1.863641555617075696e+01
8.781999999999999806e-01	1.879706065348649702e+01
8.818000000000000282e-01	1.938673996132837729e+01
8.853999999999999648e-01	1.869249503917985322e+01
8.890000000000000124e-01	1.900566725309558791e+01
8.925999999999999490e-01	1.846580976959977960e+01
8.961999999999999966e-01	2.007606917918613476e+01
8.998000000000000442e-01	1.939422770926658757e+01
9.033999999999999808e-01	1.892022675166220935e+01
9.070000000000000284e-01	1.959471775619050860e+01
9.105999999999999650e-01	2.015917732571638155e+01
9.142000000000000126e-01	2.033520376593211054e+01
9.177999999999999492e-01	1.974751705858688311e+01
9.213999999999999968e-01	2.162214198324808478e+01
9.251000000000000334e-01	2.049837520128414425e+01
9.286999999999999700e-01	2.181784763646213321e+01
9.323000000000000176e-01	2.137593273083924927e+01
9.358999999999999542e-01	2.144078645651772774e+01
9.395000000000000018e-01	2.335101229208288842e+01
9.431000000000000494e-01	2.291948035189413702e+01
9.466999999999999860e-01	2.416071963417794066e+01
9.503000000000000336e-01	2.363033105277740731e+01
9.538999999999999702e-01	2.353015492108433193e+01
9.575000000000000178e-01	2.475524092269321130e+01
9.610999999999999543e-01	2.381925377832174817e+01
9.647000000000000020e-01	2.478094939599314372e+01
9.683000000000000496e-01	2.464357835498162430e+01
9.718999999999999861e-01	2.545157379083748950e+01
9.756000000000000227e-01	2.581678992453385035e+01
9.791999999999999593e-01	2.359904369434927673e+01
9.828000000000000069e-01	2.605461554129680124e+01
9.864000000000000545e-01	2.263650310871953053e+01
9.899999999999999911e-01	2.482474522724358579e+01
9.936000000000000387e-01	2.542738572759856197e+01
9.971999999999999753e-01	2.473093757110127200e+01
1.000799999999999912e+00	2.611067865505219388e+01
1.004399999999999959e+00	2.641947601955458325e+01
1.008000000000000007e+00	2.684847527886399732e+01
1.011600000000000055e+00	2.869112617786370834e+01
1.015200000000000102e+00	2.680249749563955319e+01
1.018799999999999928e+00	2.816599557772374496e+01
1.022399999999999975e+00	2.735086977134207586e+01
1.026100000000000012e+00	2.772470911672957072e+01
1.029700000000000060e+00	2.946633798240753066e+01
1.033300000000000107e+00	2.742142007171203844e+01
1.036899999999999933e+00	2.890773640874198946e+01
1.040499999999999980e+00	2.936853834550479192e+01
1.044100000000000028e+00	3.023308165526044178e+01
1.047700000000000076e+00	2.975004102198492362e+01
1.051299999999999901e+00	2.917892191338315300e+01
1.054899999999999949e+00	2.911724398618446941e+01
1.058499999999999996e+00	3.075083556181251154e+01
1.062100000000000044e+00	2.948173111449591133e+01
1.065700000000000092e+00	3.003426324469097253e+01
1.069299999999999917e+00	3.075755713406741165e+01
1.072899999999999965e+00	3.207432309053722719e+01
1.076600000000000001e+00	3.192039587499171915e+01
1.080200000000000049e+00	3.195298519969188078e+01
1.083800000000000097e+00	3.194513813994732843e+01
1.087399999999999922e+00	3.055954028362044994e+01
1.090999999999999970e+00	3.142241468708612828e+01
1.094600000000000017e+00	3.137638353685379045e+01
1.098200000000000065e+00	3.251351431040605888e+01
1.101799999999999891e+00	3.186983547948055318e+01
1.105399999999999938e+00	3.138752323930829036e+01
1.108999999999999986e+00	3.296457774024145237e+01
1.112600000000000033e+00	3.294243183352757853e+01
1.116200000000000081e+00	3.437527677117313374e+01
1.119799999999999907e+00	3.350208476765643439e+01
1.123399999999999954e+00	3.265299452218502552e+01
1.127099999999999991e+00	3.196404760177791715e+01
1.130700000000000038e+00	3.241324886010171014e+01
1.134300000000000086e+00	3.235838447787619288e+01
1.137899999999999912e+00	3.512086479896406388e+01
1.141499999999999959e+00	3.582488713290110383e+01
1.145100000000000007e+00	3.395908771614512744e+01
1.148700000000000054e+00	3.590218524951364998e+01
1.152300000000000102e+00	3.507777542198101628e+01
1.155899999999999928e+00	3.825197026278990364e+01
1.159499999999999975e+00	3.706299569716887987e+01
1.163100000000000023e+00	3.763894677792278287e+01
1.166700000000000070e+00	3.718178374752304194e+01
1.170299999999999896e+00	3.706433833736234362e+01
1.173899999999999944e+00	3.888219348752014071e+01
1.177599999999999980e+00	3.690447473513332000e+01
1.181200000000000028e+00	3.878649763136770190e+01
1.184800000000000075e+00	3.982108193031879040e+01
1.188399999999999901e+00	3.898166622939120884e+01
1.191999999999999948e+00	4.076498805045510210e+01
1.195599999999999996e+00	4.141988919500702337e+01
1.199200000000000044e+00	4.045019536541158089e+01
1.202800000000000091e+00	3.930311709599560288e+01
1.206399999999999917e+00	4.196713074646233821e+01
1.209999999999999964e+00	4.166889647243393568e+01
1.213600000000000012e+00	4.398384255207463411e+01
1.217200000000000060e+00	4.276674272404356714e+01
1.220800000000000107e+00	4.462277209970969949e+01
1.224399999999999933e+00	4.552164518454329567e+01
1.228099999999999969e+00	4.709349691882896849e+01
1.231700000000000017e+00	4.753051422273503590e+01
1.235300000000000065e+00	4.611641647077665596e+01
1.238899999999999890e+00	4.779682326903527922e+01
1.242499999999999938e+00	4.935095241603703187e+01
1.246099999999999985e+00	4.962629226957704276e+01
1.249700000000000033e+00	4.923339129070392772e+01
1.253300000000000081e+00	5.032858465019938876e+01
1.256899999999999906e+00	4.970889051447391438e+01
1.260499999999999954e+00	5.120393667700142970e+01
1.264100000000000001e+00	5.067973948733692424e+01
1.267700000000000049e+00	5.309716791465164221e+01
1.271300000000000097e+00	5.366927381579842660e+01
1.274899999999999922e+00	5.739111103804563641e+01
1.278599999999999959e+00	5.827647676682815359e+01
1.282200000000000006e+00	5.979982478683965041e+01
1.285800000000000054e+00	6.173853222725365697e+01
1.289400000000000102e+00	5.968105918953789057e+01
1.292999999999999927e+00	6.107102489380520893e+01
1.296599999999999975e+00	6.263490642126403429e+01
1.300200000000000022e+00	6.201103452958929552e+01
1.303800000000000070e+00	6.287657188281367127e+01
1.307399999999999896e+00	6.425479125433008676e+01
1.310999999999999943e+00	6.662922127650176662e+01
1.314599999999999991e+00	7.183808182543421594e+01
1.318200000000000038e+00	7.686392235908895998e+01
1.321800000000000086e+00	8.122438086371302290e+01
1.325499999999999901e+00	8.366829896776484077e+01
1.329099999999999948e+00	8.454306661239415632e+01
1.332699999999999996e+00	8.176829716046641749e+01
1.336300000000000043e+00	8.105509704328319742e+01
1.339900000000000091e+00	8.025339936453990219e+01
1.343499999999999917e+00	8.226420858412397763e+01
1.347099999999999964e+00	8.355778582305688928e+01
1.350700000000000012e+00	8.837386959036111023e+01
1.354300000000000059e+00	8.988314252011842598e+01
1.357900000000000107e+00	9.374602525174991285e+01
1.361499999999999932e+00	9.625962961443678978e+01
1.365099999999999980e+00	9.787246664335998503e+01
1.368700000000000028e+00	9.729686069296572271e+01
1.372300000000000075e+00	9.539434999182518027e+01
1.375999999999999890e+00	9.449521390201810789e+01
1.379599999999999937e+00	9.327956210230077261e+01
1.383199999999999985e+00	9.479574060239465894e+01
1.386800000000000033e+00	1.015942405578798144e+02
1.390400000000000080e+00	1.122516260939280386e+02
1.393999999999999906e+00	1.228511054822230619e+02
1.397599999999999953e+00	1.307179382434859747e+02
1.401200000000000001e+00	1.323546868238953209e+02
1.404800000000000049e+00	1.275081447194898203e+02
1.408400000000000096e+00	1.172246041639052123e+02
1.411999999999999922e+00	1.084042486167157193e+02
1.415599999999999969e+00	1.035871008020206858e+02
1.419200000000000017e+00	1.045710016892111440e+02
1.422800000000000065e+00	1.108547093972249939e+02
1.426500000000000101e+00	1.154147472736754167e+02
1.430099999999999927e+00	1.194066476136622015e+02
1.433699999999999974e+00	1.127074132773977340e+02
1.437300000000000022e+00	1.096694160432482334e+02
1.440900000000000070e+00	1.029667869887680922e+02
1.444499999999999895e+00	9.753681004649131125e+01
1.448099999999999943e+00	9.881746069076136507e+01
1.451699999999999990e+00	1.033969552040170896e+02
1.455300000000000038e+00	1.088167156089809566e+02
1.458900000000000086e+00	1.118138609967084705e+02
1.462499999999999911e+00	1.111079680901967777e+02
1.466099999999999959e+00	1.042888781562022160e+02
1.469700000000000006e+00	9.594769841485204154e+01
1.473300000000000054e+00	9.051004110729347474e+01
1.477000000000000091e+00	8.957392461364325698e+01
1.480599999999999916e+00	9.091335688412911509e+01
1.484199999999999964e+00	9.468278886350945811e+01
1.487800000000000011e+00	9.746043774578716068e+01
1.491400000000000059e+00	9.771942077561850226e+01
1.495000000000000107e+00	9.652150629926305214e+01
1.498599999999999932e+00	9.334309648328559206e+01
1.502199999999999980e+00	9.061019193658346182e+01
1.505800000000000027e+00	9.506694398919903222e+01
1.509400000000000075e+00	1.007706086574354458e+02
1.512999999999999901e+00	1.080426942807456641e+02
1.516599999999999948e+00	1.171550168921319113e+02
1.520199999999999996e+00	1.225317296169713188e+02
1.523800000000000043e+00	1.208347142163024159e+02
1.527500000000000080e+00	1.155266395526295753e+02
1.531099999999999905e+00	1.089192075986358930e+02
1.534699999999999953e+00	1.038588245492466768e+02
1.538300000000000001e+00	1.000882138534310570e+02
1.541900000000000048e+00	1.006360526306046381e+02
1.545500000000000096e+00	9.981783793324972009e+01
1.549099999999999921e+00	9.814073607397845933e+01
1.552699999999999969e+00	9.627483422593347484e+01
1.556300000000000017e+00	9.289340086419778686e+01
1.559900000000000064e+00	8.691046751219388966e+01
1.563499999999999890e+00	8.503627685782596757e+01
1.567099999999999937e+00	8.439780666486105076e+01
1.570699999999999985e+00	8.895243430513890814e+01
1.574300000000000033e+00	9.507505297947034251e+01
1.578000000000000069e+00	9.907393827812504128e+01
1.581599999999999895e+00	1.049474718893355316e+02
1.585199999999999942e+00	1.056535634879050605e+02
1.588799999999999990e+00	1.056074998212996121e+02
1.592400000000000038e+00	1.016318312094712013e+02
1.596000000000000085e+00	9.417255046923642681e+01
1.599599999999999911e+00	8.531667804457029547e+01
1.603199999999999958e+00	7.823675297886215674e+01
1.606800000000000006e+00	7.358746974058219337e+01
1.610400000000000054e+00	7.513161579750384078e+01
1.614000000000000101e+00	8.359439068890436886e+01
1.617599999999999927e+00	9.565692125968553228e+01
1.621199999999999974e+00	1.101702598881552149e+02
1.624800000000000022e+00	1.209098279417142550e+02
1.628500000000000059e+00	1.220524889204555734e+02
1.632100000000000106e+00	1.189883424477251310e+02
1.635699999999999932e+00	1.132380290400888185e+02
1.639299999999999979e+00	1.057008033294533362e+02
1.642900000000000027e+00	9.596317788742157973e+01
1.646500000000000075e+00	8.642291055486718676e+01
1.650099999999999900e+00	7.982772799668683206e+01
1.653699999999999948e+00	7.081374581962117531e+01
1.657299999999999995e+00	6.558466702051192954e+01
1.660900000000000043e+00	6.320235741599974233e+01
1.664500000000000091e+00	6.057086078872938373e+01
1.668099999999999916e+00	6.291098376109211188e+01
1.671699999999999964e+00	7.340535778507583586e+01
1.675400000000000000e+00	8.585068310674752468e+01
1.679000000000000048e+00	9.929904024331599999e+01
1.682600000000000096e+00	1.089637614981644873e+02
1.686199999999999921e+00	1.157127836345148069e+02
1.689799999999999969e+00	1.111509656635381873e+02
1.693400000000000016e+00	1.030271918172353622e+02
1.697000000000000064e+00	9.356626397366200365e+01
1.700599999999999890e+00	8.549557672807192432e+01
1.704199999999999937e+00	7.924875220287579225e+01
1.707799999999999985e+00	7.614738897242652627e+01
1.711400000000000032e+00	7.573858600530115837e+01
1.715000000000000080e+00	7.348958692025213679e+01
1.718599999999999905e+00	7.383450304485950255e+01
1.722199999999999953e+00	7.266938384906836745e+01
1.725899999999999990e+00	7.112265404360407217e+01
1.729500000000000037e+00	7.156577991451359821e+01
1.733100000000000085e+00	7.504207304746408624e+01
1.736699999999999910e+00	7.772562836668684838e+01
1.740299999999999958e+00	8.137437789082900963e+01
1.743900000000000006e+00	8.291286353004662146e+01
1.747500000000000053e+00	8.295144853101253091e+01
1.751100000000000101e+00	8.031751061380825263e+01
1.754699999999999926e+00	7.671073690564945480e+01
1.758299999999999974e+00	7.492043637360103503e+01
1.761900000000000022e+00	7.496005166252905383e+01
1.765500000000000069e+00	7.953827600220564875e+01
1.769099999999999895e+00	8.293880111248088838e+01
1.772699999999999942e+00	8.587114367522190150e+01
1.776399999999999979e+00	8.157060263745741224e+01
1.780000000000000027e+00	7.821467955680417106e+01
1.783600000000000074e+00	7.491651401279762013e+01
1.787199999999999900e+00	7.500491567068874588e+01
1.790799999999999947e+00	8.018519078566480118e+01
1.794399999999999995e+00	9.716428437473787483e+01
1.798000000000000043e+00	1.150726062243243604e+02
1.801600000000000090e+00	1.304914928148232889e+02
1.805199999999999916e+00	1.346987386847085872e+02
1.808799999999999963e+00	1.242805003062096887e+02
1.812400000000000011e+00	1.067005350958068135e+02
1.816000000000000059e+00	8.463059914756175317e+01
1.819600000000000106e+00	7.262800388501632654e+01
1.823199999999999932e+00	6.921590440146492540e+01
1.826899999999999968e+00	7.706059825201255364e+01
1.830500000000000016e+00	8.821517391130331021e+01
1.834100000000000064e+00	9.791423589624234580e+01
1.837699999999999889e+00	1.017651651672398003e+02
1.841299999999999937e+00	9.746380414930713698e+01
1.844899999999999984e+00	9.128156696665811864e+01
1.848500000000000032e+00	8.318649624228578432e+01
1.852100000000000080e+00	7.630003847387320093e+01
1.855699999999999905e+00	7.225440979208026704e+01
1.859299999999999953e+00	7.097379759355186479e+01
1.862900000000000000e+00	6.975524407326537357e+01
1.866500000000000048e+00	7.071551996692802788e+01
1.870100000000000096e+00	7.185923208947859564e+01
1.873699999999999921e+00	7.341424424988673536e+01
1.877399999999999958e+00	7.895834509243226762e+01
1.881000000000000005e+00	8.428758784282139516e+01
1.884600000000000053e+00	8.657086498911567674e+01
1.888200000000000101e+00	9.084416194355300433e+01
1.891799999999999926e+00	9.404545919447505753e+01
1.895399999999999974e+00	9.539681495611564799e+01
1.899000000000000021e+00	9.462324746597380454e+01
1.902600000000000069e+00	9.176911077350247581e+01
1.906199999999999894e+00	8.913986455289000332e+01
1.909799999999999942e+00	8.619928457041237380e+01
1.913399999999999990e+00	8.130204140993278372e+01
1.917000000000000037e+00	7.930948794382871370e+01
1.920600000000000085e+00	7.967552957971388139e+01
1.924199999999999910e+00	8.036465255412008446e+01
1.927899999999999947e+00	8.345740012177552103e+01
1.931499999999999995e+00	8.859202226269574965e+01
1.935100000000000042e+00	9.190324774977563038e+01
1.938700000000000090e+00	9.480800414364702533e+01
1.942299999999999915e+00	9.295026613528621340e+01
1.945899999999999963e+00	9.099730018348267890e+01
1.949500000000000011e+00	8.512559663786319675e+01
1.953100000000000058e+00	7.995835244896889549e+01
1.956700000000000106e+00	7.465172712033499636e+01
1.960299999999999931e+00	6.898125856181611937e+01
1.963899999999999979e+00	6.832295174042880603e+01
1.967500000000000027e+00	6.723301506701237429e+01
1.971100000000000074e+00	6.653083392450635358e+01
1.974699999999999900e+00	6.703273126649415303e+01
1.978399999999999936e+00	6.904561417803486734e+01
1.981999999999999984e+00	6.932847059973055082e+01
1.985600000000000032e+00	7.028219967736657736e+01
1.989200000000000079e+00	7.197084141603687613e+01
1.992799999999999905e+00	7.074383226310567352e+01
1.996399999999999952e+00	6.717791921039025738e+01
2.000000000000000000e+00	6.455021887729624552e+01
