2.000000000000000111e-01	-3.723755577579501264e+00
2.036000000000000032e-01	-3.340461461925504416e+00
2.071999999999999953e-01	-3.027754203541711320e+00
2.107999999999999874e-01	-2.741415010177327360e+00
2.144000000000000072e-01	-1.439699898450713889e+00
2.179999999999999993e-01	-1.635623638701038107e+00
2.215999999999999914e-01	-3.866646227354508802e-02
2.253000000000000003e-01	-9.171628450535250776e-01
2.288999999999999924e-01	1.232008066003974944e+00
2.325000000000000122e-01	1.058755190679426361e+00
2.361000000000000043e-01	1.589938823974496040e+00
2.396999999999999964e-01	4.180822999266519124e-01
2.432999999999999885e-01	1.198317310203110386e+00
2.469000000000000083e-01	1.021674001626445838e-01
2.505000000000000004e-01	3.678487518481188268e-02
2.540999999999999925e-01	-1.259389505943893539e+00
2.576999999999999846e-01	-1.894329515728689017e+00
2.612999999999999767e-01	-2.424063534284485844e+00
2.649000000000000243e-01	-3.643633794988213381e+00
2.685000000000000164e-01	-1.679877416648531074e+00
2.721000000000000085e-01	-2.026783897092054865e+00
2.757999999999999896e-01	-4.745813352416377029e+00
2.793999999999999817e-01	-4.003396331957682186e+00
2.829999999999999738e-01	-2.599774584900447660e+00
2.866000000000000214e-01	-2.978946383975250356e+00
2.902000000000000135e-01	-2.785641707513685894e+00
2.938000000000000056e-01	-6.858723589679567301e-01
2.973999999999999977e-01	-1.366700947943923605e+00
3.009999999999999898e-01	-2.840421956428998973e-01
3.045999999999999819e-01	9.253623447764500742e-01
3.081999999999999740e-01	1.651743362468414356e+00
3.118000000000000216e-01	3.530273914026459181e+00
3.154000000000000137e-01	4.908714777332825463e+00
3.190000000000000058e-01	4.918374138820839292e+00
3.225999999999999979e-01	4.539664831516780907e+00
3.262999999999999790e-01	3.942598977306112307e+00
3.299000000000000266e-01	4.183107251627390610e+00
3.335000000000000187e-01	4.749159484078001370e+00
3.371000000000000107e-01	5.605101191032533237e+00
3.407000000000000028e-01	3.925843347812428163e+00
3.442999999999999949e-01	3.836207500278381755e+00
3.478999999999999870e-01	4.618672125731317024e+00
3.514999999999999791e-01	1.932783914561066574e+00
3.551000000000000267e-01	1.626836533277708163e+00
3.587000000000000188e-01	3.270226216663515206e+00
3.623000000000000109e-01	3.006579231427035204e+00
3.659000000000000030e-01	1.571089662126166520e+00
3.694999999999999951e-01	1.764058204786017159e+00
3.730999999999999872e-01	2.550370721095307047e+00
3.768000000000000238e-01	2.958975373485861926e+00
3.804000000000000159e-01	4.693640268288210571e+00
3.840000000000000080e-01	2.962961074995784205e+00
3.876000000000000001e-01	3.114368602082124404e+00
3.911999999999999922e-01	6.939599899296806207e+00
3.947999999999999843e-01	7.445206237380117109e+00
3.983999999999999764e-01	6.159542334174300748e+00
4.020000000000000240e-01	8.625190341769132019e+00
4.056000000000000161e-01	7.630147333804380594e+00
4.092000000000000082e-01	9.030107300289957450e+00
4.128000000000000003e-01	9.475329186969311479e+00
4.163999999999999924e-01	8.449786921854876454e+00
4.199999999999999845e-01	1.013327014426623229e+01
4.235999999999999766e-01	1.078407076931645392e+01
4.273000000000000131e-01	8.470568232654393626e+00
4.309000000000000052e-01	8.160044652323538372e+00
4.344999999999999973e-01	8.201756680909850772e+00
4.380999999999999894e-01	8.013295041160304777e+00
4.416999999999999815e-01	7.742975168499014238e+00
4.452999999999999736e-01	7.307080694955551792e+00
4.489000000000000212e-01	6.731729323734149339e+00
4.525000000000000133e-01	7.001126335338939910e+00
4.561000000000000054e-01	7.132946872341788591e+00
4.596999999999999975e-01	7.527063306097934614e+00
4.632999999999999896e-01	8.651241030504481344e+00
4.668999999999999817e-01	1.005935462330835151e+01
4.704999999999999738e-01	1.115754122470101173e+01
4.741000000000000214e-01	1.304927780466767295e+01
4.778000000000000025e-01	1.020306763704066633e+01
4.813999999999999946e-01	1.287078299414841176e+01
4.849999999999999867e-01	1.385560840042894171e+01
4.885999999999999788e-01	1.569741541105350002e+01
4.922000000000000264e-01	1.644005241795970917e+01
4.958000000000000185e-01	1.704046928656585891e+01
4.994000000000000106e-01	1.702178982559831866e+01
5.030000000000000027e-01	1.677343326542876767e+01
5.066000000000000503e-01	1.667941670994855485e+01
5.101999999999999869e-01	1.642178944394111895e+01
5.138000000000000345e-01	1.734137244935021727e+01
5.173999999999999710e-01	1.583362292293602103e+01
5.210000000000000187e-01	1.614991475584261593e+01
5.245999999999999552e-01	1.530477974793610585e+01
5.282999999999999918e-01	1.571558832778502790e+01
5.319000000000000394e-01	1.450165817843603300e+01
5.354999999999999760e-01	1.337179863663666524e+01
5.391000000000000236e-01	1.639738012834809311e+01
5.426999999999999602e-01	1.515251043307434031e+01
5.463000000000000078e-01	1.700606042932528439e+01
5.499000000000000554e-01	1.540032813246418009e+01
5.534999999999999920e-01	1.629780952104339775e+01
5.571000000000000396e-01	1.692323518305770591e+01
5.606999999999999762e-01	1.654084072850800524e+01
5.643000000000000238e-01	1.764951066315487438e+01
5.678999999999999604e-01	1.713205054207624656e+01
5.715000000000000080e-01	1.572646594354494987e+01
5.752000000000000446e-01	1.646779532152402226e+01
5.787999999999999812e-01	1.412566421666675609e+01
5.824000000000000288e-01	1.446515442473795687e+01
5.859999999999999654e-01	1.559973569388357006e+01
5.896000000000000130e-01	1.353713407907275901e+01
5.931999999999999496e-01	1.174078193561558336e+01
5.967999999999999972e-01	1.352653653894635788e+01
6.004000000000000448e-01	1.267129894360384057e+01
6.039999999999999813e-01	1.304786095116748257e+01
6.076000000000000290e-01	1.229394523320593002e+01
6.111999999999999655e-01	1.301730279436308280e+01
6.148000000000000131e-01	1.122699085263258034e+01
6.183999999999999497e-01	1.167467054885680611e+01
6.219999999999999973e-01	1.055615768285846912e+01
6.257000000000000339e-01	1.071426978034183897e+01
6.292999999999999705e-01	1.129216487213465747e+01
6.329000000000000181e-01	9.360483144186744653e+00
6.364999999999999547e-01	9.668875713143181727e+00
6.401000000000000023e-01	9.887682952810154191e+00
6.437000000000000499e-01	1.088400986918000335e+01
6.472999999999999865e-01	8.809140029315269516e+00
6.509000000000000341e-01	9.617747744666612419e+00
6.544999999999999707e-01	1.007757655883624359e+01
6.581000000000000183e-01	1.071283830216137467e+01
6.616999999999999549e-01	1.011905858908718514e+01
6.653000000000000025e-01	8.260805765089310526e+00
6.689000000000000501e-01	8.784742745085415194e+00
6.724999999999999867e-01	8.773479348800760746e+00
6.762000000000000233e-01	1.033276160945082722e+01
6.797999999999999599e-01	9.137537140376291944e+00
6.834000000000000075e-01	9.109519937724186889e+00
6.870000000000000551e-01	1.067032014190148637e+01
6.905999999999999917e-01	9.492314017102234658e+00
6.942000000000000393e-01	9.858451288874663376e+00
6.977999999999999758e-01	1.014383746832763400e+01
7.014000000000000234e-01	8.674470546365768087e+00
7.049999999999999600e-01	9.609842449182274038e+00
7.086000000000000076e-01	9.789828116987322915e+00
7.122000000000000552e-01	1.087505990852045024e+01
7.157999999999999918e-01	9.666472855418765775e+00
7.194000000000000394e-01	1.070443045109909797e+01
7.229999999999999760e-01	1.109429438280347213e+01
7.267000000000000126e-01	9.994518499368302500e+00
7.302999999999999492e-01	1.062422391939387367e+01
7.338999999999999968e-01	9.137082007354994317e+00
7.375000000000000444e-01	9.966451979858753418e+00
7.410999999999999810e-01	8.923228400712167385e+00
7.447000000000000286e-01	9.888593053284203904e+00
7.482999999999999652e-01	1.067504141278212337e+01
7.519000000000000128e-01	9.335869294294282028e+00
7.554999999999999494e-01	9.899135056554788648e+00
7.590999999999999970e-01	1.077069529345615173e+01
7.627000000000000446e-01	1.229017581607901732e+01
7.662999999999999812e-01	1.204511640678666673e+01
7.699000000000000288e-01	1.153384166275923128e+01
7.734999999999999654e-01	1.237132371259189156e+01
7.772000000000000020e-01	9.934228228312186104e+00
7.808000000000000496e-01	1.167588765992754496e+01
7.843999999999999861e-01	1.199547922880803341e+01
7.880000000000000338e-01	1.302571156826706655e+01
7.915999999999999703e-01	1.283849724600779929e+01
7.952000000000000179e-01	1.257176876500137297e+01
7.987999999999999545e-01	1.351584281316272218e+01
8.024000000000000021e-01	1.324687376176514775e+01
8.060000000000000497e-01	1.337634081495817462e+01
8.095999999999999863e-01	1.444657636278889079e+01
8.132000000000000339e-01	1.284789048500341480e+01
8.167999999999999705e-01	1.334817058042488114e+01
8.204000000000000181e-01	1.377570363628186279e+01
8.239999999999999547e-01	1.356377522797416368e+01
8.276999999999999913e-01	1.299098477048760891e+01
8.313000000000000389e-01	1.245618771470848429e+01
8.348999999999999755e-01	1.192023118360251210e+01
8.385000000000000231e-01	1.507137359964984213e+01
8.420999999999999597e-01	1.467830706098049731e+01
8.457000000000000073e-01	1.508170021928432369e+01
8.493000000000000549e-01	1.474030155729933433e+01
8.528999999999999915e-01	1.560059866937265660e+01
8.565000000000000391e-01	1.583529219195088089e+01
8.600999999999999757e-01	1.525205309613035531e+01
8.637000000000000233e-01	1.628179998569964937e+01
8.672999999999999599e-01	1.834209661178960005e+01
8.709000000000000075e-01	1.917424857675399608e+01
8.745000000000000551e-01	1.769635344286954393e+01
8.781999999999999806e-01	1.919752356008605076e+01
8.818000000000000282e-01	1.792869992234468057e+01
8.853999999999999648e-01	1.835188439210797640e+01
8.890000000000000124e-01	1.753019146251713423e+01
8.925999999999999490e-01	1.960811575457485745e+01
8.961999999999999966e-01	1.946343088537418353e+01
8.998000000000000442e-01	1.838115580675885141e+01
9.033999999999999808e-01	1.864900892433284341e+01
9.070000000000000284e-01	1.908209177193839423e+01
9.105999999999999650e-01	2.197066573439052561e+01
9.142000000000000126e-01	2.056677377628014369e+01
9.177999999999999492e-01	1.994834750601012630e+01
9.213999999999999968e-01	2.130425369217639187e+01
9.251000000000000334e-01	2.111943262321201331e+01
9.286999999999999700e-01	2.114093204672207449e+01
9.323000000000000176e-01	1.981526428127710915e+01
9.358999999999999542e-01	2.257048270214683328e+01
9.395000000000000018e-01	2.420355849642617940e+01
9.431000000000000494e-01	2.349636231127251662e+01
9.466999999999999860e-01	2.279756705928864946e+01
9.503000000000000336e-01	2.273246292258567891e+01
9.538999999999999702e-01	2.381716061391542283e+01
9.575000000000000178e-01	2.421056897265994934e+01
9.610999999999999543e-01	2.360831452301749778e+01
9.647000000000000020e-01	2.532415555610619506e+01
9.683000000000000496e-01	2.459767289208115315e+01
9.718999999999999861e-01	2.484636898863482912e+01
9.756000000000000227e-01	2.483512843263229541e+01
9.791999999999999593e-01	2.584941983756555572e+01
9.828000000000000069e-01	2.388281438183828698e+01
9.864000000000000545e-01	2.480632796974095200e+01
9.899999999999999911e-01	2.508720196757080600e+01
9.936000000000000387e-01	2.402870120514552355e+01
9.971999999999999753e-01	2.530677457371990968e+01
1.000799999999999912e+00	2.678675831125386253e+01
1.004399999999999959e+00	2.748054697168486271e+01
1.008000000000000007e+00	2.541971375673658429e+01
1.011600000000000055e+00	2.769550059593468561e+01
1.015200000000000102e+00	2.524372326771577235e+01
1.018799999999999928e+00	2.814206898386562727e+01
1.022399999999999975e+00	2.849103582994362682e+01
1.026100000000000012e+00	2.843396896255268658e+01
1.029700000000000060e+00	2.800726827011484232e+01
1.033300000000000107e+00	3.063147664631428313e+01
1.036899999999999933e+00	3.027216760962379283e+01
1.040499999999999980e+00	2.918270608842060909e+01
1.044100000000000028e+00	3.028339285564854677e+01
1.047700000000000076e+00	2.964712777819591949e+01
1.051299999999999901e+00	2.832320986747391700e+01
1.054899999999999949e+00	2.798784609669105095e+01
1.058499999999999996e+00	2.882332018130654205e+01
1.062100000000000044e+00	3.052261597886750266e+01
1.065700000000000092e+00	3.134304379808477492e+01
1.069299999999999917e+00	3.115246656769402378e+01
1.072899999999999965e+00	3.193013494958348986e+01
1.076600000000000001e+00	2.884093227527473857e+01
1.080200000000000049e+00	3.072457934566552140e+01
1.083800000000000097e+00	3.097416608143359440e+01
1.087399999999999922e+00	3.109722939894903604e+01
1.090999999999999970e+00	3.141732745751907174e+01
1.094600000000000017e+00	3.352756511433926789e+01
1.098200000000000065e+00	3.361441068186268666e+01
1.101799999999999891e+00	3.325296506418179376e+01
1.105399999999999938e+00	3.407727078597279302e+01
1.108999999999999986e+00	3.223723336405027595e+01
1.112600000000000033e+00	3.336783329905808415e+01
1.116200000000000081e+00	3.353105130139926615e+01
1.119799999999999907e+00	3.273686086528485362e+01
1.123399999999999954e+00	3.142709277332026119e+01
1.127099999999999991e+00	3.219378482390344232e+01
1.130700000000000038e+00	3.225266689859301295e+01
1.134300000000000086e+00	3.371672452107510054e+01
1.137899999999999912e+00	3.148493223105802485e+01
1.141499999999999959e+00	3.431253241406042065e+01
1.145100000000000007e+00	3.511985526460925655e+01
1.148700000000000054e+00	3.745054809546983421e+01
1.152300000000000102e+00	3.632519948294657297e+01
1.155899999999999928e+00	3.637665226222513581e+01
1.159499999999999975e+00	3.827290000529127667e+01
1.163100000000000023e+00	3.772550184905826143e+01
1.166700000000000070e+00	3.841648770624567533e+01
1.170299999999999896e+00	3.738947688756218213e+01
1.173899999999999944e+00	3.827307677671092989e+01
1.177599999999999980e+00	3.766740493713327709e+01
1.181200000000000028e+00	3.740761001355579651e+01
1.184800000000000075e+00	4.023899445185674040e+01
1.188399999999999901e+00	3.978350666792156431e+01
1.191999999999999948e+00	4.119562172352328133e+01
1.195599999999999996e+00	4.086503396216124884e+01
1.199200000000000044e+00	4.009066742776933978e+01
1.202800000000000091e+00	3.949826359418526778e+01
1.206399999999999917e+00	4.068329488975685138e+01
1.209999999999999964e+00	4.049921424521133417e+01
1.213600000000000012e+00	4.137111343453054957e+01
1.217200000000000060e+00	4.385084089406179686e+01
1.220800000000000107e+00	4.478842132472325233e+01
1.224399999999999933e+00	4.326233437124639636e+01
1.228099999999999969e+00	4.508064836857764845e+01
1.231700000000000017e+00	4.556458669793947536e+01
1.235300000000000065e+00	4.758363660416695495e+01
1.238899999999999890e+00	4.599778884136437540e+01
1.242499999999999938e+00	4.972670756598494535e+01
1.246099999999999985e+00	4.932995353291760665e+01
1.249700000000000033e+00	5.103628857800261898e+01
1.253300000000000081e+00	5.199996878432545344e+01
1.256899999999999906e+00	5.146754013658703286e+01
1.260499999999999954e+00	5.267636149905750642e+01
1.264100000000000001e+00	5.290501502169381354e+01
1.267700000000000049e+00	5.308245686937833341e+01
1.271300000000000097e+00	5.449119018891053656e+01
1.274899999999999922e+00	5.418911265441434466e+01
1.278599999999999959e+00	5.571887377580243594e+01
1.282200000000000006e+00	5.581045108393203691e+01
1.285800000000000054e+00	5.720293670911323147e+01
1.289400000000000102e+00	5.947604461894671601e+01
1.292999999999999927e+00	5.971527985181047882e+01
1.296599999999999975e+00	6.265292397642836164e+01
1.300200000000000022e+00	6.548124469020265792e+01
1.303800000000000070e+00	6.804681627816900402e+01
1.307399999999999896e+00	7.070901195717164001e+01
1.310999999999999943e+00	7.452879707819656119e+01
1.314599999999999991e+00	7.597406782430589089e+01
1.318200000000000038e+00	7.773839134455590738e+01
1.321800000000000086e+00	7.696788307357807923e+01
1.325499999999999901e+00	7.941045908368514006e+01
1.329099999999999948e+00	8.011029909746676481e+01
1.332699999999999996e+00	8.105993659728108014e+01
1.336300000000000043e+00	8.206217368055452255e+01
1.339900000000000091e+00	8.232832898304842217e+01
1.343499999999999917e+00	8.227771595570740715e+01
1.347099999999999964e+00	8.083823003307743704e+01
1.350700000000000012e+00	7.946690800258886611e+01
1.354300000000000059e+00	8.223926110283932189e+01
1.357900000000000107e+00	8.548603609808007775e+01
1.361499999999999932e+00	9.001136086228153488e+01
1.365099999999999980e+00	9.225674403039340632e+01
1.368700000000000028e+00	9.484816673073667914e+01
1.372300000000000075e+00	9.811581985976835085e+01
1.375999999999999890e+00	9.797311230991462594e+01
1.379599999999999937e+00	9.627856970041884210e+01
1.383199999999999985e+00	9.408654576607467845e+01
1.386800000000000033e+00	9.344185647497690184e+01
1.390400000000000080e+00	9.270954651688565207e+01
1.393999999999999906e+00	9.415283356719584162e+01
1.397599999999999953e+00	9.865372282790278291e+01
1.401200000000000001e+00	1.050050955626169298e+02
1.404800000000000049e+00	1.106682753853492329e+02
1.408400000000000096e+00	1.185302752347004684e+02
1.411999999999999922e+00	1.220601456642897915e+02
1.415599999999999969e+00	1.246388347721741354e+02
1.419200000000000017e+00	1.239296447425886925e+02
1.422800000000000065e+00	1.173513132637637710e+02
1.426500000000000101e+00	1.118688259746042775e+02
1.430099999999999927e+00	1.109416718630371719e+02
1.433699999999999974e+00	1.093056102208436755e+02
1.437300000000000022e+00	1.091237563813265012e+02
1.440900000000000070e+00	1.099547013741131281e+02
1.444499999999999895e+00	1.088556026173994837e+02
1.448099999999999943e+00	1.093677047146262424e+02
1.451699999999999990e+00	1.080010656286912081e+02
1.455300000000000038e+00	1.025098890325892285e+02
1.458900000000000086e+00	9.753687686026290748e+01
1.462499999999999911e+00	9.362411535965711096e+01
1.466099999999999959e+00	8.747109066451945125e+01
1.469700000000000006e+00	8.114029037621035911e+01
1.473300000000000054e+00	8.124251490253790564e+01
1.477000000000000091e+00	8.035564013769050007e+01
1.480599999999999916e+00	8.193140830082134585e+01
1.484199999999999964e+00	8.620912239092112372e+01
1.487800000000000011e+00	8.893154711185536598e+01
1.491400000000000059e+00	9.214510320048191261e+01
1.495000000000000107e+00	9.418680486359643567e+01
1.498599999999999932e+00	9.591672501712325527e+01
1.502199999999999980e+00	9.869356325777455652e+01
1.505800000000000027e+00	1.017467271681573777e+02
1.509400000000000075e+00	1.049872014945153040e+02
1.512999999999999901e+00	1.083677487221128075e+02
1.516599999999999948e+00	1.105867731177605293e+02
1.520199999999999996e+00	1.091588008264193235e+02
1.523800000000000043e+00	1.048913349652484612e+02
1.527500000000000080e+00	1.019227418294669860e+02
1.531099999999999905e+00	9.774621810452258330e+01
1.534699999999999953e+00	9.560760985121346778e+01
1.538300000000000001e+00	9.936124316602773376e+01
1.541900000000000048e+00	1.072687296934113874e+02
1.545500000000000096e+00	1.138949279769926477e+02
1.549099999999999921e+00	1.186274734220736775e+02
1.552699999999999969e+00	1.152822787638925632e+02
1.556300000000000017e+00	1.081638042595421041e+02
1.559900000000000064e+00	9.703219282221984088e+01
1.563499999999999890e+00	8.958718763028194587e+01
1.567099999999999937e+00	8.478571079788763143e+01
1.570699999999999985e+00	8.293600033132601368e+01
1.574300000000000033e+00	8.468979051792030077e+01
1.578000000000000069e+00	8.725441537413200876e+01
1.581599999999999895e+00	8.543964556128084098e+01
1.585199999999999942e+00	8.140872961457310453e+01
1.588799999999999990e+00	7.667872871228377107e+01
1.592400000000000038e+00	7.356484491906334711e+01
1.596000000000000085e+00	7.073105570359619776e+01
1.599599999999999911e+00	7.216764151728398247e+01
1.603199999999999958e+00	7.883880625480107085e+01
1.606800000000000006e+00	8.427557930147979448e+01
1.610400000000000054e+00	8.571230559874332755e+01
1.614000000000000101e+00	8.686455530815906911e+01
1.617599999999999927e+00	8.336933584577180056e+01
1.621199999999999974e+00	7.981765119211426907e+01
1.624800000000000022e+00	7.873278777748095081e+01
1.628500000000000059e+00	7.533798117507575398e+01
1.632100000000000106e+00	7.549928056812997568e+01
1.635699999999999932e+00	7.564798021304045506e+01
1.639299999999999979e+00	7.535006630976175757e+01
1.642900000000000027e+00	7.562880306961353938e+01
1.646500000000000075e+00	7.439398551454306130e+01
1.650099999999999900e+00	7.571341415789653695e+01
1.653699999999999948e+00	7.372212202773170020e+01
1.657299999999999995e+00	7.042669312933634274e+01
1.660900000000000043e+00	6.711512768859951450e+01
1.664500000000000091e+00	6.543211421197551658e+01
1.668099999999999916e+00	6.432560764041049595e+01
1.671699999999999964e+00	6.693940621816824432e+01
1.675400000000000000e+00	7.199603053485920157e+01
1.679000000000000048e+00	7.985614349737096518e+01
1.682600000000000096e+00	8.499783454538255967e+01
1.686199999999999921e+00	9.187463702639118424e+01
1.689799999999999969e+00	9.662172323339483171e+01
1.693400000000000016e+00	9.658655488434601466e+01
1.697000000000000064e+00	9.381153168283593402e+01
1.700599999999999890e+00	9.063824675168126532e+01
1.704199999999999937e+00	8.300152579928159469e+01
1.707799999999999985e+00	7.408284966934947136e+01
1.711400000000000032e+00	7.016261710639550131e+01
1.715000000000000080e+00	7.088420487081174315e+01
1.718599999999999905e+00	7.536443870005621193e+01
1.722199999999999953e+00	8.292832988373251624e+01
1.725899999999999990e+00	9.319965704788019423e+01
1.729500000000000037e+00	9.784438751410677071e+01
1.733100000000000085e+00	9.691970551174864568e+01
1.736699999999999910e+00	9.396465642541710395e+01
1.740299999999999958e+00	8.711111753013182124e+01
1.743900000000000006e+00	8.106776524275034035e+01
1.747500000000000053e+00	8.009365341717004583e+01
1.751100000000000101e+00	8.114617222117776407e+01
1.754699999999999926e+00	8.419476235415625354e+01
1.758299999999999974e+00	8.784155241426071825e+01
1.761900000000000022e+00	9.023928144261354589e+01
1.765500000000000069e+00	9.214221106820384932e+01
1.769099999999999895e+00	9.397487308554177332e+01
1.772699999999999942e+00	9.324197812710058031e+01
1.776399999999999979e+00	9.324129547929315720e+01
1.780000000000000027e+00	9.190600122454615928e+01
1.783600000000000074e+00	8.842740128553593593e+01
1.787199999999999900e+00	8.961335606748023963e+01
1.790799999999999947e+00	8.880819194340112688e+01
1.794399999999999995e+00	9.064881496535548422e+01
1.798000000000000043e+00	9.275658881848980286e+01
1.801600000000000090e+00	9.601521788834234883e+01
1.805199999999999916e+00	9.875151417556787692e+01
1.808799999999999963e+00	9.814290681850616238e+01
1.812400000000000011e+00	9.661199912199026585e+01
1.816000000000000059e+00	9.508359956764755339e+01
1.819600000000000106e+00	9.127989891362054209e+01
1.823199999999999932e+00	8.925491240478326915e+01
1.826899999999999968e+00	8.509787255960290508e+01
1.830500000000000016e+00	8.290082678087114232e+01
1.834100000000000064e+00	8.257458056263691049e+01
1.837699999999999889e+00	8.427007237118421301e+01
1.841299999999999937e+00	8.968185802830667797e+01
1.844899999999999984e+00	9.126798711856567081e+01
1.848500000000000032e+00	9.587119832413554832e+01
1.852100000000000080e+00	9.541668994702703799e+01
1.855699999999999905e+00	9.227114118283610367e+01
1.859299999999999953e+00	8.996001437467872108e+01
1.862900000000000000e+00	8.444863093140030230e+01
1.866500000000000048e+00	7.840405336701003591e+01
1.870100000000000096e+00	7.266996565070246561e+01
1.873699999999999921e+00	6.896652046429302629e+01
1.877399999999999958e+00	6.614020915692270819e+01
1.881000000000000005e+00	6.957890697634807964e+01
1.884600000000000053e+00	7.663083780314944704e+01
1.888200000000000101e+00	8.371162006938065758e+01
1.891799999999999926e+00	8.742937640166952917e+01
1.895399999999999974e+00	8.902381982990314668e+01
1.899000000000000021e+00	8.440922867350511183e+01
1.902600000000000069e+00	7.716784828051451939e+01
1.906199999999999894e+00	6.822081399039907978e+01
1.909799999999999942e+00	6.578515625235520758e+01
1.913399999999999990e+00	7.320050177598555763e+01
1.917000000000000037e+00	8.357047228221287583e+01
1.920600000000000085e+00	9.397716709910494615e+01
1.924199999999999910e+00	9.566192660955924509e+01
1.927899999999999947e+00	8.992292241756670990e+01
1.931499999999999995e+00	7.779337175891471645e+01
1.935100000000000042e+00	6.321877167896323613e+01
1.938700000000000090e+00	5.781113165698339884e+01
1.942299999999999915e+00	6.143337852066588312e+01
1.945899999999999963e+00	7.763099761751098526e+01
1.949500000000000011e+00	9.275322532947859600e+01
1.953100000000000058e+00	1.111603632062107039e+02
1.956700000000000106e+00	1.178205443366283589e+02
1.960299999999999931e+00	1.178582615973358259e+02
1.963899999999999979e+00	1.099539501592549300e+02
1.967500000000000027e+00	1.015872493050201655e+02
1.971100000000000074e+00	9.557197524359617091e+01
1.974699999999999900e+00	9.653766437897849073e+01
1.978399999999999936e+00	1.008178336705791338e+02
1.981999999999999984e+00	1.057381357134188704e+02
1.985600000000000032e+00	1.075503284394471564e+02
1.989200000000000079e+00	1.088470699657047618e+02
1.992799999999999905e+00	1.035348966216107698e+02
1.996399999999999952e+00	9.432384537857710427e+01
2.000000000000000000e+00	7.312484228946284759e+01
