2.000000000000000111e-01	-1.043263990506190231e+00
2.036000000000000032e-01	-8.769394455167008884e-01
2.071999999999999953e-01	-8.293311396652945922e-01
2.107999999999999874e-01	-4.962073261155834913e-01
2.144000000000000072e-01	-1.602884080849338311e-01
2.179999999999999993e-01	1.566591930053583326e+00
2.215999999999999914e-01	-1.083883638820211992e+00
2.253000000000000003e-01	4.130218647911343965e-01
2.288999999999999924e-01	1.401628047248563380e+00
2.325000000000000122e-01	2.021484394400651308e+00
2.361000000000000043e-01	1.015867727566118761e+00
2.396999999999999964e-01	-4.621805636355423852e-01
2.432999999999999885e-01	2.545344559863987222e+00
2.469000000000000083e-01	9.887311268444838319e-01
2.505000000000000004e-01	1.642700613363607065e+00
2.540999999999999925e-01	1.233996246996227120e+00
2.576999999999999846e-01	2.493418746762450233e+00
2.612999999999999767e-01	7.841202204104584794e-01
2.649000000000000243e-01	1.903106697379032930e+00
2.685000000000000164e-01	2.129402023437428682e+00
2.721000000000000085e-01	1.648119239538302860e+00
2.757999999999999896e-01	6.821377065395951567e-01
2.793999999999999817e-01	3.435205017555768015e-01
2.829999999999999738e-01	1.685894836522209284e+00
2.866000000000000214e-01	-2.397179844481255317e-01
2.902000000000000135e-01	-3.425822550430583924e-01
2.938000000000000056e-01	4.492494514687353502e-01
2.973999999999999977e-01	-3.123837293552113592e-01
3.009999999999999898e-01	-6.287077281044675114e-01
3.045999999999999819e-01	1.122912974635946970e+00
3.081999999999999740e-01	6.907002237404001876e-01
3.118000000000000216e-01	1.627185828920945543e+00
3.154000000000000137e-01	-7.580189653406184114e-01
3.190000000000000058e-01	1.960743365430906771e+00
3.225999999999999979e-01	9.672886780356465541e-01
3.262999999999999790e-01	1.603692509730932692e+00
3.299000000000000266e-01	3.608710999012156861e+00
3.335000000000000187e-01	2.259432554066411303e+00
3.371000000000000107e-01	1.208034052828176996e+00
3.407000000000000028e-01	2.894354624925379760e+00
3.442999999999999949e-01	1.318718737725958379e+00
3.478999999999999870e-01	1.745067207151014266e+00
3.514999999999999791e-01	3.029558039475183762e+00
3.551000000000000267e-01	-4.338146205845165859e-01
3.587000000000000188e-01	2.460476525492326871e+00
3.623000000000000109e-01	4.178203010539096596e+00
3.659000000000000030e-01	1.300275260601012839e+00
3.694999999999999951e-01	2.786642526801115682e+00
3.730999999999999872e-01	1.940355491461643656e+00
3.768000000000000238e-01	5.382609771803620324e-01
3.804000000000000159e-01	1.166646932574309403e+00
3.840000000000000080e-01	1.916972318067755587e+00
3.876000000000000001e-01	1.701538690476380511e+00
3.911999999999999922e-01	1.777052677216570231e+00
3.947999999999999843e-01	-7.802982382129314276e-03
3.983999999999999764e-01	1.435018684078221751e+00
4.020000000000000240e-01	-9.750854004558284771e-02
4.056000000000000161e-01	3.287191130178992449e-01
4.092000000000000082e-01	7.645064539355670430e-01
4.128000000000000003e-01	1.154535975535807557e+00
4.163999999999999924e-01	2.234361833032238565e+00
4.199999999999999845e-01	3.105475240910335444e+00
4.235999999999999766e-01	2.124554725828045054e+00
4.273000000000000131e-01	5.446355355604690640e-01
4.309000000000000052e-01	-1.083136449140738033e-01
4.344999999999999973e-01	3.821621333147107613e+00
4.380999999999999894e-01	2.081117649600874309e+00
4.416999999999999815e-01	2.314923326823168370e+00
4.452999999999999736e-01	2.378848199024227839e+00
4.489000000000000212e-01	2.492574652903604360e+00
4.525000000000000133e-01	1.736272589998405280e+00
4.561000000000000054e-01	3.342739481849804406e+00
4.596999999999999975e-01	3.371182237925341774e+00
4.632999999999999896e-01	2.983743189330456680e+00
4.668999999999999817e-01	4.462969301141745504e+00
4.704999999999999738e-01	4.400114614457909745e+00
4.741000000000000214e-01	1.642236484640960059e+00
4.778000000000000025e-01	3.644696830184789071e+00
4.813999999999999946e-01	3.080952783122016481e+00
4.849999999999999867e-01	3.629143153803866095e+00
4.885999999999999788e-01	2.528227306596641188e+00
4.922000000000000264e-01	2.828104764735669185e+00
4.958000000000000185e-01	2.409968854824017015e+00
4.994000000000000106e-01	3.587532660724556344e+00
5.030000000000000027e-01	2.564212577253301539e+00
5.066000000000000503e-01	3.176346142096708292e+00
5.101999999999999869e-01	2.403401717836383789e+00
5.138000000000000345e-01	2.596039815003158946e+00
5.173999999999999710e-01	3.086360005579443566e+00
5.210000000000000187e-01	2.814924065589042179e+00
5.245999999999999552e-01	3.486901720832050078e+00
5.282999999999999918e-01	3.890869488196579518e+00
5.319000000000000394e-01	4.719589599825936510e+00
5.354999999999999760e-01	3.470176270849317568e+00
5.391000000000000236e-01	5.830791925641825912e+00
5.426999999999999602e-01	3.652998386413185194e+00
5.463000000000000078e-01	5.930645732024214745e+00
5.499000000000000554e-01	5.898247562643822661e+00
5.534999999999999920e-01	3.897493725028297717e+00
5.571000000000000396e-01	5.630993248366103821e+00
5.606999999999999762e-01	4.608355062909025968e+00
5.643000000000000238e-01	5.903986278669459686e+00
5.678999999999999604e-01	4.579048158396657797e+00
5.715000000000000080e-01	5.565363664571181701e+00
5.752000000000000446e-01	5.222601621129735250e+00
5.787999999999999812e-01	5.978823679498013632e+00
5.824000000000000288e-01	3.462230912161982310e+00
5.859999999999999654e-01	5.922792711680855859e+00
5.896000000000000130e-01	3.386797362079770224e+00
5.931999999999999496e-01	3.788773645795147083e+00
5.967999999999999972e-01	5.218548736345552719e+00
6.004000000000000448e-01	3.392400061410063117e+00
6.039999999999999813e-01	2.454148506125062301e+00
6.076000000000000290e-01	5.717392847644372722e+00
6.111999999999999655e-01	4.578302085152088807e+00
6.148000000000000131e-01	5.515738145356732680e+00
6.183999999999999497e-01	4.146067263358016675e+00
6.219999999999999973e-01	5.797421367115592972e+00
6.257000000000000339e-01	5.537054412034106754e+00
6.292999999999999705e-01	5.882843357116168015e+00
6.329000000000000181e-01	2.968447857354854058e+00
6.364999999999999547e-01	5.448089271471965311e+00
6.401000000000000023e-01	4.961009735056750358e+00
6.437000000000000499e-01	6.143531517371934036e+00
6.472999999999999865e-01	5.694782099439308354e+00
6.509000000000000341e-01	7.839140598993786568e+00
6.544999999999999707e-01	8.313439983107087983e+00
6.581000000000000183e-01	6.443957487217513602e+00
6.616999999999999549e-01	5.047411736981395336e+00
6.653000000000000025e-01	6.865573327997609887e+00
6.689000000000000501e-01	5.205466035281656190e+00
6.724999999999999867e-01	5.007222917975225229e+00
6.762000000000000233e-01	6.131850089895345413e+00
6.797999999999999599e-01	5.581706719791609039e+00
6.834000000000000075e-01	4.620324086841536726e+00
6.870000000000000551e-01	8.320945781608420688e+00
6.905999999999999917e-01	7.792747843242431749e+00
6.942000000000000393e-01	7.482599528106566034e+00
6.977999999999999758e-01	4.307438313189343226e+00
7.014000000000000234e-01	6.889693486839407299e+00
7.049999999999999600e-01	5.018522945994771334e+00
7.086000000000000076e-01	6.981246427675903199e+00
7.122000000000000552e-01	5.121801967561011359e+00
7.157999999999999918e-01	5.260352594656005465e+00
7.194000000000000394e-01	8.299000818236986987e+00
7.229999999999999760e-01	6.569313730084354930e+00
7.267000000000000126e-01	6.857539089651690567e+00
7.302999999999999492e-01	8.069265884737241379e+00
7.338999999999999968e-01	7.705307548721188837e+00
7.375000000000000444e-01	9.339224626885814118e+00
7.410999999999999810e-01	8.747437674397222196e+00
7.447000000000000286e-01	7.464656847017983488e+00
7.482999999999999652e-01	7.155034692575707567e+00
7.519000000000000128e-01	7.893778088953218308e+00
7.554999999999999494e-01	6.482062650888690492e+00
7.590999999999999970e-01	8.642380817571583052e+00
7.627000000000000446e-01	7.357254191028337331e+00
7.662999999999999812e-01	8.763181346986915088e+00
7.699000000000000288e-01	6.312283845284699879e+00
7.734999999999999654e-01	8.225102252892924071e+00
7.772000000000000020e-01	6.726335198092373346e+00
7.808000000000000496e-01	7.577144405627930013e+00
7.843999999999999861e-01	4.865118957430062174e+00
7.880000000000000338e-01	5.787531244364330085e+00
7.915999999999999703e-01	5.711496641250259465e+00
7.952000000000000179e-01	6.562543875050987907e+00
7.987999999999999545e-01	7.514160898981893766e+00
8.024000000000000021e-01	6.865877328254176071e+00
8.060000000000000497e-01	5.482887387599127749e+00
8.095999999999999863e-01	8.244482910854920021e+00
8.132000000000000339e-01	5.551382839352045906e+00
8.167999999999999705e-01	6.649841326176229472e+00
8.204000000000000181e-01	7.186405855723480229e+00
8.239999999999999547e-01	7.503075553449607860e+00
8.276999999999999913e-01	7.465228847378827304e+00
8.313000000000000389e-01	7.723449880366459297e+00
8.348999999999999755e-01	6.752016825201404338e+00
8.385000000000000231e-01	7.288623775612610878e+00
8.420999999999999597e-01	6.770849918149120406e+00
8.457000000000000073e-01	5.577307102802937067e+00
8.493000000000000549e-01	7.392562117377361020e+00
8.528999999999999915e-01	5.697097391625352003e+00
8.565000000000000391e-01	4.051547273393838466e+00
8.600999999999999757e-01	5.235274405620785387e+00
8.637000000000000233e-01	6.999182050373880415e+00
8.672999999999999599e-01	6.531736342720067867e+00
8.709000000000000075e-01	5.811679536844421179e+00
8.745000000000000551e-01	6.516052958348761415e+00
8.781999999999999806e-01	6.750599251728860217e+00
8.818000000000000282e-01	6.379733580290034567e+00
8.853999999999999648e-01	5.975999567540805302e+00
8.890000000000000124e-01	5.003829449123530893e+00
8.925999999999999490e-01	7.624169487101838172e+00
8.961999999999999966e-01	5.288857246983509341e+00
8.998000000000000442e-01	6.865827633509383077e+00
9.033999999999999808e-01	7.304193594701823500e+00
9.070000000000000284e-01	5.343657073853933959e+00
9.105999999999999650e-01	6.890112142743916479e+00
9.142000000000000126e-01	6.736852945542530335e+00
9.177999999999999492e-01	6.498773137878678163e+00
9.213999999999999968e-01	6.762928602926503885e+00
9.251000000000000334e-01	6.943706807115913371e+00
9.286999999999999700e-01	5.201514118667406095e+00
9.323000000000000176e-01	7.211978707904089347e+00
9.358999999999999542e-01	6.197726182455390642e+00
9.395000000000000018e-01	6.876774300799247008e+00
9.431000000000000494e-01	6.170475776385786482e+00
9.466999999999999860e-01	5.465832944196825416e+00
9.503000000000000336e-01	6.214009146966047226e+00
9.538999999999999702e-01	8.631052923955538247e+00
9.575000000000000178e-01	6.522502523949478714e+00
9.610999999999999543e-01	6.175148672249025417e+00
9.647000000000000020e-01	6.018374262018362231e+00
9.683000000000000496e-01	7.138678374978010055e+00
9.718999999999999861e-01	6.780090736534019946e+00
9.756000000000000227e-01	7.188853445969026090e+00
9.791999999999999593e-01	7.083898313597150498e+00
9.828000000000000069e-01	7.656283971554987744e+00
9.864000000000000545e-01	5.219625389822063255e+00
9.899999999999999911e-01	6.354179243534438193e+00
9.936000000000000387e-01	8.357784492197330550e+00
9.971999999999999753e-01	5.834075658144042720e+00
1.000799999999999912e+00	6.076592828853445205e+00
1.004399999999999959e+00	4.907681315938079436e+00
1.008000000000000007e+00	5.962815433407376631e+00
1.011600000000000055e+00	6.472956487595258324e+00
1.015200000000000102e+00	6.190671471076596433e+00
1.018799999999999928e+00	7.056883708636167540e+00
1.022399999999999975e+00	7.876440467063932083e+00
1.026100000000000012e+00	7.066277099727349409e+00
1.029700000000000060e+00	8.250028371155764262e+00
1.033300000000000107e+00	8.054088240554481359e+00
1.036899999999999933e+00	7.469556677558387925e+00
1.040499999999999980e+00	9.311142917899482896e+00
1.044100000000000028e+00	8.708446329565640909e+00
1.047700000000000076e+00	9.520423335729420344e+00
1.051299999999999901e+00	9.998784968047134569e+00
1.054899999999999949e+00	1.048927132345923141e+01
1.058499999999999996e+00	8.239966914348491045e+00
1.062100000000000044e+00	9.103816079498921354e+00
1.065700000000000092e+00	8.814214158896067630e+00
1.069299999999999917e+00	1.016353193792352805e+01
1.072899999999999965e+00	1.163177623378942016e+01
1.076600000000000001e+00	8.528226189367583032e+00
1.080200000000000049e+00	1.130261509677558962e+01
1.083800000000000097e+00	9.850169878885857599e+00
1.087399999999999922e+00	9.721555233666711260e+00
1.090999999999999970e+00	1.029546647637441303e+01
1.094600000000000017e+00	9.425099874135856481e+00
1.098200000000000065e+00	1.023592880408981642e+01
1.101799999999999891e+00	9.829425318296138414e+00
1.105399999999999938e+00	1.138529626957028640e+01
1.108999999999999986e+00	1.082965557949684765e+01
1.112600000000000033e+00	1.173993802651305707e+01
1.116200000000000081e+00	1.084957629738963192e+01
1.119799999999999907e+00	1.051826265419917661e+01
1.123399999999999954e+00	1.141238101539044081e+01
1.127099999999999991e+00	9.771138096381710270e+00
1.130700000000000038e+00	1.032793102853932510e+01
1.134300000000000086e+00	1.122945600898797913e+01
1.137899999999999912e+00	1.253927754211047940e+01
1.141499999999999959e+00	1.118053706796690783e+01
1.145100000000000007e+00	1.282310498767571083e+01
1.148700000000000054e+00	1.302608166387915212e+01
1.152300000000000102e+00	1.275703297781967471e+01
1.155899999999999928e+00	1.267499147447989571e+01
1.159499999999999975e+00	1.414978549804806285e+01
1.163100000000000023e+00	1.181127164689530851e+01
1.166700000000000070e+00	1.337655590108696302e+01
1.170299999999999896e+00	1.434118536924522402e+01
1.173899999999999944e+00	1.361827341785608070e+01
1.177599999999999980e+00	1.497885900986095109e+01
1.181200000000000028e+00	1.383650382738139051e+01
1.184800000000000075e+00	1.397471718054846335e+01
1.188399999999999901e+00	1.287693141460890089e+01
1.191999999999999948e+00	1.527669539320839931e+01
1.195599999999999996e+00	1.516442702668791753e+01
1.199200000000000044e+00	1.717882148515954910e+01
1.202800000000000091e+00	1.611067136796579291e+01
1.206399999999999917e+00	1.480864949387601115e+01
1.209999999999999964e+00	1.439118931102565035e+01
1.213600000000000012e+00	1.579390822784017345e+01
1.217200000000000060e+00	1.627546908683529026e+01
1.220800000000000107e+00	1.520591544636756431e+01
1.224399999999999933e+00	1.694016426589179503e+01
1.228099999999999969e+00	1.580298780183122531e+01
1.231700000000000017e+00	1.786306509215513216e+01
1.235300000000000065e+00	1.732388355865794338e+01
1.238899999999999890e+00	1.460157608349434355e+01
1.242499999999999938e+00	1.386445428116104317e+01
1.246099999999999985e+00	1.581025948586119512e+01
1.249700000000000033e+00	1.798000361703282479e+01
1.253300000000000081e+00	1.629366502733737576e+01
1.256899999999999906e+00	1.529602577439568023e+01
1.260499999999999954e+00	1.545344122536467069e+01
1.264100000000000001e+00	1.520285530589402256e+01
1.267700000000000049e+00	1.730016281806945955e+01
1.271300000000000097e+00	1.735649796991242511e+01
1.274899999999999922e+00	1.879464425731275412e+01
1.278599999999999959e+00	1.734891304338675155e+01
1.282200000000000006e+00	1.818788875215379619e+01
1.285800000000000054e+00	1.759472667528135759e+01
1.289400000000000102e+00	1.798889441678180390e+01
1.292999999999999927e+00	1.793143444567848022e+01
1.296599999999999975e+00	1.752821522310115299e+01
1.300200000000000022e+00	1.768969952654435929e+01
1.303800000000000070e+00	1.720571725553329756e+01
1.307399999999999896e+00	1.900227967294165410e+01
1.310999999999999943e+00	1.866377277821670333e+01
1.314599999999999991e+00	1.846498870690478000e+01
1.318200000000000038e+00	1.892672908401200971e+01
1.321800000000000086e+00	1.905791955246711211e+01
1.325499999999999901e+00	1.822353745734340791e+01
1.329099999999999948e+00	1.754291746836748089e+01
1.332699999999999996e+00	1.821351163424747455e+01
1.336300000000000043e+00	1.902118438138598577e+01
1.339900000000000091e+00	1.897393166875292536e+01
1.343499999999999917e+00	1.948759341171767545e+01
1.347099999999999964e+00	1.872850820753720669e+01
1.350700000000000012e+00	1.935374273784223931e+01
1.354300000000000059e+00	2.069800759845746541e+01
1.357900000000000107e+00	2.025052956045760411e+01
1.361499999999999932e+00	1.915137164711707030e+01
1.365099999999999980e+00	1.880334148996642796e+01
1.368700000000000028e+00	1.932117916350923892e+01
1.372300000000000075e+00	1.968234093429012077e+01
1.375999999999999890e+00	2.054004008102021928e+01
1.379599999999999937e+00	2.080204567974000440e+01
1.383199999999999985e+00	1.927586348938546479e+01
1.386800000000000033e+00	2.042467036962415960e+01
1.390400000000000080e+00	2.300880784381442368e+01
1.393999999999999906e+00	2.247028169142959442e+01
1.397599999999999953e+00	2.339227649342790016e+01
1.401200000000000001e+00	2.148753046089808905e+01
1.404800000000000049e+00	2.325070034473277403e+01
1.408400000000000096e+00	2.282175656533281582e+01
1.411999999999999922e+00	2.284659078526174980e+01
1.415599999999999969e+00	2.405693784484274289e+01
1.419200000000000017e+00	2.224601517296051512e+01
1.422800000000000065e+00	2.440567161333049029e+01
1.426500000000000101e+00	2.284696548834074292e+01
1.430099999999999927e+00	2.300548040335822719e+01
1.433699999999999974e+00	2.436551462620833064e+01
1.437300000000000022e+00	2.368547235885839441e+01
1.440900000000000070e+00	2.369454713919408562e+01
1.444499999999999895e+00	2.535989558746205219e+01
1.448099999999999943e+00	2.486003360945122154e+01
1.451699999999999990e+00	2.508501796415131935e+01
1.455300000000000038e+00	2.436939041634692771e+01
1.458900000000000086e+00	2.610092502545111159e+01
1.462499999999999911e+00	2.786468277256885528e+01
1.466099999999999959e+00	2.709171622979789973e+01
1.469700000000000006e+00	2.682286523133902278e+01
1.473300000000000054e+00	2.708668406981448129e+01
1.477000000000000091e+00	2.834545435285456350e+01
1.480599999999999916e+00	3.028101537130934062e+01
1.484199999999999964e+00	2.979000468735535279e+01
1.487800000000000011e+00	3.119545663532998958e+01
1.491400000000000059e+00	3.136350956601786777e+01
1.495000000000000107e+00	3.083558216413204889e+01
1.498599999999999932e+00	3.075219868504139242e+01
1.502199999999999980e+00	3.067705222834116086e+01
1.505800000000000027e+00	3.208998230083638958e+01
1.509400000000000075e+00	3.064727679825455553e+01
1.512999999999999901e+00	3.031850137797444944e+01
1.516599999999999948e+00	3.327287954259155356e+01
1.520199999999999996e+00	3.080569102919846358e+01
1.523800000000000043e+00	3.252857659940438850e+01
1.527500000000000080e+00	3.184385818522336820e+01
1.531099999999999905e+00	3.331317531978841373e+01
1.534699999999999953e+00	3.234305240826051886e+01
1.538300000000000001e+00	3.394092725805510469e+01
1.541900000000000048e+00	3.039966810754339122e+01
1.545500000000000096e+00	3.071740238090667674e+01
1.549099999999999921e+00	2.994534969921280521e+01
1.552699999999999969e+00	2.966222163401094036e+01
1.556300000000000017e+00	2.908546347171037283e+01
1.559900000000000064e+00	2.918398992747757248e+01
1.563499999999999890e+00	2.764616068211108058e+01
1.567099999999999937e+00	2.678931162520340692e+01
1.570699999999999985e+00	2.788622556922362605e+01
1.574300000000000033e+00	2.932531532641455030e+01
1.578000000000000069e+00	2.812531547141231769e+01
1.581599999999999895e+00	2.756518586145271499e+01
1.585199999999999942e+00	2.554374144215522335e+01
1.588799999999999990e+00	2.536229926543780522e+01
1.592400000000000038e+00	2.466758058847756629e+01
1.596000000000000085e+00	2.510984889698818279e+01
1.599599999999999911e+00	2.411996166215161708e+01
1.603199999999999958e+00	2.550623068629997547e+01
1.606800000000000006e+00	2.601447123371787740e+01
1.610400000000000054e+00	2.642181417798013854e+01
1.614000000000000101e+00	2.327783924569165563e+01
1.617599999999999927e+00	2.373364673949230408e+01
1.621199999999999974e+00	2.311848410852283919e+01
1.624800000000000022e+00	2.234412501460194989e+01
1.628500000000000059e+00	2.321526000305426152e+01
1.632100000000000106e+00	2.377292290977285560e+01
1.635699999999999932e+00	2.347523445462646308e+01
1.639299999999999979e+00	2.484313489394958907e+01
1.642900000000000027e+00	2.726720669598062941e+01
1.646500000000000075e+00	2.160568457268001197e+01
1.650099999999999900e+00	2.560190511242343447e+01
1.653699999999999948e+00	2.640942138664586025e+01
1.657299999999999995e+00	2.499302872678847720e+01
1.660900000000000043e+00	2.733809651210543024e+01
1.664500000000000091e+00	2.736068742673005261e+01
1.668099999999999916e+00	2.565039921814128832e+01
1.671699999999999964e+00	2.709293249773957868e+01
1.675400000000000000e+00	2.749137989117921776e+01
1.679000000000000048e+00	2.712191243195427504e+01
1.682600000000000096e+00	2.556800156986108163e+01
1.686199999999999921e+00	2.741588407743856592e+01
1.689799999999999969e+00	2.657138569183693733e+01
1.693400000000000016e+00	2.625206047023041123e+01
1.697000000000000064e+00	2.688481891833777837e+01
1.700599999999999890e+00	2.768044192376419232e+01
1.704199999999999937e+00	2.747774810942031465e+01
1.707799999999999985e+00	2.798569821507136979e+01
1.711400000000000032e+00	3.044114434997515772e+01
1.715000000000000080e+00	2.943948193048294826e+01
1.718599999999999905e+00	2.778648581303000142e+01
1.722199999999999953e+00	2.931706008639843475e+01
1.725899999999999990e+00	2.924765190228413658e+01
1.729500000000000037e+00	2.893339218552207370e+01
1.733100000000000085e+00	2.882377758919406574e+01
1.736699999999999910e+00	2.976125894498628810e+01
1.740299999999999958e+00	2.899802831848105455e+01
1.743900000000000006e+00	2.817930538129847662e+01
1.747500000000000053e+00	3.191752242828684771e+01
1.751100000000000101e+00	3.143615839964721914e+01
1.754699999999999926e+00	3.260256825126761981e+01
1.758299999999999974e+00	3.129379200675179007e+01
1.761900000000000022e+00	3.452583783900435321e+01
1.765500000000000069e+00	3.421769932564580330e+01
1.769099999999999895e+00	3.647340637527257456e+01
1.772699999999999942e+00	3.726054264513637548e+01
1.776399999999999979e+00	3.831439850960933313e+01
1.780000000000000027e+00	3.862140080029342215e+01
1.783600000000000074e+00	3.708438403514061577e+01
1.787199999999999900e+00	3.873184614077255361e+01
1.790799999999999947e+00	3.884403947898535137e+01
1.794399999999999995e+00	3.635477074682690812e+01
1.798000000000000043e+00	3.552810272397372415e+01
1.801600000000000090e+00	3.442726313845634678e+01
1.805199999999999916e+00	3.598060331945496415e+01
1.808799999999999963e+00	3.812798659490646003e+01
1.812400000000000011e+00	3.921061469169333691e+01
1.816000000000000059e+00	4.223039113131378031e+01
1.819600000000000106e+00	4.318120999837081087e+01
1.823199999999999932e+00	4.422236326046203203e+01
1.826899999999999968e+00	4.068798980883781269e+01
1.830500000000000016e+00	3.880722391281789641e+01
1.834100000000000064e+00	3.702443524561623889e+01
1.837699999999999889e+00	3.651728862580168311e+01
1.841299999999999937e+00	3.478484275354100674e+01
1.844899999999999984e+00	3.706406281330021812e+01
1.848500000000000032e+00	3.575987856998195724e+01
1.852100000000000080e+00	3.553038409907014739e+01
1.855699999999999905e+00	3.439970187149104675e+01
1.859299999999999953e+00	3.413909281672014373e+01
1.862900000000000000e+00	3.276612859940865974e+01
1.866500000000000048e+00	3.092356702108393307e+01
1.870100000000000096e+00	3.126150510507620695e+01
1.873699999999999921e+00	3.038803600665590920e+01
1.877399999999999958e+00	2.970683838956638567e+01
1.881000000000000005e+00	2.864069657030266569e+01
1.884600000000000053e+00	3.079286038221249555e+01
1.888200000000000101e+00	2.767175592428628050e+01
1.891799999999999926e+00	2.714037401164615559e+01
1.895399999999999974e+00	2.492137770890274950e+01
1.899000000000000021e+00	2.616893718592324092e+01
1.902600000000000069e+00	2.589586104807226974e+01
1.906199999999999894e+00	2.541036558780520593e+01
1.909799999999999942e+00	2.594633809360765397e+01
1.913399999999999990e+00	2.689330614426087251e+01
1.917000000000000037e+00	2.705877982314505203e+01
1.920600000000000085e+00	2.858687403319712317e+01
1.924199999999999910e+00	2.761004550574226002e+01
1.927899999999999947e+00	2.733487439387808138e+01
1.931499999999999995e+00	2.883962668448893041e+01
1.935100000000000042e+00	2.862339363695982897e+01
1.938700000000000090e+00	3.063021565589777850e+01
1.942299999999999915e+00	3.086340567944974822e+01
1.945899999999999963e+00	3.119784019108984552e+01
1.949500000000000011e+00	2.919211658465819426e+01
1.953100000000000058e+00	2.820956313972294538e+01
1.956700000000000106e+00	2.802806329872554514e+01
1.960299999999999931e+00	2.833208957007736117e+01
1.963899999999999979e+00	2.802798258225563899e+01
1.967500000000000027e+00	2.493007072987272821e+01
1.971100000000000074e+00	2.494184810617402093e+01
1.974699999999999900e+00	2.608821703980843054e+01
1.978399999999999936e+00	2.785714807813701555e+01
1.981999999999999984e+00	3.068614888316069056e+01
1.985600000000000032e+00	3.130446042866164547e+01
1.989200000000000079e+00	3.036226018650183889e+01
1.992799999999999905e+00	3.299254006088619917e+01
1.996399999999999952e+00	2.937267885966638303e+01
2.000000000000000000e+00	2.570451611301370320e+01
