2.000000000000000111e-01	-2.103181172132376986e+00
2.036000000000000032e-01	-1.407717935092173800e+00
2.071999999999999953e-01	-1.306952909749762526e+00
2.107999999999999874e-01	-1.461861723900651722e+00
2.144000000000000072e-01	-8.163375442708865615e-01
2.179999999999999993e-01	-1.680095006581230344e-01
2.215999999999999914e-01	-7.578442857294936941e-01
2.253000000000000003e-01	-2.344997909606931774e-01
2.288999999999999924e-01	-1.904738101968724839e-01
2.325000000000000122e-01	-4.069224329673792329e-01
2.361000000000000043e-01	6.761411821990956916e-01
2.396999999999999964e-01	3.137665437784508127e-01
2.432999999999999885e-01	2.721070567020770214e-01
2.469000000000000083e-01	-3.301452567825693962e-02
2.505000000000000004e-01	3.948698307372376370e-01
2.540999999999999925e-01	1.440230513641178600e+00
2.576999999999999846e-01	1.208947467610482995e+00
2.612999999999999767e-01	7.629654536915444485e-01
2.649000000000000243e-01	1.067666920983732171e+00
2.685000000000000164e-01	1.162120023298759852e+00
2.721000000000000085e-01	6.651483460879005216e-01
2.757999999999999896e-01	-8.777998763884228839e-02
2.793999999999999817e-01	8.662104711698337400e-01
2.829999999999999738e-01	4.386546370781687076e-01
2.866000000000000214e-01	4.398742371920947303e-01
2.902000000000000135e-01	-3.595806720818645053e-01
2.938000000000000056e-01	-2.251587907240586439e-01
2.973999999999999977e-01	-4.665069025230685340e-01
3.009999999999999898e-01	-9.663254751259660047e-01
3.045999999999999819e-01	-2.947043844007648516e-01
3.081999999999999740e-01	4.436753779333266756e-01
3.118000000000000216e-01	-6.028431446102594515e-02
3.154000000000000137e-01	-5.859260586767678358e-01
3.190000000000000058e-01	2.225195239631807265e-01
3.225999999999999979e-01	7.228861285970055173e-01
3.262999999999999790e-01	6.650766526964241310e-02
3.299000000000000266e-01	3.053868647567912764e-01
3.335000000000000187e-01	8.181881369554206973e-01
3.371000000000000107e-01	8.156287421367934831e-01
3.407000000000000028e-01	1.685759603383292671e+00
3.442999999999999949e-01	1.535690738935122424e+00
3.478999999999999870e-01	9.050674117970640697e-01
3.514999999999999791e-01	1.760740115380740045e+00
3.551000000000000267e-01	6.511836890453470694e-01
3.587000000000000188e-01	1.651633702216438238e+00
3.623000000000000109e-01	1.613753433786602631e+00
3.659000000000000030e-01	1.078680271333658736e+00
3.694999999999999951e-01	3.546464174155468663e-01
3.730999999999999872e-01	7.828806798753462637e-01
3.768000000000000238e-01	1.759164785150188204e-01
3.804000000000000159e-01	2.503264066836293211e-01
3.840000000000000080e-01	2.749071201287828226e-01
3.876000000000000001e-01	3.836455084977062890e-01
3.911999999999999922e-01	6.033455757491948401e-02
3.947999999999999843e-01	1.034434878784728229e-01
3.983999999999999764e-01	-2.903462276393424801e-01
4.020000000000000240e-01	2.966889713771267423e-02
4.056000000000000161e-01	4.407528087801718675e-01
4.092000000000000082e-01	8.224755665037269958e-01
4.128000000000000003e-01	1.382672293306546618e-01
4.163999999999999924e-01	7.814794002946021667e-01
4.199999999999999845e-01	3.258188843576304006e-01
4.235999999999999766e-01	5.723702595704331930e-01
4.273000000000000131e-01	9.637926261571838626e-01
4.309000000000000052e-01	1.756578342485126232e+00
4.344999999999999973e-01	1.360920024291737862e+00
4.380999999999999894e-01	1.554159743615096900e+00
4.416999999999999815e-01	1.153360806249206671e+00
4.452999999999999736e-01	1.579977149884268295e+00
4.489000000000000212e-01	1.054734202282080702e+00
4.525000000000000133e-01	1.381363122411053856e+00
4.561000000000000054e-01	1.866106841104761216e+00
4.596999999999999975e-01	2.027022273508884975e+00
4.632999999999999896e-01	2.158072899694841951e+00
4.668999999999999817e-01	2.309259131080166672e+00
4.704999999999999738e-01	2.227044476640891446e+00
4.741000000000000214e-01	2.140359394891586220e+00
4.778000000000000025e-01	1.593299788928096206e+00
4.813999999999999946e-01	1.591577892618240675e+00
4.849999999999999867e-01	1.105923625847283764e+00
4.885999999999999788e-01	1.589749357079318193e+00
4.922000000000000264e-01	1.651982915535362029e+00
4.958000000000000185e-01	9.709775297230842650e-01
4.994000000000000106e-01	6.562150112101012844e-01
5.030000000000000027e-01	2.211141947058286483e+00
5.066000000000000503e-01	1.515193712332561837e+00
5.101999999999999869e-01	1.611521410061803827e+00
5.138000000000000345e-01	1.949399810822570078e+00
5.173999999999999710e-01	2.674108833266163998e+00
5.210000000000000187e-01	2.117884376733844221e+00
5.245999999999999552e-01	3.073145817081194942e+00
5.282999999999999918e-01	2.708135188035770469e+00
5.319000000000000394e-01	3.444031305143817612e+00
5.354999999999999760e-01	3.199591224337659856e+00
5.391000000000000236e-01	3.159061144777053354e+00
5.426999999999999602e-01	3.506219584768967223e+00
5.463000000000000078e-01	3.724581927110624413e+00
5.499000000000000554e-01	4.634959130658398152e+00
5.534999999999999920e-01	4.747198179365866189e+00
5.571000000000000396e-01	4.989399892356965793e+00
5.606999999999999762e-01	5.050474908981993138e+00
5.643000000000000238e-01	4.898443035209439245e+00
5.678999999999999604e-01	4.321780966635112797e+00
5.715000000000000080e-01	4.217426470124589599e+00
5.752000000000000446e-01	4.214356863887467775e+00
5.787999999999999812e-01	3.577439435678955171e+00
5.824000000000000288e-01	3.142293308967209597e+00
5.859999999999999654e-01	3.637090908208885587e+00
5.896000000000000130e-01	2.989334152225811891e+00
5.931999999999999496e-01	3.030244459512927424e+00
5.967999999999999972e-01	2.560394968944765814e+00
6.004000000000000448e-01	2.739760573331414317e+00
6.039999999999999813e-01	2.884890459454150236e+00
6.076000000000000290e-01	3.194665990091259289e+00
6.111999999999999655e-01	3.736449019647170022e+00
6.148000000000000131e-01	3.333231530743006932e+00
6.183999999999999497e-01	4.628592991140406454e+00
6.219999999999999973e-01	4.228096932186850232e+00
6.257000000000000339e-01	4.660793512040730668e+00
6.292999999999999705e-01	4.912792150154761117e+00
6.329000000000000181e-01	4.665500090528580834e+00
6.364999999999999547e-01	5.122181620477180175e+00
6.401000000000000023e-01	5.218831244666748859e+00
6.437000000000000499e-01	5.174017621209648254e+00
6.472999999999999865e-01	5.074771005872383611e+00
6.509000000000000341e-01	5.525454120921147627e+00
6.544999999999999707e-01	4.415164067685465099e+00
6.581000000000000183e-01	5.377087366086209741e+00
6.616999999999999549e-01	5.685132893804510701e+00
6.653000000000000025e-01	5.861879525388419054e+00
6.689000000000000501e-01	4.610586821252629086e+00
6.724999999999999867e-01	5.207282360548079581e+00
6.762000000000000233e-01	5.173450742580210537e+00
6.797999999999999599e-01	5.468789404070644622e+00
6.834000000000000075e-01	5.698063375678835030e+00
6.870000000000000551e-01	5.227425964860358043e+00
6.905999999999999917e-01	5.711594836633755001e+00
6.942000000000000393e-01	5.178704120351294904e+00
6.977999999999999758e-01	5.780229555632951488e+00
7.014000000000000234e-01	5.266718906383883514e+00
7.049999999999999600e-01	4.605405192149472526e+00
7.086000000000000076e-01	5.427261871958359407e+00
7.122000000000000552e-01	5.752903975801761938e+00
7.157999999999999918e-01	5.426826299667709463e+00
7.194000000000000394e-01	5.845495743931546251e+00
7.229999999999999760e-01	6.097723053480553546e+00
7.267000000000000126e-01	6.706275524058719739e+00
7.302999999999999492e-01	6.521154369455455679e+00
7.338999999999999968e-01	6.537494960972777491e+00
7.375000000000000444e-01	6.518075104057634128e+00
7.410999999999999810e-01	6.640056667037876892e+00
7.447000000000000286e-01	7.212359640772977976e+00
7.482999999999999652e-01	7.548621861201706196e+00
7.519000000000000128e-01	7.416722404015749781e+00
7.554999999999999494e-01	7.473878395646359252e+00
7.590999999999999970e-01	6.864830901918253403e+00
7.627000000000000446e-01	6.628536069081814475e+00
7.662999999999999812e-01	6.453694127814289416e+00
7.699000000000000288e-01	5.792659624875931001e+00
7.734999999999999654e-01	6.307730137162208983e+00
7.772000000000000020e-01	5.377103161422351896e+00
7.808000000000000496e-01	6.212212970724001693e+00
7.843999999999999861e-01	5.870804220623259795e+00
7.880000000000000338e-01	6.162084690785272656e+00
7.915999999999999703e-01	5.677568415051888806e+00
7.952000000000000179e-01	5.639688156370116445e+00
7.987999999999999545e-01	5.508241993692936767e+00
8.024000000000000021e-01	5.538813534693162843e+00
8.060000000000000497e-01	5.289920439356634141e+00
8.095999999999999863e-01	6.043380768632288458e+00
8.132000000000000339e-01	5.893877795672877618e+00
8.167999999999999705e-01	6.158926202242863468e+00
8.204000000000000181e-01	6.295650058763451185e+00
8.239999999999999547e-01	6.148187615933061956e+00
8.276999999999999913e-01	5.815147608636084264e+00
8.313000000000000389e-01	6.461825436082405005e+00
8.348999999999999755e-01	5.853457411210884587e+00
8.385000000000000231e-01	6.057260602081519174e+00
8.420999999999999597e-01	5.708717797298532126e+00
8.457000000000000073e-01	6.344180171718758032e+00
8.493000000000000549e-01	5.756592867627459142e+00
8.528999999999999915e-01	5.672230805159177436e+00
8.565000000000000391e-01	5.258701932222679787e+00
8.600999999999999757e-01	5.599282742778703081e+00
8.637000000000000233e-01	5.729234587284238955e+00
8.672999999999999599e-01	5.112399656483943566e+00
8.709000000000000075e-01	6.010266759303039663e+00
8.745000000000000551e-01	5.592845884495099895e+00
8.781999999999999806e-01	5.615555020038768497e+00
8.818000000000000282e-01	5.090754593163120845e+00
8.853999999999999648e-01	5.331353740731894497e+00
8.890000000000000124e-01	5.671146582693215699e+00
8.925999999999999490e-01	5.411568328497075697e+00
8.961999999999999966e-01	5.398456927650327586e+00
8.998000000000000442e-01	5.544433911045981489e+00
9.033999999999999808e-01	6.067454938139424492e+00
9.070000000000000284e-01	5.233374679684452246e+00
9.105999999999999650e-01	5.622124057407656750e+00
9.142000000000000126e-01	4.802630656462845593e+00
9.177999999999999492e-01	5.263493142039913586e+00
9.213999999999999968e-01	5.556678053506269421e+00
9.251000000000000334e-01	5.906828603030286118e+00
9.286999999999999700e-01	5.003824687050119735e+00
9.323000000000000176e-01	5.236831656551288461e+00
9.358999999999999542e-01	5.090611250295481227e+00
9.395000000000000018e-01	5.215011658486572443e+00
9.431000000000000494e-01	5.238379521302771735e+00
9.466999999999999860e-01	5.681366932783170398e+00
9.503000000000000336e-01	6.210787967559674883e+00
9.538999999999999702e-01	6.027152973038738537e+00
9.575000000000000178e-01	6.216335958271763218e+00
9.610999999999999543e-01	6.441893189206549408e+00
9.647000000000000020e-01	6.004436349923303773e+00
9.683000000000000496e-01	5.972971231501471578e+00
9.718999999999999861e-01	6.088200259753546284e+00
9.756000000000000227e-01	6.344764921320775741e+00
9.791999999999999593e-01	5.882583853785726902e+00
9.828000000000000069e-01	6.321426406724225622e+00
9.864000000000000545e-01	6.249507247268050847e+00
9.899999999999999911e-01	6.376803500886371268e+00
9.936000000000000387e-01	5.639332982872459432e+00
9.971999999999999753e-01	5.915977271892441713e+00
1.000799999999999912e+00	5.864119477312323525e+00
1.004399999999999959e+00	5.381053335422797623e+00
1.008000000000000007e+00	6.424377543728786222e+00
1.011600000000000055e+00	5.250854572763270056e+00
1.015200000000000102e+00	5.750400879744430149e+00
1.018799999999999928e+00	5.841222008541230082e+00
1.022399999999999975e+00	6.421003392008133304e+00
1.026100000000000012e+00	6.454080089549375288e+00
1.029700000000000060e+00	7.369847006582708637e+00
1.033300000000000107e+00	7.330302542452233894e+00
1.036899999999999933e+00	7.530951617680829102e+00
1.040499999999999980e+00	7.999021548599018594e+00
1.044100000000000028e+00	7.447863507747245038e+00
1.047700000000000076e+00	7.814197100791101747e+00
1.051299999999999901e+00	7.717404356970702040e+00
1.054899999999999949e+00	8.084467645807331238e+00
1.058499999999999996e+00	8.241810199335814602e+00
1.062100000000000044e+00	7.744900395817384542e+00
1.065700000000000092e+00	8.255401917364581621e+00
1.069299999999999917e+00	7.244278777312929130e+00
1.072899999999999965e+00	8.408919565139969521e+00
1.076600000000000001e+00	7.738926765947197417e+00
1.080200000000000049e+00	8.580516725421361457e+00
1.083800000000000097e+00	8.847078657931534806e+00
1.087399999999999922e+00	9.681780479866249678e+00
1.090999999999999970e+00	9.267642235266555062e+00
1.094600000000000017e+00	1.032495853657578522e+01
1.098200000000000065e+00	1.155993147126407194e+01
1.101799999999999891e+00	1.162453253918142337e+01
1.105399999999999938e+00	1.116488894445405045e+01
1.108999999999999986e+00	1.108874440586130028e+01
1.112600000000000033e+00	1.088973326869283653e+01
1.116200000000000081e+00	1.052760010099267873e+01
1.119799999999999907e+00	9.522566139821375231e+00
1.123399999999999954e+00	1.000829624209404578e+01
1.127099999999999991e+00	1.027982288324679949e+01
1.130700000000000038e+00	1.037278053217556106e+01
1.134300000000000086e+00	9.931391666077569624e+00
1.137899999999999912e+00	1.069463982466719010e+01
1.141499999999999959e+00	1.043314477972113785e+01
1.145100000000000007e+00	1.147532121890811041e+01
1.148700000000000054e+00	1.235329182116921309e+01
1.152300000000000102e+00	1.264720834459970789e+01
1.155899999999999928e+00	1.419889196140044163e+01
1.159499999999999975e+00	1.420325765174987787e+01
1.163100000000000023e+00	1.429257374526518909e+01
1.166700000000000070e+00	1.452726726357553133e+01
1.170299999999999896e+00	1.378702827927137164e+01
1.173899999999999944e+00	1.327481860133201685e+01
1.177599999999999980e+00	1.312624757543396825e+01
1.181200000000000028e+00	1.332985955745390427e+01
1.184800000000000075e+00	1.300524927578960721e+01
1.188399999999999901e+00	1.372159283694443488e+01
1.191999999999999948e+00	1.427662573522941969e+01
1.195599999999999996e+00	1.436560051140938299e+01
1.199200000000000044e+00	1.418382960286577443e+01
1.202800000000000091e+00	1.497320150252013526e+01
1.206399999999999917e+00	1.462489132250345492e+01
1.209999999999999964e+00	1.448358446196961147e+01
1.213600000000000012e+00	1.413335853547801868e+01
1.217200000000000060e+00	1.442259658719514803e+01
1.220800000000000107e+00	1.385122094063014764e+01
1.224399999999999933e+00	1.464921685807250995e+01
1.228099999999999969e+00	1.457939013693388297e+01
1.231700000000000017e+00	1.465257627019145126e+01
1.235300000000000065e+00	1.560362259087179382e+01
1.238899999999999890e+00	1.568843771861244996e+01
1.242499999999999938e+00	1.565401741571911387e+01
1.246099999999999985e+00	1.483854719528158483e+01
1.249700000000000033e+00	1.558638719425003671e+01
1.253300000000000081e+00	1.624584225514370317e+01
1.256899999999999906e+00	1.581593038233855353e+01
1.260499999999999954e+00	1.558387305260772671e+01
1.264100000000000001e+00	1.635306441323337268e+01
1.267700000000000049e+00	1.605955323646772115e+01
1.271300000000000097e+00	1.606316914475429769e+01
1.274899999999999922e+00	1.679844948006332217e+01
1.278599999999999959e+00	1.710010950411332331e+01
1.282200000000000006e+00	1.674084643354899171e+01
1.285800000000000054e+00	1.648066988152845624e+01
1.289400000000000102e+00	1.719378645244697879e+01
1.292999999999999927e+00	1.714576045764179213e+01
1.296599999999999975e+00	1.728353399717789785e+01
1.300200000000000022e+00	1.848563665302205195e+01
1.303800000000000070e+00	1.798362785167080702e+01
1.307399999999999896e+00	1.779813656821229984e+01
1.310999999999999943e+00	1.883535476256213315e+01
1.314599999999999991e+00	1.825529366792854091e+01
1.318200000000000038e+00	1.818130517447582761e+01
1.321800000000000086e+00	1.838782600788266919e+01
1.325499999999999901e+00	1.868540291691276778e+01
1.329099999999999948e+00	1.837428968923969208e+01
1.332699999999999996e+00	1.887740617569249579e+01
1.336300000000000043e+00	1.830988445601720471e+01
1.339900000000000091e+00	1.831655304454630695e+01
1.343499999999999917e+00	1.832508946614492373e+01
1.347099999999999964e+00	1.889626483045766747e+01
1.350700000000000012e+00	1.945479483975634594e+01
1.354300000000000059e+00	1.896305214991183519e+01
1.357900000000000107e+00	1.920630558780103314e+01
1.361499999999999932e+00	1.902025378100623954e+01
1.365099999999999980e+00	1.939442028526478623e+01
1.368700000000000028e+00	1.947973574693807208e+01
1.372300000000000075e+00	1.949152533208200921e+01
1.375999999999999890e+00	2.000892958710726788e+01
1.379599999999999937e+00	1.977735306190720266e+01
1.383199999999999985e+00	2.072489217452584143e+01
1.386800000000000033e+00	2.037480121381995346e+01
1.390400000000000080e+00	2.141945776453461647e+01
1.393999999999999906e+00	2.097872425430737664e+01
1.397599999999999953e+00	2.046470281873703101e+01
1.401200000000000001e+00	2.135967559328113907e+01
1.404800000000000049e+00	2.228057490461841539e+01
1.408400000000000096e+00	2.299594666776242846e+01
1.411999999999999922e+00	2.389728067644530896e+01
1.415599999999999969e+00	2.395404318789671194e+01
1.419200000000000017e+00	2.483778852157169581e+01
1.422800000000000065e+00	2.369456678013067830e+01
1.426500000000000101e+00	2.400804832199626304e+01
1.430099999999999927e+00	2.329753800655399942e+01
1.433699999999999974e+00	2.350733657530618359e+01
1.437300000000000022e+00	2.255612392727301696e+01
1.440900000000000070e+00	2.323535835363477275e+01
1.444499999999999895e+00	2.343199231837575525e+01
1.448099999999999943e+00	2.245333128389059141e+01
1.451699999999999990e+00	2.404458092710887485e+01
1.455300000000000038e+00	2.484628001288096755e+01
1.458900000000000086e+00	2.565955645092700976e+01
1.462499999999999911e+00	2.563240747746194259e+01
1.466099999999999959e+00	2.605920088937130075e+01
1.469700000000000006e+00	2.624599080503702098e+01
1.473300000000000054e+00	2.726959658047344348e+01
1.477000000000000091e+00	2.703733806519429450e+01
1.480599999999999916e+00	2.846657807920827921e+01
1.484199999999999964e+00	2.896824531623586907e+01
1.487800000000000011e+00	2.853742290173775586e+01
1.491400000000000059e+00	2.964738981420628505e+01
1.495000000000000107e+00	2.979103721717476816e+01
1.498599999999999932e+00	2.983511188801702119e+01
1.502199999999999980e+00	2.889541855115456315e+01
1.505800000000000027e+00	3.015063831894562441e+01
1.509400000000000075e+00	3.011734271081417447e+01
1.512999999999999901e+00	3.090496852698451136e+01
1.516599999999999948e+00	3.129674976169730272e+01
1.520199999999999996e+00	3.186197897404807833e+01
1.523800000000000043e+00	3.225863462252844727e+01
1.527500000000000080e+00	3.290685635135182707e+01
1.531099999999999905e+00	3.177679520754354670e+01
1.534699999999999953e+00	3.226467762816191964e+01
1.538300000000000001e+00	3.202579312831217351e+01
1.541900000000000048e+00	3.100647897963609267e+01
1.545500000000000096e+00	2.989313883179086417e+01
1.549099999999999921e+00	2.960446345388421818e+01
1.552699999999999969e+00	2.933230729221040534e+01
1.556300000000000017e+00	2.948291495682946106e+01
1.559900000000000064e+00	2.899215332833193770e+01
1.563499999999999890e+00	2.864510676714083104e+01
1.567099999999999937e+00	2.926336212791535019e+01
1.570699999999999985e+00	2.837565223621465194e+01
1.574300000000000033e+00	2.817366045105019978e+01
1.578000000000000069e+00	2.789111229733970276e+01
1.581599999999999895e+00	2.651481171962264938e+01
1.585199999999999942e+00	2.590538915330856540e+01
1.588799999999999990e+00	2.562046977698003758e+01
1.592400000000000038e+00	2.600202302383744524e+01
1.596000000000000085e+00	2.560001330277371778e+01
1.599599999999999911e+00	2.482785092969897889e+01
1.603199999999999958e+00	2.580001905490160752e+01
1.606800000000000006e+00	2.559572270568368069e+01
1.610400000000000054e+00	2.529798958556529698e+01
1.614000000000000101e+00	2.524912792807837647e+01
1.617599999999999927e+00	2.529133120232811649e+01
1.621199999999999974e+00	2.429672418204309281e+01
1.624800000000000022e+00	2.376931307286212558e+01
1.628500000000000059e+00	2.344672111639675194e+01
1.632100000000000106e+00	2.270267551296118569e+01
1.635699999999999932e+00	2.227140845353196497e+01
1.639299999999999979e+00	2.272865268628372348e+01
1.642900000000000027e+00	2.296733107810107199e+01
1.646500000000000075e+00	2.373863616886737304e+01
1.650099999999999900e+00	2.409066348939763458e+01
1.653699999999999948e+00	2.543566526445563269e+01
1.657299999999999995e+00	2.732272986188893782e+01
1.660900000000000043e+00	2.950274546046930269e+01
1.664500000000000091e+00	3.055727972328695330e+01
1.668099999999999916e+00	3.088017296482984975e+01
1.671699999999999964e+00	3.155152558965047760e+01
1.675400000000000000e+00	2.984150640356073225e+01
1.679000000000000048e+00	2.863812594409358425e+01
1.682600000000000096e+00	2.625013859268765515e+01
1.686199999999999921e+00	2.544285895545591814e+01
1.689799999999999969e+00	2.474886268321871796e+01
1.693400000000000016e+00	2.446137679979045032e+01
1.697000000000000064e+00	2.477239511870024202e+01
1.700599999999999890e+00	2.554525246318965515e+01
1.704199999999999937e+00	2.704082471115211206e+01
1.707799999999999985e+00	2.910157386259025714e+01
1.711400000000000032e+00	3.106601649114571018e+01
1.715000000000000080e+00	3.156767611595638101e+01
1.718599999999999905e+00	3.122246863635282921e+01
1.722199999999999953e+00	2.931977753190729885e+01
1.725899999999999990e+00	2.809194690134620132e+01
1.729500000000000037e+00	2.629391016268803938e+01
1.733100000000000085e+00	2.680363758206242153e+01
1.736699999999999910e+00	2.634156183636944704e+01
1.740299999999999958e+00	2.800757099794256533e+01
1.743900000000000006e+00	2.977566244167150700e+01
1.747500000000000053e+00	3.190899542562468838e+01
1.751100000000000101e+00	3.221119818038908988e+01
1.754699999999999926e+00	3.353618966270478552e+01
1.758299999999999974e+00	3.436306928326938248e+01
1.761900000000000022e+00	3.434044222944821456e+01
1.765500000000000069e+00	3.517307137495266289e+01
1.769099999999999895e+00	3.471605041997476349e+01
1.772699999999999942e+00	3.504161084117431102e+01
1.776399999999999979e+00	3.568982613855507680e+01
1.780000000000000027e+00	3.661482125944247201e+01
1.783600000000000074e+00	3.816639463273342869e+01
1.787199999999999900e+00	3.816097326681109081e+01
1.790799999999999947e+00	3.953901465115788483e+01
1.794399999999999995e+00	3.856693473050233933e+01
1.798000000000000043e+00	3.912116481906960530e+01
1.801600000000000090e+00	3.911190373104957274e+01
1.805199999999999916e+00	3.784420114000758417e+01
1.808799999999999963e+00	3.920116038429038241e+01
1.812400000000000011e+00	3.879251802740629529e+01
1.816000000000000059e+00	3.876034763131456629e+01
1.819600000000000106e+00	3.899299126955657613e+01
1.823199999999999932e+00	3.928179080414874136e+01
1.826899999999999968e+00	3.800156446203204297e+01
1.830500000000000016e+00	3.863519123196954297e+01
1.834100000000000064e+00	3.771537604017680678e+01
1.837699999999999889e+00	3.689906341977872728e+01
1.841299999999999937e+00	3.670123189736772673e+01
1.844899999999999984e+00	3.629564425625878243e+01
1.848500000000000032e+00	3.623125831395527285e+01
1.852100000000000080e+00	3.690522810180736002e+01
1.855699999999999905e+00	3.806465222231237533e+01
1.859299999999999953e+00	3.823409351050285920e+01
1.862900000000000000e+00	3.899660008018571489e+01
1.866500000000000048e+00	3.892417707660353443e+01
1.870100000000000096e+00	3.731451861623617106e+01
1.873699999999999921e+00	3.565094576441795482e+01
1.877399999999999958e+00	3.336435620374544442e+01
1.881000000000000005e+00	3.205341096260882239e+01
1.884600000000000053e+00	3.081636885564965311e+01
1.888200000000000101e+00	2.997736978852878664e+01
1.891799999999999926e+00	2.907164991529322151e+01
1.895399999999999974e+00	2.810139220637109503e+01
1.899000000000000021e+00	2.722223121318875982e+01
1.902600000000000069e+00	2.671558186138983615e+01
1.906199999999999894e+00	2.682857866688233273e+01
1.909799999999999942e+00	2.728368317630060602e+01
1.913399999999999990e+00	2.718293895306155150e+01
1.917000000000000037e+00	2.724186718819434461e+01
1.920600000000000085e+00	2.794410379121327281e+01
1.924199999999999910e+00	2.910882263095810174e+01
1.927899999999999947e+00	2.917734285151051665e+01
1.931499999999999995e+00	2.949671801242536162e+01
1.935100000000000042e+00	3.012123424503239733e+01
1.938700000000000090e+00	3.077006768934017700e+01
1.942299999999999915e+00	3.045479072744698712e+01
1.945899999999999963e+00	3.120675809671437406e+01
1.949500000000000011e+00	3.131602704706448392e+01
1.953100000000000058e+00	3.111365521137185297e+01
1.956700000000000106e+00	3.000411339172410408e+01
1.960299999999999931e+00	2.787110816899207677e+01
1.963899999999999979e+00	2.624987613274004872e+01
1.967500000000000027e+00	2.469077054862308884e+01
1.971100000000000074e+00	2.301717759446637857e+01
1.974699999999999900e+00	2.281120854908101236e+01
1.978399999999999936e+00	2.362303191969039418e+01
1.981999999999999984e+00	2.414687626577548585e+01
1.985600000000000032e+00	2.503851518147549271e+01
1.989200000000000079e+00	2.684297930543402444e+01
1.992799999999999905e+00	2.924751022177566639e+01
1.996399999999999952e+00	3.116199797779348657e+01
2.000000000000000000e+00	3.258694047962735851e+01
