2.000000000000000111e-01	-2.756982775681396713e+00
2.036000000000000032e-01	-2.630067421478466727e+00
2.071999999999999953e-01	-2.920002595119880695e+00
2.107999999999999874e-01	-2.553251811843053609e+00
2.144000000000000072e-01	-2.705104787208338912e+00
2.179999999999999993e-01	-3.100591151574806581e+00
2.215999999999999914e-01	-3.202408110210108738e+00
2.253000000000000003e-01	-3.790324341489611726e+00
2.288999999999999924e-01	-3.105123823630266511e+00
2.325000000000000122e-01	-3.502275610716593768e+00
2.361000000000000043e-01	-3.104254306332653535e+00
2.396999999999999964e-01	-2.770687912066400305e+00
2.432999999999999885e-01	-2.767273053572381514e+00
2.469000000000000083e-01	-1.430247766814295662e+00
2.505000000000000004e-01	-1.734276188141069763e+00
2.540999999999999925e-01	-2.033718435215109199e+00
2.576999999999999846e-01	-1.994738085219411428e+00
2.612999999999999767e-01	-1.441090927036646985e+00
2.649000000000000243e-01	-4.123008416410020027e-01
2.685000000000000164e-01	5.762683897806759603e-01
2.721000000000000085e-01	-2.085506096579254898e-01
2.757999999999999896e-01	-9.428999515587929148e-01
2.793999999999999817e-01	-7.103623775422981401e-01
2.829999999999999738e-01	-3.261575824886280284e-01
2.866000000000000214e-01	-9.110132965595207910e-01
2.902000000000000135e-01	-1.374143609207236771e+00
2.938000000000000056e-01	-1.390064415949025189e+00
2.973999999999999977e-01	-2.118724460719367819e+00
3.009999999999999898e-01	-1.152455392524982969e+00
3.045999999999999819e-01	-2.773464577732423386e+00
3.081999999999999740e-01	-2.770069062761196133e+00
3.118000000000000216e-01	-3.127894990933086206e+00
3.154000000000000137e-01	-3.106224544801538645e+00
3.190000000000000058e-01	-2.745535156594328452e+00
3.225999999999999979e-01	-3.250375659311742993e+00
3.262999999999999790e-01	-3.134066774548051271e+00
3.299000000000000266e-01	-3.619616610535286494e+00
3.335000000000000187e-01	-1.861906114328943929e+00
3.371000000000000107e-01	-2.258452689151643433e+00
3.407000000000000028e-01	-2.351326212995921594e+00
3.442999999999999949e-01	-8.902099236673648441e-01
3.478999999999999870e-01	2.822554292871592985e-02
3.514999999999999791e-01	-2.148789162171086398e-01
3.551000000000000267e-01	2.504152644108060266e-01
3.587000000000000188e-01	1.195294825320161403e+00
3.623000000000000109e-01	1.246627775948256467e+00
3.659000000000000030e-01	1.417019234422587370e-01
3.694999999999999951e-01	1.937980031081058874e+00
3.730999999999999872e-01	1.560315392977545290e+00
3.768000000000000238e-01	8.793169163514987785e-01
3.804000000000000159e-01	1.351048211534102705e+00
3.840000000000000080e-01	8.558872126248623369e-01
3.876000000000000001e-01	6.170933804077972651e-01
3.911999999999999922e-01	5.768413629980229107e-01
3.947999999999999843e-01	6.946988128875419832e-02
3.983999999999999764e-01	7.902541733429609971e-01
4.020000000000000240e-01	6.141358198667825619e-01
4.056000000000000161e-01	6.123817448659731877e-01
4.092000000000000082e-01	6.898184151518517160e-01
4.128000000000000003e-01	-3.987936202606694458e-01
4.163999999999999924e-01	-4.310776572290060393e-01
4.199999999999999845e-01	-1.580281533824261064e+00
4.235999999999999766e-01	-4.461017690130653079e-02
4.273000000000000131e-01	-9.594826448068914937e-01
4.309000000000000052e-01	-2.975529249419115452e-01
4.344999999999999973e-01	-4.048637139545638863e-01
4.380999999999999894e-01	-8.750935091467120230e-01
4.416999999999999815e-01	-6.900131172960952686e-01
4.452999999999999736e-01	3.942127832456693293e-02
4.489000000000000212e-01	5.193523725195544616e-01
4.525000000000000133e-01	1.078581234034529768e+00
4.561000000000000054e-01	7.720843197804041491e-01
4.596999999999999975e-01	1.955100576967566894e+00
4.632999999999999896e-01	2.089154556269052776e+00
4.668999999999999817e-01	2.088170160243331352e+00
4.704999999999999738e-01	2.021208018506014614e+00
4.741000000000000214e-01	2.448141350259116056e+00
4.778000000000000025e-01	1.678623425546035053e+00
4.813999999999999946e-01	2.120949033643344972e+00
4.849999999999999867e-01	2.356690620100419853e+00
4.885999999999999788e-01	2.185325820972321420e+00
4.922000000000000264e-01	2.556635022257037537e+00
4.958000000000000185e-01	1.290162896035213613e+00
4.994000000000000106e-01	2.548664453315422129e+00
5.030000000000000027e-01	1.635004675939252916e+00
5.066000000000000503e-01	6.150247614803012741e-01
5.101999999999999869e-01	1.036397830892429761e+00
5.138000000000000345e-01	1.690519623350603129e-01
5.173999999999999710e-01	4.994469458867348277e-01
5.210000000000000187e-01	-5.648741446859879556e-01
5.245999999999999552e-01	5.632110895295723285e-01
5.282999999999999918e-01	2.957109708851149432e-01
5.319000000000000394e-01	-1.321751480837290993e-02
5.354999999999999760e-01	2.827156643680037718e-01
5.391000000000000236e-01	-1.432983518667209077e-01
5.426999999999999602e-01	4.709873602595198161e-01
5.463000000000000078e-01	6.956336078523353006e-01
5.499000000000000554e-01	1.184697772198648913e+00
5.534999999999999920e-01	1.682124798399522447e+00
5.571000000000000396e-01	1.898198989472045461e+00
5.606999999999999762e-01	2.873147086190932509e+00
5.643000000000000238e-01	4.100118367728553537e+00
5.678999999999999604e-01	3.456338918419902484e+00
5.715000000000000080e-01	3.205812158737185058e+00
5.752000000000000446e-01	2.646085146428271972e+00
5.787999999999999812e-01	3.137439631836019593e+00
5.824000000000000288e-01	2.737064547126903058e+00
5.859999999999999654e-01	3.361680753235286367e+00
5.896000000000000130e-01	3.178584187622169210e+00
5.931999999999999496e-01	4.150860515542428075e+00
5.967999999999999972e-01	3.473810147990010311e+00
6.004000000000000448e-01	3.232842349956378314e+00
6.039999999999999813e-01	2.922634817272239172e+00
6.076000000000000290e-01	2.382792670338194974e+00
6.111999999999999655e-01	3.649406310558529931e+00
6.148000000000000131e-01	2.879990110914504964e+00
6.183999999999999497e-01	2.050227388858982813e+00
6.219999999999999973e-01	1.372984653489773610e+00
6.257000000000000339e-01	2.448601773610676879e+00
6.292999999999999705e-01	1.518677001753895084e+00
6.329000000000000181e-01	2.616639377777061348e+00
6.364999999999999547e-01	2.475094831904782744e+00
6.401000000000000023e-01	2.500958192932724700e+00
6.437000000000000499e-01	2.515238345123637753e+00
6.472999999999999865e-01	3.433097165218351954e+00
6.509000000000000341e-01	2.997278402939445918e+00
6.544999999999999707e-01	4.026337313222311920e+00
6.581000000000000183e-01	2.572128624274756969e+00
6.616999999999999549e-01	3.559675152233197970e+00
6.653000000000000025e-01	4.147464081172406836e+00
6.689000000000000501e-01	3.844584665980522953e+00
6.724999999999999867e-01	3.911097544484778865e+00
6.762000000000000233e-01	3.239695465802052254e+00
6.797999999999999599e-01	4.899786888659179773e+00
6.834000000000000075e-01	5.231059195126411154e+00
6.870000000000000551e-01	4.702511323381217245e+00
6.905999999999999917e-01	4.494603231465521098e+00
6.942000000000000393e-01	4.638883384410556587e+00
6.977999999999999758e-01	4.184636409435619875e+00
7.014000000000000234e-01	4.616365144480209182e+00
7.049999999999999600e-01	3.974853754732172284e+00
7.086000000000000076e-01	3.449425046121463723e+00
7.122000000000000552e-01	3.402522408134954990e+00
7.157999999999999918e-01	3.758200378068107916e+00
7.194000000000000394e-01	4.300591805363274567e+00
7.229999999999999760e-01	3.557929804607323998e+00
7.267000000000000126e-01	3.231266806049482021e+00
7.302999999999999492e-01	2.628596810766707037e+00
7.338999999999999968e-01	3.116699749061755842e+00
7.375000000000000444e-01	3.723625026860181375e+00
7.410999999999999810e-01	3.436371461783474412e+00
7.447000000000000286e-01	3.140274529455347796e+00
7.482999999999999652e-01	2.827556430961533529e+00
7.519000000000000128e-01	3.525475129799716889e+00
7.554999999999999494e-01	3.619056635010415413e+00
7.590999999999999970e-01	4.876819454884421035e+00
7.627000000000000446e-01	4.856919737772941836e+00
7.662999999999999812e-01	5.388387004761599819e+00
7.699000000000000288e-01	5.242009638109243141e+00
7.734999999999999654e-01	5.848465646237599458e+00
7.772000000000000020e-01	5.612268297886878088e+00
7.808000000000000496e-01	5.387313873108117157e+00
7.843999999999999861e-01	6.057272503522480811e+00
7.880000000000000338e-01	6.576944268374136371e+00
7.915999999999999703e-01	5.075714224613575354e+00
7.952000000000000179e-01	5.318778266260446586e+00
7.987999999999999545e-01	5.966675758777348015e+00
8.024000000000000021e-01	5.514168614963549153e+00
8.060000000000000497e-01	5.983616751734547989e+00
8.095999999999999863e-01	5.620746974105982119e+00
8.132000000000000339e-01	5.956533153055792340e+00
8.167999999999999705e-01	4.326079771542396202e+00
8.204000000000000181e-01	4.781150784606381876e+00
8.239999999999999547e-01	4.547791863936593515e+00
8.276999999999999913e-01	4.407848722256780150e+00
8.313000000000000389e-01	4.119945113296689776e+00
8.348999999999999755e-01	4.473108501401777737e+00
8.385000000000000231e-01	4.898935710289436862e+00
8.420999999999999597e-01	5.237457841104148137e+00
8.457000000000000073e-01	4.554667714657895772e+00
8.493000000000000549e-01	5.257971068851071905e+00
8.528999999999999915e-01	5.149625892999597276e+00
8.565000000000000391e-01	5.174922655971668561e+00
8.600999999999999757e-01	5.245500894712233020e+00
8.637000000000000233e-01	6.052472134284172078e+00
8.672999999999999599e-01	5.550604176523099120e+00
8.709000000000000075e-01	6.313600719975227094e+00
8.745000000000000551e-01	6.565889325702229939e+00
8.781999999999999806e-01	6.596905284296426863e+00
8.818000000000000282e-01	7.043192167656909142e+00
8.853999999999999648e-01	6.690755629911279811e+00
8.890000000000000124e-01	6.700730139266292795e+00
8.925999999999999490e-01	7.390740838790989642e+00
8.961999999999999966e-01	6.467573038312398381e+00
8.998000000000000442e-01	7.481385637229025498e+00
9.033999999999999808e-01	7.141127655838078070e+00
9.070000000000000284e-01	7.400526879389065726e+00
9.105999999999999650e-01	6.721543628146636529e+00
9.142000000000000126e-01	6.981913827902831216e+00
9.177999999999999492e-01	7.886678215061376562e+00
9.213999999999999968e-01	6.746103374312492740e+00
9.251000000000000334e-01	6.666623516607329769e+00
9.286999999999999700e-01	7.344557506383798007e+00
9.323000000000000176e-01	7.492274834350612700e+00
9.358999999999999542e-01	8.258612667691766163e+00
9.395000000000000018e-01	7.004186564093777712e+00
9.431000000000000494e-01	6.866590082659811856e+00
9.466999999999999860e-01	5.957589744587834524e+00
9.503000000000000336e-01	8.046640917025055018e+00
9.538999999999999702e-01	7.921992571774198133e+00
9.575000000000000178e-01	7.801319671384439935e+00
9.610999999999999543e-01	8.075344401875623745e+00
9.647000000000000020e-01	8.764849482825141536e+00
9.683000000000000496e-01	9.383249045381596432e+00
9.718999999999999861e-01	9.848239268683625980e+00
9.756000000000000227e-01	1.024211055991291630e+01
9.791999999999999593e-01	1.040103909930244441e+01
9.828000000000000069e-01	1.032017214866372612e+01
9.864000000000000545e-01	9.826219162814108898e+00
9.899999999999999911e-01	1.030724095034638133e+01
9.936000000000000387e-01	1.015790553915238803e+01
9.971999999999999753e-01	1.068175647422482122e+01
1.000799999999999912e+00	1.053869755356368287e+01
1.004399999999999959e+00	1.047584020664034732e+01
1.008000000000000007e+00	1.060851458911960776e+01
1.011600000000000055e+00	1.072346789825676439e+01
1.015200000000000102e+00	1.097356284436160756e+01
1.018799999999999928e+00	8.911499597533969919e+00
1.022399999999999975e+00	9.801212758033203798e+00
1.026100000000000012e+00	1.106859793869780972e+01
1.029700000000000060e+00	1.093598970609363086e+01
1.033300000000000107e+00	1.161175836936713246e+01
1.036899999999999933e+00	1.031095575716805079e+01
1.040499999999999980e+00	1.157407420013251276e+01
1.044100000000000028e+00	1.193101320833556933e+01
1.047700000000000076e+00	1.051139319418863849e+01
1.051299999999999901e+00	1.077221288096537144e+01
1.054899999999999949e+00	1.057076892197462747e+01
1.058499999999999996e+00	1.116221001818291469e+01
1.062100000000000044e+00	1.179940443951830886e+01
1.065700000000000092e+00	1.067768532215112742e+01
1.069299999999999917e+00	1.192325745376179214e+01
1.072899999999999965e+00	1.300979810365245548e+01
1.076600000000000001e+00	1.227231896831793279e+01
1.080200000000000049e+00	1.251398282525305561e+01
1.083800000000000097e+00	1.158423596567382496e+01
1.087399999999999922e+00	1.366817437980723149e+01
1.090999999999999970e+00	1.443832283290202056e+01
1.094600000000000017e+00	1.619545097237576670e+01
1.098200000000000065e+00	1.636920190606447179e+01
1.101799999999999891e+00	1.621588050184165297e+01
1.105399999999999938e+00	1.685749980262207259e+01
1.108999999999999986e+00	1.679072914464426702e+01
1.112600000000000033e+00	1.571740194259847634e+01
1.116200000000000081e+00	1.633095532716545506e+01
1.119799999999999907e+00	1.618373213949472245e+01
1.123399999999999954e+00	1.580938736970560221e+01
1.127099999999999991e+00	1.521497127930900817e+01
1.130700000000000038e+00	1.518370425441395000e+01
1.134300000000000086e+00	1.582939079051403297e+01
1.137899999999999912e+00	1.564861121622064211e+01
1.141499999999999959e+00	1.626482412653521692e+01
1.145100000000000007e+00	1.625655776002663089e+01
1.148700000000000054e+00	1.846073818726511462e+01
1.152300000000000102e+00	1.951667677226689435e+01
1.155899999999999928e+00	2.027803529470630295e+01
1.159499999999999975e+00	2.195155794194338839e+01
1.163100000000000023e+00	2.126538866226994529e+01
1.166700000000000070e+00	2.103903976389330310e+01
1.170299999999999896e+00	2.085651479110604001e+01
1.173899999999999944e+00	2.016272185402615946e+01
1.177599999999999980e+00	2.017558535335419378e+01
1.181200000000000028e+00	1.921776718292315067e+01
1.184800000000000075e+00	1.994873761497402853e+01
1.188399999999999901e+00	2.122865069971421548e+01
1.191999999999999948e+00	2.054948129828684600e+01
1.195599999999999996e+00	2.283115677973005120e+01
1.199200000000000044e+00	2.277715867250315185e+01
1.202800000000000091e+00	2.355891998156059230e+01
1.206399999999999917e+00	2.448047226224718642e+01
1.209999999999999964e+00	2.463529350270448859e+01
1.213600000000000012e+00	2.347734977337734819e+01
1.217200000000000060e+00	2.408414940573042529e+01
1.220800000000000107e+00	2.419518766861398973e+01
1.224399999999999933e+00	2.450353376780540771e+01
1.228099999999999969e+00	2.486197052263482377e+01
1.231700000000000017e+00	2.522070036096875967e+01
1.235300000000000065e+00	2.482180439380791626e+01
1.238899999999999890e+00	2.602717251683710487e+01
1.242499999999999938e+00	2.601624777403926814e+01
1.246099999999999985e+00	2.564325518344782751e+01
1.249700000000000033e+00	2.661699860781348548e+01
1.253300000000000081e+00	2.668753528430717736e+01
1.256899999999999906e+00	2.669051170559107433e+01
1.260499999999999954e+00	2.844676405248282336e+01
1.264100000000000001e+00	2.708695024211140634e+01
1.267700000000000049e+00	2.777433223610830737e+01
1.271300000000000097e+00	2.899749557249309007e+01
1.274899999999999922e+00	2.979726601472013670e+01
1.278599999999999959e+00	3.050127133195957896e+01
1.282200000000000006e+00	3.029663112693628335e+01
1.285800000000000054e+00	3.054736367575116063e+01
1.289400000000000102e+00	3.068991263879554410e+01
1.292999999999999927e+00	3.177350701129342170e+01
1.296599999999999975e+00	3.255462421067003476e+01
1.300200000000000022e+00	3.392086308797329508e+01
1.303800000000000070e+00	3.305470737722940555e+01
1.307399999999999896e+00	3.404291857680500755e+01
1.310999999999999943e+00	3.497286352839378054e+01
1.314599999999999991e+00	3.484613361060819869e+01
1.318200000000000038e+00	3.557898751714267149e+01
1.321800000000000086e+00	3.572127883228507272e+01
1.325499999999999901e+00	3.520056443386287981e+01
1.329099999999999948e+00	3.663669116378244439e+01
1.332699999999999996e+00	3.784153267440927948e+01
1.336300000000000043e+00	3.652337756256742551e+01
1.339900000000000091e+00	3.724000622374601477e+01
1.343499999999999917e+00	3.804176832779887718e+01
1.347099999999999964e+00	3.861265698581242134e+01
1.350700000000000012e+00	3.890690578911642206e+01
1.354300000000000059e+00	3.922269376649491335e+01
1.357900000000000107e+00	3.928056860951411977e+01
1.361499999999999932e+00	4.063414466106122802e+01
1.365099999999999980e+00	4.076094408442017425e+01
1.368700000000000028e+00	4.193880740809579066e+01
1.372300000000000075e+00	4.095185055142987096e+01
1.375999999999999890e+00	4.273003397027456174e+01
1.379599999999999937e+00	4.362853073502860468e+01
1.383199999999999985e+00	4.372768857140756893e+01
1.386800000000000033e+00	4.453260718954275887e+01
1.390400000000000080e+00	4.510005236497597991e+01
1.393999999999999906e+00	4.383825625184066865e+01
1.397599999999999953e+00	4.372746478115433888e+01
1.401200000000000001e+00	4.401737058106670730e+01
1.404800000000000049e+00	4.553781753422659762e+01
1.408400000000000096e+00	4.578131353608576148e+01
1.411999999999999922e+00	4.626162851464724923e+01
1.415599999999999969e+00	4.807618006043131942e+01
1.419200000000000017e+00	4.694069506275184978e+01
1.422800000000000065e+00	4.726647447926186629e+01
1.426500000000000101e+00	4.619748118198698705e+01
1.430099999999999927e+00	4.561321584731104650e+01
1.433699999999999974e+00	4.581244368676443202e+01
1.437300000000000022e+00	4.715273498532530283e+01
1.440900000000000070e+00	4.896578103506976731e+01
1.444499999999999895e+00	4.929157173768537348e+01
1.448099999999999943e+00	4.923406013846992835e+01
1.451699999999999990e+00	4.849674416425180112e+01
1.455300000000000038e+00	4.774913379149915471e+01
1.458900000000000086e+00	4.942508784592929771e+01
1.462499999999999911e+00	4.996491849844920807e+01
1.466099999999999959e+00	5.049426918633420058e+01
1.469700000000000006e+00	5.189579359070977205e+01
1.473300000000000054e+00	5.307127771645041747e+01
1.477000000000000091e+00	5.323560056275658781e+01
1.480599999999999916e+00	5.349939628714260920e+01
1.484199999999999964e+00	5.414575337886073925e+01
1.487800000000000011e+00	5.420356893402512100e+01
1.491400000000000059e+00	5.502180550065050824e+01
1.495000000000000107e+00	5.502656005330027256e+01
1.498599999999999932e+00	5.559317316364251127e+01
1.502199999999999980e+00	5.468211611971982933e+01
1.505800000000000027e+00	5.653536460940377140e+01
1.509400000000000075e+00	5.637362772223525553e+01
1.512999999999999901e+00	5.871375535933088941e+01
1.516599999999999948e+00	5.872202864572205527e+01
1.520199999999999996e+00	5.910070756687277793e+01
1.523800000000000043e+00	5.953616164632860119e+01
1.527500000000000080e+00	5.919744209654025724e+01
1.531099999999999905e+00	5.930863728966868109e+01
1.534699999999999953e+00	5.919440906055416463e+01
1.538300000000000001e+00	5.740668298233883604e+01
1.541900000000000048e+00	5.672096232262483539e+01
1.545500000000000096e+00	5.669177163695692201e+01
1.549099999999999921e+00	5.628621053302833843e+01
1.552699999999999969e+00	5.704326974753861634e+01
1.556300000000000017e+00	5.699729443911123639e+01
1.559900000000000064e+00	5.705264957225675460e+01
1.563499999999999890e+00	5.909741169113820547e+01
1.567099999999999937e+00	5.858550280639419583e+01
1.570699999999999985e+00	5.918392175613877981e+01
1.574300000000000033e+00	5.962142153611326023e+01
1.578000000000000069e+00	5.848003313294246652e+01
1.581599999999999895e+00	5.865562669636416615e+01
1.585199999999999942e+00	5.687693358779002750e+01
1.588799999999999990e+00	5.746655789786533575e+01
1.592400000000000038e+00	5.594383106683893203e+01
1.596000000000000085e+00	5.604997214620746604e+01
1.599599999999999911e+00	5.610963573190135634e+01
1.603199999999999958e+00	5.551034185610826910e+01
1.606800000000000006e+00	5.613773990286363613e+01
1.610400000000000054e+00	5.641541059034505423e+01
1.614000000000000101e+00	5.671486191703388613e+01
1.617599999999999927e+00	5.467084142703923533e+01
1.621199999999999974e+00	5.497935199263112338e+01
1.624800000000000022e+00	5.474349293794642790e+01
1.628500000000000059e+00	5.458080269476806734e+01
1.632100000000000106e+00	5.552398166712007566e+01
1.635699999999999932e+00	5.633171038467654057e+01
1.639299999999999979e+00	5.642718803997431820e+01
1.642900000000000027e+00	5.749921225140138858e+01
1.646500000000000075e+00	5.797950831379771586e+01
1.650099999999999900e+00	6.082693248665856345e+01
1.653699999999999948e+00	6.059500986928692612e+01
1.657299999999999995e+00	6.412766439554556541e+01
1.660900000000000043e+00	6.586407364768257366e+01
1.664500000000000091e+00	6.937608317750931519e+01
1.668099999999999916e+00	7.239774651576878739e+01
1.671699999999999964e+00	7.058139608133073750e+01
1.675400000000000000e+00	6.880520852439782686e+01
1.679000000000000048e+00	6.580493756805776684e+01
1.682600000000000096e+00	6.154291416852861119e+01
1.686199999999999921e+00	5.884254058404896881e+01
1.689799999999999969e+00	5.683242226017699750e+01
1.693400000000000016e+00	5.657103505754766815e+01
1.697000000000000064e+00	5.702540843017099093e+01
1.700599999999999890e+00	5.882882070216688675e+01
1.704199999999999937e+00	6.151015058756271969e+01
1.707799999999999985e+00	6.290425837478951365e+01
1.711400000000000032e+00	6.507359192662573832e+01
1.715000000000000080e+00	6.637766612860885118e+01
1.718599999999999905e+00	6.985716790296253009e+01
1.722199999999999953e+00	7.128722315623220140e+01
1.725899999999999990e+00	7.176309833857065712e+01
1.729500000000000037e+00	7.111227461453862020e+01
1.733100000000000085e+00	6.984833133675174111e+01
1.736699999999999910e+00	6.638499633564696012e+01
1.740299999999999958e+00	6.474306131037180023e+01
1.743900000000000006e+00	6.280495768618092711e+01
1.747500000000000053e+00	6.028408160637037838e+01
1.751100000000000101e+00	6.189805921692202162e+01
1.754699999999999926e+00	6.287356168833399295e+01
1.758299999999999974e+00	6.375319366997663906e+01
1.761900000000000022e+00	6.465962164345977214e+01
1.765500000000000069e+00	6.569842877628883571e+01
1.769099999999999895e+00	6.589559092221875858e+01
1.772699999999999942e+00	6.616625643055759554e+01
1.776399999999999979e+00	6.714499823525950717e+01
1.780000000000000027e+00	6.867669884954676718e+01
1.783600000000000074e+00	6.913702966265155681e+01
1.787199999999999900e+00	7.078542062560374859e+01
1.790799999999999947e+00	6.990007753948219715e+01
1.794399999999999995e+00	6.775115379629683332e+01
1.798000000000000043e+00	6.510571050813803140e+01
1.801600000000000090e+00	6.340153400799163563e+01
1.805199999999999916e+00	6.450977247790127933e+01
1.808799999999999963e+00	6.494769437725472017e+01
1.812400000000000011e+00	6.783164882787389161e+01
1.816000000000000059e+00	7.077137979964466297e+01
1.819600000000000106e+00	7.385551392755532163e+01
1.823199999999999932e+00	7.229149390636378314e+01
1.826899999999999968e+00	7.008381789995198119e+01
1.830500000000000016e+00	6.688634300030108193e+01
1.834100000000000064e+00	6.624078267101567974e+01
1.837699999999999889e+00	6.728653284174723126e+01
1.841299999999999937e+00	7.035492649815007837e+01
1.844899999999999984e+00	7.409686202588646609e+01
1.848500000000000032e+00	7.784987806340424754e+01
1.852100000000000080e+00	8.124871255514833024e+01
1.855699999999999905e+00	8.427248882963799304e+01
1.859299999999999953e+00	8.527170827604247449e+01
1.862900000000000000e+00	8.564045847734871586e+01
1.866500000000000048e+00	8.657235868933744882e+01
1.870100000000000096e+00	8.623091568201729729e+01
1.873699999999999921e+00	8.513070541952502879e+01
1.877399999999999958e+00	8.382705496937040834e+01
1.881000000000000005e+00	8.226725838617520026e+01
1.884600000000000053e+00	7.910247090057048069e+01
1.888200000000000101e+00	7.435549387448502046e+01
1.891799999999999926e+00	7.025306135652606088e+01
1.895399999999999974e+00	6.475766307490721374e+01
1.899000000000000021e+00	6.154124779237741905e+01
1.902600000000000069e+00	6.077317677920153471e+01
1.906199999999999894e+00	6.240869333972223387e+01
1.909799999999999942e+00	6.666355062106366347e+01
1.913399999999999990e+00	7.473565071334873267e+01
1.917000000000000037e+00	8.434651456951847592e+01
1.920600000000000085e+00	9.342727237758236924e+01
1.924199999999999910e+00	9.827656177405947346e+01
1.927899999999999947e+00	9.763145236375943625e+01
1.931499999999999995e+00	9.104473752696668498e+01
1.935100000000000042e+00	8.201464948067585681e+01
1.938700000000000090e+00	7.261150571045088498e+01
1.942299999999999915e+00	6.612675117190630658e+01
1.945899999999999963e+00	6.292428610145965706e+01
1.949500000000000011e+00	6.281820928820003758e+01
1.953100000000000058e+00	6.412297673854106961e+01
1.956700000000000106e+00	6.766520869998116439e+01
1.960299999999999931e+00	7.038013928722165247e+01
1.963899999999999979e+00	7.492242205318866866e+01
1.967500000000000027e+00	7.793701054149885010e+01
1.971100000000000074e+00	7.958223617569483110e+01
1.974699999999999900e+00	7.838700910503123964e+01
1.978399999999999936e+00	7.797887270952227823e+01
1.981999999999999984e+00	7.516523146522170862e+01
1.985600000000000032e+00	7.245830005102737914e+01
1.989200000000000079e+00	6.942429446835208751e+01
1.992799999999999905e+00	6.635136228348626730e+01
1.996399999999999952e+00	6.513843431687828911e+01
2.000000000000000000e+00	6.443232590342690003e+01
