2.000000000000000111e-01	-1.172197547664125761e+00
2.036000000000000032e-01	-1.779165726707825801e+00
2.071999999999999953e-01	-1.794001830733292335e+00
2.107999999999999874e-01	-2.157284314072068998e+00
2.144000000000000072e-01	-1.675884055480742152e+00
2.179999999999999993e-01	-1.179013891293376082e+00
2.215999999999999914e-01	-3.849234587404996022e-01
2.253000000000000003e-01	1.281558144021998913e-01
2.288999999999999924e-01	1.334571416316308934e+00
2.325000000000000122e-01	1.410408333780774015e+00
2.361000000000000043e-01	2.012636916273664589e+00
2.396999999999999964e-01	1.791442605377708164e+00
2.432999999999999885e-01	2.056842905387241682e+00
2.469000000000000083e-01	1.915919490201372088e+00
2.505000000000000004e-01	1.823982139152157567e+00
2.540999999999999925e-01	1.510983439201320611e+00
2.576999999999999846e-01	1.091794199502684304e+00
2.612999999999999767e-01	6.238289996380178559e-01
2.649000000000000243e-01	-1.810253394642622471e-01
2.685000000000000164e-01	-5.011527929361346834e-01
2.721000000000000085e-01	-9.536480386805546994e-01
2.757999999999999896e-01	-1.162285950749243790e+00
2.793999999999999817e-01	-1.413895444148391078e+00
2.829999999999999738e-01	-8.109294915795687286e-01
2.866000000000000214e-01	-3.676434108119698840e-01
2.902000000000000135e-01	-2.805416317583589447e-03
2.938000000000000056e-01	6.145966033413525764e-01
2.973999999999999977e-01	9.311606271536067014e-01
3.009999999999999898e-01	1.701305839783772367e+00
3.045999999999999819e-01	2.307705812903480869e+00
3.081999999999999740e-01	2.766470904955748988e+00
3.118000000000000216e-01	3.094341599809526944e+00
3.154000000000000137e-01	3.296383659557349244e+00
3.190000000000000058e-01	3.443391676066942964e+00
3.225999999999999979e-01	2.987657674258375806e+00
3.262999999999999790e-01	2.489389202201670592e+00
3.299000000000000266e-01	1.810783317634966805e+00
3.335000000000000187e-01	9.045203824465151143e-01
3.371000000000000107e-01	1.101202417040240356e+00
3.407000000000000028e-01	3.426563688199936175e-01
3.442999999999999949e-01	-4.536172641320948551e-02
3.478999999999999870e-01	-8.868192119488799152e-02
3.514999999999999791e-01	-4.491885591297115066e-02
3.551000000000000267e-01	3.586686490823678963e-01
3.587000000000000188e-01	8.541465651332091902e-01
3.623000000000000109e-01	1.303069875516200238e+00
3.659000000000000030e-01	2.224392319243315264e+00
3.694999999999999951e-01	2.851266270613960430e+00
3.730999999999999872e-01	3.266226757372141520e+00
3.768000000000000238e-01	3.699318540865025096e+00
3.804000000000000159e-01	3.979328370609790166e+00
3.840000000000000080e-01	4.356228514397909812e+00
3.876000000000000001e-01	3.893395474824986380e+00
3.911999999999999922e-01	3.800262572796778038e+00
3.947999999999999843e-01	3.124281244074041286e+00
3.983999999999999764e-01	2.653646225235201328e+00
4.020000000000000240e-01	1.643058356070514758e+00
4.056000000000000161e-01	1.396366017402119519e+00
4.092000000000000082e-01	1.150602945669993771e+00
4.128000000000000003e-01	6.839010646721845887e-01
4.163999999999999924e-01	3.362150426806236880e-01
4.199999999999999845e-01	7.117664303220081479e-01
4.235999999999999766e-01	9.130692403310527450e-01
4.273000000000000131e-01	8.930492632839264200e-01
4.309000000000000052e-01	1.651909556176837102e+00
4.344999999999999973e-01	2.178628330758376475e+00
4.380999999999999894e-01	2.609869938347183282e+00
4.416999999999999815e-01	3.357871997696992850e+00
4.452999999999999736e-01	3.279432018560725304e+00
4.489000000000000212e-01	3.695936587327969924e+00
4.525000000000000133e-01	3.794330134942700550e+00
4.561000000000000054e-01	3.341601408996957012e+00
4.596999999999999975e-01	3.281306285699456371e+00
4.632999999999999896e-01	3.259736151022045725e+00
4.668999999999999817e-01	2.510294788970703461e+00
4.704999999999999738e-01	2.017607860401787079e+00
4.741000000000000214e-01	1.320400802814999386e+00
4.778000000000000025e-01	9.333462629930644461e-01
4.813999999999999946e-01	6.617724422564569275e-01
4.849999999999999867e-01	1.896495739714272044e-01
4.885999999999999788e-01	7.547141030248276650e-01
4.922000000000000264e-01	6.107123145172717038e-01
4.958000000000000185e-01	1.397652897579967579e+00
4.994000000000000106e-01	1.596421213741837430e+00
5.030000000000000027e-01	2.331987080721454220e+00
5.066000000000000503e-01	2.793617947831174231e+00
5.101999999999999869e-01	3.019766518645529363e+00
5.138000000000000345e-01	3.681628781930696981e+00
5.173999999999999710e-01	3.562418935440406109e+00
5.210000000000000187e-01	3.272445249979353044e+00
5.245999999999999552e-01	3.407125465897411498e+00
5.282999999999999918e-01	2.988314983707793804e+00
5.319000000000000394e-01	2.856644840027988685e+00
5.354999999999999760e-01	2.222961445751016285e+00
5.391000000000000236e-01	1.460364836146486489e+00
5.426999999999999602e-01	1.146790872204361378e+00
5.463000000000000078e-01	7.217483894241344400e-01
5.499000000000000554e-01	6.099869652055232017e-01
5.534999999999999920e-01	8.199564834536055002e-01
5.571000000000000396e-01	8.769219326970928430e-01
5.606999999999999762e-01	1.474233575756008330e+00
5.643000000000000238e-01	1.579720413243915100e+00
5.678999999999999604e-01	2.025578463194062984e+00
5.715000000000000080e-01	2.152852670808297120e+00
5.752000000000000446e-01	2.313130268544146162e+00
5.787999999999999812e-01	2.890062107133961167e+00
5.824000000000000288e-01	3.117764394175294385e+00
5.859999999999999654e-01	3.686185708517553117e+00
5.896000000000000130e-01	3.449699326308519609e+00
5.931999999999999496e-01	3.686300385878281904e+00
5.967999999999999972e-01	3.190536007641859406e+00
6.004000000000000448e-01	3.178486021225744196e+00
6.039999999999999813e-01	2.660702908082825058e+00
6.076000000000000290e-01	2.031451019827489102e+00
6.111999999999999655e-01	1.458934234633556537e+00
6.148000000000000131e-01	1.103825501039897627e+00
6.183999999999999497e-01	6.484245558429575507e-01
6.219999999999999973e-01	5.196227837367048963e-01
6.257000000000000339e-01	2.744785822188967606e-01
6.292999999999999705e-01	2.456086142316951382e-01
6.329000000000000181e-01	4.179784628222568132e-01
6.364999999999999547e-01	9.509226857623933604e-01
6.401000000000000023e-01	1.390030264619092293e+00
6.437000000000000499e-01	1.712178883511128014e+00
6.472999999999999865e-01	2.182829940966843463e+00
6.509000000000000341e-01	2.625537237030485471e+00
6.544999999999999707e-01	3.115599986750061223e+00
6.581000000000000183e-01	2.986551979079238528e+00
6.616999999999999549e-01	2.973584448948387138e+00
6.653000000000000025e-01	2.985843718817432269e+00
6.689000000000000501e-01	2.983383409984609713e+00
6.724999999999999867e-01	1.928882664840883665e+00
6.762000000000000233e-01	1.771855491352973377e+00
6.797999999999999599e-01	1.930948550925227991e+00
6.834000000000000075e-01	1.224997562781663163e+00
6.870000000000000551e-01	1.243539975748481075e+00
6.905999999999999917e-01	8.069903116955905453e-01
6.942000000000000393e-01	1.028722287678132341e+00
6.977999999999999758e-01	9.256406747350238717e-01
7.014000000000000234e-01	1.225784203694039176e+00
7.049999999999999600e-01	1.826983879356603779e+00
7.086000000000000076e-01	2.224591408171032292e+00
7.122000000000000552e-01	2.347423114626749019e+00
7.157999999999999918e-01	2.980453461738535648e+00
7.194000000000000394e-01	3.317539869910115069e+00
7.229999999999999760e-01	3.389739898550268027e+00
7.267000000000000126e-01	3.996701888063268981e+00
7.302999999999999492e-01	3.828245662775575653e+00
7.338999999999999968e-01	3.842069552553746270e+00
7.375000000000000444e-01	3.157171850913225164e+00
7.410999999999999810e-01	3.263792366352347152e+00
7.447000000000000286e-01	2.901195507787686978e+00
7.482999999999999652e-01	2.841450694401864929e+00
7.519000000000000128e-01	2.487789415286028039e+00
7.554999999999999494e-01	2.299460716333636690e+00
7.590999999999999970e-01	2.273418225423792016e+00
7.627000000000000446e-01	2.610351456306717388e+00
7.662999999999999812e-01	2.137904499141547010e+00
7.699000000000000288e-01	2.324651232120225064e+00
7.734999999999999654e-01	3.063091937701584389e+00
7.772000000000000020e-01	3.067425931878805301e+00
7.808000000000000496e-01	3.313357500136336675e+00
7.843999999999999861e-01	4.509717789034549895e+00
7.880000000000000338e-01	4.361468476163627095e+00
7.915999999999999703e-01	4.925225916768568801e+00
7.952000000000000179e-01	4.925897976729787686e+00
7.987999999999999545e-01	4.808288742902300683e+00
8.024000000000000021e-01	5.028348550404156292e+00
8.060000000000000497e-01	4.328820306750487568e+00
8.095999999999999863e-01	4.031128163692892841e+00
8.132000000000000339e-01	3.390264336693198821e+00
8.167999999999999705e-01	3.688112699490353474e+00
8.204000000000000181e-01	2.948279053132071059e+00
8.239999999999999547e-01	2.741882485471559328e+00
8.276999999999999913e-01	2.591189161467147173e+00
8.313000000000000389e-01	2.714184360196084000e+00
8.348999999999999755e-01	3.145531147054081877e+00
8.385000000000000231e-01	3.507430619770280700e+00
8.420999999999999597e-01	4.034147704451361172e+00
8.457000000000000073e-01	4.366658068654175828e+00
8.493000000000000549e-01	4.853447059879602676e+00
8.528999999999999915e-01	5.384526177438898387e+00
8.565000000000000391e-01	5.429914386931717019e+00
8.600999999999999757e-01	5.652674281785475152e+00
8.637000000000000233e-01	5.497638322631395624e+00
8.672999999999999599e-01	5.633718127810358745e+00
8.709000000000000075e-01	5.551564691905222837e+00
8.745000000000000551e-01	5.226818054534989599e+00
8.781999999999999806e-01	4.958661146840330325e+00
8.818000000000000282e-01	4.677741603716317087e+00
8.853999999999999648e-01	4.615701992633640671e+00
8.890000000000000124e-01	4.036216873972875874e+00
8.925999999999999490e-01	4.106292452320836617e+00
8.961999999999999966e-01	4.202467135267363041e+00
8.998000000000000442e-01	4.206292647667300599e+00
9.033999999999999808e-01	4.397147384929432690e+00
9.070000000000000284e-01	4.822183063244686707e+00
9.105999999999999650e-01	5.174656170719122983e+00
9.142000000000000126e-01	5.721156038517942299e+00
9.177999999999999492e-01	5.813129178885925619e+00
9.213999999999999968e-01	6.397700884880926253e+00
9.251000000000000334e-01	6.526650652862906909e+00
9.286999999999999700e-01	7.095210764390848190e+00
9.323000000000000176e-01	6.877211380688198261e+00
9.358999999999999542e-01	6.575160254581818187e+00
9.395000000000000018e-01	6.355355797241778681e+00
9.431000000000000494e-01	6.171358152180553169e+00
9.466999999999999860e-01	6.267251261886140234e+00
9.503000000000000336e-01	5.742441079110653490e+00
9.538999999999999702e-01	5.611666860293297532e+00
9.575000000000000178e-01	5.583902228029620218e+00
9.610999999999999543e-01	5.407746547412791926e+00
9.647000000000000020e-01	5.829268194134804126e+00
9.683000000000000496e-01	5.505161435356759725e+00
9.718999999999999861e-01	5.993823970562376147e+00
9.756000000000000227e-01	6.496826670765442735e+00
9.791999999999999593e-01	7.203880741844019830e+00
9.828000000000000069e-01	7.348570474056910662e+00
9.864000000000000545e-01	7.839617260469845306e+00
9.899999999999999911e-01	8.167123907004171457e+00
9.936000000000000387e-01	8.189256208060971431e+00
9.971999999999999753e-01	7.972008844344506073e+00
1.000799999999999912e+00	7.905514534554981765e+00
1.004399999999999959e+00	7.609826108265708378e+00
1.008000000000000007e+00	7.109133592145170155e+00
1.011600000000000055e+00	7.021770308674066818e+00
1.015200000000000102e+00	6.727391302339611023e+00
1.018799999999999928e+00	6.708445267812863655e+00
1.022399999999999975e+00	6.592609884932057795e+00
1.026100000000000012e+00	6.469129460951288380e+00
1.029700000000000060e+00	6.575119212827986281e+00
1.033300000000000107e+00	6.425867085683262481e+00
1.036899999999999933e+00	7.377154506874171958e+00
1.040499999999999980e+00	7.451748772451963099e+00
1.044100000000000028e+00	8.349076199241995511e+00
1.047700000000000076e+00	8.302026536215928232e+00
1.051299999999999901e+00	8.530299770491023281e+00
1.054899999999999949e+00	8.861802101502554763e+00
1.058499999999999996e+00	8.800963762583393191e+00
1.062100000000000044e+00	9.455490646060727755e+00
1.065700000000000092e+00	9.297911666905610772e+00
1.069299999999999917e+00	9.233981410907423637e+00
1.072899999999999965e+00	8.739695496773608241e+00
1.076600000000000001e+00	8.449953190089821931e+00
1.080200000000000049e+00	7.907289030451843281e+00
1.083800000000000097e+00	7.586441823662798178e+00
1.087399999999999922e+00	7.961665677215690629e+00
1.090999999999999970e+00	8.162103348100947287e+00
1.094600000000000017e+00	8.960174948068317491e+00
1.098200000000000065e+00	9.852730391076317318e+00
1.101799999999999891e+00	9.836468629303707800e+00
1.105399999999999938e+00	9.705629153353358518e+00
1.108999999999999986e+00	1.019110315586026161e+01
1.112600000000000033e+00	9.603710053631893118e+00
1.116200000000000081e+00	9.526391748881627208e+00
1.119799999999999907e+00	9.309150045017823061e+00
1.123399999999999954e+00	9.406473326414053204e+00
1.127099999999999991e+00	9.459238614543910018e+00
1.130700000000000038e+00	9.270344983108753212e+00
1.134300000000000086e+00	9.418041864014037756e+00
1.137899999999999912e+00	9.380537814597749602e+00
1.141499999999999959e+00	9.175148765401944573e+00
1.145100000000000007e+00	9.519026666750448840e+00
1.148700000000000054e+00	1.016352785759483091e+01
1.152300000000000102e+00	9.890910188016723836e+00
1.155899999999999928e+00	1.077063563962800252e+01
1.159499999999999975e+00	1.070447073756788647e+01
1.163100000000000023e+00	1.028894375643171522e+01
1.166700000000000070e+00	9.837216566559469300e+00
1.170299999999999896e+00	9.565806023983604689e+00
1.173899999999999944e+00	8.978032646085180701e+00
1.177599999999999980e+00	8.732399803706471175e+00
1.181200000000000028e+00	8.489845354258308774e+00
1.184800000000000075e+00	9.261792323048437581e+00
1.188399999999999901e+00	9.657987094644115089e+00
1.191999999999999948e+00	9.760999011035977446e+00
1.195599999999999996e+00	9.760826236023222080e+00
1.199200000000000044e+00	1.021763727837079827e+01
1.202800000000000091e+00	9.655932831052364662e+00
1.206399999999999917e+00	1.002407217664281802e+01
1.209999999999999964e+00	1.017957695193672762e+01
1.213600000000000012e+00	9.683927559615096214e+00
1.217200000000000060e+00	9.639358766598030925e+00
1.220800000000000107e+00	9.435493433365145677e+00
1.224399999999999933e+00	9.697436379416219054e+00
1.228099999999999969e+00	9.217669087396069827e+00
1.231700000000000017e+00	9.419883224984427983e+00
1.235300000000000065e+00	9.327941657102591932e+00
1.238899999999999890e+00	9.251068922011612017e+00
1.242499999999999938e+00	9.533601956718062098e+00
1.246099999999999985e+00	9.618383671350375863e+00
1.249700000000000033e+00	9.696362978347220718e+00
1.253300000000000081e+00	9.692514652367956174e+00
1.256899999999999906e+00	9.369033775546544263e+00
1.260499999999999954e+00	9.084612989136122252e+00
1.264100000000000001e+00	8.769724588076122984e+00
1.267700000000000049e+00	9.007240259128119320e+00
1.271300000000000097e+00	8.703260330138645529e+00
1.274899999999999922e+00	8.765358870081728426e+00
1.278599999999999959e+00	8.891092922766377527e+00
1.282200000000000006e+00	9.151918578736900400e+00
1.285800000000000054e+00	9.387681112284477436e+00
1.289400000000000102e+00	9.816499394959800284e+00
1.292999999999999927e+00	9.880297830082749755e+00
1.296599999999999975e+00	1.044082396109217648e+01
1.300200000000000022e+00	1.025857852466343623e+01
1.303800000000000070e+00	1.044271818850108957e+01
1.307399999999999896e+00	1.022717505196931675e+01
1.310999999999999943e+00	1.000589170917087500e+01
1.314599999999999991e+00	1.004952936883057468e+01
1.318200000000000038e+00	1.032518282612573302e+01
1.321800000000000086e+00	1.056197885740981945e+01
1.325499999999999901e+00	1.064748257633750583e+01
1.329099999999999948e+00	1.015536072651035049e+01
1.332699999999999996e+00	1.035550494987765546e+01
1.336300000000000043e+00	1.038866526620488884e+01
1.339900000000000091e+00	1.098628437575062122e+01
1.343499999999999917e+00	1.042594754001569335e+01
1.347099999999999964e+00	1.101852421995538833e+01
1.350700000000000012e+00	1.134135589253288323e+01
1.354300000000000059e+00	1.185893979664836273e+01
1.357900000000000107e+00	1.202802441163720104e+01
1.361499999999999932e+00	1.207160706473078093e+01
1.365099999999999980e+00	1.224664113405742683e+01
1.368700000000000028e+00	1.274109389379028379e+01
1.372300000000000075e+00	1.282771326412817281e+01
1.375999999999999890e+00	1.306967876509618876e+01
1.379599999999999937e+00	1.287497525763848394e+01
1.383199999999999985e+00	1.305225398219938882e+01
1.386800000000000033e+00	1.327564622165845876e+01
1.390400000000000080e+00	1.319949139630098855e+01
1.393999999999999906e+00	1.347870403864365230e+01
1.397599999999999953e+00	1.409116509089435532e+01
1.401200000000000001e+00	1.480748692263366983e+01
1.404800000000000049e+00	1.547968520166753237e+01
1.408400000000000096e+00	1.641668075957149853e+01
1.411999999999999922e+00	1.722612775689099607e+01
1.415599999999999969e+00	1.809510799097554568e+01
1.419200000000000017e+00	1.830849022728341069e+01
1.422800000000000065e+00	1.831562622498894299e+01
1.426500000000000101e+00	1.876614093647069481e+01
1.430099999999999927e+00	1.871571248011359501e+01
1.433699999999999974e+00	1.909633472572296498e+01
1.437300000000000022e+00	2.002846731252631685e+01
1.440900000000000070e+00	2.083422584413977674e+01
1.444499999999999895e+00	2.119304931923518609e+01
1.448099999999999943e+00	2.120145230268498793e+01
1.451699999999999990e+00	2.149693089078329677e+01
1.455300000000000038e+00	2.148456371326825476e+01
1.458900000000000086e+00	2.192741936769313327e+01
1.462499999999999911e+00	2.211092242258470364e+01
1.466099999999999959e+00	2.311904358015587491e+01
1.469700000000000006e+00	2.390916259602208171e+01
1.473300000000000054e+00	2.538016984714582591e+01
1.477000000000000091e+00	2.614349115588236927e+01
1.480599999999999916e+00	2.671570717756032209e+01
1.484199999999999964e+00	2.828159610189649342e+01
1.487800000000000011e+00	2.916135255793609105e+01
1.491400000000000059e+00	3.129700614918968071e+01
1.495000000000000107e+00	3.438084675648655519e+01
1.498599999999999932e+00	3.717587542656997357e+01
1.502199999999999980e+00	3.979473827300338939e+01
1.505800000000000027e+00	4.157315581529480397e+01
1.509400000000000075e+00	4.262223499504676028e+01
1.512999999999999901e+00	4.317918691624090854e+01
1.516599999999999948e+00	4.461845712168828015e+01
1.520199999999999996e+00	4.675039675561907160e+01
1.523800000000000043e+00	5.014984847833300563e+01
1.527500000000000080e+00	5.475241330422587538e+01
1.531099999999999905e+00	6.002076891511990198e+01
1.534699999999999953e+00	6.444427796662959906e+01
1.538300000000000001e+00	6.811843170025250060e+01
1.541900000000000048e+00	7.082120425689144838e+01
1.545500000000000096e+00	7.307409325383706289e+01
1.549099999999999921e+00	7.541155657556301151e+01
1.552699999999999969e+00	7.783485708712652240e+01
1.556300000000000017e+00	7.971725705907381609e+01
1.559900000000000064e+00	8.070405183684096073e+01
1.563499999999999890e+00	8.047054936361489297e+01
1.567099999999999937e+00	7.750756132428703893e+01
1.570699999999999985e+00	7.315480776739198632e+01
1.574300000000000033e+00	6.808675714906678422e+01
1.578000000000000069e+00	6.361922167067213962e+01
1.581599999999999895e+00	6.089948573447344415e+01
1.585199999999999942e+00	6.096137094246333987e+01
1.588799999999999990e+00	6.141204809327491887e+01
1.592400000000000038e+00	6.226799738479212465e+01
1.596000000000000085e+00	6.281831788134098105e+01
1.599599999999999911e+00	6.140273331772911547e+01
1.603199999999999958e+00	6.049754749757893535e+01
1.606800000000000006e+00	6.015136326545801637e+01
1.610400000000000054e+00	6.175116850704300475e+01
1.614000000000000101e+00	6.580994030734149192e+01
1.617599999999999927e+00	7.120599588773360722e+01
1.621199999999999974e+00	7.600301871324791136e+01
1.624800000000000022e+00	7.876342421904871571e+01
1.628500000000000059e+00	7.837439870213303550e+01
1.632100000000000106e+00	7.464011873055061130e+01
1.635699999999999932e+00	6.873502084897604902e+01
1.639299999999999979e+00	6.192042026232893193e+01
1.642900000000000027e+00	5.523005750516416157e+01
1.646500000000000075e+00	4.921389600805493814e+01
1.650099999999999900e+00	4.470461387986129154e+01
1.653699999999999948e+00	4.301791166557001134e+01
1.657299999999999995e+00	4.515111695310043416e+01
1.660900000000000043e+00	4.895933606373579750e+01
1.664500000000000091e+00	5.389483825629869074e+01
1.668099999999999916e+00	5.711885477834882607e+01
1.671699999999999964e+00	5.630614439928607595e+01
1.675400000000000000e+00	5.123511296871063081e+01
1.679000000000000048e+00	4.476994748788300171e+01
1.682600000000000096e+00	3.781708839383235699e+01
1.686199999999999921e+00	3.225781623437655554e+01
1.689799999999999969e+00	2.972778913346147434e+01
1.693400000000000016e+00	2.897104961008332680e+01
1.697000000000000064e+00	2.913870296947479943e+01
1.700599999999999890e+00	2.995670198018525099e+01
1.704199999999999937e+00	3.179804959206056836e+01
1.707799999999999985e+00	3.257799057980153634e+01
1.711400000000000032e+00	3.335574655303351221e+01
1.715000000000000080e+00	3.289081529128288395e+01
1.718599999999999905e+00	3.083987798825710058e+01
1.722199999999999953e+00	2.822784745402275064e+01
1.725899999999999990e+00	2.558150545996869596e+01
1.729500000000000037e+00	2.324246711771138507e+01
1.733100000000000085e+00	2.183832339155688018e+01
1.736699999999999910e+00	2.167355690091507014e+01
1.740299999999999958e+00	2.179520013525256417e+01
1.743900000000000006e+00	2.180569836886363433e+01
1.747500000000000053e+00	2.237882483793793043e+01
1.751100000000000101e+00	2.236775717019980902e+01
1.754699999999999926e+00	2.238211562306155855e+01
1.758299999999999974e+00	2.238160326420996782e+01
1.761900000000000022e+00	2.205357791242656518e+01
1.765500000000000069e+00	2.230486392246409366e+01
1.769099999999999895e+00	2.258100961032482346e+01
1.772699999999999942e+00	2.241547124700162641e+01
1.776399999999999979e+00	2.244133928646932574e+01
1.780000000000000027e+00	2.246298075792487836e+01
1.783600000000000074e+00	2.298417844620817618e+01
1.787199999999999900e+00	2.317638473147141553e+01
1.790799999999999947e+00	2.283500770070265062e+01
1.794399999999999995e+00	2.288168301592847698e+01
1.798000000000000043e+00	2.234274203765211197e+01
1.801600000000000090e+00	2.210709447586244281e+01
1.805199999999999916e+00	2.204092261894745164e+01
1.808799999999999963e+00	2.190927898553037068e+01
1.812400000000000011e+00	2.243790045544714928e+01
1.816000000000000059e+00	2.308008995682349607e+01
1.819600000000000106e+00	2.390934147804076915e+01
1.823199999999999932e+00	2.430396571139304029e+01
1.826899999999999968e+00	2.508913569724117920e+01
1.830500000000000016e+00	2.593616684788959859e+01
1.834100000000000064e+00	2.562224642970051391e+01
1.837699999999999889e+00	2.475010720376084450e+01
1.841299999999999937e+00	2.376984621711764234e+01
1.844899999999999984e+00	2.243469479351898599e+01
1.848500000000000032e+00	2.235395609085060187e+01
1.852100000000000080e+00	2.294501810902352190e+01
1.855699999999999905e+00	2.478348407389296426e+01
1.859299999999999953e+00	2.679822189943820021e+01
1.862900000000000000e+00	2.898689784589421947e+01
1.866500000000000048e+00	2.926188976251379970e+01
1.870100000000000096e+00	2.809968418625734188e+01
1.873699999999999921e+00	2.764163276840043793e+01
1.877399999999999958e+00	2.614954948229210530e+01
1.881000000000000005e+00	2.629437285834926286e+01
1.884600000000000053e+00	2.696652209834075364e+01
1.888200000000000101e+00	2.823225311511165003e+01
1.891799999999999926e+00	2.992025143267431986e+01
1.895399999999999974e+00	3.008783744157673112e+01
1.899000000000000021e+00	2.915285263146334316e+01
1.902600000000000069e+00	2.763350035063646359e+01
1.906199999999999894e+00	2.622403272819017062e+01
1.909799999999999942e+00	2.559142390930156097e+01
1.913399999999999990e+00	2.677781454582724407e+01
1.917000000000000037e+00	2.935723655833315959e+01
1.920600000000000085e+00	3.159171369281400032e+01
1.924199999999999910e+00	3.278385888998705155e+01
1.927899999999999947e+00	3.222773616419638643e+01
1.931499999999999995e+00	3.053778127120709840e+01
1.935100000000000042e+00	2.841177105851532403e+01
1.938700000000000090e+00	2.672036868755130712e+01
1.942299999999999915e+00	2.671123258479936879e+01
1.945899999999999963e+00	2.720421629866885382e+01
1.949500000000000011e+00	2.830103557807422732e+01
1.953100000000000058e+00	2.967579165176776357e+01
1.956700000000000106e+00	3.003223816675551916e+01
1.960299999999999931e+00	2.976816987163119421e+01
1.963899999999999979e+00	2.852501691104549764e+01
1.967500000000000027e+00	2.788174554954540696e+01
1.971100000000000074e+00	2.747516731325102413e+01
1.974699999999999900e+00	2.710645861260753264e+01
1.978399999999999936e+00	2.723374274078379642e+01
1.981999999999999984e+00	2.790165904636899441e+01
1.985600000000000032e+00	2.865056654027780070e+01
1.989200000000000079e+00	2.957896699439941202e+01
1.992799999999999905e+00	3.022034942164673765e+01
1.996399999999999952e+00	3.076746632882217725e+01
2.000000000000000000e+00	3.090763989278512724e+01
