2.000000000000000111e-01	-1.587546181343779894e+00
2.036000000000000032e-01	-4.100422849411258230e-01
2.071999999999999953e-01	-8.573550915814076578e-01
2.107999999999999874e-01	-2.921843150309091364e-01
2.144000000000000072e-01	-8.867907103484666820e-01
2.179999999999999993e-01	-3.987593177950973233e-01
2.215999999999999914e-01	-3.775737991568792196e-01
2.253000000000000003e-01	1.359122811380867990e+00
2.288999999999999924e-01	5.736444887973491946e-01
2.325000000000000122e-01	2.010213237517757268e-01
2.361000000000000043e-01	-1.905523680300124090e-01
2.396999999999999964e-01	-5.929449749284131377e-01
2.432999999999999885e-01	8.916372027069586689e-04
2.469000000000000083e-01	1.364049000548065660e+00
2.505000000000000004e-01	1.447790757989198651e+00
2.540999999999999925e-01	5.696907095884542471e-01
2.576999999999999846e-01	2.117628555526890333e-01
2.612999999999999767e-01	9.788318181019755038e-01
2.649000000000000243e-01	-4.352338928365643289e-01
2.685000000000000164e-01	-9.739612728193334235e-01
2.721000000000000085e-01	5.081349245255833980e-01
2.757999999999999896e-01	1.411009492327561787e-01
2.793999999999999817e-01	2.439074040208533134e-02
2.829999999999999738e-01	6.413631388263787425e-01
2.866000000000000214e-01	-5.887568571089907277e-01
2.902000000000000135e-01	2.661785622101393578e-01
2.938000000000000056e-01	-1.854007984784363794e+00
2.973999999999999977e-01	-4.624155116001951171e-01
3.009999999999999898e-01	-1.178037019230900206e+00
3.045999999999999819e-01	-1.886164458843083258e+00
3.081999999999999740e-01	-2.612545500299044754e+00
3.118000000000000216e-01	-1.393632907956140254e+00
3.154000000000000137e-01	-1.151290387277914107e+00
3.190000000000000058e-01	-2.095697658123004459e+00
3.225999999999999979e-01	-1.413354374071208452e+00
3.262999999999999790e-01	-4.752931507053475002e-01
3.299000000000000266e-01	-2.040950351596290346e+00
3.335000000000000187e-01	-9.780608909593331290e-01
3.371000000000000107e-01	-1.322050461580771330e+00
3.407000000000000028e-01	-1.896077594352022944e+00
3.442999999999999949e-01	-1.752768604999921376e+00
3.478999999999999870e-01	-1.919823394726516641e+00
3.514999999999999791e-01	-2.137253399014262811e+00
3.551000000000000267e-01	-7.647717513277489942e-01
3.587000000000000188e-01	-4.823378294611235795e-02
3.623000000000000109e-01	-3.444654616736965158e-01
3.659000000000000030e-01	5.480891975078779899e-01
3.694999999999999951e-01	-3.507705384973217599e-01
3.730999999999999872e-01	1.421446987761034286e+00
3.768000000000000238e-01	1.110647938844094851e-01
3.804000000000000159e-01	5.177972701639154129e-01
3.840000000000000080e-01	1.246101262119418962e-01
3.876000000000000001e-01	5.262920162397703994e-01
3.911999999999999922e-01	1.580086892250888830e+00
3.947999999999999843e-01	1.157962274005199799e+00
3.983999999999999764e-01	8.642330393161917756e-01
4.020000000000000240e-01	1.067748291209341449e+00
4.056000000000000161e-01	1.096454556110149081e+00
4.092000000000000082e-01	2.993274738840985716e+00
4.128000000000000003e-01	1.022021269623806905e+00
4.163999999999999924e-01	1.698374987758398680e+00
4.199999999999999845e-01	1.868408126353224841e+00
4.235999999999999766e-01	1.796141756884639618e+00
4.273000000000000131e-01	2.014026954385617629e-01
4.309000000000000052e-01	6.984776960665267653e-01
4.344999999999999973e-01	1.986391730834766944e+00
4.380999999999999894e-01	1.485009557428240479e+00
4.416999999999999815e-01	4.556660232200514526e-01
4.452999999999999736e-01	1.702717071422777506e+00
4.489000000000000212e-01	-7.693751082809285879e-02
4.525000000000000133e-01	7.118968322263307114e-01
4.561000000000000054e-01	-1.321628838249711002e-03
4.596999999999999975e-01	-1.451819079338025009e+00
4.632999999999999896e-01	-6.354629021924980137e-01
4.668999999999999817e-01	-1.627864060592104867e+00
4.704999999999999738e-01	-7.908788841169575035e-01
4.741000000000000214e-01	-2.847147614676783789e-01
4.778000000000000025e-01	-1.561335476897802277e+00
4.813999999999999946e-01	1.902241734680920615e-02
4.849999999999999867e-01	-8.572512691673446206e-01
4.885999999999999788e-01	2.453728584958447811e-01
4.922000000000000264e-01	-1.099944495774758391e-01
4.958000000000000185e-01	-9.909410296372032079e-01
4.994000000000000106e-01	1.108413556988097071e-03
5.030000000000000027e-01	-1.353414674504337389e+00
5.066000000000000503e-01	-7.186372032295328394e-01
5.101999999999999869e-01	-4.030664655030483656e-01
5.138000000000000345e-01	-5.900584303908132933e-01
5.173999999999999710e-01	-1.920587335360860459e+00
5.210000000000000187e-01	5.840629161442543182e-01
5.245999999999999552e-01	2.356229087439200842e-01
5.282999999999999918e-01	6.443836263340669834e-01
5.319000000000000394e-01	7.466315176205746695e-01
5.354999999999999760e-01	1.585031406136473642e+00
5.391000000000000236e-01	8.482498472090778119e-01
5.426999999999999602e-01	2.429722850296100578e+00
5.463000000000000078e-01	1.199574168918458472e+00
5.499000000000000554e-01	2.615758226052606439e+00
5.534999999999999920e-01	2.256757547819493226e+00
5.571000000000000396e-01	2.226909588178684007e+00
5.606999999999999762e-01	3.934005078508842956e+00
5.643000000000000238e-01	3.873753854819370623e+00
5.678999999999999604e-01	3.168507858682175105e+00
5.715000000000000080e-01	2.465439627074105911e+00
5.752000000000000446e-01	3.230131248426453716e+00
5.787999999999999812e-01	3.142232233127193908e+00
5.824000000000000288e-01	1.517206502223423570e+00
5.859999999999999654e-01	2.457609394313006401e+00
5.896000000000000130e-01	2.876075948556180872e+00
5.931999999999999496e-01	2.457299521327335423e+00
5.967999999999999972e-01	1.588132139292004918e+00
6.004000000000000448e-01	1.522211555015124063e+00
6.039999999999999813e-01	1.561950925456935479e+00
6.076000000000000290e-01	2.594422980058908035e-01
6.111999999999999655e-01	9.198611279254796935e-01
6.148000000000000131e-01	2.021239403825310976e+00
6.183999999999999497e-01	4.096026478067354981e-02
6.219999999999999973e-01	-1.446338167718136669e-01
6.257000000000000339e-01	5.393283996536236691e-01
6.292999999999999705e-01	-7.353467632077309579e-01
6.329000000000000181e-01	7.128479838250871836e-01
6.364999999999999547e-01	9.076279802349795922e-01
6.401000000000000023e-01	-3.024864837852406785e-01
6.437000000000000499e-01	2.402206907162851568e-02
6.472999999999999865e-01	-5.595006867965167663e-01
6.509000000000000341e-01	1.866445090997891132e+00
6.544999999999999707e-01	9.462421210980384023e-01
6.581000000000000183e-01	5.306221660965606546e-01
6.616999999999999549e-01	1.377156663389239810e+00
6.653000000000000025e-01	1.345726976358763816e+00
6.689000000000000501e-01	3.298733032743218274e+00
6.724999999999999867e-01	9.639381566620582875e-01
6.762000000000000233e-01	2.019170688187658325e+00
6.797999999999999599e-01	2.626894237489455275e+00
6.834000000000000075e-01	1.851898219173087501e+00
6.870000000000000551e-01	2.604454425090127145e+00
6.905999999999999917e-01	3.911597207169176027e+00
6.942000000000000393e-01	3.023504979531446590e+00
6.977999999999999758e-01	1.870419870811024898e+00
7.014000000000000234e-01	3.072725567478243214e+00
7.049999999999999600e-01	3.065468014650954309e+00
7.086000000000000076e-01	4.645996494498167095e+00
7.122000000000000552e-01	2.845781231329526761e+00
7.157999999999999918e-01	5.540119940547237221e+00
7.194000000000000394e-01	3.103252068046754353e+00
7.229999999999999760e-01	4.527162402885871018e+00
7.267000000000000126e-01	3.285083172057986722e+00
7.302999999999999492e-01	3.944494566496931753e+00
7.338999999999999968e-01	3.823345071203331447e+00
7.375000000000000444e-01	3.025193111245016997e+00
7.410999999999999810e-01	2.358126157552813851e+00
7.447000000000000286e-01	3.044538159615465922e+00
7.482999999999999652e-01	3.985178877408143805e+00
7.519000000000000128e-01	3.350333491993499280e+00
7.554999999999999494e-01	2.473560121738499706e+00
7.590999999999999970e-01	2.131470226359796882e+00
7.627000000000000446e-01	2.549667629630126608e+00
7.662999999999999812e-01	3.160823601692651863e+00
7.699000000000000288e-01	2.342314046420025164e+00
7.734999999999999654e-01	1.634977205114052978e+00
7.772000000000000020e-01	1.675757098186097860e+00
7.808000000000000496e-01	6.872261124101718410e-01
7.843999999999999861e-01	2.257534711842278163e+00
7.880000000000000338e-01	1.562867901949412275e+00
7.915999999999999703e-01	2.008873296538540298e+00
7.952000000000000179e-01	5.638279224872910778e-01
7.987999999999999545e-01	2.189824294591778298e+00
8.024000000000000021e-01	1.902995585813243906e+00
8.060000000000000497e-01	1.507588696393433736e+00
8.095999999999999863e-01	7.854464591107184201e-01
8.132000000000000339e-01	2.380935707930320167e+00
8.167999999999999705e-01	1.671311206082039202e+00
8.204000000000000181e-01	1.890126257523050857e+00
8.239999999999999547e-01	2.506090240281559023e+00
8.276999999999999913e-01	3.592052337329044054e+00
8.313000000000000389e-01	2.415495582517370732e+00
8.348999999999999755e-01	3.495100556889570775e+00
8.385000000000000231e-01	2.496351949879488608e+00
8.420999999999999597e-01	3.172964568239045047e+00
8.457000000000000073e-01	3.608357544406831874e+00
8.493000000000000549e-01	4.352259282646598670e+00
8.528999999999999915e-01	4.300421425672126041e+00
8.565000000000000391e-01	2.009916636178190608e+00
8.600999999999999757e-01	4.653538765778681530e+00
8.637000000000000233e-01	4.495559412621096484e+00
8.672999999999999599e-01	6.042641388939677505e+00
8.709000000000000075e-01	5.135122321765174469e+00
8.745000000000000551e-01	5.139892204038219781e+00
8.781999999999999806e-01	4.937094616843016759e+00
8.818000000000000282e-01	4.230589447791455626e+00
8.853999999999999648e-01	5.434136398392941381e+00
8.890000000000000124e-01	5.287146035914994435e+00
8.925999999999999490e-01	6.149686274552603749e+00
8.961999999999999966e-01	6.096265621532381829e+00
8.998000000000000442e-01	5.885080361117777770e+00
9.033999999999999808e-01	5.835907857409619481e+00
9.070000000000000284e-01	4.441856367826328089e+00
9.105999999999999650e-01	4.960544169829004701e+00
9.142000000000000126e-01	5.117863165196502528e+00
9.177999999999999492e-01	3.344571681419768350e+00
9.213999999999999968e-01	5.308190854535634884e+00
9.251000000000000334e-01	3.133743062049957562e+00
9.286999999999999700e-01	4.608262029864463649e+00
9.323000000000000176e-01	2.707873838934527377e+00
9.358999999999999542e-01	2.292391513337420861e+00
9.395000000000000018e-01	2.696001937207782806e+00
9.431000000000000494e-01	4.236580006267111287e+00
9.466999999999999860e-01	2.842915381848995615e+00
9.503000000000000336e-01	3.351800962075605295e+00
9.538999999999999702e-01	3.532204537004536959e+00
9.575000000000000178e-01	2.815480623202574417e+00
9.610999999999999543e-01	3.680200964439004352e+00
9.647000000000000020e-01	3.215285632424287332e+00
9.683000000000000496e-01	5.139704984177290825e+00
9.718999999999999861e-01	5.509437379591174633e+00
9.756000000000000227e-01	4.891062620334148292e+00
9.791999999999999593e-01	4.237491381683634373e+00
9.828000000000000069e-01	7.140642775452389124e+00
9.864000000000000545e-01	5.001183192335235894e+00
9.899999999999999911e-01	4.400037259630411590e+00
9.936000000000000387e-01	3.723369550652558146e+00
9.971999999999999753e-01	4.846889616930398326e+00
1.000799999999999912e+00	5.581053620803520410e+00
1.004399999999999959e+00	4.595375720068468617e+00
1.008000000000000007e+00	5.418798651934735311e+00
1.011600000000000055e+00	5.537822662982182287e+00
1.015200000000000102e+00	6.307515811963146923e+00
1.018799999999999928e+00	8.319065516236506141e+00
1.022399999999999975e+00	6.096299347609047459e+00
1.026100000000000012e+00	7.129421085858179019e+00
1.029700000000000060e+00	6.503446539586713371e+00
1.033300000000000107e+00	7.112385206455041242e+00
1.036899999999999933e+00	7.696320334336652635e+00
1.040499999999999980e+00	8.153416851502948148e+00
1.044100000000000028e+00	8.027594196630490231e+00
1.047700000000000076e+00	6.700898889016481341e+00
1.051299999999999901e+00	6.413178762376753106e+00
1.054899999999999949e+00	7.778805605498182452e+00
1.058499999999999996e+00	6.915313319162859074e+00
1.062100000000000044e+00	6.765739088787546152e+00
1.065700000000000092e+00	8.033192710910778800e+00
1.069299999999999917e+00	6.903572354199781991e+00
1.072899999999999965e+00	5.981158400184789059e+00
1.076600000000000001e+00	6.504816154006574536e+00
1.080200000000000049e+00	7.081546760219879388e+00
1.083800000000000097e+00	7.459375168958469082e+00
1.087399999999999922e+00	8.331782490970690347e+00
1.090999999999999970e+00	8.112576115622818662e+00
1.094600000000000017e+00	7.815727809992496944e+00
1.098200000000000065e+00	8.529833330482635034e+00
1.101799999999999891e+00	1.032648563455567192e+01
1.105399999999999938e+00	9.108044019805689118e+00
1.108999999999999986e+00	1.112024796711998320e+01
1.112600000000000033e+00	8.162061919217245887e+00
1.116200000000000081e+00	7.919049854133195510e+00
1.119799999999999907e+00	8.372589551371964589e+00
1.123399999999999954e+00	8.051441634661848923e+00
1.127099999999999991e+00	8.514968642629565210e+00
1.130700000000000038e+00	7.456189432053887955e+00
1.134300000000000086e+00	8.525210865088864054e+00
1.137899999999999912e+00	6.762505749206895622e+00
1.141499999999999959e+00	8.188778542473674094e+00
1.145100000000000007e+00	8.089930562534245695e+00
1.148700000000000054e+00	8.297208447421487776e+00
1.152300000000000102e+00	9.693485950998296019e+00
1.155899999999999928e+00	1.002532838814359017e+01
1.159499999999999975e+00	1.174223993267646726e+01
1.163100000000000023e+00	1.204549992015036786e+01
1.166700000000000070e+00	1.123713508695040986e+01
1.170299999999999896e+00	1.301257749314953927e+01
1.173899999999999944e+00	1.051637792091238488e+01
1.177599999999999980e+00	1.138613301829788327e+01
1.181200000000000028e+00	1.152874759503121460e+01
1.184800000000000075e+00	1.052220718268165278e+01
1.188399999999999901e+00	9.580222609462644812e+00
1.191999999999999948e+00	1.143568611916041711e+01
1.195599999999999996e+00	1.106867096121670357e+01
1.199200000000000044e+00	1.051407999312587904e+01
1.202800000000000091e+00	1.307220507171355806e+01
1.206399999999999917e+00	1.302910381813469165e+01
1.209999999999999964e+00	1.209849913740299598e+01
1.213600000000000012e+00	1.136922254253695641e+01
1.217200000000000060e+00	1.176898153568173377e+01
1.220800000000000107e+00	1.221740577964278529e+01
1.224399999999999933e+00	9.759505969004978354e+00
1.228099999999999969e+00	1.056263454671596413e+01
1.231700000000000017e+00	1.166071551926568439e+01
1.235300000000000065e+00	1.079337793505040466e+01
1.238899999999999890e+00	1.134197651595583345e+01
1.242499999999999938e+00	1.159691899449623698e+01
1.246099999999999985e+00	1.043513493463732722e+01
1.249700000000000033e+00	9.851468456615249281e+00
1.253300000000000081e+00	9.813776529467320486e+00
1.256899999999999906e+00	1.028866276891162812e+01
1.260499999999999954e+00	9.457962515205917242e+00
1.264100000000000001e+00	1.022222508214687586e+01
1.267700000000000049e+00	9.869362416984106545e+00
1.271300000000000097e+00	1.094822700857734077e+01
1.274899999999999922e+00	1.065661799739423898e+01
1.278599999999999959e+00	1.082255708442535358e+01
1.282200000000000006e+00	1.122418262098948460e+01
1.285800000000000054e+00	1.062310634987476909e+01
1.289400000000000102e+00	1.164567813583744282e+01
1.292999999999999927e+00	1.082760376228726251e+01
1.296599999999999975e+00	1.139773238776831121e+01
1.300200000000000022e+00	1.244542108981285011e+01
1.303800000000000070e+00	1.138771411884086504e+01
1.307399999999999896e+00	1.161735495929107032e+01
1.310999999999999943e+00	1.281523788547274023e+01
1.314599999999999991e+00	1.143543466928221797e+01
1.318200000000000038e+00	1.225696446981731569e+01
1.321800000000000086e+00	1.285147448425817096e+01
1.325499999999999901e+00	1.287670070117411747e+01
1.329099999999999948e+00	1.248311576793295785e+01
1.332699999999999996e+00	1.335933841346349737e+01
1.336300000000000043e+00	1.280692223920169326e+01
1.339900000000000091e+00	1.477789142970469705e+01
1.343499999999999917e+00	1.250086890032990894e+01
1.347099999999999964e+00	1.445442653405067546e+01
1.350700000000000012e+00	1.523270050047676172e+01
1.354300000000000059e+00	1.457537647009171522e+01
1.357900000000000107e+00	1.299277721375004724e+01
1.361499999999999932e+00	1.520776926809430307e+01
1.365099999999999980e+00	1.551882383988854208e+01
1.368700000000000028e+00	1.508874224175128909e+01
1.372300000000000075e+00	1.646214350948897120e+01
1.375999999999999890e+00	1.583147945746634733e+01
1.379599999999999937e+00	1.531832875744998823e+01
1.383199999999999985e+00	1.537770212398303649e+01
1.386800000000000033e+00	1.548862157499293879e+01
1.390400000000000080e+00	1.413407038736259835e+01
1.393999999999999906e+00	1.629482118689317716e+01
1.397599999999999953e+00	1.657863217733822125e+01
1.401200000000000001e+00	1.697571385826651635e+01
1.404800000000000049e+00	1.777746716661300042e+01
1.408400000000000096e+00	1.776580268463978030e+01
1.411999999999999922e+00	1.874378075381690678e+01
1.415599999999999969e+00	1.931222724450391937e+01
1.419200000000000017e+00	1.883718249549130874e+01
1.422800000000000065e+00	1.772901986300485788e+01
1.426500000000000101e+00	1.848436725962226035e+01
1.430099999999999927e+00	1.844977724073730130e+01
1.433699999999999974e+00	1.885148936391298946e+01
1.437300000000000022e+00	1.641236639871118896e+01
1.440900000000000070e+00	1.823016244691629240e+01
1.444499999999999895e+00	1.936712646909212410e+01
1.448099999999999943e+00	1.849915142637473409e+01
1.451699999999999990e+00	1.913554185313689970e+01
1.455300000000000038e+00	1.946428555672105887e+01
1.458900000000000086e+00	2.015588115973864447e+01
1.462499999999999911e+00	2.007556286198549245e+01
1.466099999999999959e+00	2.158418663138838767e+01
1.469700000000000006e+00	2.030249667211548115e+01
1.473300000000000054e+00	2.187406454638795239e+01
1.477000000000000091e+00	2.217826325109678010e+01
1.480599999999999916e+00	2.158952004674561920e+01
1.484199999999999964e+00	2.225878992780926779e+01
1.487800000000000011e+00	2.351337181682550082e+01
1.491400000000000059e+00	2.269423726979056255e+01
1.495000000000000107e+00	2.368861694097606119e+01
1.498599999999999932e+00	2.420404652056461714e+01
1.502199999999999980e+00	2.277153530460990893e+01
1.505800000000000027e+00	2.364551337144915522e+01
1.509400000000000075e+00	2.479049952699204695e+01
1.512999999999999901e+00	2.655250708364111389e+01
1.516599999999999948e+00	2.655898061563752321e+01
1.520199999999999996e+00	2.727631435397594117e+01
1.523800000000000043e+00	2.945078563350073253e+01
1.527500000000000080e+00	2.762108166862153880e+01
1.531099999999999905e+00	2.992271528589492036e+01
1.534699999999999953e+00	3.235311158023134226e+01
1.538300000000000001e+00	3.225152301857777104e+01
1.541900000000000048e+00	3.381255489699453420e+01
1.545500000000000096e+00	3.399063768670180963e+01
1.549099999999999921e+00	3.656622455971358221e+01
1.552699999999999969e+00	3.812250499697318418e+01
1.556300000000000017e+00	4.106532193500125771e+01
1.559900000000000064e+00	4.356016571585630004e+01
1.563499999999999890e+00	4.286002324601077618e+01
1.567099999999999937e+00	4.470547256746788634e+01
1.570699999999999985e+00	4.562397057476241002e+01
1.574300000000000033e+00	4.598187939461122653e+01
1.578000000000000069e+00	4.668058165504262291e+01
1.581599999999999895e+00	4.717984259371853284e+01
1.585199999999999942e+00	4.750146660876799842e+01
1.588799999999999990e+00	4.695745243428579840e+01
1.592400000000000038e+00	4.567320022181144878e+01
1.596000000000000085e+00	4.531853967053453403e+01
1.599599999999999911e+00	4.393120934118323362e+01
1.603199999999999958e+00	4.209269590299299324e+01
1.606800000000000006e+00	3.928761152836189297e+01
1.610400000000000054e+00	3.901387543541519420e+01
1.614000000000000101e+00	3.726445181430764109e+01
1.617599999999999927e+00	3.589280040005463235e+01
1.621199999999999974e+00	3.344030146216781674e+01
1.624800000000000022e+00	3.206157276159179759e+01
1.628500000000000059e+00	2.997395102986137516e+01
1.632100000000000106e+00	3.080306376934105117e+01
1.635699999999999932e+00	3.038916138971888614e+01
1.639299999999999979e+00	2.736257347516774274e+01
1.642900000000000027e+00	2.629355529330174335e+01
1.646500000000000075e+00	2.733442775818728521e+01
1.650099999999999900e+00	2.722649273032247308e+01
1.653699999999999948e+00	2.845806187528611986e+01
1.657299999999999995e+00	3.056232148591780273e+01
1.660900000000000043e+00	2.764765681218754878e+01
1.664500000000000091e+00	3.097752559757599045e+01
1.668099999999999916e+00	3.128139510264449186e+01
1.671699999999999964e+00	3.123108909008553979e+01
1.675400000000000000e+00	2.720417254048890854e+01
1.679000000000000048e+00	2.544272757156165454e+01
1.682600000000000096e+00	2.347146422443133318e+01
1.686199999999999921e+00	1.937502141319435367e+01
1.689799999999999969e+00	1.930499440137883482e+01
1.693400000000000016e+00	2.032638165006434861e+01
1.697000000000000064e+00	2.186486813513920424e+01
1.700599999999999890e+00	2.194278259347928639e+01
1.704199999999999937e+00	2.474079264958770707e+01
1.707799999999999985e+00	2.486430758183333367e+01
1.711400000000000032e+00	2.741775055411644857e+01
1.715000000000000080e+00	2.616044027304094044e+01
1.718599999999999905e+00	2.378129121638285071e+01
1.722199999999999953e+00	2.371444154294396256e+01
1.725899999999999990e+00	2.106353785761069020e+01
1.729500000000000037e+00	1.877999524773142070e+01
1.733100000000000085e+00	1.625589790822943215e+01
1.736699999999999910e+00	1.614168743115408944e+01
1.740299999999999958e+00	1.695246714394244592e+01
1.743900000000000006e+00	1.798959329879475888e+01
1.747500000000000053e+00	1.873913302206045728e+01
1.751100000000000101e+00	1.802566401591401757e+01
1.754699999999999926e+00	2.062536244578534195e+01
1.758299999999999974e+00	2.047699601001103176e+01
1.761900000000000022e+00	1.971824666310348562e+01
1.765500000000000069e+00	2.122980581507872344e+01
1.769099999999999895e+00	2.109553264488810242e+01
1.772699999999999942e+00	1.988806043723013062e+01
1.776399999999999979e+00	2.054511203057711199e+01
1.780000000000000027e+00	2.169401446810918799e+01
1.783600000000000074e+00	2.011205740587860191e+01
1.787199999999999900e+00	2.013582646431651568e+01
1.790799999999999947e+00	1.821248975877195164e+01
1.794399999999999995e+00	1.714516329603082667e+01
1.798000000000000043e+00	1.765579465479484256e+01
1.801600000000000090e+00	1.712070669704558767e+01
1.805199999999999916e+00	1.755754973831277255e+01
1.808799999999999963e+00	1.705460364114119187e+01
1.812400000000000011e+00	1.765308728770171953e+01
1.816000000000000059e+00	1.733913730950884968e+01
1.819600000000000106e+00	1.978040104329361881e+01
1.823199999999999932e+00	1.930750322591473989e+01
1.826899999999999968e+00	2.026111443901138642e+01
1.830500000000000016e+00	1.999531208745948874e+01
1.834100000000000064e+00	2.154881710696989217e+01
1.837699999999999889e+00	2.215136231580731163e+01
1.841299999999999937e+00	2.031982430523891736e+01
1.844899999999999984e+00	1.982433927184998268e+01
1.848500000000000032e+00	2.158759249790014678e+01
1.852100000000000080e+00	2.216131347881896474e+01
1.855699999999999905e+00	2.273706428039935545e+01
1.859299999999999953e+00	2.507232905011463586e+01
1.862900000000000000e+00	2.348060408947626598e+01
1.866500000000000048e+00	2.283298771255222803e+01
1.870100000000000096e+00	2.351061994266497734e+01
1.873699999999999921e+00	2.226717402618658070e+01
1.877399999999999958e+00	1.987186125042353524e+01
1.881000000000000005e+00	1.930882273742732380e+01
1.884600000000000053e+00	1.893390002240881742e+01
1.888200000000000101e+00	2.035228214616477871e+01
1.891799999999999926e+00	2.178450041475948140e+01
1.895399999999999974e+00	2.313126263138931904e+01
1.899000000000000021e+00	2.541715366647371610e+01
1.902600000000000069e+00	2.541922691625163111e+01
1.906199999999999894e+00	2.339322468383504372e+01
1.909799999999999942e+00	2.366295293228252561e+01
1.913399999999999990e+00	2.324270087003921859e+01
1.917000000000000037e+00	2.227410137587310146e+01
1.920600000000000085e+00	2.239042819167489640e+01
1.924199999999999910e+00	2.361974924715946500e+01
1.927899999999999947e+00	2.367478256290020866e+01
1.931499999999999995e+00	2.553722690482213764e+01
1.935100000000000042e+00	2.568995553312046098e+01
1.938700000000000090e+00	2.521851571844204187e+01
1.942299999999999915e+00	2.587237805913492039e+01
1.945899999999999963e+00	2.853288683604080944e+01
1.949500000000000011e+00	2.805578531671443443e+01
1.953100000000000058e+00	2.800660425816230870e+01
1.956700000000000106e+00	2.778346385250880957e+01
1.960299999999999931e+00	2.541861832485750483e+01
1.963899999999999979e+00	2.679198771643576649e+01
1.967500000000000027e+00	2.590665490123003423e+01
1.971100000000000074e+00	2.525091704042286622e+01
1.974699999999999900e+00	2.671661445389715439e+01
1.978399999999999936e+00	2.629724734519281526e+01
1.981999999999999984e+00	2.764820351382750729e+01
1.985600000000000032e+00	2.915196040444072878e+01
1.989200000000000079e+00	3.044824863501123602e+01
1.992799999999999905e+00	2.935807450930873586e+01
1.996399999999999952e+00	3.176850925366938228e+01
2.000000000000000000e+00	3.044801575285135087e+01
