2.000000000000000111e-01	-2.382726197443876703e+00
2.036000000000000032e-01	-2.619575565131524009e+00
2.071999999999999953e-01	-1.125867241003464247e+00
2.107999999999999874e-01	-1.421406067791579186e+00
2.144000000000000072e-01	-1.765031166177536637e+00
2.179999999999999993e-01	-5.945458201718066826e-01
2.215999999999999914e-01	-9.749801129467848826e-01
2.253000000000000003e-01	-8.132205274690919028e-01
2.288999999999999924e-01	3.296601772191568580e-01
2.325000000000000122e-01	-3.820453645168808698e-02
2.361000000000000043e-01	-4.628880632800067008e-01
2.396999999999999964e-01	2.051176244887329414e-01
2.432999999999999885e-01	-7.218572565279357534e-02
2.469000000000000083e-01	4.462193673169440045e-02
2.505000000000000004e-01	7.987370334777627034e-02
2.540999999999999925e-01	1.357661965764809242e-01
2.576999999999999846e-01	4.744329168214765358e-01
2.612999999999999767e-01	-4.938818837023756236e-01
2.649000000000000243e-01	-6.284820734977579759e-01
2.685000000000000164e-01	-8.590893767678595694e-01
2.721000000000000085e-01	-7.219088230299222086e-01
2.757999999999999896e-01	-1.007516129630262824e+00
2.793999999999999817e-01	-1.490929755515752131e+00
2.829999999999999738e-01	-1.651995453198814801e+00
2.866000000000000214e-01	-1.649205183681334175e+00
2.902000000000000135e-01	-1.580165312472531447e+00
2.938000000000000056e-01	-2.086667306251185128e+00
2.973999999999999977e-01	-2.045477654318197835e+00
3.009999999999999898e-01	-2.500286330343366004e+00
3.045999999999999819e-01	-1.883528507275991304e+00
3.081999999999999740e-01	-3.635007993782567226e+00
3.118000000000000216e-01	-2.063220658848657685e+00
3.154000000000000137e-01	-2.616794140615609887e+00
3.190000000000000058e-01	-2.752344751059010441e+00
3.225999999999999979e-01	-3.211756090170630795e+00
3.262999999999999790e-01	-2.246284157017211403e+00
3.299000000000000266e-01	-2.316346549195201110e+00
3.335000000000000187e-01	-1.906353323386305476e+00
3.371000000000000107e-01	-2.370222616356286505e+00
3.407000000000000028e-01	-2.347097744931732066e+00
3.442999999999999949e-01	-2.380071643098169432e+00
3.478999999999999870e-01	-1.746795776794502819e+00
3.514999999999999791e-01	-2.290839697418659782e+00
3.551000000000000267e-01	-1.497987655737408330e+00
3.587000000000000188e-01	-1.500363933615799450e+00
3.623000000000000109e-01	-7.832743401989838983e-01
3.659000000000000030e-01	-9.495720691091331656e-01
3.694999999999999951e-01	2.426536632642133373e-01
3.730999999999999872e-01	-9.170265987372561156e-01
3.768000000000000238e-01	5.520154702752986253e-01
3.804000000000000159e-01	4.003524653382485310e-01
3.840000000000000080e-01	5.154319867274046452e-01
3.876000000000000001e-01	9.078483609882931349e-01
3.911999999999999922e-01	3.703190067913776362e-01
3.947999999999999843e-01	4.632787255599838394e-01
3.983999999999999764e-01	1.170558715249311987e+00
4.020000000000000240e-01	1.608061234705993714e+00
4.056000000000000161e-01	1.069010852475107853e+00
4.092000000000000082e-01	1.022160205658431131e+00
4.128000000000000003e-01	7.106417616891992362e-01
4.163999999999999924e-01	9.396505077650216808e-01
4.199999999999999845e-01	-1.877069423400433701e-01
4.235999999999999766e-01	2.041343952734662182e-01
4.273000000000000131e-01	3.977904115045934885e-01
4.309000000000000052e-01	5.820526180980464259e-01
4.344999999999999973e-01	-4.635608578577833372e-01
4.380999999999999894e-01	-4.028205581838968374e-01
4.416999999999999815e-01	8.993162588434346905e-01
4.452999999999999736e-01	1.771564978121130673e-01
4.489000000000000212e-01	-1.496240337792029695e-01
4.525000000000000133e-01	-4.585324908179517767e-01
4.561000000000000054e-01	-7.950996778264932674e-01
4.596999999999999975e-01	1.506920871777808202e-01
4.632999999999999896e-01	-2.106888780956738039e+00
4.668999999999999817e-01	-1.358469901278530401e+00
4.704999999999999738e-01	-2.799600070881735903e-01
4.741000000000000214e-01	-9.594110789680987406e-01
4.778000000000000025e-01	-1.217904331780810256e+00
4.813999999999999946e-01	-1.240181249042258793e+00
4.849999999999999867e-01	-1.435362122925886164e+00
4.885999999999999788e-01	-2.322194577782920710e+00
4.922000000000000264e-01	-1.354536610754049075e+00
4.958000000000000185e-01	-7.856673828508045077e-01
4.994000000000000106e-01	-7.183501303603134769e-01
5.030000000000000027e-01	-1.068936748432724571e+00
5.066000000000000503e-01	-6.868758477415237707e-02
5.101999999999999869e-01	-6.414172931105390774e-01
5.138000000000000345e-01	4.651757513007706013e-01
5.173999999999999710e-01	2.662447501189645349e-01
5.210000000000000187e-01	2.970001475880262864e-02
5.245999999999999552e-01	-2.826255588625303239e-01
5.282999999999999918e-01	1.130518288538606697e-01
5.319000000000000394e-01	8.795684059912511898e-01
5.354999999999999760e-01	9.403481160850862830e-02
5.391000000000000236e-01	6.596524705450080850e-01
5.426999999999999602e-01	1.550341303339842103e+00
5.463000000000000078e-01	2.174686553138931000e+00
5.499000000000000554e-01	2.414753347024644725e+00
5.534999999999999920e-01	2.071581000662767735e+00
5.571000000000000396e-01	2.052975398736165857e+00
5.606999999999999762e-01	2.467871015151346548e+00
5.643000000000000238e-01	2.543820167404458044e+00
5.678999999999999604e-01	2.273955787454480681e+00
5.715000000000000080e-01	2.519666665959807261e+00
5.752000000000000446e-01	2.043276977360187541e+00
5.787999999999999812e-01	1.213300650378879908e+00
5.824000000000000288e-01	1.517790846179952968e+00
5.859999999999999654e-01	1.299041979352618004e+00
5.896000000000000130e-01	6.304572151981360228e-01
5.931999999999999496e-01	1.442041185628766931e+00
5.967999999999999972e-01	-8.632863413079394643e-02
6.004000000000000448e-01	1.056239452571302806e+00
6.039999999999999813e-01	1.181267326881729751e+00
6.076000000000000290e-01	1.353740686444669716e+00
6.111999999999999655e-01	6.867896812099354431e-01
6.148000000000000131e-01	8.292811514011245722e-01
6.183999999999999497e-01	1.170855009721479156e+00
6.219999999999999973e-01	-2.588479121335088839e-01
6.257000000000000339e-01	-2.294262129212142898e-01
6.292999999999999705e-01	-2.289721913680411447e-01
6.329000000000000181e-01	-1.516180839097594824e+00
6.364999999999999547e-01	-4.509587537921254663e-01
6.401000000000000023e-01	1.261784466551333361e-01
6.437000000000000499e-01	-1.360666432273248461e+00
6.472999999999999865e-01	-2.188531037815930613e-01
6.509000000000000341e-01	6.831838948302567660e-01
6.544999999999999707e-01	3.261244226906178101e-01
6.581000000000000183e-01	7.450614622054978486e-01
6.616999999999999549e-01	8.963298408713903376e-01
6.653000000000000025e-01	-2.366514071834459054e-01
6.689000000000000501e-01	5.043098341490792613e-02
6.724999999999999867e-01	1.132558965182232757e+00
6.762000000000000233e-01	1.293182951251433455e+00
6.797999999999999599e-01	1.160939500609562858e+00
6.834000000000000075e-01	1.394680653423891581e+00
6.870000000000000551e-01	3.185034701345522468e+00
6.905999999999999917e-01	2.545375408800073291e+00
6.942000000000000393e-01	2.124493470350743429e+00
6.977999999999999758e-01	2.766364581420512891e+00
7.014000000000000234e-01	2.874118330812160060e+00
7.049999999999999600e-01	2.680595920180958380e+00
7.086000000000000076e-01	2.706949512148928427e+00
7.122000000000000552e-01	2.613828667854300569e+00
7.157999999999999918e-01	2.450553072736782134e+00
7.194000000000000394e-01	3.479168962500827966e+00
7.229999999999999760e-01	2.553100854560924837e+00
7.267000000000000126e-01	3.404060435636636406e+00
7.302999999999999492e-01	2.651201723469259974e+00
7.338999999999999968e-01	3.098562792157251611e+00
7.375000000000000444e-01	2.948040078302891054e+00
7.410999999999999810e-01	2.292926159400947572e+00
7.447000000000000286e-01	2.076098821116465043e+00
7.482999999999999652e-01	2.920705837036995600e+00
7.519000000000000128e-01	3.317290370501314811e+00
7.554999999999999494e-01	3.312825635733224416e+00
7.590999999999999970e-01	3.314702186770277059e+00
7.627000000000000446e-01	1.957894997105393387e+00
7.662999999999999812e-01	2.157183729814923456e+00
7.699000000000000288e-01	1.582401622027518773e+00
7.734999999999999654e-01	1.514397768927333132e+00
7.772000000000000020e-01	1.759771336457880420e+00
7.808000000000000496e-01	1.621148563137530196e+00
7.843999999999999861e-01	7.080406574071506087e-01
7.880000000000000338e-01	2.178912274224063528e-01
7.915999999999999703e-01	1.112376958430310259e+00
7.952000000000000179e-01	4.401415777777143434e-01
7.987999999999999545e-01	1.385250737198384652e+00
8.024000000000000021e-01	1.134017457047871602e+00
8.060000000000000497e-01	7.425305462970001047e-01
8.095999999999999863e-01	1.316601160773727131e+00
8.132000000000000339e-01	9.407469050577996761e-01
8.167999999999999705e-01	1.115052719404556525e+00
8.204000000000000181e-01	1.191080323787607753e+00
8.239999999999999547e-01	1.168644595880476089e+00
8.276999999999999913e-01	2.395413603972543548e+00
8.313000000000000389e-01	2.233229636425781983e+00
8.348999999999999755e-01	1.949005248770824927e+00
8.385000000000000231e-01	2.747759262158757210e+00
8.420999999999999597e-01	2.852572211633492838e+00
8.457000000000000073e-01	2.873391554147907812e+00
8.493000000000000549e-01	3.162542377647540981e+00
8.528999999999999915e-01	3.891630688221956902e+00
8.565000000000000391e-01	4.152178876691436926e+00
8.600999999999999757e-01	3.843209324689267348e+00
8.637000000000000233e-01	4.344570111155455550e+00
8.672999999999999599e-01	4.534650163285929736e+00
8.709000000000000075e-01	5.116964295878593916e+00
8.745000000000000551e-01	4.762682740145564253e+00
8.781999999999999806e-01	4.812850992831403829e+00
8.818000000000000282e-01	5.619088027364361082e+00
8.853999999999999648e-01	5.149538220596647342e+00
8.890000000000000124e-01	4.908073916611318310e+00
8.925999999999999490e-01	5.368731667590555645e+00
8.961999999999999966e-01	4.862523235631021734e+00
8.998000000000000442e-01	4.079265969243088819e+00
9.033999999999999808e-01	4.607220519405661463e+00
9.070000000000000284e-01	4.463610966580976225e+00
9.105999999999999650e-01	4.403360140156760139e+00
9.142000000000000126e-01	3.740979481306381249e+00
9.177999999999999492e-01	4.173105839739420730e+00
9.213999999999999968e-01	3.468508351800935863e+00
9.251000000000000334e-01	3.501294975192493997e+00
9.286999999999999700e-01	3.103376235702048014e+00
9.323000000000000176e-01	3.339587979927698846e+00
9.358999999999999542e-01	1.896897098067738208e+00
9.395000000000000018e-01	2.754653444567642495e+00
9.431000000000000494e-01	2.588473487286965913e+00
9.466999999999999860e-01	2.141004378545278364e+00
9.503000000000000336e-01	1.889545703809577315e+00
9.538999999999999702e-01	2.546510336542865627e+00
9.575000000000000178e-01	2.526023422504112048e+00
9.610999999999999543e-01	3.978346766149639002e+00
9.647000000000000020e-01	2.982788779292365966e+00
9.683000000000000496e-01	3.533765975897123823e+00
9.718999999999999861e-01	4.084054866837931286e+00
9.756000000000000227e-01	3.635662983573636264e+00
9.791999999999999593e-01	4.643639451167574705e+00
9.828000000000000069e-01	3.965380919849454067e+00
9.864000000000000545e-01	5.394798673066866002e+00
9.899999999999999911e-01	4.188354833035432989e+00
9.936000000000000387e-01	4.884572320751197516e+00
9.971999999999999753e-01	4.332485573524425426e+00
1.000799999999999912e+00	5.024274939667336959e+00
1.004399999999999959e+00	5.906179689882727679e+00
1.008000000000000007e+00	5.322982597386191728e+00
1.011600000000000055e+00	5.617081871726281150e+00
1.015200000000000102e+00	6.017766103841299952e+00
1.018799999999999928e+00	6.095407359196455488e+00
1.022399999999999975e+00	6.713570014403568820e+00
1.026100000000000012e+00	5.678979787809961266e+00
1.029700000000000060e+00	6.115284044896926119e+00
1.033300000000000107e+00	5.654151954097748956e+00
1.036899999999999933e+00	5.963071216725759349e+00
1.040499999999999980e+00	6.773029332790365231e+00
1.044100000000000028e+00	6.545785365036760339e+00
1.047700000000000076e+00	6.528206270832072278e+00
1.051299999999999901e+00	6.607553615866461172e+00
1.054899999999999949e+00	7.142530125669425800e+00
1.058499999999999996e+00	6.501462619718363811e+00
1.062100000000000044e+00	6.980627959321964227e+00
1.065700000000000092e+00	7.221577953656692195e+00
1.069299999999999917e+00	6.820349551835215074e+00
1.072899999999999965e+00	6.961740792585847437e+00
1.076600000000000001e+00	6.234856796117682620e+00
1.080200000000000049e+00	6.830456271876510499e+00
1.083800000000000097e+00	7.251758733660436995e+00
1.087399999999999922e+00	7.460453722704492030e+00
1.090999999999999970e+00	9.032734108332341805e+00
1.094600000000000017e+00	9.705872730042809593e+00
1.098200000000000065e+00	9.670122419469937114e+00
1.101799999999999891e+00	1.058401598745705741e+01
1.105399999999999938e+00	9.353841118239209607e+00
1.108999999999999986e+00	9.373446493144324876e+00
1.112600000000000033e+00	8.972318681681777264e+00
1.116200000000000081e+00	8.249136775978282543e+00
1.119799999999999907e+00	7.358585825263016744e+00
1.123399999999999954e+00	6.825573005642239011e+00
1.127099999999999991e+00	6.886628741482643257e+00
1.130700000000000038e+00	6.388312426322839244e+00
1.134300000000000086e+00	6.806201381636350689e+00
1.137899999999999912e+00	7.103935602332686727e+00
1.141499999999999959e+00	6.944303375371372766e+00
1.145100000000000007e+00	7.349533725686017149e+00
1.148700000000000054e+00	8.933060360667552047e+00
1.152300000000000102e+00	1.087837626326275497e+01
1.155899999999999928e+00	1.273558917242655930e+01
1.159499999999999975e+00	1.244687429945189550e+01
1.163100000000000023e+00	1.386467257846818235e+01
1.166700000000000070e+00	1.213771993953390549e+01
1.170299999999999896e+00	1.146768808704489828e+01
1.173899999999999944e+00	1.055988379275667199e+01
1.177599999999999980e+00	1.004526695280742921e+01
1.181200000000000028e+00	9.993895462492893955e+00
1.184800000000000075e+00	1.025564511155546121e+01
1.188399999999999901e+00	1.038605809137654745e+01
1.191999999999999948e+00	1.069046068098593416e+01
1.195599999999999996e+00	1.133853202054537768e+01
1.199200000000000044e+00	1.185671011905742844e+01
1.202800000000000091e+00	1.176670241740388967e+01
1.206399999999999917e+00	1.177893771803088008e+01
1.209999999999999964e+00	1.112726313643354281e+01
1.213600000000000012e+00	1.167116411328876424e+01
1.217200000000000060e+00	1.089439938656864371e+01
1.220800000000000107e+00	1.084817645103364647e+01
1.224399999999999933e+00	1.050124631840646039e+01
1.228099999999999969e+00	1.089995203559270109e+01
1.231700000000000017e+00	1.059622217655520870e+01
1.235300000000000065e+00	9.834342022872849753e+00
1.238899999999999890e+00	1.100129054107788207e+01
1.242499999999999938e+00	1.052948919517519499e+01
1.246099999999999985e+00	1.062806043596675565e+01
1.249700000000000033e+00	1.018998138945749155e+01
1.253300000000000081e+00	1.014252791375954210e+01
1.256899999999999906e+00	1.032981807510470773e+01
1.260499999999999954e+00	1.049392768282152666e+01
1.264100000000000001e+00	1.004548385212105188e+01
1.267700000000000049e+00	1.000741539640017486e+01
1.271300000000000097e+00	9.858289843947551034e+00
1.274899999999999922e+00	1.002160154767516609e+01
1.278599999999999959e+00	1.087120867159256399e+01
1.282200000000000006e+00	9.431903270859510968e+00
1.285800000000000054e+00	9.412736427523734406e+00
1.289400000000000102e+00	1.034318381326671243e+01
1.292999999999999927e+00	1.131137809893503032e+01
1.296599999999999975e+00	1.122530174233806299e+01
1.300200000000000022e+00	1.089690450356668272e+01
1.303800000000000070e+00	1.170357343870285582e+01
1.307399999999999896e+00	1.133446783976952510e+01
1.310999999999999943e+00	1.168980939928046503e+01
1.314599999999999991e+00	1.198462135654823157e+01
1.318200000000000038e+00	1.182039536117903111e+01
1.321800000000000086e+00	1.308093186121877416e+01
1.325499999999999901e+00	1.219523633420821973e+01
1.329099999999999948e+00	1.279333722159034004e+01
1.332699999999999996e+00	1.355984544026243377e+01
1.336300000000000043e+00	1.307662871783449887e+01
1.339900000000000091e+00	1.332241506488110971e+01
1.343499999999999917e+00	1.305716962988213936e+01
1.347099999999999964e+00	1.421845953235317950e+01
1.350700000000000012e+00	1.420627766424569849e+01
1.354300000000000059e+00	1.471016863679489362e+01
1.357900000000000107e+00	1.409996819095787046e+01
1.361499999999999932e+00	1.467866742259398194e+01
1.365099999999999980e+00	1.453860342149715024e+01
1.368700000000000028e+00	1.433436975774389843e+01
1.372300000000000075e+00	1.467570287482354097e+01
1.375999999999999890e+00	1.469487439685800290e+01
1.379599999999999937e+00	1.473398802408342156e+01
1.383199999999999985e+00	1.588066755047783651e+01
1.386800000000000033e+00	1.475493060513989363e+01
1.390400000000000080e+00	1.523643556108983610e+01
1.393999999999999906e+00	1.597062050801876332e+01
1.397599999999999953e+00	1.547376770764391729e+01
1.401200000000000001e+00	1.665083229605339454e+01
1.404800000000000049e+00	1.683937734026020649e+01
1.408400000000000096e+00	1.784858370387384241e+01
1.411999999999999922e+00	1.872032854717004113e+01
1.415599999999999969e+00	1.912201097298093799e+01
1.419200000000000017e+00	1.918764116470950043e+01
1.422800000000000065e+00	1.792184381816059968e+01
1.426500000000000101e+00	1.797384374421106301e+01
1.430099999999999927e+00	1.711224567800500651e+01
1.433699999999999974e+00	1.704667362808965692e+01
1.437300000000000022e+00	1.695598437601051245e+01
1.440900000000000070e+00	1.711225005110235031e+01
1.444499999999999895e+00	1.761438118944422015e+01
1.448099999999999943e+00	1.816251223020278971e+01
1.451699999999999990e+00	1.843396982584483368e+01
1.455300000000000038e+00	1.836284305459175314e+01
1.458900000000000086e+00	1.841218670134610491e+01
1.462499999999999911e+00	1.887301351489204038e+01
1.466099999999999959e+00	1.953340410364010182e+01
1.469700000000000006e+00	2.034045209515970498e+01
1.473300000000000054e+00	2.008617528869644531e+01
1.477000000000000091e+00	2.158357099471929175e+01
1.480599999999999916e+00	2.204596109687186356e+01
1.484199999999999964e+00	2.054290398989548549e+01
1.487800000000000011e+00	2.202657559402324949e+01
1.491400000000000059e+00	2.112127392875914111e+01
1.495000000000000107e+00	2.222468284485992385e+01
1.498599999999999932e+00	2.176560183879043464e+01
1.502199999999999980e+00	2.290966210219657029e+01
1.505800000000000027e+00	2.304730993495185487e+01
1.509400000000000075e+00	2.465403387439770100e+01
1.512999999999999901e+00	2.431740588374468715e+01
1.516599999999999948e+00	2.577127476991121213e+01
1.520199999999999996e+00	2.692250975671003843e+01
1.523800000000000043e+00	2.783551121562015496e+01
1.527500000000000080e+00	2.951331332909644445e+01
1.531099999999999905e+00	3.074080493736404662e+01
1.534699999999999953e+00	3.096702441963122254e+01
1.538300000000000001e+00	3.380499087955337245e+01
1.541900000000000048e+00	3.439912709760297105e+01
1.545500000000000096e+00	3.635520249997031073e+01
1.549099999999999921e+00	3.755451078533695863e+01
1.552699999999999969e+00	3.878940470776454674e+01
1.556300000000000017e+00	4.017245599170118453e+01
1.559900000000000064e+00	4.067681418781005931e+01
1.563499999999999890e+00	4.203278055154198967e+01
1.567099999999999937e+00	4.400943063563291702e+01
1.570699999999999985e+00	4.326367788653978153e+01
1.574300000000000033e+00	4.473530622756597808e+01
1.578000000000000069e+00	4.460977088614263408e+01
1.581599999999999895e+00	4.519101578249816242e+01
1.585199999999999942e+00	4.633890828863494704e+01
1.588799999999999990e+00	4.815553899044797959e+01
1.592400000000000038e+00	4.794265401357334611e+01
1.596000000000000085e+00	4.717355007688849611e+01
1.599599999999999911e+00	4.522620732235167651e+01
1.603199999999999958e+00	4.339602836140220887e+01
1.606800000000000006e+00	4.114663877955586457e+01
1.610400000000000054e+00	3.854536048590404818e+01
1.614000000000000101e+00	3.601841943766623899e+01
1.617599999999999927e+00	3.414203516666996308e+01
1.621199999999999974e+00	3.378376072013102061e+01
1.624800000000000022e+00	3.132807778740085425e+01
1.628500000000000059e+00	3.050457229970729145e+01
1.632100000000000106e+00	2.878271302283603106e+01
1.635699999999999932e+00	2.864811896771384880e+01
1.639299999999999979e+00	2.836765631828106393e+01
1.642900000000000027e+00	2.776396546922075359e+01
1.646500000000000075e+00	2.667216681625176022e+01
1.650099999999999900e+00	2.612866506185265791e+01
1.653699999999999948e+00	2.838172914327292418e+01
1.657299999999999995e+00	2.873157360749221212e+01
1.660900000000000043e+00	3.080009854736781350e+01
1.664500000000000091e+00	3.288490267370084297e+01
1.668099999999999916e+00	3.307138343231710564e+01
1.671699999999999964e+00	3.242855218422219110e+01
1.675400000000000000e+00	2.963854270750181286e+01
1.679000000000000048e+00	2.572023369397399861e+01
1.682600000000000096e+00	2.325748886047439257e+01
1.686199999999999921e+00	2.005590008295425264e+01
1.689799999999999969e+00	1.895465612967640112e+01
1.693400000000000016e+00	1.760923822570570252e+01
1.697000000000000064e+00	1.914559788927953576e+01
1.700599999999999890e+00	2.168078088203981935e+01
1.704199999999999937e+00	2.363753747398389038e+01
1.707799999999999985e+00	2.675803526178743397e+01
1.711400000000000032e+00	2.858956491927499854e+01
1.715000000000000080e+00	2.966944497539999759e+01
1.718599999999999905e+00	2.695292667537454889e+01
1.722199999999999953e+00	2.459469943494815425e+01
1.725899999999999990e+00	2.047986656224879098e+01
1.729500000000000037e+00	1.888831684933483146e+01
1.733100000000000085e+00	1.676847868161656052e+01
1.736699999999999910e+00	1.669835224711652444e+01
1.740299999999999958e+00	1.644439274830401843e+01
1.743900000000000006e+00	1.678468856028764833e+01
1.747500000000000053e+00	1.932625159320187080e+01
1.751100000000000101e+00	1.826900858868931721e+01
1.754699999999999926e+00	1.935661411420736755e+01
1.758299999999999974e+00	1.910157736911207849e+01
1.761900000000000022e+00	1.935059153067061999e+01
1.765500000000000069e+00	1.904265532663856675e+01
1.769099999999999895e+00	1.924308959371210292e+01
1.772699999999999942e+00	1.918066038495204495e+01
1.776399999999999979e+00	1.989259146203288608e+01
1.780000000000000027e+00	1.925596220781277523e+01
1.783600000000000074e+00	1.949513416686574274e+01
1.787199999999999900e+00	1.961613165131123537e+01
1.790799999999999947e+00	1.826241814383854134e+01
1.794399999999999995e+00	1.820012158166885641e+01
1.798000000000000043e+00	1.696559648910953300e+01
1.801600000000000090e+00	1.743157667084621565e+01
1.805199999999999916e+00	1.682765305394502064e+01
1.808799999999999963e+00	1.663638532800318615e+01
1.812400000000000011e+00	1.631534341047386150e+01
1.816000000000000059e+00	1.744931536262796001e+01
1.819600000000000106e+00	1.836211609954698076e+01
1.823199999999999932e+00	1.880515862713165376e+01
1.826899999999999968e+00	1.995521334496403298e+01
1.830500000000000016e+00	2.154474611030576625e+01
1.834100000000000064e+00	2.138338973918199315e+01
1.837699999999999889e+00	2.077674991071946664e+01
1.841299999999999937e+00	2.078268922088263437e+01
1.844899999999999984e+00	1.923648928033241745e+01
1.848500000000000032e+00	1.957825950986143226e+01
1.852100000000000080e+00	1.906883389572394805e+01
1.855699999999999905e+00	2.022730402773056824e+01
1.859299999999999953e+00	2.181946540980471028e+01
1.862900000000000000e+00	2.204733340488024851e+01
1.866500000000000048e+00	2.259382509411101836e+01
1.870100000000000096e+00	2.206814457400245288e+01
1.873699999999999921e+00	2.061825171817687874e+01
1.877399999999999958e+00	1.916670667166649977e+01
1.881000000000000005e+00	1.927286460712489813e+01
1.884600000000000053e+00	1.966312471977912679e+01
1.888200000000000101e+00	2.033516064904530296e+01
1.891799999999999926e+00	2.276245897266244711e+01
1.895399999999999974e+00	2.392605606709964761e+01
1.899000000000000021e+00	2.440020610996060668e+01
1.902600000000000069e+00	2.532616238227694083e+01
1.906199999999999894e+00	2.477444300791507104e+01
1.909799999999999942e+00	2.520823822347367482e+01
1.913399999999999990e+00	2.443178581842023789e+01
1.917000000000000037e+00	2.350125386731049559e+01
1.920600000000000085e+00	2.319468911446488946e+01
1.924199999999999910e+00	2.271509358239864440e+01
1.927899999999999947e+00	2.284063253774947810e+01
1.931499999999999995e+00	2.372512240629984959e+01
1.935100000000000042e+00	2.361274472792777956e+01
1.938700000000000090e+00	2.432515264529209276e+01
1.942299999999999915e+00	2.418965117440342638e+01
1.945899999999999963e+00	2.300972528644573245e+01
1.949500000000000011e+00	2.288674008705251595e+01
1.953100000000000058e+00	2.256918800872379194e+01
1.956700000000000106e+00	2.238654612081251472e+01
1.960299999999999931e+00	2.229941733279573057e+01
1.963899999999999979e+00	2.381918923801443455e+01
1.967500000000000027e+00	2.390125344516956218e+01
1.971100000000000074e+00	2.338542420061811455e+01
1.974699999999999900e+00	2.328133377967279927e+01
1.978399999999999936e+00	2.263936027144785967e+01
1.981999999999999984e+00	2.147576144742591708e+01
1.985600000000000032e+00	2.118219562293301550e+01
1.989200000000000079e+00	2.116851282755593999e+01
1.992799999999999905e+00	2.189061297206623635e+01
1.996399999999999952e+00	2.487234896835172648e+01
2.000000000000000000e+00	2.771516020924166668e+01
