2.000000000000000111e-01	-4.744716808477096315e-01
2.036000000000000032e-01	-1.321331496278289386e+00
2.071999999999999953e-01	-1.424691727411553588e+00
2.107999999999999874e-01	-1.816946283408612750e+00
2.144000000000000072e-01	-1.529780141415991057e+00
2.179999999999999993e-01	-8.447755404910834987e-01
2.215999999999999914e-01	-5.596902190723096471e-01
2.253000000000000003e-01	3.610621506069795483e-01
2.288999999999999924e-01	1.248467101905772703e+00
2.325000000000000122e-01	2.119815365764094128e+00
2.361000000000000043e-01	2.289099536259842971e+00
2.396999999999999964e-01	2.475154886127933551e+00
2.432999999999999885e-01	2.691444341326754142e+00
2.469000000000000083e-01	2.500382347778944414e+00
2.505000000000000004e-01	2.524089982469759796e+00
2.540999999999999925e-01	2.209616214878995955e+00
2.576999999999999846e-01	1.705357015020327882e+00
2.612999999999999767e-01	9.997455076607622004e-01
2.649000000000000243e-01	5.702096392378381839e-01
2.685000000000000164e-01	-1.766446759531403732e-02
2.721000000000000085e-01	-7.255700632032243691e-01
2.757999999999999896e-01	-7.342684148936505784e-01
2.793999999999999817e-01	-6.593115322022931046e-01
2.829999999999999738e-01	-8.861644230380528731e-01
2.866000000000000214e-01	-4.598995634889227468e-02
2.902000000000000135e-01	3.520237584243002260e-01
2.938000000000000056e-01	1.096253085687464157e+00
2.973999999999999977e-01	1.615919038881781455e+00
3.009999999999999898e-01	2.607778158349333797e+00
3.045999999999999819e-01	2.632620391882888988e+00
3.081999999999999740e-01	3.173877175801768313e+00
3.118000000000000216e-01	3.341467265200160242e+00
3.154000000000000137e-01	3.261084317230745100e+00
3.190000000000000058e-01	3.736264301930122933e+00
3.225999999999999979e-01	3.313633711448532360e+00
3.262999999999999790e-01	2.447418678872368414e+00
3.299000000000000266e-01	2.029343603963452480e+00
3.335000000000000187e-01	1.476563438948109930e+00
3.371000000000000107e-01	6.926095698153189595e-01
3.407000000000000028e-01	6.184203787417683618e-01
3.442999999999999949e-01	2.414336456363390948e-01
3.478999999999999870e-01	-1.943656788703424509e-01
3.514999999999999791e-01	3.065710589367713901e-01
3.551000000000000267e-01	6.056690600087588638e-01
3.587000000000000188e-01	9.585190501251112938e-01
3.623000000000000109e-01	1.447422868771822024e+00
3.659000000000000030e-01	2.602819494102717179e+00
3.694999999999999951e-01	2.747432026326155352e+00
3.730999999999999872e-01	3.668696024046922854e+00
3.768000000000000238e-01	3.994337468341193187e+00
3.804000000000000159e-01	3.986262998417012149e+00
3.840000000000000080e-01	4.655817371944213079e+00
3.876000000000000001e-01	4.486684080131745134e+00
3.911999999999999922e-01	4.014972209764334110e+00
3.947999999999999843e-01	3.589065027663544072e+00
3.983999999999999764e-01	2.615596649521527706e+00
4.020000000000000240e-01	2.459529064529264453e+00
4.056000000000000161e-01	2.251009051798084748e+00
4.092000000000000082e-01	1.237151161101886387e+00
4.128000000000000003e-01	9.879690039874853280e-01
4.163999999999999924e-01	6.865322694101949619e-01
4.199999999999999845e-01	8.302580577387528304e-01
4.235999999999999766e-01	1.411794856946234411e+00
4.273000000000000131e-01	1.229625922341316846e+00
4.309000000000000052e-01	1.814681365180551342e+00
4.344999999999999973e-01	2.205989194634129902e+00
4.380999999999999894e-01	3.117995116683225820e+00
4.416999999999999815e-01	3.466010887010997799e+00
4.452999999999999736e-01	3.681953911966605375e+00
4.489000000000000212e-01	3.845688793189550481e+00
4.525000000000000133e-01	3.801571058493049104e+00
4.561000000000000054e-01	3.746084992403387215e+00
4.596999999999999975e-01	3.749208403196471640e+00
4.632999999999999896e-01	3.067065629386950487e+00
4.668999999999999817e-01	2.596376694119407524e+00
4.704999999999999738e-01	2.557259239257079653e+00
4.741000000000000214e-01	1.977408108397674891e+00
4.778000000000000025e-01	1.393886840345257561e+00
4.813999999999999946e-01	1.051279084552148024e+00
4.849999999999999867e-01	4.364794589071613884e-01
4.885999999999999788e-01	1.189203497201980930e+00
4.922000000000000264e-01	1.107148308212543508e+00
4.958000000000000185e-01	1.284086444195904564e+00
4.994000000000000106e-01	2.268928843263454453e+00
5.030000000000000027e-01	2.244692522567360182e+00
5.066000000000000503e-01	3.277995401963396560e+00
5.101999999999999869e-01	3.224952899036757081e+00
5.138000000000000345e-01	3.392335682686179243e+00
5.173999999999999710e-01	3.645910549936967726e+00
5.210000000000000187e-01	3.783836505890190161e+00
5.245999999999999552e-01	3.486274373413915217e+00
5.282999999999999918e-01	3.354638924795868338e+00
5.319000000000000394e-01	3.001211216455713426e+00
5.354999999999999760e-01	1.964421401325512573e+00
5.391000000000000236e-01	2.013519392439691469e+00
5.426999999999999602e-01	1.053659346312062706e+00
5.463000000000000078e-01	6.211883877415479427e-01
5.499000000000000554e-01	4.770109239870970463e-01
5.534999999999999920e-01	7.380494946784785792e-01
5.571000000000000396e-01	7.876533655068769235e-01
5.606999999999999762e-01	9.589643384256235636e-01
5.643000000000000238e-01	1.507629324821317063e+00
5.678999999999999604e-01	1.657953262858638643e+00
5.715000000000000080e-01	2.301081606946375313e+00
5.752000000000000446e-01	2.212426853426781914e+00
5.787999999999999812e-01	2.974466007051596250e+00
5.824000000000000288e-01	3.723289816972188859e+00
5.859999999999999654e-01	3.387698410169004415e+00
5.896000000000000130e-01	3.686474805947969724e+00
5.931999999999999496e-01	3.712501085962027769e+00
5.967999999999999972e-01	3.517847271986215496e+00
6.004000000000000448e-01	3.162394255767233986e+00
6.039999999999999813e-01	2.497408005690456623e+00
6.076000000000000290e-01	2.285724258318324154e+00
6.111999999999999655e-01	1.827817529232939275e+00
6.148000000000000131e-01	1.492204739535411662e+00
6.183999999999999497e-01	1.079465769914811357e+00
6.219999999999999973e-01	3.877222831705273709e-01
6.257000000000000339e-01	8.690530350332499321e-01
6.292999999999999705e-01	4.466106085054880603e-01
6.329000000000000181e-01	6.440154276613244688e-01
6.364999999999999547e-01	1.057835180899528771e+00
6.401000000000000023e-01	1.759809660122556130e+00
6.437000000000000499e-01	2.050405217173621786e+00
6.472999999999999865e-01	2.520375992611755933e+00
6.509000000000000341e-01	2.684952522932493313e+00
6.544999999999999707e-01	3.225164077288225517e+00
6.581000000000000183e-01	3.287227564088657683e+00
6.616999999999999549e-01	3.158005368250007994e+00
6.653000000000000025e-01	3.408797456584029106e+00
6.689000000000000501e-01	3.118574117465110263e+00
6.724999999999999867e-01	2.537708159849514367e+00
6.762000000000000233e-01	2.528554543762149276e+00
6.797999999999999599e-01	1.964060445228624774e+00
6.834000000000000075e-01	1.454480606761007211e+00
6.870000000000000551e-01	1.108470573128590209e+00
6.905999999999999917e-01	1.222814168936198431e+00
6.942000000000000393e-01	1.240149464016790715e+00
6.977999999999999758e-01	1.026288268718819729e+00
7.014000000000000234e-01	1.554384740552382516e+00
7.049999999999999600e-01	1.789205976471877069e+00
7.086000000000000076e-01	2.437649404006483778e+00
7.122000000000000552e-01	2.688568027531966997e+00
7.157999999999999918e-01	3.152467215671650447e+00
7.194000000000000394e-01	3.807170209616018486e+00
7.229999999999999760e-01	4.282715614962190109e+00
7.267000000000000126e-01	3.823908967138065496e+00
7.302999999999999492e-01	4.056711401357471658e+00
7.338999999999999968e-01	3.887739560421076046e+00
7.375000000000000444e-01	3.721739731320087952e+00
7.410999999999999810e-01	3.647490510251234941e+00
7.447000000000000286e-01	3.048544991791133363e+00
7.482999999999999652e-01	2.872262593414782739e+00
7.519000000000000128e-01	2.464723154902783264e+00
7.554999999999999494e-01	2.340704337139495550e+00
7.590999999999999970e-01	2.482435084304864148e+00
7.627000000000000446e-01	2.187230477173440324e+00
7.662999999999999812e-01	2.286253510243333675e+00
7.699000000000000288e-01	2.880601243638374775e+00
7.734999999999999654e-01	3.113206133281912535e+00
7.772000000000000020e-01	3.544195790810788615e+00
7.808000000000000496e-01	3.913600607540333787e+00
7.843999999999999861e-01	4.705902217999904380e+00
7.880000000000000338e-01	4.631051332045786673e+00
7.915999999999999703e-01	5.178132671515045971e+00
7.952000000000000179e-01	5.245727597045349633e+00
7.987999999999999545e-01	4.755771191130611086e+00
8.024000000000000021e-01	4.587930666053529727e+00
8.060000000000000497e-01	4.483157895165648554e+00
8.095999999999999863e-01	4.270929082873436755e+00
8.132000000000000339e-01	3.848168675835353270e+00
8.167999999999999705e-01	3.830696848227610918e+00
8.204000000000000181e-01	3.367143236909786896e+00
8.239999999999999547e-01	3.011080635157547203e+00
8.276999999999999913e-01	2.642774187274382847e+00
8.313000000000000389e-01	3.242257573931958792e+00
8.348999999999999755e-01	3.443150741552703842e+00
8.385000000000000231e-01	3.951641739065976822e+00
8.420999999999999597e-01	4.061069825681490997e+00
8.457000000000000073e-01	4.776965077134434523e+00
8.493000000000000549e-01	4.688522574072957916e+00
8.528999999999999915e-01	5.031091770638106198e+00
8.565000000000000391e-01	5.497724769323466987e+00
8.600999999999999757e-01	6.284829671950367569e+00
8.637000000000000233e-01	5.961221832766867124e+00
8.672999999999999599e-01	5.702877537794729612e+00
8.709000000000000075e-01	5.525643994298982342e+00
8.745000000000000551e-01	5.460576331751871848e+00
8.781999999999999806e-01	5.524805895182956839e+00
8.818000000000000282e-01	5.108937454506011555e+00
8.853999999999999648e-01	4.414651703233833935e+00
8.890000000000000124e-01	4.361558230453749907e+00
8.925999999999999490e-01	4.099018553373640295e+00
8.961999999999999966e-01	4.224498644032036232e+00
8.998000000000000442e-01	4.231341029460771175e+00
9.033999999999999808e-01	4.692498332035903275e+00
9.070000000000000284e-01	4.933025190759286360e+00
9.105999999999999650e-01	5.474961508127169196e+00
9.142000000000000126e-01	5.508676032863609073e+00
9.177999999999999492e-01	6.329362875716452841e+00
9.213999999999999968e-01	6.523219589109455541e+00
9.251000000000000334e-01	7.123348625519070332e+00
9.286999999999999700e-01	7.222828104429745544e+00
9.323000000000000176e-01	6.796595558285003946e+00
9.358999999999999542e-01	7.286869614016040053e+00
9.395000000000000018e-01	7.060456275376348678e+00
9.431000000000000494e-01	6.566375185406636561e+00
9.466999999999999860e-01	6.328937492919373575e+00
9.503000000000000336e-01	6.301370142705797761e+00
9.538999999999999702e-01	6.125996503377262314e+00
9.575000000000000178e-01	5.913305199042148352e+00
9.610999999999999543e-01	5.798100830431631714e+00
9.647000000000000020e-01	5.930307822397615780e+00
9.683000000000000496e-01	6.020966566120489638e+00
9.718999999999999861e-01	6.259085552183629275e+00
9.756000000000000227e-01	7.052666123746251792e+00
9.791999999999999593e-01	7.241102488291012662e+00
9.828000000000000069e-01	7.202260065305002179e+00
9.864000000000000545e-01	7.769600722671706095e+00
9.899999999999999911e-01	8.105879540766816049e+00
9.936000000000000387e-01	7.983899684843835054e+00
9.971999999999999753e-01	8.547273496035737494e+00
1.000799999999999912e+00	7.926018244245899957e+00
1.004399999999999959e+00	7.936363265057008398e+00
1.008000000000000007e+00	7.610286947789633771e+00
1.011600000000000055e+00	7.523776270242946040e+00
1.015200000000000102e+00	7.030525262197591552e+00
1.018799999999999928e+00	6.864441419380653109e+00
1.022399999999999975e+00	6.231443119040621426e+00
1.026100000000000012e+00	7.069519074614218468e+00
1.029700000000000060e+00	6.675423341276786715e+00
1.033300000000000107e+00	6.804366515225742873e+00
1.036899999999999933e+00	7.412769861406339089e+00
1.040499999999999980e+00	7.617382179904732986e+00
1.044100000000000028e+00	8.174185962341297795e+00
1.047700000000000076e+00	8.381354579853800502e+00
1.051299999999999901e+00	8.841754323220104794e+00
1.054899999999999949e+00	8.693468715803035707e+00
1.058499999999999996e+00	9.164761232863565255e+00
1.062100000000000044e+00	9.314515730947949379e+00
1.065700000000000092e+00	9.462220108313278644e+00
1.069299999999999917e+00	9.082232898350408590e+00
1.072899999999999965e+00	9.191696152798730424e+00
1.076600000000000001e+00	8.504662211060624699e+00
1.080200000000000049e+00	8.041504339626136755e+00
1.083800000000000097e+00	7.876085016350508283e+00
1.087399999999999922e+00	7.418035423837681108e+00
1.090999999999999970e+00	7.712485607302479451e+00
1.094600000000000017e+00	7.935703908990141997e+00
1.098200000000000065e+00	7.960467976180020777e+00
1.101799999999999891e+00	8.469509577835111713e+00
1.105399999999999938e+00	8.602772331802718497e+00
1.108999999999999986e+00	9.503427636368119380e+00
1.112600000000000033e+00	9.401060213595759052e+00
1.116200000000000081e+00	9.550041515873800790e+00
1.119799999999999907e+00	9.626915595206298804e+00
1.123399999999999954e+00	9.615768058997415935e+00
1.127099999999999991e+00	9.744167409778924593e+00
1.130700000000000038e+00	9.529207058300011468e+00
1.134300000000000086e+00	9.267243165559730045e+00
1.137899999999999912e+00	9.191451357522835153e+00
1.141499999999999959e+00	9.103952412206115952e+00
1.145100000000000007e+00	9.201213424170349597e+00
1.148700000000000054e+00	9.179214136231740540e+00
1.152300000000000102e+00	8.833694899830932812e+00
1.155899999999999928e+00	9.183098782125961534e+00
1.159499999999999975e+00	8.864051215659102922e+00
1.163100000000000023e+00	9.125306547838556881e+00
1.166700000000000070e+00	9.275315149762933586e+00
1.170299999999999896e+00	9.463901043133597923e+00
1.173899999999999944e+00	9.161765436382495409e+00
1.177599999999999980e+00	9.272798974838865504e+00
1.181200000000000028e+00	9.129400826935897939e+00
1.184800000000000075e+00	9.400862583400229511e+00
1.188399999999999901e+00	9.346305940671907564e+00
1.191999999999999948e+00	9.692135772545691808e+00
1.195599999999999996e+00	9.512742867964787408e+00
1.199200000000000044e+00	9.556422407532002339e+00
1.202800000000000091e+00	9.557219027206123485e+00
1.206399999999999917e+00	9.128760689752397184e+00
1.209999999999999964e+00	9.128581849764474399e+00
1.213600000000000012e+00	8.834155952968318459e+00
1.217200000000000060e+00	8.871418556175880710e+00
1.220800000000000107e+00	8.963109376649468274e+00
1.224399999999999933e+00	8.858151049097717333e+00
1.228099999999999969e+00	9.356019565014126016e+00
1.231700000000000017e+00	9.158660129768790625e+00
1.235300000000000065e+00	9.259251919580824719e+00
1.238899999999999890e+00	9.243235205527179588e+00
1.242499999999999938e+00	9.139720620113184424e+00
1.246099999999999985e+00	9.190208322168345489e+00
1.249700000000000033e+00	9.418564321397562722e+00
1.253300000000000081e+00	8.913422654570135606e+00
1.256899999999999906e+00	9.157800857279088547e+00
1.260499999999999954e+00	8.710458877237284625e+00
1.264100000000000001e+00	8.745651123043673536e+00
1.267700000000000049e+00	8.952461357395174346e+00
1.271300000000000097e+00	8.796866419953465410e+00
1.274899999999999922e+00	9.141835764406915033e+00
1.278599999999999959e+00	9.013700683655853751e+00
1.282200000000000006e+00	9.305498928672802705e+00
1.285800000000000054e+00	9.462096448880627619e+00
1.289400000000000102e+00	9.468136857878173274e+00
1.292999999999999927e+00	9.390117321138335527e+00
1.296599999999999975e+00	9.629689136507350256e+00
1.300200000000000022e+00	9.872325630479432235e+00
1.303800000000000070e+00	1.033893736647652517e+01
1.307399999999999896e+00	1.012935205112136572e+01
1.310999999999999943e+00	1.070622155606443648e+01
1.314599999999999991e+00	1.063000338524757638e+01
1.318200000000000038e+00	1.046508690892843774e+01
1.321800000000000086e+00	1.041673368880577222e+01
1.325499999999999901e+00	1.055920891065755463e+01
1.329099999999999948e+00	1.015514933037761125e+01
1.332699999999999996e+00	1.017598758732653330e+01
1.336300000000000043e+00	1.005014517578584154e+01
1.339900000000000091e+00	1.010316371345234110e+01
1.343499999999999917e+00	1.044448103904068148e+01
1.347099999999999964e+00	1.091323729383098140e+01
1.350700000000000012e+00	1.191965998711628671e+01
1.354300000000000059e+00	1.205641454251417777e+01
1.357900000000000107e+00	1.267953957352212058e+01
1.361499999999999932e+00	1.260787182731763068e+01
1.365099999999999980e+00	1.294447746422952505e+01
1.368700000000000028e+00	1.314832337713644250e+01
1.372300000000000075e+00	1.343861405287056243e+01
1.375999999999999890e+00	1.296201454037345080e+01
1.379599999999999937e+00	1.339697312324139133e+01
1.383199999999999985e+00	1.369437537047962650e+01
1.386800000000000033e+00	1.375076681399773015e+01
1.390400000000000080e+00	1.373986656800101969e+01
1.393999999999999906e+00	1.383576025254073016e+01
1.397599999999999953e+00	1.415883689460946648e+01
1.401200000000000001e+00	1.460352021880818185e+01
1.404800000000000049e+00	1.479893560659491492e+01
1.408400000000000096e+00	1.507602754736778827e+01
1.411999999999999922e+00	1.584430721293010436e+01
1.415599999999999969e+00	1.596107985934287754e+01
1.419200000000000017e+00	1.736945655955223700e+01
1.422800000000000065e+00	1.781058974461756250e+01
1.426500000000000101e+00	1.826691347560776535e+01
1.430099999999999927e+00	1.922658533046728380e+01
1.433699999999999974e+00	1.973675642921228857e+01
1.437300000000000022e+00	1.995215499203176535e+01
1.440900000000000070e+00	2.020802330534765545e+01
1.444499999999999895e+00	2.029207627802461289e+01
1.448099999999999943e+00	2.071670169938630579e+01
1.451699999999999990e+00	2.141976894851981328e+01
1.455300000000000038e+00	2.227539235653073391e+01
1.458900000000000086e+00	2.336549314079155693e+01
1.462499999999999911e+00	2.397835955904907479e+01
1.466099999999999959e+00	2.448613099137373084e+01
1.469700000000000006e+00	2.485483980284866590e+01
1.473300000000000054e+00	2.593946918345363173e+01
1.477000000000000091e+00	2.668424170711097787e+01
1.480599999999999916e+00	2.802762510069091562e+01
1.484199999999999964e+00	2.930394842025975422e+01
1.487800000000000011e+00	3.116360620075221632e+01
1.491400000000000059e+00	3.300569583547589048e+01
1.495000000000000107e+00	3.558487049101233168e+01
1.498599999999999932e+00	3.774216375402876622e+01
1.502199999999999980e+00	3.968686425189721234e+01
1.505800000000000027e+00	4.128527912282292078e+01
1.509400000000000075e+00	4.181273641448411382e+01
1.512999999999999901e+00	4.242806568759328911e+01
1.516599999999999948e+00	4.285478577789397292e+01
1.520199999999999996e+00	4.419262942241403636e+01
1.523800000000000043e+00	4.634946377488399349e+01
1.527500000000000080e+00	4.884073534999122046e+01
1.531099999999999905e+00	5.187930775269339279e+01
1.534699999999999953e+00	5.511206377070494966e+01
1.538300000000000001e+00	5.831425557026873463e+01
1.541900000000000048e+00	6.123864542566180802e+01
1.545500000000000096e+00	6.282003341703531873e+01
1.549099999999999921e+00	6.258326041418017383e+01
1.552699999999999969e+00	5.981748915941312106e+01
1.556300000000000017e+00	5.558132456818414369e+01
1.559900000000000064e+00	5.099128555065860979e+01
1.563499999999999890e+00	4.768793100495532400e+01
1.567099999999999937e+00	4.640696853749813044e+01
1.570699999999999985e+00	4.789465289422783201e+01
1.574300000000000033e+00	4.928409606298873769e+01
1.578000000000000069e+00	5.032992996581435108e+01
1.581599999999999895e+00	4.897770349889476904e+01
1.585199999999999942e+00	4.497341960049615750e+01
1.588799999999999990e+00	4.068061328278532329e+01
1.592400000000000038e+00	3.728194966487265560e+01
1.596000000000000085e+00	3.703831985233797752e+01
1.599599999999999911e+00	4.047148394287406603e+01
1.603199999999999958e+00	4.530961117359443335e+01
1.606800000000000006e+00	5.039210062876266960e+01
1.610400000000000054e+00	5.268078236098090628e+01
1.614000000000000101e+00	5.247252759051391280e+01
1.617599999999999927e+00	5.046606220525239905e+01
1.621199999999999974e+00	4.875505095927239552e+01
1.624800000000000022e+00	5.017360173344908958e+01
1.628500000000000059e+00	5.615747565815399156e+01
1.632100000000000106e+00	6.354619078685596634e+01
1.635699999999999932e+00	7.074720518083827869e+01
1.639299999999999979e+00	7.447486931530438881e+01
1.642900000000000027e+00	7.186079402294640772e+01
1.646500000000000075e+00	6.400418984303594527e+01
1.650099999999999900e+00	5.426251077071115247e+01
1.653699999999999948e+00	4.486855321297117882e+01
1.657299999999999995e+00	3.889786285482887962e+01
1.660900000000000043e+00	3.661232731415260133e+01
1.664500000000000091e+00	3.645002809508937958e+01
1.668099999999999916e+00	3.761835404327020882e+01
1.671699999999999964e+00	3.832440771953690017e+01
1.675400000000000000e+00	3.781787929892237798e+01
1.679000000000000048e+00	3.726134119150655977e+01
1.682600000000000096e+00	3.628028633329295616e+01
1.686199999999999921e+00	3.556604861893201530e+01
1.689799999999999969e+00	3.572440118226883499e+01
1.693400000000000016e+00	3.504780770058172124e+01
1.697000000000000064e+00	3.499652974934034688e+01
1.700599999999999890e+00	3.449188678368724936e+01
1.704199999999999937e+00	3.317690855383419546e+01
1.707799999999999985e+00	3.125589400666513740e+01
1.711400000000000032e+00	2.952343859906935108e+01
1.715000000000000080e+00	2.786158875559814874e+01
1.718599999999999905e+00	2.660368593254830927e+01
1.722199999999999953e+00	2.598320853427768640e+01
1.725899999999999990e+00	2.533915980542433743e+01
1.729500000000000037e+00	2.529258951550748336e+01
1.733100000000000085e+00	2.450503270708379944e+01
1.736699999999999910e+00	2.471668280992120970e+01
1.740299999999999958e+00	2.465470664239046883e+01
1.743900000000000006e+00	2.419841095239241824e+01
1.747500000000000053e+00	2.374228035481226939e+01
1.751100000000000101e+00	2.323780810874216485e+01
1.754699999999999926e+00	2.265401655187927688e+01
1.758299999999999974e+00	2.188016801681228429e+01
1.761900000000000022e+00	2.174887683913407699e+01
1.765500000000000069e+00	2.232327880852647084e+01
1.769099999999999895e+00	2.238990091224279055e+01
1.772699999999999942e+00	2.287873756997981189e+01
1.776399999999999979e+00	2.338369803933616353e+01
1.780000000000000027e+00	2.334421347065902097e+01
1.783600000000000074e+00	2.353122548029492478e+01
1.787199999999999900e+00	2.334869934132784053e+01
1.790799999999999947e+00	2.332143599343240226e+01
1.794399999999999995e+00	2.291744378952084915e+01
1.798000000000000043e+00	2.216442473416384473e+01
1.801600000000000090e+00	2.212581907745504139e+01
1.805199999999999916e+00	2.232342605074883579e+01
1.808799999999999963e+00	2.247512892739794310e+01
1.812400000000000011e+00	2.227936791489916857e+01
1.816000000000000059e+00	2.248504505531759889e+01
1.819600000000000106e+00	2.234022589196518283e+01
1.823199999999999932e+00	2.226224948950004290e+01
1.826899999999999968e+00	2.169841955936463407e+01
1.830500000000000016e+00	2.122495982471716758e+01
1.834100000000000064e+00	2.108738567457810120e+01
1.837699999999999889e+00	2.068123755482496406e+01
1.841299999999999937e+00	2.086258577228426603e+01
1.844899999999999984e+00	2.082150055177260484e+01
1.848500000000000032e+00	2.173801114811426061e+01
1.852100000000000080e+00	2.215923942191630758e+01
1.855699999999999905e+00	2.224533777690576031e+01
1.859299999999999953e+00	2.280219118674340706e+01
1.862900000000000000e+00	2.284780666762606671e+01
1.866500000000000048e+00	2.321369531652306861e+01
1.870100000000000096e+00	2.274307475010631663e+01
1.873699999999999921e+00	2.266488650860454257e+01
1.877399999999999958e+00	2.299207860438213658e+01
1.881000000000000005e+00	2.357356580913367239e+01
1.884600000000000053e+00	2.475764197603138683e+01
1.888200000000000101e+00	2.667040628973511929e+01
1.891799999999999926e+00	2.758199608912713430e+01
1.895399999999999974e+00	2.839136393174197792e+01
1.899000000000000021e+00	2.822188072627739430e+01
1.902600000000000069e+00	2.728811380492476957e+01
1.906199999999999894e+00	2.635330480632710959e+01
1.909799999999999942e+00	2.605002657341814398e+01
1.913399999999999990e+00	2.606947269831582403e+01
1.917000000000000037e+00	2.681463279869028682e+01
1.920600000000000085e+00	2.739542221699512936e+01
1.924199999999999910e+00	2.814484415715489618e+01
1.927899999999999947e+00	2.785481569178074679e+01
1.931499999999999995e+00	2.734388273208330489e+01
1.935100000000000042e+00	2.716349862907859603e+01
1.938700000000000090e+00	2.650876514475191570e+01
1.942299999999999915e+00	2.671847007541373031e+01
1.945899999999999963e+00	2.719915897400785454e+01
1.949500000000000011e+00	2.795594894680088061e+01
1.953100000000000058e+00	2.873347035261110705e+01
1.956700000000000106e+00	2.932177447185999597e+01
1.960299999999999931e+00	2.971736086097449459e+01
1.963899999999999979e+00	3.005460050868595090e+01
1.967500000000000027e+00	2.976845242825423554e+01
1.971100000000000074e+00	2.947947183284695072e+01
1.974699999999999900e+00	2.863567431292380050e+01
1.978399999999999936e+00	2.832441544334970374e+01
1.981999999999999984e+00	2.832018925842568891e+01
1.985600000000000032e+00	2.879723784270942133e+01
1.989200000000000079e+00	2.958570613374638825e+01
1.992799999999999905e+00	3.149785734032832352e+01
1.996399999999999952e+00	3.486223847660271957e+01
2.000000000000000000e+00	3.911937345811467992e+01
