2.000000000000000111e-01	-2.496125459243333289e+00
2.036000000000000032e-01	-1.797686727851894650e+00
2.071999999999999953e-01	-1.648150760950724658e+00
2.107999999999999874e-01	-1.381901070645604968e+00
2.144000000000000072e-01	-1.026086682607205480e+00
2.179999999999999993e-01	-1.187463738831320947e+00
2.215999999999999914e-01	-9.637701619314471557e-01
2.253000000000000003e-01	-1.118403826159128922e+00
2.288999999999999924e-01	-5.640288748152053611e-01
2.325000000000000122e-01	-1.105332654005552806e+00
2.361000000000000043e-01	6.126181183589729518e-02
2.396999999999999964e-01	5.805726932004362517e-02
2.432999999999999885e-01	-4.093512019400187274e-01
2.469000000000000083e-01	-2.818866193285859412e-01
2.505000000000000004e-01	-1.412041592860136530e-01
2.540999999999999925e-01	-5.852628470349192646e-01
2.576999999999999846e-01	-3.810252953941300480e-01
2.612999999999999767e-01	-6.753540027449048688e-01
2.649000000000000243e-01	-3.093017318445402397e-01
2.685000000000000164e-01	-1.063885014867072876e+00
2.721000000000000085e-01	-1.540302889455939628e+00
2.757999999999999896e-01	-1.171224329328615310e+00
2.793999999999999817e-01	-1.471686204846067714e+00
2.829999999999999738e-01	-1.353007859294105053e+00
2.866000000000000214e-01	-1.925025335070804644e+00
2.902000000000000135e-01	-1.573786921292421370e+00
2.938000000000000056e-01	-1.809143367171056171e+00
2.973999999999999977e-01	-1.850821984729247305e+00
3.009999999999999898e-01	-2.503552173294130601e+00
3.045999999999999819e-01	-2.644848246270197656e+00
3.081999999999999740e-01	-2.126324475887636289e+00
3.118000000000000216e-01	-2.738911990366140525e+00
3.154000000000000137e-01	-2.471979291478063612e+00
3.190000000000000058e-01	-2.676449714503950084e+00
3.225999999999999979e-01	-2.435813777333210250e+00
3.262999999999999790e-01	-2.493351217702441502e+00
3.299000000000000266e-01	-2.462694701920014495e+00
3.335000000000000187e-01	-2.432240292981449947e+00
3.371000000000000107e-01	-2.483485121000259532e+00
3.407000000000000028e-01	-2.171308618604803620e+00
3.442999999999999949e-01	-1.595504898587728482e+00
3.478999999999999870e-01	-1.890776838599934395e+00
3.514999999999999791e-01	-2.058903186689114762e+00
3.551000000000000267e-01	-2.044125338165708072e+00
3.587000000000000188e-01	-1.797128563260252054e+00
3.623000000000000109e-01	-9.534644714830760037e-01
3.659000000000000030e-01	-4.560279143934573565e-01
3.694999999999999951e-01	-4.304401304064560674e-01
3.730999999999999872e-01	-3.017175409610743375e-01
3.768000000000000238e-01	-1.263823801286123594e-02
3.804000000000000159e-01	4.260230985577598273e-01
3.840000000000000080e-01	4.330520484373401313e-01
3.876000000000000001e-01	1.815513552990981883e-01
3.911999999999999922e-01	4.407790088472910428e-01
3.947999999999999843e-01	7.045331170054037750e-01
3.983999999999999764e-01	9.507301625323145711e-01
4.020000000000000240e-01	9.917659523713937553e-01
4.056000000000000161e-01	7.242690933032405187e-01
4.092000000000000082e-01	1.079707251816260261e+00
4.128000000000000003e-01	4.716914471070471904e-01
4.163999999999999924e-01	6.230488981603173881e-01
4.199999999999999845e-01	5.736674913578885260e-01
4.235999999999999766e-01	3.968523312822453408e-01
4.273000000000000131e-01	5.935085005903142363e-01
4.309000000000000052e-01	1.596194307691942982e-01
4.344999999999999973e-01	8.012470470388247668e-01
4.380999999999999894e-01	-3.396708835523881698e-01
4.416999999999999815e-01	-2.435534190229737272e-01
4.452999999999999736e-01	3.306754642741105421e-02
4.489000000000000212e-01	-4.524362123303398153e-01
4.525000000000000133e-01	-2.252761758818691007e-01
4.561000000000000054e-01	-1.178429805941782593e+00
4.596999999999999975e-01	-4.790802299305919609e-01
4.632999999999999896e-01	-1.274426020750368815e+00
4.668999999999999817e-01	-1.539152968549355460e+00
4.704999999999999738e-01	-1.913857648148030943e+00
4.741000000000000214e-01	-1.436285191048754850e+00
4.778000000000000025e-01	-2.094076492046437643e+00
4.813999999999999946e-01	-1.485823835551060901e+00
4.849999999999999867e-01	-1.734382169263636975e+00
4.885999999999999788e-01	-1.368588743495550375e+00
4.922000000000000264e-01	-1.505859071838280716e+00
4.958000000000000185e-01	-9.230714397223820367e-01
4.994000000000000106e-01	-9.112631976363936293e-01
5.030000000000000027e-01	-8.048336837842049452e-01
5.066000000000000503e-01	-1.024889394421479194e+00
5.101999999999999869e-01	-7.837555616592585261e-01
5.138000000000000345e-01	-1.084327293857846763e+00
5.173999999999999710e-01	-2.861389718774834945e-01
5.210000000000000187e-01	-7.356210056636556249e-01
5.245999999999999552e-01	3.102951685086183242e-02
5.282999999999999918e-01	3.503357123827929298e-01
5.319000000000000394e-01	-1.167906365982064737e-01
5.354999999999999760e-01	3.996978164674097611e-01
5.391000000000000236e-01	4.663695512416624611e-01
5.426999999999999602e-01	7.074362543963937933e-01
5.463000000000000078e-01	8.903546242146899159e-01
5.499000000000000554e-01	1.238742649930338668e+00
5.534999999999999920e-01	1.668882577051165939e+00
5.571000000000000396e-01	1.848793767356290640e+00
5.606999999999999762e-01	2.227507976039071025e+00
5.643000000000000238e-01	2.449986677524731871e+00
5.678999999999999604e-01	2.018800188870998547e+00
5.715000000000000080e-01	2.010303462585250056e+00
5.752000000000000446e-01	2.060274757242366306e+00
5.787999999999999812e-01	1.445674870414940694e+00
5.824000000000000288e-01	1.688810148323886651e+00
5.859999999999999654e-01	1.151191494041604590e+00
5.896000000000000130e-01	1.215363855651855340e+00
5.931999999999999496e-01	6.413400770599125833e-01
5.967999999999999972e-01	1.232517677377874321e+00
6.004000000000000448e-01	6.081534497453986443e-01
6.039999999999999813e-01	8.073302729437452641e-01
6.076000000000000290e-01	6.532465025685414428e-01
6.111999999999999655e-01	4.471535210451301201e-01
6.148000000000000131e-01	6.602306707449210332e-01
6.183999999999999497e-01	-1.516443675848814787e-01
6.219999999999999973e-01	-1.939936398488185110e-01
6.257000000000000339e-01	-7.390223140970557658e-01
6.292999999999999705e-01	-2.877130769792979881e-01
6.329000000000000181e-01	-7.424101054545226841e-01
6.364999999999999547e-01	-8.758550087318585087e-01
6.401000000000000023e-01	-6.306224772832331738e-01
6.437000000000000499e-01	-5.949674190634318682e-01
6.472999999999999865e-01	2.812990136673202413e-01
6.509000000000000341e-01	-1.489629271330084048e-01
6.544999999999999707e-01	-4.179380593707084368e-01
6.581000000000000183e-01	1.844518623942983937e-02
6.616999999999999549e-01	1.667705945793980238e-01
6.653000000000000025e-01	1.999673965416521038e-01
6.689000000000000501e-01	1.126594261881865844e+00
6.724999999999999867e-01	9.120725425635176631e-01
6.762000000000000233e-01	1.283847669526952728e+00
6.797999999999999599e-01	1.799447703883587435e+00
6.834000000000000075e-01	1.681128674974032400e+00
6.870000000000000551e-01	2.532133770075259083e+00
6.905999999999999917e-01	2.283866949234961918e+00
6.942000000000000393e-01	2.562384502357653027e+00
6.977999999999999758e-01	2.593334689442604812e+00
7.014000000000000234e-01	2.279512724203243579e+00
7.049999999999999600e-01	2.503061452787905150e+00
7.086000000000000076e-01	2.903587881628546086e+00
7.122000000000000552e-01	2.503992641585825574e+00
7.157999999999999918e-01	2.928894390116819402e+00
7.194000000000000394e-01	2.629400257544748598e+00
7.229999999999999760e-01	3.023765209293226341e+00
7.267000000000000126e-01	2.936568770525875394e+00
7.302999999999999492e-01	2.580647955195008780e+00
7.338999999999999968e-01	2.382904640145966813e+00
7.375000000000000444e-01	2.064775190647361480e+00
7.410999999999999810e-01	1.929047454728763711e+00
7.447000000000000286e-01	2.086742355407655847e+00
7.482999999999999652e-01	2.620142902532066831e+00
7.519000000000000128e-01	2.418680347215792725e+00
7.554999999999999494e-01	2.631874697289137366e+00
7.590999999999999970e-01	2.072658899429385748e+00
7.627000000000000446e-01	1.853554078863315802e+00
7.662999999999999812e-01	1.443093376687044183e+00
7.699000000000000288e-01	1.466777424688176401e+00
7.734999999999999654e-01	1.356338448089280835e+00
7.772000000000000020e-01	8.286351084456444749e-01
7.808000000000000496e-01	6.968286404047369098e-01
7.843999999999999861e-01	1.038590170315171424e+00
7.880000000000000338e-01	6.102319290805562346e-01
7.915999999999999703e-01	1.090529751424867522e+00
7.952000000000000179e-01	9.062135007058482739e-01
7.987999999999999545e-01	6.840767370179026141e-01
8.024000000000000021e-01	6.222145260355105290e-01
8.060000000000000497e-01	1.670952947151078005e+00
8.095999999999999863e-01	1.738894559668133777e-01
8.132000000000000339e-01	1.336745856490024087e+00
8.167999999999999705e-01	1.102426276458158938e+00
8.204000000000000181e-01	1.287512611127411555e+00
8.239999999999999547e-01	1.347062327679282578e+00
8.276999999999999913e-01	1.700222552758096306e+00
8.313000000000000389e-01	1.653849431477433241e+00
8.348999999999999755e-01	2.364203491454390349e+00
8.385000000000000231e-01	2.286458726863884738e+00
8.420999999999999597e-01	2.660966213150763870e+00
8.457000000000000073e-01	2.606477444201550142e+00
8.493000000000000549e-01	3.333196241620842493e+00
8.528999999999999915e-01	3.065562490674877072e+00
8.565000000000000391e-01	3.927648700892685696e+00
8.600999999999999757e-01	4.103478701773244808e+00
8.637000000000000233e-01	4.149383685818079037e+00
8.672999999999999599e-01	4.618802049624935790e+00
8.709000000000000075e-01	4.175726261694470587e+00
8.745000000000000551e-01	4.783041538880977939e+00
8.781999999999999806e-01	4.634873936909660763e+00
8.818000000000000282e-01	4.674944402995577342e+00
8.853999999999999648e-01	4.667956926483653568e+00
8.890000000000000124e-01	5.009811650259790028e+00
8.925999999999999490e-01	4.816604607231659507e+00
8.961999999999999966e-01	4.817348011901319005e+00
8.998000000000000442e-01	4.695076522947664088e+00
9.033999999999999808e-01	4.493024642397420720e+00
9.070000000000000284e-01	4.154346677103816887e+00
9.105999999999999650e-01	4.450360104109802428e+00
9.142000000000000126e-01	3.746149752333429728e+00
9.177999999999999492e-01	3.429193535997993703e+00
9.213999999999999968e-01	2.878672970345525606e+00
9.251000000000000334e-01	3.177002362343689157e+00
9.286999999999999700e-01	2.734412764810971286e+00
9.323000000000000176e-01	2.523535237217504612e+00
9.358999999999999542e-01	2.222728733531809997e+00
9.395000000000000018e-01	2.454723701683547255e+00
9.431000000000000494e-01	2.328880390560220892e+00
9.466999999999999860e-01	2.190658825311193159e+00
9.503000000000000336e-01	2.285045855648173863e+00
9.538999999999999702e-01	2.123184517389971049e+00
9.575000000000000178e-01	2.709660000275547542e+00
9.610999999999999543e-01	3.230185271821417459e+00
9.647000000000000020e-01	3.443255217798380841e+00
9.683000000000000496e-01	3.121159252012151164e+00
9.718999999999999861e-01	3.740170034671685517e+00
9.756000000000000227e-01	3.652430026457966772e+00
9.791999999999999593e-01	4.245654985241259283e+00
9.828000000000000069e-01	3.961733239599566581e+00
9.864000000000000545e-01	4.377617650891159506e+00
9.899999999999999911e-01	4.393392262733462061e+00
9.936000000000000387e-01	4.672809658084731588e+00
9.971999999999999753e-01	4.555975592734189838e+00
1.000799999999999912e+00	4.614446395239950149e+00
1.004399999999999959e+00	4.645319016064410889e+00
1.008000000000000007e+00	4.937503399059238518e+00
1.011600000000000055e+00	5.114617774094125657e+00
1.015200000000000102e+00	4.982194522039463891e+00
1.018799999999999928e+00	5.659342653653194333e+00
1.022399999999999975e+00	5.985790090698775323e+00
1.026100000000000012e+00	6.402165563546943439e+00
1.029700000000000060e+00	6.053240480744639385e+00
1.033300000000000107e+00	6.358984901150968483e+00
1.036899999999999933e+00	6.290742318450154080e+00
1.040499999999999980e+00	6.456441924513097952e+00
1.044100000000000028e+00	6.461080074176345889e+00
1.047700000000000076e+00	6.404837564535559302e+00
1.051299999999999901e+00	6.534125558586638682e+00
1.054899999999999949e+00	6.094632141552924764e+00
1.058499999999999996e+00	6.815248947945705460e+00
1.062100000000000044e+00	6.222857095587452925e+00
1.065700000000000092e+00	7.143165954736563350e+00
1.069299999999999917e+00	6.605764109217195035e+00
1.072899999999999965e+00	6.500163131109791159e+00
1.076600000000000001e+00	6.196400668956594693e+00
1.080200000000000049e+00	6.178827099714117921e+00
1.083800000000000097e+00	6.908705578735317765e+00
1.087399999999999922e+00	7.173307537521113275e+00
1.090999999999999970e+00	8.006580321565131442e+00
1.094600000000000017e+00	8.193891797407676592e+00
1.098200000000000065e+00	9.201018416721588267e+00
1.101799999999999891e+00	9.467006098352996446e+00
1.105399999999999938e+00	9.257822532264787796e+00
1.108999999999999986e+00	8.472276692525817055e+00
1.112600000000000033e+00	8.476232084974485659e+00
1.116200000000000081e+00	7.524918654754687353e+00
1.119799999999999907e+00	7.432266252872102186e+00
1.123399999999999954e+00	7.104505903513839371e+00
1.127099999999999991e+00	6.095100231426734183e+00
1.130700000000000038e+00	7.131519487192741202e+00
1.134300000000000086e+00	6.576818100048546611e+00
1.137899999999999912e+00	6.377626380728204758e+00
1.141499999999999959e+00	7.036051704412566110e+00
1.145100000000000007e+00	7.670748211061770405e+00
1.148700000000000054e+00	8.764797851870948620e+00
1.152300000000000102e+00	9.977377959860383783e+00
1.155899999999999928e+00	1.124031461522285902e+01
1.159499999999999975e+00	1.160112442905110264e+01
1.163100000000000023e+00	1.202580793807521609e+01
1.166700000000000070e+00	1.163186845051768969e+01
1.170299999999999896e+00	1.042930853089367993e+01
1.173899999999999944e+00	1.055652046737355043e+01
1.177599999999999980e+00	1.000424728344739833e+01
1.181200000000000028e+00	9.995512939766449279e+00
1.184800000000000075e+00	1.002262927467373999e+01
1.188399999999999901e+00	9.858137213961970957e+00
1.191999999999999948e+00	1.040992070090609545e+01
1.195599999999999996e+00	1.089169161951268805e+01
1.199200000000000044e+00	1.109445388149723399e+01
1.202800000000000091e+00	1.104454099441348980e+01
1.206399999999999917e+00	1.163156865678792684e+01
1.209999999999999964e+00	1.157015989943727163e+01
1.213600000000000012e+00	1.122500565779895076e+01
1.217200000000000060e+00	1.077293588865870611e+01
1.220800000000000107e+00	1.051795515020489979e+01
1.224399999999999933e+00	1.000531453907589885e+01
1.228099999999999969e+00	1.000489245496063084e+01
1.231700000000000017e+00	1.040228018210840055e+01
1.235300000000000065e+00	1.069745367962332061e+01
1.238899999999999890e+00	1.064712794455011746e+01
1.242499999999999938e+00	1.051775698148752802e+01
1.246099999999999985e+00	1.084528232280565341e+01
1.249700000000000033e+00	1.004623847552744920e+01
1.253300000000000081e+00	1.019813972357204435e+01
1.256899999999999906e+00	9.903133086458334233e+00
1.260499999999999954e+00	9.659930829388180484e+00
1.264100000000000001e+00	9.729289149693403971e+00
1.267700000000000049e+00	9.690140053795081698e+00
1.271300000000000097e+00	9.579046811682811580e+00
1.274899999999999922e+00	9.520701745122414295e+00
1.278599999999999959e+00	1.003738427891845397e+01
1.282200000000000006e+00	1.011347135366956707e+01
1.285800000000000054e+00	9.744713939705665240e+00
1.289400000000000102e+00	9.957379668382987603e+00
1.292999999999999927e+00	1.021025528418313222e+01
1.296599999999999975e+00	1.048435825187974046e+01
1.300200000000000022e+00	1.013204589286969259e+01
1.303800000000000070e+00	1.064165947016874902e+01
1.307399999999999896e+00	1.107156708218519903e+01
1.310999999999999943e+00	1.123597267749992135e+01
1.314599999999999991e+00	1.157918200893449345e+01
1.318200000000000038e+00	1.227058821460166449e+01
1.321800000000000086e+00	1.235657269415435699e+01
1.325499999999999901e+00	1.245923432867832048e+01
1.329099999999999948e+00	1.283387458872742748e+01
1.332699999999999996e+00	1.318189682216259229e+01
1.336300000000000043e+00	1.290236820475491797e+01
1.339900000000000091e+00	1.302727446577578974e+01
1.343499999999999917e+00	1.310961076244699619e+01
1.347099999999999964e+00	1.333395353299980535e+01
1.350700000000000012e+00	1.325086899485786240e+01
1.354300000000000059e+00	1.345519699317070028e+01
1.357900000000000107e+00	1.356608645163381510e+01
1.361499999999999932e+00	1.373090293948488494e+01
1.365099999999999980e+00	1.442675611790436818e+01
1.368700000000000028e+00	1.427180115405816885e+01
1.372300000000000075e+00	1.494805535937495122e+01
1.375999999999999890e+00	1.479395908651532210e+01
1.379599999999999937e+00	1.507656889527467037e+01
1.383199999999999985e+00	1.510796693508824440e+01
1.386800000000000033e+00	1.547280842372260778e+01
1.390400000000000080e+00	1.523309789904628353e+01
1.393999999999999906e+00	1.579558092964722427e+01
1.397599999999999953e+00	1.600202372764687198e+01
1.401200000000000001e+00	1.601203530018955945e+01
1.404800000000000049e+00	1.728699722795918703e+01
1.408400000000000096e+00	1.661678395965455124e+01
1.411999999999999922e+00	1.794601113824035465e+01
1.415599999999999969e+00	1.812064818712962833e+01
1.419200000000000017e+00	1.843053412556537651e+01
1.422800000000000065e+00	1.815678022138240877e+01
1.426500000000000101e+00	1.763947320076983161e+01
1.430099999999999927e+00	1.768569716661780689e+01
1.433699999999999974e+00	1.698725811051823698e+01
1.437300000000000022e+00	1.785248848002647293e+01
1.440900000000000070e+00	1.793629290036743740e+01
1.444499999999999895e+00	1.793215898175646572e+01
1.448099999999999943e+00	1.836835195722592928e+01
1.451699999999999990e+00	1.853940652775736808e+01
1.455300000000000038e+00	1.875480530471875440e+01
1.458900000000000086e+00	1.938313981096074912e+01
1.462499999999999911e+00	1.940144901604563543e+01
1.466099999999999959e+00	2.022640854445667813e+01
1.469700000000000006e+00	2.058215685592430688e+01
1.473300000000000054e+00	2.089365134506034849e+01
1.477000000000000091e+00	2.124982914747078766e+01
1.480599999999999916e+00	2.152865527740853935e+01
1.484199999999999964e+00	2.166525826859105308e+01
1.487800000000000011e+00	2.209193272955020504e+01
1.491400000000000059e+00	2.216253766228674138e+01
1.495000000000000107e+00	2.226026171871145110e+01
1.498599999999999932e+00	2.281519076794509715e+01
1.502199999999999980e+00	2.297009663761994602e+01
1.505800000000000027e+00	2.384696595620735593e+01
1.509400000000000075e+00	2.468878023486547235e+01
1.512999999999999901e+00	2.518681281102281488e+01
1.516599999999999948e+00	2.604275838276881672e+01
1.520199999999999996e+00	2.736420292054890169e+01
1.523800000000000043e+00	2.823841684011803110e+01
1.527500000000000080e+00	2.919148215845161687e+01
1.531099999999999905e+00	3.065149652739967934e+01
1.534699999999999953e+00	3.085307407239897870e+01
1.538300000000000001e+00	3.269849881871658681e+01
1.541900000000000048e+00	3.388110542685910076e+01
1.545500000000000096e+00	3.569807467589274097e+01
1.549099999999999921e+00	3.740784903979273679e+01
1.552699999999999969e+00	3.814953750947565680e+01
1.556300000000000017e+00	3.971713431071205491e+01
1.559900000000000064e+00	4.199965147323229075e+01
1.563499999999999890e+00	4.272069634749276190e+01
1.567099999999999937e+00	4.464680965219638864e+01
1.570699999999999985e+00	4.550875999108665582e+01
1.574300000000000033e+00	4.687900734504208344e+01
1.578000000000000069e+00	4.700032871804431522e+01
1.581599999999999895e+00	4.700183799258296347e+01
1.585199999999999942e+00	4.709033648705718633e+01
1.588799999999999990e+00	4.672484709638336398e+01
1.592400000000000038e+00	4.670271601890818403e+01
1.596000000000000085e+00	4.532898925032822035e+01
1.599599999999999911e+00	4.407019594242480309e+01
1.603199999999999958e+00	4.363944648597376386e+01
1.606800000000000006e+00	4.195420632337071254e+01
1.610400000000000054e+00	4.018997144502320396e+01
1.614000000000000101e+00	3.807772986686995154e+01
1.617599999999999927e+00	3.568284278803343312e+01
1.621199999999999974e+00	3.315193184611086252e+01
1.624800000000000022e+00	3.145727764537339155e+01
1.628500000000000059e+00	2.996622177417464883e+01
1.632100000000000106e+00	2.887346075230791342e+01
1.635699999999999932e+00	2.798721108152829018e+01
1.639299999999999979e+00	2.736870142033246367e+01
1.642900000000000027e+00	2.636190814108667624e+01
1.646500000000000075e+00	2.625809597524808225e+01
1.650099999999999900e+00	2.649028024677654614e+01
1.653699999999999948e+00	2.692725094012152809e+01
1.657299999999999995e+00	2.748786224593033367e+01
1.660900000000000043e+00	2.880992961546778020e+01
1.664500000000000091e+00	2.944661890434601403e+01
1.668099999999999916e+00	3.013305349930528720e+01
1.671699999999999964e+00	2.906174022220146469e+01
1.675400000000000000e+00	2.712757263342449576e+01
1.679000000000000048e+00	2.411925724656833836e+01
1.682600000000000096e+00	2.143866879219807586e+01
1.686199999999999921e+00	1.972197960781869597e+01
1.689799999999999969e+00	1.890230465136951210e+01
1.693400000000000016e+00	1.847396861166950544e+01
1.697000000000000064e+00	1.847015762701358454e+01
1.700599999999999890e+00	2.038512713077517091e+01
1.704199999999999937e+00	2.176500843017881337e+01
1.707799999999999985e+00	2.388248755971627446e+01
1.711400000000000032e+00	2.562849251753346635e+01
1.715000000000000080e+00	2.639415767657591161e+01
1.718599999999999905e+00	2.552164566671957147e+01
1.722199999999999953e+00	2.323127358329907466e+01
1.725899999999999990e+00	2.044990891226004237e+01
1.729500000000000037e+00	1.857571997800394925e+01
1.733100000000000085e+00	1.720373012926204837e+01
1.736699999999999910e+00	1.642706497773827223e+01
1.740299999999999958e+00	1.734587310119107428e+01
1.743900000000000006e+00	1.736222865817059713e+01
1.747500000000000053e+00	1.802340185386040616e+01
1.751100000000000101e+00	1.808751728021481497e+01
1.754699999999999926e+00	1.891107938337042071e+01
1.758299999999999974e+00	1.856150013945797639e+01
1.761900000000000022e+00	1.825155308796443521e+01
1.765500000000000069e+00	1.884982312971899532e+01
1.769099999999999895e+00	1.831532711364674881e+01
1.772699999999999942e+00	1.825398233969067618e+01
1.776399999999999979e+00	1.853679878249153390e+01
1.780000000000000027e+00	1.890738734442555469e+01
1.783600000000000074e+00	1.896518235845159595e+01
1.787199999999999900e+00	1.965681271174407385e+01
1.790799999999999947e+00	1.967508617448826058e+01
1.794399999999999995e+00	1.938290575901713098e+01
1.798000000000000043e+00	1.813374832929240199e+01
1.801600000000000090e+00	1.776854089456021413e+01
1.805199999999999916e+00	1.686670935458273135e+01
1.808799999999999963e+00	1.627575779364596897e+01
1.812400000000000011e+00	1.570150580103473636e+01
1.816000000000000059e+00	1.637890412095709181e+01
1.819600000000000106e+00	1.625534457102251196e+01
1.823199999999999932e+00	1.683571586010944188e+01
1.826899999999999968e+00	1.731519185565905516e+01
1.830500000000000016e+00	1.860011954128403744e+01
1.834100000000000064e+00	1.893402604836809644e+01
1.837699999999999889e+00	1.882994312426302130e+01
1.841299999999999937e+00	1.955494633607239763e+01
1.844899999999999984e+00	1.950699166295515496e+01
1.848500000000000032e+00	1.910194339074508108e+01
1.852100000000000080e+00	1.889667108983006116e+01
1.855699999999999905e+00	2.111865202485527959e+01
1.859299999999999953e+00	2.092950974662779373e+01
1.862900000000000000e+00	2.247447076036363356e+01
1.866500000000000048e+00	2.191405278216174679e+01
1.870100000000000096e+00	2.141349181244672195e+01
1.873699999999999921e+00	2.043233330901657396e+01
1.877399999999999958e+00	1.912963584188187127e+01
1.881000000000000005e+00	1.884410952400548567e+01
1.884600000000000053e+00	1.868863469195964200e+01
1.888200000000000101e+00	1.942676513866482324e+01
1.891799999999999926e+00	1.980075966734217019e+01
1.895399999999999974e+00	2.049748756269520200e+01
1.899000000000000021e+00	2.049498253460488328e+01
1.902600000000000069e+00	2.084757841818824176e+01
1.906199999999999894e+00	2.097627450448317532e+01
1.909799999999999942e+00	2.157955696168511395e+01
1.913399999999999990e+00	2.188092684398462495e+01
1.917000000000000037e+00	2.184491049877082958e+01
1.920600000000000085e+00	2.222102204312773566e+01
1.924199999999999910e+00	2.220849936030347394e+01
1.927899999999999947e+00	2.247829226394298274e+01
1.931499999999999995e+00	2.261454718187934887e+01
1.935100000000000042e+00	2.282266350691547885e+01
1.938700000000000090e+00	2.256048129166178384e+01
1.942299999999999915e+00	2.364144303018820281e+01
1.945899999999999963e+00	2.401080839593510063e+01
1.949500000000000011e+00	2.459031458578399310e+01
1.953100000000000058e+00	2.564337615620605959e+01
1.956700000000000106e+00	2.596616496967416410e+01
1.960299999999999931e+00	2.640367740712142108e+01
1.963899999999999979e+00	2.572425023183030390e+01
1.967500000000000027e+00	2.589663090107269738e+01
1.971100000000000074e+00	2.516224762069911591e+01
1.974699999999999900e+00	2.473569246224348817e+01
1.978399999999999936e+00	2.413244645299072033e+01
1.981999999999999984e+00	2.348494852256146004e+01
1.985600000000000032e+00	2.411239048406754648e+01
1.989200000000000079e+00	2.436207058091249067e+01
1.992799999999999905e+00	2.532805821398262935e+01
1.996399999999999952e+00	2.767731393358634762e+01
2.000000000000000000e+00	3.112245659718459834e+01
