2.000000000000000111e-01	-2.012396859923628156e+00
2.036000000000000032e-01	-2.019567317955792252e+00
2.071999999999999953e-01	-1.500055955265962249e+00
2.107999999999999874e-01	-1.865635523859385803e+00
2.144000000000000072e-01	-1.491161639327327260e+00
2.179999999999999993e-01	-8.230186612703568327e-01
2.215999999999999914e-01	-1.223581844312785272e+00
2.253000000000000003e-01	-1.147527754159040514e+00
2.288999999999999924e-01	-1.248156135286146551e+00
2.325000000000000122e-01	-8.211825087308508575e-01
2.361000000000000043e-01	-8.805662693186788736e-01
2.396999999999999964e-01	-1.819416658845738333e-01
2.432999999999999885e-01	-6.618185858827874135e-01
2.469000000000000083e-01	6.788942892531202311e-02
2.505000000000000004e-01	-2.266375969571455817e-01
2.540999999999999925e-01	-9.465914702912213707e-01
2.576999999999999846e-01	-5.445400556371374767e-01
2.612999999999999767e-01	-6.505452837486068729e-01
2.649000000000000243e-01	-6.051135921113462990e-01
2.685000000000000164e-01	-1.481896809648435287e+00
2.721000000000000085e-01	-1.147750303277784489e+00
2.757999999999999896e-01	-9.434459559045735855e-01
2.793999999999999817e-01	-9.274365383174019151e-01
2.829999999999999738e-01	-9.440988145075335236e-01
2.866000000000000214e-01	-5.010201341910274220e-01
2.902000000000000135e-01	-9.703694408817984396e-01
2.938000000000000056e-01	8.818115192576503336e-02
2.973999999999999977e-01	1.290834099225958154e-01
3.009999999999999898e-01	1.778411559425768229e-01
3.045999999999999819e-01	3.939114664269082744e-01
3.081999999999999740e-01	5.518325285041630196e-02
3.118000000000000216e-01	4.121369941656072844e-01
3.154000000000000137e-01	8.355865211211226107e-03
3.190000000000000058e-01	2.941802812453200300e-01
3.225999999999999979e-01	-3.125985820706179141e-01
3.262999999999999790e-01	-1.057097034018289472e-01
3.299000000000000266e-01	-5.490409505078072128e-01
3.335000000000000187e-01	-8.451356204969900920e-01
3.371000000000000107e-01	-1.326317751287340529e+00
3.407000000000000028e-01	-1.144501876041085886e+00
3.442999999999999949e-01	-1.398573116758502710e+00
3.478999999999999870e-01	-1.260121482632033718e+00
3.514999999999999791e-01	-9.136663192884564300e-01
3.551000000000000267e-01	-6.107364529460442837e-01
3.587000000000000188e-01	-1.083330538042637015e+00
3.623000000000000109e-01	1.394341125630628730e-01
3.659000000000000030e-01	1.540664625204263838e-01
3.694999999999999951e-01	3.124842675730667985e-01
3.730999999999999872e-01	2.014449582104914371e-01
3.768000000000000238e-01	2.782243165763000903e-01
3.804000000000000159e-01	1.272411455953037229e-01
3.840000000000000080e-01	3.926962922275902823e-01
3.876000000000000001e-01	1.622751694482634510e-01
3.911999999999999922e-01	7.966894466343688030e-03
3.947999999999999843e-01	-2.626776910481842808e-01
3.983999999999999764e-01	-3.158126981374128062e-01
4.020000000000000240e-01	-7.625357595285293666e-01
4.056000000000000161e-01	-6.975522487227150403e-01
4.092000000000000082e-01	-6.907224365720927572e-01
4.128000000000000003e-01	-7.820053029093021468e-01
4.163999999999999924e-01	-8.049500821391987193e-01
4.199999999999999845e-01	-6.753193569276185748e-01
4.235999999999999766e-01	-5.763925061957693163e-01
4.273000000000000131e-01	-2.459143579503488830e-01
4.309000000000000052e-01	4.850916209897870868e-02
4.344999999999999973e-01	-6.082540145734194326e-02
4.380999999999999894e-01	-1.205174642638932314e-01
4.416999999999999815e-01	1.092317556434953818e-01
4.452999999999999736e-01	-7.088483624203564815e-02
4.489000000000000212e-01	-3.074408164242911634e-02
4.525000000000000133e-01	1.393108875255577306e-01
4.561000000000000054e-01	2.343408458381647796e-01
4.596999999999999975e-01	-8.837538672467165624e-02
4.632999999999999896e-01	-9.997366148823461085e-02
4.668999999999999817e-01	-1.671054821542131141e-01
4.704999999999999738e-01	3.740477884640931450e-01
4.741000000000000214e-01	-5.256439668559758083e-01
4.778000000000000025e-01	-1.481074266123757477e-01
4.813999999999999946e-01	-2.662704330952341270e-01
4.849999999999999867e-01	6.213266128844391334e-02
4.885999999999999788e-01	1.104879205168750322e-01
4.922000000000000264e-01	4.800497169308779455e-01
4.958000000000000185e-01	1.224221105678447552e+00
4.994000000000000106e-01	1.222357504783684323e+00
5.030000000000000027e-01	1.430512572489436973e+00
5.066000000000000503e-01	1.896762862717148890e+00
5.101999999999999869e-01	1.186785278374481001e+00
5.138000000000000345e-01	1.988764811685316491e+00
5.173999999999999710e-01	1.447413875757292967e+00
5.210000000000000187e-01	9.184043815390916521e-01
5.245999999999999552e-01	6.152094801589921280e-01
5.282999999999999918e-01	8.677873623237692957e-01
5.319000000000000394e-01	1.460604849499056446e-01
5.354999999999999760e-01	4.803465783872505890e-01
5.391000000000000236e-01	-5.968276439200668193e-01
5.426999999999999602e-01	-3.246194756770067191e-01
5.463000000000000078e-01	-3.871157869138303620e-01
5.499000000000000554e-01	-9.156008826634565168e-02
5.534999999999999920e-01	-1.803813645907259566e-03
5.571000000000000396e-01	2.569881904247072191e-01
5.606999999999999762e-01	3.424083753221288662e-01
5.643000000000000238e-01	1.203832093338293996e+00
5.678999999999999604e-01	8.602350226838666458e-01
5.715000000000000080e-01	1.679459682223871653e+00
5.752000000000000446e-01	1.541289908057609015e+00
5.787999999999999812e-01	1.743765937332312221e+00
5.824000000000000288e-01	1.773386893308821488e+00
5.859999999999999654e-01	1.272751172204425130e+00
5.896000000000000130e-01	1.109615633645484767e+00
5.931999999999999496e-01	9.787566324879188873e-01
5.967999999999999972e-01	1.570698322313500039e+00
6.004000000000000448e-01	1.047753963486536044e+00
6.039999999999999813e-01	8.139046723418994489e-01
6.076000000000000290e-01	5.312844026172398593e-01
6.111999999999999655e-01	1.669793223014150452e-01
6.148000000000000131e-01	4.511852276667418504e-01
6.183999999999999497e-01	8.678321414179708260e-01
6.219999999999999973e-01	8.880943937073694228e-01
6.257000000000000339e-01	8.367958160797721590e-01
6.292999999999999705e-01	1.337264010346584264e+00
6.329000000000000181e-01	1.042281419045053337e+00
6.364999999999999547e-01	1.722747075427558450e+00
6.401000000000000023e-01	2.076927596600066650e+00
6.437000000000000499e-01	2.178898576374552754e+00
6.472999999999999865e-01	2.288160124865064482e+00
6.509000000000000341e-01	2.067821255323777585e+00
6.544999999999999707e-01	2.275251709590294436e+00
6.581000000000000183e-01	2.165812745589977162e+00
6.616999999999999549e-01	1.717316609701545982e+00
6.653000000000000025e-01	2.181633873195866435e+00
6.689000000000000501e-01	1.208734251513791325e+00
6.724999999999999867e-01	1.986144032744790344e+00
6.762000000000000233e-01	1.547973145006525497e+00
6.797999999999999599e-01	1.660460443590266344e+00
6.834000000000000075e-01	1.823280894691601262e+00
6.870000000000000551e-01	1.913470192413807780e+00
6.905999999999999917e-01	1.210560329961709147e+00
6.942000000000000393e-01	1.797519220127152373e+00
6.977999999999999758e-01	1.720100666807575340e+00
7.014000000000000234e-01	2.058159273201879635e+00
7.049999999999999600e-01	2.335548392214527258e+00
7.086000000000000076e-01	2.335125940258311328e+00
7.122000000000000552e-01	2.164870019191580841e+00
7.157999999999999918e-01	2.321875677968603391e+00
7.194000000000000394e-01	3.011414530909756415e+00
7.229999999999999760e-01	2.294440165750139204e+00
7.267000000000000126e-01	2.556342165363841179e+00
7.302999999999999492e-01	2.687479094973075799e+00
7.338999999999999968e-01	1.981505217786686757e+00
7.375000000000000444e-01	2.048581004733545541e+00
7.410999999999999810e-01	1.531615868961294424e+00
7.447000000000000286e-01	2.032674377882120798e+00
7.482999999999999652e-01	2.001844878526493510e+00
7.519000000000000128e-01	2.123646663790186739e+00
7.554999999999999494e-01	1.995562658277466372e+00
7.590999999999999970e-01	1.846133817989843440e+00
7.627000000000000446e-01	1.907183806398198733e+00
7.662999999999999812e-01	2.203766017612523331e+00
7.699000000000000288e-01	2.578184071131506272e+00
7.734999999999999654e-01	2.564341838866044831e+00
7.772000000000000020e-01	2.333378791143528641e+00
7.808000000000000496e-01	1.974494999353884950e+00
7.843999999999999861e-01	2.338750765177476154e+00
7.880000000000000338e-01	2.432304075311328084e+00
7.915999999999999703e-01	1.879287747612799375e+00
7.952000000000000179e-01	2.286219674858801731e+00
7.987999999999999545e-01	1.899675093571154605e+00
8.024000000000000021e-01	2.150339814788894799e+00
8.060000000000000497e-01	1.972936588904191657e+00
8.095999999999999863e-01	2.060733091918342641e+00
8.132000000000000339e-01	2.745911117748547348e+00
8.167999999999999705e-01	2.930436110967164609e+00
8.204000000000000181e-01	2.566172672316520575e+00
8.239999999999999547e-01	3.316770594098231051e+00
8.276999999999999913e-01	3.628169574657353014e+00
8.313000000000000389e-01	3.712965885266740429e+00
8.348999999999999755e-01	3.285408231455559491e+00
8.385000000000000231e-01	3.317325764092240004e+00
8.420999999999999597e-01	3.612881871859709548e+00
8.457000000000000073e-01	3.880383787829177145e+00
8.493000000000000549e-01	3.275086520799595835e+00
8.528999999999999915e-01	2.856302440080161098e+00
8.565000000000000391e-01	3.071077117221802322e+00
8.600999999999999757e-01	2.548697319155416086e+00
8.637000000000000233e-01	2.361585053111292076e+00
8.672999999999999599e-01	2.429272013116792639e+00
8.709000000000000075e-01	2.678676854227872717e+00
8.745000000000000551e-01	2.642900133035799293e+00
8.781999999999999806e-01	2.624825286516808909e+00
8.818000000000000282e-01	2.589520330218735289e+00
8.853999999999999648e-01	2.192123209619083024e+00
8.890000000000000124e-01	1.644986435463228869e+00
8.925999999999999490e-01	2.559634375341527601e+00
8.961999999999999966e-01	3.150184365234458550e+00
8.998000000000000442e-01	3.073209329421535241e+00
9.033999999999999808e-01	3.006783323515667572e+00
9.070000000000000284e-01	3.219068578529499458e+00
9.105999999999999650e-01	3.822229174877195490e+00
9.142000000000000126e-01	3.470236919144968013e+00
9.177999999999999492e-01	3.794865531567053196e+00
9.213999999999999968e-01	3.882820698606539445e+00
9.251000000000000334e-01	3.604031428875229093e+00
9.286999999999999700e-01	3.339655533709673385e+00
9.323000000000000176e-01	3.336342004786875037e+00
9.358999999999999542e-01	3.345572576131490727e+00
9.395000000000000018e-01	3.299777558500891050e+00
9.431000000000000494e-01	3.486561919952294364e+00
9.466999999999999860e-01	3.345345801848513823e+00
9.503000000000000336e-01	3.673124948580097193e+00
9.538999999999999702e-01	4.068321635406602965e+00
9.575000000000000178e-01	3.938826298973288953e+00
9.610999999999999543e-01	4.078207708734699288e+00
9.647000000000000020e-01	4.362232076466227682e+00
9.683000000000000496e-01	4.601407909003297547e+00
9.718999999999999861e-01	4.600487083695110613e+00
9.756000000000000227e-01	4.481686504143446825e+00
9.791999999999999593e-01	4.024480769804273272e+00
9.828000000000000069e-01	3.877741626215058357e+00
9.864000000000000545e-01	4.544167800781471200e+00
9.899999999999999911e-01	4.024602520182300580e+00
9.936000000000000387e-01	4.740115373520692899e+00
9.971999999999999753e-01	4.817841111933872433e+00
1.000799999999999912e+00	3.547309714887536991e+00
1.004399999999999959e+00	3.932652000166284800e+00
1.008000000000000007e+00	3.494986891218517577e+00
1.011600000000000055e+00	3.454567390004750660e+00
1.015200000000000102e+00	3.925678414201387856e+00
1.018799999999999928e+00	4.027312885362358763e+00
1.022399999999999975e+00	4.427848484062331558e+00
1.026100000000000012e+00	4.319247035771112131e+00
1.029700000000000060e+00	4.354692074794481726e+00
1.033300000000000107e+00	4.556722031103030091e+00
1.036899999999999933e+00	4.397615007602343695e+00
1.040499999999999980e+00	4.595496713983670212e+00
1.044100000000000028e+00	4.850429285566622895e+00
1.047700000000000076e+00	5.043210214664799906e+00
1.051299999999999901e+00	4.731368128183693678e+00
1.054899999999999949e+00	4.845485781795474622e+00
1.058499999999999996e+00	4.975246355461420578e+00
1.062100000000000044e+00	4.708247192202177800e+00
1.065700000000000092e+00	4.338752430686542816e+00
1.069299999999999917e+00	4.652986205745424542e+00
1.072899999999999965e+00	5.334056913081695939e+00
1.076600000000000001e+00	4.657989505375443429e+00
1.080200000000000049e+00	4.585203568795439111e+00
1.083800000000000097e+00	5.017309190757446302e+00
1.087399999999999922e+00	5.051845568023221489e+00
1.090999999999999970e+00	5.749157894105609401e+00
1.094600000000000017e+00	5.335025386667955338e+00
1.098200000000000065e+00	6.086858250949656934e+00
1.101799999999999891e+00	6.233227541794256865e+00
1.105399999999999938e+00	6.331440253234497995e+00
1.108999999999999986e+00	6.140005756078859456e+00
1.112600000000000033e+00	6.024291094480513031e+00
1.116200000000000081e+00	6.050636592627194332e+00
1.119799999999999907e+00	5.821083376637726126e+00
1.123399999999999954e+00	6.053688520944159990e+00
1.127099999999999991e+00	6.409781516556245506e+00
1.130700000000000038e+00	6.257601779187424995e+00
1.134300000000000086e+00	5.944982898623696776e+00
1.137899999999999912e+00	6.041306501511958693e+00
1.141499999999999959e+00	6.537409513486380774e+00
1.145100000000000007e+00	6.649753437154722668e+00
1.148700000000000054e+00	6.540912314616731393e+00
1.152300000000000102e+00	6.997994727701662754e+00
1.155899999999999928e+00	6.512534465916534288e+00
1.159499999999999975e+00	7.132292171402838221e+00
1.163100000000000023e+00	7.107376175222692716e+00
1.166700000000000070e+00	6.798674906282000663e+00
1.170299999999999896e+00	7.627819497812163618e+00
1.173899999999999944e+00	7.289480701970027177e+00
1.177599999999999980e+00	7.340473002696203508e+00
1.181200000000000028e+00	7.534070028459585622e+00
1.184800000000000075e+00	7.973213065250551956e+00
1.188399999999999901e+00	7.380924929252786093e+00
1.191999999999999948e+00	7.534690006023478936e+00
1.195599999999999996e+00	7.546177985294350243e+00
1.199200000000000044e+00	7.366661837762812581e+00
1.202800000000000091e+00	7.359304697304867915e+00
1.206399999999999917e+00	7.580499427405681168e+00
1.209999999999999964e+00	7.102707966592711308e+00
1.213600000000000012e+00	7.322070936614074377e+00
1.217200000000000060e+00	7.134914133249740331e+00
1.220800000000000107e+00	7.536096532517436941e+00
1.224399999999999933e+00	7.600628755687420579e+00
1.228099999999999969e+00	8.292661675863703508e+00
1.231700000000000017e+00	8.428633095293823985e+00
1.235300000000000065e+00	7.892842751712082716e+00
1.238899999999999890e+00	8.143467664685209328e+00
1.242499999999999938e+00	8.379644543138780932e+00
1.246099999999999985e+00	9.148951420718306693e+00
1.249700000000000033e+00	9.623015184308256309e+00
1.253300000000000081e+00	8.330938943431950960e+00
1.256899999999999906e+00	8.941296023900475731e+00
1.260499999999999954e+00	8.646543690500209323e+00
1.264100000000000001e+00	9.125309567104492814e+00
1.267700000000000049e+00	9.508978223798528973e+00
1.271300000000000097e+00	9.371535132020699876e+00
1.274899999999999922e+00	9.077357702184556842e+00
1.278599999999999959e+00	9.841114499437003005e+00
1.282200000000000006e+00	9.950250297623281170e+00
1.285800000000000054e+00	9.475554616238088812e+00
1.289400000000000102e+00	9.628916643706153522e+00
1.292999999999999927e+00	9.832985334188130366e+00
1.296599999999999975e+00	1.000012511747899424e+01
1.300200000000000022e+00	9.826147224155500126e+00
1.303800000000000070e+00	1.043252978346767890e+01
1.307399999999999896e+00	1.001307101621683771e+01
1.310999999999999943e+00	1.022029327651767439e+01
1.314599999999999991e+00	1.008214644304795726e+01
1.318200000000000038e+00	1.016645361644539847e+01
1.321800000000000086e+00	1.032414410605795396e+01
1.325499999999999901e+00	9.922355666048071399e+00
1.329099999999999948e+00	9.867411744606039647e+00
1.332699999999999996e+00	9.535732555044448944e+00
1.336300000000000043e+00	9.686321522839509868e+00
1.339900000000000091e+00	1.018222711221456755e+01
1.343499999999999917e+00	9.952643957290378651e+00
1.347099999999999964e+00	9.617412050887427455e+00
1.350700000000000012e+00	1.057063975282762947e+01
1.354300000000000059e+00	1.060268633854945897e+01
1.357900000000000107e+00	1.124043735117370346e+01
1.361499999999999932e+00	1.119476381910618201e+01
1.365099999999999980e+00	1.166453023551693313e+01
1.368700000000000028e+00	1.216867333730843370e+01
1.372300000000000075e+00	1.210036400311745020e+01
1.375999999999999890e+00	1.293082305082279682e+01
1.379599999999999937e+00	1.329541368397552326e+01
1.383199999999999985e+00	1.322503741494849194e+01
1.386800000000000033e+00	1.396883899788993766e+01
1.390400000000000080e+00	1.381195311075019738e+01
1.393999999999999906e+00	1.388156974342967587e+01
1.397599999999999953e+00	1.400083990903300801e+01
1.401200000000000001e+00	1.385748661174857155e+01
1.404800000000000049e+00	1.435644606013249458e+01
1.408400000000000096e+00	1.443137919645191758e+01
1.411999999999999922e+00	1.484079904419641593e+01
1.415599999999999969e+00	1.489093127691216978e+01
1.419200000000000017e+00	1.416198659654263103e+01
1.422800000000000065e+00	1.472985280901508887e+01
1.426500000000000101e+00	1.511577332503443394e+01
1.430099999999999927e+00	1.491313842017132352e+01
1.433699999999999974e+00	1.501711677051229366e+01
1.437300000000000022e+00	1.546126492222358983e+01
1.440900000000000070e+00	1.521043033518862764e+01
1.444499999999999895e+00	1.526997032885489780e+01
1.448099999999999943e+00	1.479797272510390016e+01
1.451699999999999990e+00	1.555302583226328927e+01
1.455300000000000038e+00	1.563880957114387726e+01
1.458900000000000086e+00	1.574626489447641298e+01
1.462499999999999911e+00	1.593896061570268508e+01
1.466099999999999959e+00	1.544476187457871852e+01
1.469700000000000006e+00	1.604372607975728471e+01
1.473300000000000054e+00	1.626282118629388052e+01
1.477000000000000091e+00	1.681895672025613564e+01
1.480599999999999916e+00	1.675407310856601129e+01
1.484199999999999964e+00	1.804187774084029883e+01
1.487800000000000011e+00	1.796616956849938873e+01
1.491400000000000059e+00	1.837614576043355896e+01
1.495000000000000107e+00	1.923020377417200422e+01
1.498599999999999932e+00	1.850608475591480584e+01
1.502199999999999980e+00	1.884489559022565075e+01
1.505800000000000027e+00	1.940172741572913750e+01
1.509400000000000075e+00	1.902776469347535482e+01
1.512999999999999901e+00	1.937417267320550351e+01
1.516599999999999948e+00	2.092694323810647461e+01
1.520199999999999996e+00	2.110166770573779615e+01
1.523800000000000043e+00	2.282139255505191855e+01
1.527500000000000080e+00	2.300763762051035854e+01
1.531099999999999905e+00	2.445275754675736835e+01
1.534699999999999953e+00	2.498219080361905498e+01
1.538300000000000001e+00	2.580001967630268922e+01
1.541900000000000048e+00	2.681907750018654468e+01
1.545500000000000096e+00	2.723492648203669120e+01
1.549099999999999921e+00	2.862458039002686760e+01
1.552699999999999969e+00	2.950688711429470601e+01
1.556300000000000017e+00	3.021196587578702619e+01
1.559900000000000064e+00	3.162591681330560434e+01
1.563499999999999890e+00	3.305218177510358402e+01
1.567099999999999937e+00	3.443285604227270369e+01
1.570699999999999985e+00	3.721955161288865810e+01
1.574300000000000033e+00	3.789375305352341883e+01
1.578000000000000069e+00	4.037099676047016317e+01
1.581599999999999895e+00	4.090558298039297824e+01
1.585199999999999942e+00	4.114373906863124120e+01
1.588799999999999990e+00	4.000056931513277192e+01
1.592400000000000038e+00	3.999731209890344985e+01
1.596000000000000085e+00	3.939263585649813848e+01
1.599599999999999911e+00	4.052431330046029245e+01
1.603199999999999958e+00	3.902503111400726254e+01
1.606800000000000006e+00	3.855423651692425580e+01
1.610400000000000054e+00	3.746605041251443424e+01
1.614000000000000101e+00	3.617769516888621695e+01
1.617599999999999927e+00	3.365004609267986524e+01
1.621199999999999974e+00	3.185703984310552883e+01
1.624800000000000022e+00	3.061266858022835891e+01
1.628500000000000059e+00	2.984805344796077264e+01
1.632100000000000106e+00	3.003388834261442852e+01
1.635699999999999932e+00	2.945296038648084291e+01
1.639299999999999979e+00	2.934582483510396145e+01
1.642900000000000027e+00	2.801371787242593214e+01
1.646500000000000075e+00	2.690454518014990271e+01
1.650099999999999900e+00	2.559390907747041410e+01
1.653699999999999948e+00	2.420916776966484463e+01
1.657299999999999995e+00	2.280553696419480048e+01
1.660900000000000043e+00	2.274232414262931457e+01
1.664500000000000091e+00	2.386184172551049798e+01
1.668099999999999916e+00	2.404789727461746196e+01
1.671699999999999964e+00	2.401324659710039100e+01
1.675400000000000000e+00	2.409605176310368435e+01
1.679000000000000048e+00	2.386881893992415726e+01
1.682600000000000096e+00	2.328343457567196850e+01
1.686199999999999921e+00	2.268224912374214952e+01
1.689799999999999969e+00	2.223482871648808867e+01
1.693400000000000016e+00	2.112567531592399916e+01
1.697000000000000064e+00	2.123674727909918047e+01
1.700599999999999890e+00	2.110777127254041119e+01
1.704199999999999937e+00	2.159006390887650184e+01
1.707799999999999985e+00	2.175641164621026036e+01
1.711400000000000032e+00	2.230251084353880842e+01
1.715000000000000080e+00	2.282685030405575688e+01
1.718599999999999905e+00	2.252011471525172581e+01
1.722199999999999953e+00	2.258707291197692157e+01
1.725899999999999990e+00	2.261023399374541754e+01
1.729500000000000037e+00	2.272716671108092257e+01
1.733100000000000085e+00	2.276124838912667414e+01
1.736699999999999910e+00	2.350060321494694193e+01
1.740299999999999958e+00	2.428141680589650520e+01
1.743900000000000006e+00	2.562489278385976021e+01
1.747500000000000053e+00	2.590872003835469073e+01
1.751100000000000101e+00	2.766417910028777172e+01
1.754699999999999926e+00	2.777011515644408846e+01
1.758299999999999974e+00	2.791011879102604354e+01
1.761900000000000022e+00	2.844891205567266823e+01
1.765500000000000069e+00	2.792527843638297469e+01
1.769099999999999895e+00	2.787505653275928097e+01
1.772699999999999942e+00	2.761383623402346998e+01
1.776399999999999979e+00	2.717825406197364657e+01
1.780000000000000027e+00	2.711032161244078864e+01
1.783600000000000074e+00	2.662475395630739072e+01
1.787199999999999900e+00	2.765760310101088137e+01
1.790799999999999947e+00	2.837531412588875313e+01
1.794399999999999995e+00	2.960149590572970268e+01
1.798000000000000043e+00	3.118564326433081391e+01
1.801600000000000090e+00	3.196196422199916753e+01
1.805199999999999916e+00	3.215416388666619696e+01
1.808799999999999963e+00	3.058988232202361957e+01
1.812400000000000011e+00	2.919098895796356885e+01
1.816000000000000059e+00	2.736530668980981318e+01
1.819600000000000106e+00	2.597408054134657007e+01
1.823199999999999932e+00	2.500643367295595709e+01
1.826899999999999968e+00	2.526362551651303079e+01
1.830500000000000016e+00	2.648506163443278183e+01
1.834100000000000064e+00	2.682813544906117542e+01
1.837699999999999889e+00	2.716792395733307686e+01
1.841299999999999937e+00	2.719496759454858648e+01
1.844899999999999984e+00	2.742237215386712279e+01
1.848500000000000032e+00	2.730701080412304904e+01
1.852100000000000080e+00	2.724298802821821397e+01
1.855699999999999905e+00	2.761499459778572785e+01
1.859299999999999953e+00	2.704379666887733435e+01
1.862900000000000000e+00	2.782681484465455668e+01
1.866500000000000048e+00	2.741486244570149111e+01
1.870100000000000096e+00	2.759874673260881650e+01
1.873699999999999921e+00	2.716003611676960361e+01
1.877399999999999958e+00	2.624972269071152198e+01
1.881000000000000005e+00	2.629165330573527726e+01
1.884600000000000053e+00	2.570690618836898977e+01
1.888200000000000101e+00	2.600201702572271500e+01
1.891799999999999926e+00	2.656338005944309444e+01
1.895399999999999974e+00	2.808802194198131019e+01
1.899000000000000021e+00	3.113593650876972418e+01
1.902600000000000069e+00	3.442427566044888465e+01
1.906199999999999894e+00	3.629306537409848943e+01
1.909799999999999942e+00	3.900998801544396599e+01
1.913399999999999990e+00	3.992444239187874189e+01
1.917000000000000037e+00	3.892598641213729138e+01
1.920600000000000085e+00	3.689725110394218888e+01
1.924199999999999910e+00	3.433489359217607273e+01
1.927899999999999947e+00	3.160314616899803397e+01
1.931499999999999995e+00	2.859120519449744791e+01
1.935100000000000042e+00	2.712950318841300401e+01
1.938700000000000090e+00	2.666136809371510807e+01
1.942299999999999915e+00	2.814182541145713046e+01
1.945899999999999963e+00	3.177644587109975660e+01
1.949500000000000011e+00	3.589402989099329488e+01
1.953100000000000058e+00	3.864715895022656156e+01
1.956700000000000106e+00	4.058797846291974309e+01
1.960299999999999931e+00	4.186224672819825088e+01
1.963899999999999979e+00	4.177414342876798514e+01
1.967500000000000027e+00	4.163156417379413909e+01
1.971100000000000074e+00	4.242448264568953675e+01
1.974699999999999900e+00	4.373760728229352424e+01
1.978399999999999936e+00	4.549272382822442751e+01
1.981999999999999984e+00	4.763289434410186374e+01
1.985600000000000032e+00	4.866834016517215389e+01
1.989200000000000079e+00	4.731358096135155478e+01
1.992799999999999905e+00	4.483405830530851688e+01
1.996399999999999952e+00	4.002926574721219311e+01
2.000000000000000000e+00	3.096284990934994141e+01
