2.000000000000000111e-01	-1.352941713841087523e+00
2.036000000000000032e-01	-8.734574491118948236e-01
2.071999999999999953e-01	-1.627293628041245999e+00
2.107999999999999874e-01	-1.709891240918083977e+00
2.144000000000000072e-01	-9.737142295821850091e-01
2.179999999999999993e-01	-1.158143394976821394e+00
2.215999999999999914e-01	-3.666126433830549369e-01
2.253000000000000003e-01	2.136047413526579175e-01
2.288999999999999924e-01	9.067914791557107890e-01
2.325000000000000122e-01	1.402547137798705323e+00
2.361000000000000043e-01	1.910327486790048823e+00
2.396999999999999964e-01	2.975474924855360914e+00
2.432999999999999885e-01	2.022735697964578527e+00
2.469000000000000083e-01	2.650446096202527801e+00
2.505000000000000004e-01	2.637777234210702204e+00
2.540999999999999925e-01	2.444682206687315507e+00
2.576999999999999846e-01	2.378703682517989026e+00
2.612999999999999767e-01	1.351549762810580591e+00
2.649000000000000243e-01	-5.972539487556012272e-01
2.685000000000000164e-01	4.992907980265782752e-01
2.721000000000000085e-01	-4.930865514892764923e-01
2.757999999999999896e-01	-5.735130127664263000e-01
2.793999999999999817e-01	2.217141689965724805e-01
2.829999999999999738e-01	-5.465039191164158261e-01
2.866000000000000214e-01	-4.759790237351426145e-01
2.902000000000000135e-01	8.384584581393564884e-01
2.938000000000000056e-01	5.578453998057877339e-01
2.973999999999999977e-01	1.423211655153914901e+00
3.009999999999999898e-01	2.181800335471528296e+00
3.045999999999999819e-01	2.614648724893115173e+00
3.081999999999999740e-01	2.934096131485134151e+00
3.118000000000000216e-01	3.654048306590491180e+00
3.154000000000000137e-01	4.029586215066193411e+00
3.190000000000000058e-01	3.240796216518599948e+00
3.225999999999999979e-01	3.343094952889060778e+00
3.262999999999999790e-01	3.257776587911848765e+00
3.299000000000000266e-01	2.333670709486051820e+00
3.335000000000000187e-01	1.513193816319629459e+00
3.371000000000000107e-01	6.547545986135235863e-01
3.407000000000000028e-01	9.570172538290736552e-01
3.442999999999999949e-01	-1.696601325369051783e-01
3.478999999999999870e-01	6.592197774326158388e-01
3.514999999999999791e-01	1.988039396001791415e-01
3.551000000000000267e-01	1.585892216014846146e-01
3.587000000000000188e-01	1.249468437042378754e+00
3.623000000000000109e-01	2.496804894447600454e+00
3.659000000000000030e-01	1.833074818590608057e+00
3.694999999999999951e-01	2.530104796009680967e+00
3.730999999999999872e-01	3.791361212945921544e+00
3.768000000000000238e-01	4.059803354304690082e+00
3.804000000000000159e-01	4.475805066180120306e+00
3.840000000000000080e-01	4.389047916523163728e+00
3.876000000000000001e-01	5.519243113614654916e+00
3.911999999999999922e-01	3.554419435292007545e+00
3.947999999999999843e-01	3.265055803589601346e+00
3.983999999999999764e-01	3.845169914832638813e+00
4.020000000000000240e-01	2.736938676183171104e+00
4.056000000000000161e-01	1.763232204277276338e+00
4.092000000000000082e-01	1.349288698945959819e+00
4.128000000000000003e-01	1.398507381829854346e+00
4.163999999999999924e-01	1.537336503792373632e+00
4.199999999999999845e-01	-1.057045598947067844e-01
4.235999999999999766e-01	1.046147048384765910e+00
4.273000000000000131e-01	1.079980552778726288e+00
4.309000000000000052e-01	3.161852827164735480e+00
4.344999999999999973e-01	3.435525680709316187e+00
4.380999999999999894e-01	2.927436022238100399e+00
4.416999999999999815e-01	4.175399683824826624e+00
4.452999999999999736e-01	3.652547766053602984e+00
4.489000000000000212e-01	4.154106219951179568e+00
4.525000000000000133e-01	5.040434547233635598e+00
4.561000000000000054e-01	3.691678001974151968e+00
4.596999999999999975e-01	3.665827237689673002e+00
4.632999999999999896e-01	3.926052659032925884e+00
4.668999999999999817e-01	3.448003638519950176e+00
4.704999999999999738e-01	2.599100506818110112e+00
4.741000000000000214e-01	2.037801825498974928e+00
4.778000000000000025e-01	2.229984008216490565e+00
4.813999999999999946e-01	5.771988650023558431e-01
4.849999999999999867e-01	1.341407269720861661e+00
4.885999999999999788e-01	9.259427880236739128e-01
4.922000000000000264e-01	1.381765531541482517e+00
4.958000000000000185e-01	1.647227840488833639e+00
4.994000000000000106e-01	1.838500946933912639e+00
5.030000000000000027e-01	3.958465051277244129e+00
5.066000000000000503e-01	3.200302522217334467e+00
5.101999999999999869e-01	2.888728522641081931e+00
5.138000000000000345e-01	3.881428572504117547e+00
5.173999999999999710e-01	4.444154201382350067e+00
5.210000000000000187e-01	3.149529387580395579e+00
5.245999999999999552e-01	4.348917586870989282e+00
5.282999999999999918e-01	5.133618465698749134e+00
5.319000000000000394e-01	4.194385850867621279e+00
5.354999999999999760e-01	1.748200717201877197e+00
5.391000000000000236e-01	1.374687718771534950e+00
5.426999999999999602e-01	1.464047183572311450e+00
5.463000000000000078e-01	1.189088812430685316e+00
5.499000000000000554e-01	6.054790748608613882e-01
5.534999999999999920e-01	1.913981296459091430e+00
5.571000000000000396e-01	1.179578977306971588e+00
5.606999999999999762e-01	1.625793782644089358e+00
5.643000000000000238e-01	1.253836801697819192e+00
5.678999999999999604e-01	2.205793363341141511e+00
5.715000000000000080e-01	2.953538032563747251e+00
5.752000000000000446e-01	2.854128384617398595e+00
5.787999999999999812e-01	3.485406680793598611e+00
5.824000000000000288e-01	4.445367787673168536e+00
5.859999999999999654e-01	3.317690913266235331e+00
5.896000000000000130e-01	3.424689638955691784e+00
5.931999999999999496e-01	3.414644864593929352e+00
5.967999999999999972e-01	3.626541481142891321e+00
6.004000000000000448e-01	3.450259061648191405e+00
6.039999999999999813e-01	3.511394201190968012e+00
6.076000000000000290e-01	3.074720975888330265e+00
6.111999999999999655e-01	1.999841437471959527e+00
6.148000000000000131e-01	1.219794512827121924e+00
6.183999999999999497e-01	1.439598517086211338e-01
6.219999999999999973e-01	1.523424089431506756e+00
6.257000000000000339e-01	1.909366405723137150e-01
6.292999999999999705e-01	8.531466784409226234e-01
6.329000000000000181e-01	1.124080418005177773e+00
6.364999999999999547e-01	1.380133343089449127e+00
6.401000000000000023e-01	1.423647387751383775e+00
6.437000000000000499e-01	1.294589545485387294e+00
6.472999999999999865e-01	2.235985731323638870e+00
6.509000000000000341e-01	2.795982351102637598e+00
6.544999999999999707e-01	2.623558222101121995e+00
6.581000000000000183e-01	2.781478368203519125e+00
6.616999999999999549e-01	3.533808354150780762e+00
6.653000000000000025e-01	3.221144776747468796e+00
6.689000000000000501e-01	3.385854561981319844e+00
6.724999999999999867e-01	1.736002127030624731e+00
6.762000000000000233e-01	1.967589083958161789e+00
6.797999999999999599e-01	1.454916817851187538e+00
6.834000000000000075e-01	9.913612543328702564e-01
6.870000000000000551e-01	2.267799512339319978e+00
6.905999999999999917e-01	1.789007513099505786e+00
6.942000000000000393e-01	1.663143540366057938e+00
6.977999999999999758e-01	9.809339864458952452e-01
7.014000000000000234e-01	6.094330310161263364e-01
7.049999999999999600e-01	2.077419177541776740e+00
7.086000000000000076e-01	1.506977537417766300e+00
7.122000000000000552e-01	2.198882722798181977e+00
7.157999999999999918e-01	3.952440053135172882e+00
7.194000000000000394e-01	4.241541322220021115e+00
7.229999999999999760e-01	3.790544063714829104e+00
7.267000000000000126e-01	4.256694947420609054e+00
7.302999999999999492e-01	3.951662723022762780e+00
7.338999999999999968e-01	4.141546389495831981e+00
7.375000000000000444e-01	3.881659157423650086e+00
7.410999999999999810e-01	3.511277744921660116e+00
7.447000000000000286e-01	3.888059799533217120e+00
7.482999999999999652e-01	3.531517786138899773e+00
7.519000000000000128e-01	2.380672074461294141e+00
7.554999999999999494e-01	1.941901814646569857e+00
7.590999999999999970e-01	2.041457391825780565e+00
7.627000000000000446e-01	2.677483681044048325e+00
7.662999999999999812e-01	2.915272537179966150e+00
7.699000000000000288e-01	3.991435259414596093e+00
7.734999999999999654e-01	3.866257196063165757e+00
7.772000000000000020e-01	2.569244777615227626e+00
7.808000000000000496e-01	4.464937855793752242e+00
7.843999999999999861e-01	5.034721358510655165e+00
7.880000000000000338e-01	3.664298009311755422e+00
7.915999999999999703e-01	5.226945631946596116e+00
7.952000000000000179e-01	5.459981539311149490e+00
7.987999999999999545e-01	5.889322507185596578e+00
8.024000000000000021e-01	6.113526785206161662e+00
8.060000000000000497e-01	5.201014848511357869e+00
8.095999999999999863e-01	3.760690686743833666e+00
8.132000000000000339e-01	4.208175391779929164e+00
8.167999999999999705e-01	3.356149360378899438e+00
8.204000000000000181e-01	3.223386928954858455e+00
8.239999999999999547e-01	3.607493495629716662e+00
8.276999999999999913e-01	3.059768412760994316e+00
8.313000000000000389e-01	2.794575029470098837e+00
8.348999999999999755e-01	2.271993553737818861e+00
8.385000000000000231e-01	4.419553685012003186e+00
8.420999999999999597e-01	5.209778910789500728e+00
8.457000000000000073e-01	5.370724677559324256e+00
8.493000000000000549e-01	5.605071385929369043e+00
8.528999999999999915e-01	6.366227770799499197e+00
8.565000000000000391e-01	6.574536436073691981e+00
8.600999999999999757e-01	5.719958283146717726e+00
8.637000000000000233e-01	4.916030188476868013e+00
8.672999999999999599e-01	5.682926645392131881e+00
8.709000000000000075e-01	5.236593689957198094e+00
8.745000000000000551e-01	5.296465155499342714e+00
8.781999999999999806e-01	5.502062899465666845e+00
8.818000000000000282e-01	5.253637594280324841e+00
8.853999999999999648e-01	4.894333050974075228e+00
8.890000000000000124e-01	4.658900942832340242e+00
8.925999999999999490e-01	5.331304398850947202e+00
8.961999999999999966e-01	4.093526374328645190e+00
8.998000000000000442e-01	4.207026262839364428e+00
9.033999999999999808e-01	3.964316600269910396e+00
9.070000000000000284e-01	6.354051523660007916e+00
9.105999999999999650e-01	5.043690560045616778e+00
9.142000000000000126e-01	6.607900412610852925e+00
9.177999999999999492e-01	5.657683425689992163e+00
9.213999999999999968e-01	6.667807300341291210e+00
9.251000000000000334e-01	6.276309754031826671e+00
9.286999999999999700e-01	6.982694783672023675e+00
9.323000000000000176e-01	7.356640783174418274e+00
9.358999999999999542e-01	7.657268304656858149e+00
9.395000000000000018e-01	7.636172507519907171e+00
9.431000000000000494e-01	7.030444009998374710e+00
9.466999999999999860e-01	6.385075067171673169e+00
9.503000000000000336e-01	5.539282153247707896e+00
9.538999999999999702e-01	6.186702482864942176e+00
9.575000000000000178e-01	5.326041384289895930e+00
9.610999999999999543e-01	5.732807395987817856e+00
9.647000000000000020e-01	5.905239420808150896e+00
9.683000000000000496e-01	5.486522257994443486e+00
9.718999999999999861e-01	6.491571192132535195e+00
9.756000000000000227e-01	6.986187822679657877e+00
9.791999999999999593e-01	7.311425646449736249e+00
9.828000000000000069e-01	7.492619082302556244e+00
9.864000000000000545e-01	7.888088940792489900e+00
9.899999999999999911e-01	8.694063446811540530e+00
9.936000000000000387e-01	8.690210258410813182e+00
9.971999999999999753e-01	1.003168274343429012e+01
1.000799999999999912e+00	8.299536214618406404e+00
1.004399999999999959e+00	7.182830284610538740e+00
1.008000000000000007e+00	7.828643191284828440e+00
1.011600000000000055e+00	7.125754578635167924e+00
1.015200000000000102e+00	7.457991348381220575e+00
1.018799999999999928e+00	6.951894315524920209e+00
1.022399999999999975e+00	6.009034856991949169e+00
1.026100000000000012e+00	7.002016434006195666e+00
1.029700000000000060e+00	6.344466021745292394e+00
1.033300000000000107e+00	6.755821311876832880e+00
1.036899999999999933e+00	6.992760302039023657e+00
1.040499999999999980e+00	7.529468045256770381e+00
1.044100000000000028e+00	8.654294580077376509e+00
1.047700000000000076e+00	8.426022831834965032e+00
1.051299999999999901e+00	1.001276311080079751e+01
1.054899999999999949e+00	8.302531105181749638e+00
1.058499999999999996e+00	8.692021759514613422e+00
1.062100000000000044e+00	9.312448527789889852e+00
1.065700000000000092e+00	1.008749945975958973e+01
1.069299999999999917e+00	8.861613140350645068e+00
1.072899999999999965e+00	9.539980597903044313e+00
1.076600000000000001e+00	8.071598455756989310e+00
1.080200000000000049e+00	9.066254306902532534e+00
1.083800000000000097e+00	7.709764979545054686e+00
1.087399999999999922e+00	7.695267222662662832e+00
1.090999999999999970e+00	7.911079345587533673e+00
1.094600000000000017e+00	9.144295438462769710e+00
1.098200000000000065e+00	1.012573600154782305e+01
1.101799999999999891e+00	8.594137428444192039e+00
1.105399999999999938e+00	1.019516878082620792e+01
1.108999999999999986e+00	1.051861447284873030e+01
1.112600000000000033e+00	1.124506883741463170e+01
1.116200000000000081e+00	9.412278112924658657e+00
1.119799999999999907e+00	1.053632352198315125e+01
1.123399999999999954e+00	9.689341480987280875e+00
1.127099999999999991e+00	1.007328596925497521e+01
1.130700000000000038e+00	9.601633559565142306e+00
1.134300000000000086e+00	8.744632865217598194e+00
1.137899999999999912e+00	9.041370488755466894e+00
1.141499999999999959e+00	9.078100570636406630e+00
1.145100000000000007e+00	9.145662932420856706e+00
1.148700000000000054e+00	1.075571937240564502e+01
1.152300000000000102e+00	9.565057083152211703e+00
1.155899999999999928e+00	1.000653537700390672e+01
1.159499999999999975e+00	9.951452671546464401e+00
1.163100000000000023e+00	1.039878241648172441e+01
1.166700000000000070e+00	1.034983934198863764e+01
1.170299999999999896e+00	1.012713475906191185e+01
1.173899999999999944e+00	1.006622010480009344e+01
1.177599999999999980e+00	9.434947631135154111e+00
1.181200000000000028e+00	1.074942286683963033e+01
1.184800000000000075e+00	9.631754696445149477e+00
1.188399999999999901e+00	9.713055810619767527e+00
1.191999999999999948e+00	1.054638542396938306e+01
1.195599999999999996e+00	1.036974867252915899e+01
1.199200000000000044e+00	1.004198748145786446e+01
1.202800000000000091e+00	1.035040487961749989e+01
1.206399999999999917e+00	9.696162204394122242e+00
1.209999999999999964e+00	9.532217178981598593e+00
1.213600000000000012e+00	9.368149415532686319e+00
1.217200000000000060e+00	8.991656124619016310e+00
1.220800000000000107e+00	1.008749633464285722e+01
1.224399999999999933e+00	9.356957912869614091e+00
1.228099999999999969e+00	9.477909365875689218e+00
1.231700000000000017e+00	9.530080292125983732e+00
1.235300000000000065e+00	1.049917200005937445e+01
1.238899999999999890e+00	1.014564016857187490e+01
1.242499999999999938e+00	9.724835713408751303e+00
1.246099999999999985e+00	8.981129081851042528e+00
1.249700000000000033e+00	1.004180596659466929e+01
1.253300000000000081e+00	9.081564060618520173e+00
1.256899999999999906e+00	9.234591932343626297e+00
1.260499999999999954e+00	9.126113123131155191e+00
1.264100000000000001e+00	8.612060392083259686e+00
1.267700000000000049e+00	9.209727971621559206e+00
1.271300000000000097e+00	9.330781059939340594e+00
1.274899999999999922e+00	1.099773519353747986e+01
1.278599999999999959e+00	1.050497443678263920e+01
1.282200000000000006e+00	9.330441728735404894e+00
1.285800000000000054e+00	9.452892362359404999e+00
1.289400000000000102e+00	1.015849695290784460e+01
1.292999999999999927e+00	9.881070359263935288e+00
1.296599999999999975e+00	1.055987877295492616e+01
1.300200000000000022e+00	1.043758973335710571e+01
1.303800000000000070e+00	1.074649259402059798e+01
1.307399999999999896e+00	1.111420976197488741e+01
1.310999999999999943e+00	1.089145825624041741e+01
1.314599999999999991e+00	1.141309716242482963e+01
1.318200000000000038e+00	1.104752161013805356e+01
1.321800000000000086e+00	1.151013143774016356e+01
1.325499999999999901e+00	1.140055396948435629e+01
1.329099999999999948e+00	1.048134707234894769e+01
1.332699999999999996e+00	1.125522843515816440e+01
1.336300000000000043e+00	1.087771986189051532e+01
1.339900000000000091e+00	1.110649492494887447e+01
1.343499999999999917e+00	1.051014256921429002e+01
1.347099999999999964e+00	1.164480913751946645e+01
1.350700000000000012e+00	1.235910888650120576e+01
1.354300000000000059e+00	1.310812577423889280e+01
1.357900000000000107e+00	1.297581056598350280e+01
1.361499999999999932e+00	1.177646193596329915e+01
1.365099999999999980e+00	1.369787945068407353e+01
1.368700000000000028e+00	1.266429478401199837e+01
1.372300000000000075e+00	1.226628895676616615e+01
1.375999999999999890e+00	1.373484414641992402e+01
1.379599999999999937e+00	1.292404984108442534e+01
1.383199999999999985e+00	1.388131402957023930e+01
1.386800000000000033e+00	1.356958191353001020e+01
1.390400000000000080e+00	1.390296055568926015e+01
1.393999999999999906e+00	1.433849415287945028e+01
1.397599999999999953e+00	1.338409944374247473e+01
1.401200000000000001e+00	1.503710148265813729e+01
1.404800000000000049e+00	1.563172886021267871e+01
1.408400000000000096e+00	1.534138354955112860e+01
1.411999999999999922e+00	1.646004409916639233e+01
1.415599999999999969e+00	1.745200570742200696e+01
1.419200000000000017e+00	1.764842680361199356e+01
1.422800000000000065e+00	1.730537240747604599e+01
1.426500000000000101e+00	1.804170259784692831e+01
1.430099999999999927e+00	1.868628333758303484e+01
1.433699999999999974e+00	1.948331174177721792e+01
1.437300000000000022e+00	1.911628781060642268e+01
1.440900000000000070e+00	1.936064820275518628e+01
1.444499999999999895e+00	2.087025382072898338e+01
1.448099999999999943e+00	2.175017309363834528e+01
1.451699999999999990e+00	2.179720811249416812e+01
1.455300000000000038e+00	2.205468108969576235e+01
1.458900000000000086e+00	2.236642278047732191e+01
1.462499999999999911e+00	2.212530784591973188e+01
1.466099999999999959e+00	2.448492284774622618e+01
1.469700000000000006e+00	2.575585486322781748e+01
1.473300000000000054e+00	2.572977950965811189e+01
1.477000000000000091e+00	2.669541999569270629e+01
1.480599999999999916e+00	2.841731673827931459e+01
1.484199999999999964e+00	3.123189933616503566e+01
1.487800000000000011e+00	3.234846873784945132e+01
1.491400000000000059e+00	3.272414477201380123e+01
1.495000000000000107e+00	3.326138879454063613e+01
1.498599999999999932e+00	3.301249841340541025e+01
1.502199999999999980e+00	3.530270694301465539e+01
1.505800000000000027e+00	3.883032940931732213e+01
1.509400000000000075e+00	4.152106704715122731e+01
1.512999999999999901e+00	4.516326926030777855e+01
1.516599999999999948e+00	4.912346176763333716e+01
1.520199999999999996e+00	5.126612950339412578e+01
1.523800000000000043e+00	5.065947745644252365e+01
1.527500000000000080e+00	4.976558198029338342e+01
1.531099999999999905e+00	4.819817193895280383e+01
1.534699999999999953e+00	5.006593936963781744e+01
1.538300000000000001e+00	5.583550767609057885e+01
1.541900000000000048e+00	6.128230195039215289e+01
1.545500000000000096e+00	6.911981556953394090e+01
1.549099999999999921e+00	7.603087582206637762e+01
1.552699999999999969e+00	7.641409610684719667e+01
1.556300000000000017e+00	7.516295780999230658e+01
1.559900000000000064e+00	7.124993391412158417e+01
1.563499999999999890e+00	6.621425016165177624e+01
1.567099999999999937e+00	6.219122509046713532e+01
1.570699999999999985e+00	5.592765107693393389e+01
1.574300000000000033e+00	5.236802291816347577e+01
1.578000000000000069e+00	4.852240091971258096e+01
1.581599999999999895e+00	4.515829262722364490e+01
1.585199999999999942e+00	4.268751617457932923e+01
1.588799999999999990e+00	4.076581009600916161e+01
1.592400000000000038e+00	4.277940883805903383e+01
1.596000000000000085e+00	4.740445914595628807e+01
1.599599999999999911e+00	5.454086151284670336e+01
1.603199999999999958e+00	6.226345249259605197e+01
1.606800000000000006e+00	6.881154006924828082e+01
1.610400000000000054e+00	7.082709359514858249e+01
1.614000000000000101e+00	6.935280483001461960e+01
1.617599999999999927e+00	6.403975650723155866e+01
1.621199999999999974e+00	5.728018850224481895e+01
1.624800000000000022e+00	5.527609706581506543e+01
1.628500000000000059e+00	5.679200718873212139e+01
1.632100000000000106e+00	6.173129484811823886e+01
1.635699999999999932e+00	6.746490464343058591e+01
1.639299999999999979e+00	7.181416956231176130e+01
1.642900000000000027e+00	7.149196482543091236e+01
1.646500000000000075e+00	6.840288973526772054e+01
1.650099999999999900e+00	6.131335944687171491e+01
1.653699999999999948e+00	5.566069109453615482e+01
1.657299999999999995e+00	5.145018632112942214e+01
1.660900000000000043e+00	4.594127447964539357e+01
1.664500000000000091e+00	4.224793585522161976e+01
1.668099999999999916e+00	4.009817372727849261e+01
1.671699999999999964e+00	3.814910902498668577e+01
1.675400000000000000e+00	3.673982064058685637e+01
1.679000000000000048e+00	3.444519288907267196e+01
1.682600000000000096e+00	3.519470492151267393e+01
1.686199999999999921e+00	3.238052526977532608e+01
1.689799999999999969e+00	3.253354856824732622e+01
1.693400000000000016e+00	2.986318997769953398e+01
1.697000000000000064e+00	2.897562224917114548e+01
1.700599999999999890e+00	2.870463092309695341e+01
1.704199999999999937e+00	2.852270481732839258e+01
1.707799999999999985e+00	2.849175857016711788e+01
1.711400000000000032e+00	2.868153306566717120e+01
1.715000000000000080e+00	2.782495903998774978e+01
1.718599999999999905e+00	2.641180912546506576e+01
1.722199999999999953e+00	2.475487477392461244e+01
1.725899999999999990e+00	2.470700779641298794e+01
1.729500000000000037e+00	2.371008510721422269e+01
1.733100000000000085e+00	2.263644337159854913e+01
1.736699999999999910e+00	2.206437728503951590e+01
1.740299999999999958e+00	2.265223426480918079e+01
1.743900000000000006e+00	2.182103206939382645e+01
1.747500000000000053e+00	2.254635487278126860e+01
1.751100000000000101e+00	2.284456853379687047e+01
1.754699999999999926e+00	2.094110747472328882e+01
1.758299999999999974e+00	2.166899716818851473e+01
1.761900000000000022e+00	2.241834448524314638e+01
1.765500000000000069e+00	2.168329375652989910e+01
1.769099999999999895e+00	2.334801977745350499e+01
1.772699999999999942e+00	2.416881279055176535e+01
1.776399999999999979e+00	2.255050884454114524e+01
1.780000000000000027e+00	2.149642886752997128e+01
1.783600000000000074e+00	1.951181966129735201e+01
1.787199999999999900e+00	2.065705146306537543e+01
1.790799999999999947e+00	1.858345521436276471e+01
1.794399999999999995e+00	2.023401957586949962e+01
1.798000000000000043e+00	2.085158340079015105e+01
1.801600000000000090e+00	2.163347188689689204e+01
1.805199999999999916e+00	2.286847681507606822e+01
1.808799999999999963e+00	2.289522879736425764e+01
1.812400000000000011e+00	2.190247820137449608e+01
1.816000000000000059e+00	2.144673331330741206e+01
1.819600000000000106e+00	2.183590722274773910e+01
1.823199999999999932e+00	2.252520378426551417e+01
1.826899999999999968e+00	2.348898175931373800e+01
1.830500000000000016e+00	2.357409431257213583e+01
1.834100000000000064e+00	2.337946859119504239e+01
1.837699999999999889e+00	2.354803387774387602e+01
1.841299999999999937e+00	2.219297020638218498e+01
1.844899999999999984e+00	2.314045699950132118e+01
1.848500000000000032e+00	2.237019733884106287e+01
1.852100000000000080e+00	2.137894642651348676e+01
1.855699999999999905e+00	2.047444402477065850e+01
1.859299999999999953e+00	2.129975062663905661e+01
1.862900000000000000e+00	2.183658170620206107e+01
1.866500000000000048e+00	2.216074866583254988e+01
1.870100000000000096e+00	2.367579520771446866e+01
1.873699999999999921e+00	2.461047950541867380e+01
1.877399999999999958e+00	2.505535929964180752e+01
1.881000000000000005e+00	2.563834828114078235e+01
1.884600000000000053e+00	2.701877120878267746e+01
1.888200000000000101e+00	2.857620164628024639e+01
1.891799999999999926e+00	2.861114579056642171e+01
1.895399999999999974e+00	2.864430674743002925e+01
1.899000000000000021e+00	2.834725914098545374e+01
1.902600000000000069e+00	2.674116317883916949e+01
1.906199999999999894e+00	2.604057526065452066e+01
1.909799999999999942e+00	2.617940261324091722e+01
1.913399999999999990e+00	2.525544791763138619e+01
1.917000000000000037e+00	2.617965882707562386e+01
1.920600000000000085e+00	2.663836410413971478e+01
1.924199999999999910e+00	2.592553126786221185e+01
1.927899999999999947e+00	2.778406214003733155e+01
1.931499999999999995e+00	2.690818444296180090e+01
1.935100000000000042e+00	2.763697163759705333e+01
1.938700000000000090e+00	2.858677330756462354e+01
1.942299999999999915e+00	2.968720205927499833e+01
1.945899999999999963e+00	3.093351793614017353e+01
1.949500000000000011e+00	3.079102615705219392e+01
1.953100000000000058e+00	3.170471799551653902e+01
1.956700000000000106e+00	3.099327885551810624e+01
1.960299999999999931e+00	2.954654449171753683e+01
1.963899999999999979e+00	2.812541062654997148e+01
1.967500000000000027e+00	2.819960220830713737e+01
1.971100000000000074e+00	2.743332905427977408e+01
1.974699999999999900e+00	2.807614121279237551e+01
1.978399999999999936e+00	2.922418176615560625e+01
1.981999999999999984e+00	3.006401001056946853e+01
1.985600000000000032e+00	3.238799151165370915e+01
1.989200000000000079e+00	3.320595289197846256e+01
1.992799999999999905e+00	3.346436291176933508e+01
1.996399999999999952e+00	3.261241146725588891e+01
2.000000000000000000e+00	3.039360588539851094e+01
