2.000000000000000111e-01	-1.562854271101797199e+00
2.036000000000000032e-01	-1.115375145669823542e+00
2.071999999999999953e-01	-1.438417006007018051e+00
2.107999999999999874e-01	-1.099937908285298915e+00
2.144000000000000072e-01	-9.728198936521078588e-01
2.179999999999999993e-01	-1.430814704970191364e+00
2.215999999999999914e-01	-1.062345741679845190e+00
2.253000000000000003e-01	-3.706103446256372447e-01
2.288999999999999924e-01	-1.808393906904206538e-01
2.325000000000000122e-01	-5.800115523682912722e-01
2.361000000000000043e-01	-2.532801164988592868e-01
2.396999999999999964e-01	-5.645356533729868342e-01
2.432999999999999885e-01	-7.471704341005579453e-01
2.469000000000000083e-01	-7.014314864345790879e-01
2.505000000000000004e-01	-2.271707217109585342e-01
2.540999999999999925e-01	1.559831256499626395e-01
2.576999999999999846e-01	-9.733284627436504799e-01
2.612999999999999767e-01	-2.230210409827544371e-01
2.649000000000000243e-01	-1.205018463949323326e+00
2.685000000000000164e-01	-8.846558222456586407e-01
2.721000000000000085e-01	-2.732100190131991901e-02
2.757999999999999896e-01	-2.571669720663096737e-01
2.793999999999999817e-01	-6.793538140269690384e-01
2.829999999999999738e-01	-4.214754094621869784e-01
2.866000000000000214e-01	-1.584111153331946298e-01
2.902000000000000135e-01	-2.157012120842421998e-01
2.938000000000000056e-01	7.130280647861820809e-01
2.973999999999999977e-01	6.742051611808062006e-01
3.009999999999999898e-01	9.642101886660411347e-01
3.045999999999999819e-01	2.256760736434037518e-01
3.081999999999999740e-01	4.896936074458466126e-01
3.118000000000000216e-01	2.067931197788485942e-01
3.154000000000000137e-01	1.996839395592549637e+00
3.190000000000000058e-01	4.438547247103854509e-01
3.225999999999999979e-01	5.570872407169462637e-01
3.262999999999999790e-01	3.584853433107902942e-01
3.299000000000000266e-01	-2.385461679115397082e-02
3.335000000000000187e-01	-1.140023880944576629e+00
3.371000000000000107e-01	-2.503667581551536347e-01
3.407000000000000028e-01	-1.224329560684755958e+00
3.442999999999999949e-01	-1.492253487464267891e-02
3.478999999999999870e-01	-1.098637102457105552e+00
3.514999999999999791e-01	-1.587077568964903707e+00
3.551000000000000267e-01	-5.817086531988098219e-01
3.587000000000000188e-01	-9.453842800089407028e-01
3.623000000000000109e-01	1.232481864182616293e-02
3.659000000000000030e-01	6.617261536964779145e-01
3.694999999999999951e-01	8.115003007877441554e-01
3.730999999999999872e-01	-2.161909228351818479e-01
3.768000000000000238e-01	1.271011131903790670e+00
3.804000000000000159e-01	1.537331335392595755e-01
3.840000000000000080e-01	3.095114175236428622e-01
3.876000000000000001e-01	1.622853686991438726e+00
3.911999999999999922e-01	1.507247515627551104e-01
3.947999999999999843e-01	-1.510706551388962815e-01
3.983999999999999764e-01	-1.173203038096310991e-01
4.020000000000000240e-01	2.066152525421225405e-01
4.056000000000000161e-01	-8.877906252124750930e-01
4.092000000000000082e-01	9.522405561266023000e-02
4.128000000000000003e-01	-7.635799566981603670e-01
4.163999999999999924e-01	-3.843835376830532224e-01
4.199999999999999845e-01	1.249765929818849042e-01
4.235999999999999766e-01	-7.900712100004031457e-01
4.273000000000000131e-01	-4.988126620048997650e-01
4.309000000000000052e-01	-5.095744754670612497e-01
4.344999999999999973e-01	-4.986806001464791360e-01
4.380999999999999894e-01	1.000855501295888184e+00
4.416999999999999815e-01	1.252780273343982564e+00
4.452999999999999736e-01	2.747702108472597216e-01
4.489000000000000212e-01	-6.287299436907986538e-02
4.525000000000000133e-01	7.089641926350247481e-01
4.561000000000000054e-01	2.875260608133315965e-01
4.596999999999999975e-01	2.729157514214685110e-01
4.632999999999999896e-01	-6.036452979772866101e-02
4.668999999999999817e-01	4.829541365041511991e-01
4.704999999999999738e-01	6.605485369498668158e-01
4.741000000000000214e-01	-1.048102245223588858e-01
4.778000000000000025e-01	-7.673494299086578430e-01
4.813999999999999946e-01	3.445181593146536825e-01
4.849999999999999867e-01	-7.115358542466618808e-01
4.885999999999999788e-01	1.349343396064406619e-01
4.922000000000000264e-01	8.206401835409886658e-01
4.958000000000000185e-01	1.000956443930443918e+00
4.994000000000000106e-01	1.124252256809495254e+00
5.030000000000000027e-01	1.540429040491682500e+00
5.066000000000000503e-01	1.618607021330604079e+00
5.101999999999999869e-01	2.534100250841101243e+00
5.138000000000000345e-01	2.812430858395389865e+00
5.173999999999999710e-01	1.904024074775731101e+00
5.210000000000000187e-01	-1.497185982409262595e-01
5.245999999999999552e-01	5.324484412539669531e-01
5.282999999999999918e-01	1.485564557038246525e+00
5.319000000000000394e-01	4.397048064004326906e-01
5.354999999999999760e-01	-2.284754459259687731e-01
5.391000000000000236e-01	-4.732367832929164631e-01
5.426999999999999602e-01	8.042868946440852040e-01
5.463000000000000078e-01	-2.179499325951270716e-01
5.499000000000000554e-01	-1.022824464398860433e+00
5.534999999999999920e-01	-4.050051930021981161e-01
5.571000000000000396e-01	1.976058212701489736e-01
5.606999999999999762e-01	1.811810640312142340e+00
5.643000000000000238e-01	1.357538758985644245e+00
5.678999999999999604e-01	2.756964544735129863e+00
5.715000000000000080e-01	2.369952207639153929e+00
5.752000000000000446e-01	2.329848607677719396e+00
5.787999999999999812e-01	1.178265884364385396e+00
5.824000000000000288e-01	1.238565664772554475e+00
5.859999999999999654e-01	2.286339658892047488e+00
5.896000000000000130e-01	9.849469852731667086e-01
5.931999999999999496e-01	2.540604179487576886e+00
5.967999999999999972e-01	2.335337154576465402e+00
6.004000000000000448e-01	7.755904377581901432e-02
6.039999999999999813e-01	5.521307994431886579e-01
6.076000000000000290e-01	1.041493481926879738e+00
6.111999999999999655e-01	9.829711258732991563e-01
6.148000000000000131e-01	3.466585008827834935e-01
6.183999999999999497e-01	6.705382513108830711e-01
6.219999999999999973e-01	2.348997792524377015e+00
6.257000000000000339e-01	8.553880340858924791e-01
6.292999999999999705e-01	7.190270399547729063e-01
6.329000000000000181e-01	1.445986684566851421e+00
6.364999999999999547e-01	1.800175199364245859e+00
6.401000000000000023e-01	3.210601294979392062e+00
6.437000000000000499e-01	2.081301359355217429e+00
6.472999999999999865e-01	1.730290297868421145e+00
6.509000000000000341e-01	2.495044025690113632e+00
6.544999999999999707e-01	2.519462337028599563e+00
6.581000000000000183e-01	1.980595175573558242e+00
6.616999999999999549e-01	2.836571712229734032e+00
6.653000000000000025e-01	8.285668047680840864e-01
6.689000000000000501e-01	2.921243109205279076e+00
6.724999999999999867e-01	2.216679819871639534e+00
6.762000000000000233e-01	1.710076577669156439e+00
6.797999999999999599e-01	1.052703069808933467e+00
6.834000000000000075e-01	2.103109971516516907e+00
6.870000000000000551e-01	1.392608493420718130e+00
6.905999999999999917e-01	1.421548299647280356e+00
6.942000000000000393e-01	2.850350761583495984e+00
6.977999999999999758e-01	2.549991746905838408e+00
7.014000000000000234e-01	2.292739242207249006e+00
7.049999999999999600e-01	2.914047108026415422e+00
7.086000000000000076e-01	1.199798108325164092e+00
7.122000000000000552e-01	3.505950305529595301e+00
7.157999999999999918e-01	3.291409503357466626e+00
7.194000000000000394e-01	4.129775223931347661e+00
7.229999999999999760e-01	2.441431567457412299e+00
7.267000000000000126e-01	2.623189835115836033e+00
7.302999999999999492e-01	3.454384851815868185e+00
7.338999999999999968e-01	2.264687271872589225e+00
7.375000000000000444e-01	2.183431245744450244e+00
7.410999999999999810e-01	2.231341115332869940e+00
7.447000000000000286e-01	1.709469528994090881e+00
7.482999999999999652e-01	1.851907442398433412e+00
7.519000000000000128e-01	1.873064480342289340e+00
7.554999999999999494e-01	1.660039698973994504e+00
7.590999999999999970e-01	1.303764694072455432e+00
7.627000000000000446e-01	2.454899267821759157e+00
7.662999999999999812e-01	1.224558343855205012e+00
7.699000000000000288e-01	3.118500559080503276e+00
7.734999999999999654e-01	2.380492396161589141e+00
7.772000000000000020e-01	3.091549105732917191e+00
7.808000000000000496e-01	2.650271107700724826e+00
7.843999999999999861e-01	2.791819130746520994e+00
7.880000000000000338e-01	2.917137890564695635e+00
7.915999999999999703e-01	1.979177873549789801e+00
7.952000000000000179e-01	1.877905615093411917e+00
7.987999999999999545e-01	2.172870165062633863e+00
8.024000000000000021e-01	2.281591810611644178e+00
8.060000000000000497e-01	2.425418513013046784e+00
8.095999999999999863e-01	2.436431721854372512e+00
8.132000000000000339e-01	2.258168238249668835e+00
8.167999999999999705e-01	3.253910916985428337e+00
8.204000000000000181e-01	2.732979222021565846e+00
8.239999999999999547e-01	3.325608857464306567e+00
8.276999999999999913e-01	3.686526625932510903e+00
8.313000000000000389e-01	4.155393415884176989e+00
8.348999999999999755e-01	3.507043151759154043e+00
8.385000000000000231e-01	4.005587935319276482e+00
8.420999999999999597e-01	3.160123385922393169e+00
8.457000000000000073e-01	3.212750785421189192e+00
8.493000000000000549e-01	4.461794925520786492e+00
8.528999999999999915e-01	2.742870424976332711e+00
8.565000000000000391e-01	3.649571593712793494e+00
8.600999999999999757e-01	3.121346221562379064e+00
8.637000000000000233e-01	2.061162990239620019e+00
8.672999999999999599e-01	2.706395487868237915e+00
8.709000000000000075e-01	3.234070659972740458e+00
8.745000000000000551e-01	3.874050405193240287e+00
8.781999999999999806e-01	2.805634000584189547e+00
8.818000000000000282e-01	2.794510609143223245e+00
8.853999999999999648e-01	2.484529063118202874e+00
8.890000000000000124e-01	1.537930145721133401e+00
8.925999999999999490e-01	2.947686006547179272e+00
8.961999999999999966e-01	3.369647568639600799e+00
8.998000000000000442e-01	3.468981167166162116e+00
9.033999999999999808e-01	3.630336034636077347e+00
9.070000000000000284e-01	3.563354178660675053e+00
9.105999999999999650e-01	4.262552979901045980e+00
9.142000000000000126e-01	4.132771537315096388e+00
9.177999999999999492e-01	4.007287377850562216e+00
9.213999999999999968e-01	5.416953556404171088e+00
9.251000000000000334e-01	4.628290218102670828e+00
9.286999999999999700e-01	3.218444937983228726e+00
9.323000000000000176e-01	4.025343201714347785e+00
9.358999999999999542e-01	3.634121974989346526e+00
9.395000000000000018e-01	4.009224979512614695e+00
9.431000000000000494e-01	3.468428491144246451e+00
9.466999999999999860e-01	4.525086478454725558e+00
9.503000000000000336e-01	4.342042667426654567e+00
9.538999999999999702e-01	4.628678606555142849e+00
9.575000000000000178e-01	5.213136226941722740e+00
9.610999999999999543e-01	5.700971552196875791e+00
9.647000000000000020e-01	3.553930838933368364e+00
9.683000000000000496e-01	4.741060858729741589e+00
9.718999999999999861e-01	4.740170645824928641e+00
9.756000000000000227e-01	4.403418451496045272e+00
9.791999999999999593e-01	3.704272716456673997e+00
9.828000000000000069e-01	4.867209827655478271e+00
9.864000000000000545e-01	5.325646360515388089e+00
9.899999999999999911e-01	3.947150885235398032e+00
9.936000000000000387e-01	4.352555471014354360e+00
9.971999999999999753e-01	3.941740522611163478e+00
1.000799999999999912e+00	5.098105140159788107e+00
1.004399999999999959e+00	4.274992822633510769e+00
1.008000000000000007e+00	4.769225881906836051e+00
1.011600000000000055e+00	5.479026049806337895e+00
1.015200000000000102e+00	5.053191757347388346e+00
1.018799999999999928e+00	4.442004233957671744e+00
1.022399999999999975e+00	4.152323495148318777e+00
1.026100000000000012e+00	4.619678997647364227e+00
1.029700000000000060e+00	5.082032456076493787e+00
1.033300000000000107e+00	5.015293492782312512e+00
1.036899999999999933e+00	5.342868904823507847e+00
1.040499999999999980e+00	4.543728064393635080e+00
1.044100000000000028e+00	4.719272862819418712e+00
1.047700000000000076e+00	4.573862948618033109e+00
1.051299999999999901e+00	5.683741339096546774e+00
1.054899999999999949e+00	5.536592673967063227e+00
1.058499999999999996e+00	5.540596856109193169e+00
1.062100000000000044e+00	4.981146484257871876e+00
1.065700000000000092e+00	5.552102803641439266e+00
1.069299999999999917e+00	5.568526839341489065e+00
1.072899999999999965e+00	3.873347094519576039e+00
1.076600000000000001e+00	4.432654479448447482e+00
1.080200000000000049e+00	4.016410245299079307e+00
1.083800000000000097e+00	4.836923920421619449e+00
1.087399999999999922e+00	5.504798895133959924e+00
1.090999999999999970e+00	6.693030774200241950e+00
1.094600000000000017e+00	5.490282752733470772e+00
1.098200000000000065e+00	6.558206758050339147e+00
1.101799999999999891e+00	6.662046377398812780e+00
1.105399999999999938e+00	5.688717743120425219e+00
1.108999999999999986e+00	6.439804202503050412e+00
1.112600000000000033e+00	6.124145640812887592e+00
1.116200000000000081e+00	6.556665579200119609e+00
1.119799999999999907e+00	7.139439357746171666e+00
1.123399999999999954e+00	6.132699167071332447e+00
1.127099999999999991e+00	6.487584642599725449e+00
1.130700000000000038e+00	5.999389765412730391e+00
1.134300000000000086e+00	7.071518299565918042e+00
1.137899999999999912e+00	6.220263498968596316e+00
1.141499999999999959e+00	7.565325426678604970e+00
1.145100000000000007e+00	6.011090740950791655e+00
1.148700000000000054e+00	6.993929131236811259e+00
1.152300000000000102e+00	7.156584970898059339e+00
1.155899999999999928e+00	6.903595399940797961e+00
1.159499999999999975e+00	8.240190279570537513e+00
1.163100000000000023e+00	8.442657119651229891e+00
1.166700000000000070e+00	7.734058896466130761e+00
1.170299999999999896e+00	6.930161088640498512e+00
1.173899999999999944e+00	8.017540371362679608e+00
1.177599999999999980e+00	9.108695360965279875e+00
1.181200000000000028e+00	6.728753076493934060e+00
1.184800000000000075e+00	8.345891673234151042e+00
1.188399999999999901e+00	8.049352749546455854e+00
1.191999999999999948e+00	8.135844630002159406e+00
1.195599999999999996e+00	7.729632428360152296e+00
1.199200000000000044e+00	9.057457128055954598e+00
1.202800000000000091e+00	8.081888973336450732e+00
1.206399999999999917e+00	8.065010301150325134e+00
1.209999999999999964e+00	8.121014418368751819e+00
1.213600000000000012e+00	8.352816752965955160e+00
1.217200000000000060e+00	8.378559655896586023e+00
1.220800000000000107e+00	8.257881695615077788e+00
1.224399999999999933e+00	7.985160742368748288e+00
1.228099999999999969e+00	7.948486992603174706e+00
1.231700000000000017e+00	7.906299813190624803e+00
1.235300000000000065e+00	8.079848632736156944e+00
1.238899999999999890e+00	8.919545809768578692e+00
1.242499999999999938e+00	8.767200669713650640e+00
1.246099999999999985e+00	9.715830392300897955e+00
1.249700000000000033e+00	8.848611249940329770e+00
1.253300000000000081e+00	8.219182912911490391e+00
1.256899999999999906e+00	9.667389005514404943e+00
1.260499999999999954e+00	8.727883380172233529e+00
1.264100000000000001e+00	8.687031238508394537e+00
1.267700000000000049e+00	1.001809570761873225e+01
1.271300000000000097e+00	8.530371773081879994e+00
1.274899999999999922e+00	9.638745075127506112e+00
1.278599999999999959e+00	9.937264491005919353e+00
1.282200000000000006e+00	9.480154952658365275e+00
1.285800000000000054e+00	9.025782621175093112e+00
1.289400000000000102e+00	1.038830433559226130e+01
1.292999999999999927e+00	1.043259683275539729e+01
1.296599999999999975e+00	1.031485357733399510e+01
1.300200000000000022e+00	1.080905945589934447e+01
1.303800000000000070e+00	1.084520217834648648e+01
1.307399999999999896e+00	1.068605693547171853e+01
1.310999999999999943e+00	1.016744166924497605e+01
1.314599999999999991e+00	1.001436239848913701e+01
1.318200000000000038e+00	1.078624862763805581e+01
1.321800000000000086e+00	9.384426712915944435e+00
1.325499999999999901e+00	9.357202561726579049e+00
1.329099999999999948e+00	9.923586113877640003e+00
1.332699999999999996e+00	9.267877463174812647e+00
1.336300000000000043e+00	1.004969160398169770e+01
1.339900000000000091e+00	1.019883993124743604e+01
1.343499999999999917e+00	9.943394573142448678e+00
1.347099999999999964e+00	1.096412347783776298e+01
1.350700000000000012e+00	1.050630667313556188e+01
1.354300000000000059e+00	1.095464252413990991e+01
1.357900000000000107e+00	1.226233286075184026e+01
1.361499999999999932e+00	1.156209223957071330e+01
1.365099999999999980e+00	1.200573609750375148e+01
1.368700000000000028e+00	1.244589528152507540e+01
1.372300000000000075e+00	1.175922862476009279e+01
1.375999999999999890e+00	1.257434872596966891e+01
1.379599999999999937e+00	1.334186245616058564e+01
1.383199999999999985e+00	1.323200074784875824e+01
1.386800000000000033e+00	1.361208760478221258e+01
1.390400000000000080e+00	1.479764369662235168e+01
1.393999999999999906e+00	1.407588007790931961e+01
1.397599999999999953e+00	1.430049590760322076e+01
1.401200000000000001e+00	1.484076743120634845e+01
1.404800000000000049e+00	1.546963159555409639e+01
1.408400000000000096e+00	1.467023665751542083e+01
1.411999999999999922e+00	1.594718242389561524e+01
1.415599999999999969e+00	1.517400403177436985e+01
1.419200000000000017e+00	1.558754416957643230e+01
1.422800000000000065e+00	1.533068942606583285e+01
1.426500000000000101e+00	1.526854239351288811e+01
1.430099999999999927e+00	1.507409085312915664e+01
1.433699999999999974e+00	1.486790141829126277e+01
1.437300000000000022e+00	1.560817605627049254e+01
1.440900000000000070e+00	1.482058925858847509e+01
1.444499999999999895e+00	1.497943626895627212e+01
1.448099999999999943e+00	1.638608047423364411e+01
1.451699999999999990e+00	1.565674939333874072e+01
1.455300000000000038e+00	1.562545070266997627e+01
1.458900000000000086e+00	1.527144069672540283e+01
1.462499999999999911e+00	1.565729069652774008e+01
1.466099999999999959e+00	1.571240241092908363e+01
1.469700000000000006e+00	1.598392827583544040e+01
1.473300000000000054e+00	1.673267903583782612e+01
1.477000000000000091e+00	1.758253080059836648e+01
1.480599999999999916e+00	1.595608946008325724e+01
1.484199999999999964e+00	1.870874407497383984e+01
1.487800000000000011e+00	1.861768236441799473e+01
1.491400000000000059e+00	1.853406772212911946e+01
1.495000000000000107e+00	1.859258946066898588e+01
1.498599999999999932e+00	1.876103002085934435e+01
1.502199999999999980e+00	1.908120949561786972e+01
1.505800000000000027e+00	1.966601338020186773e+01
1.509400000000000075e+00	2.050534713318639035e+01
1.512999999999999901e+00	1.993669616160580205e+01
1.516599999999999948e+00	2.030064482862436392e+01
1.520199999999999996e+00	2.174489850660184942e+01
1.523800000000000043e+00	2.316631215910506469e+01
1.527500000000000080e+00	2.212384382384431092e+01
1.531099999999999905e+00	2.371163812142868110e+01
1.534699999999999953e+00	2.549611364563273952e+01
1.538300000000000001e+00	2.669096438789988213e+01
1.541900000000000048e+00	2.667947538424289178e+01
1.545500000000000096e+00	2.750774602580822759e+01
1.549099999999999921e+00	2.884558461583622346e+01
1.552699999999999969e+00	3.026482975061651004e+01
1.556300000000000017e+00	3.146369996408110836e+01
1.559900000000000064e+00	3.198660075641756961e+01
1.563499999999999890e+00	3.329659971978863808e+01
1.567099999999999937e+00	3.464636741897096783e+01
1.570699999999999985e+00	3.674035676947574558e+01
1.574300000000000033e+00	3.901929223510486366e+01
1.578000000000000069e+00	3.985949495508803153e+01
1.581599999999999895e+00	4.157264098666691154e+01
1.585199999999999942e+00	4.244292493799940047e+01
1.588799999999999990e+00	4.147522816059242956e+01
1.592400000000000038e+00	4.105565879265432017e+01
1.596000000000000085e+00	4.057804088544313714e+01
1.599599999999999911e+00	3.965735353542162045e+01
1.603199999999999958e+00	4.024083863061343180e+01
1.606800000000000006e+00	3.850024879966417757e+01
1.610400000000000054e+00	3.713817589818322773e+01
1.614000000000000101e+00	3.698326415979819615e+01
1.617599999999999927e+00	3.333383502048537395e+01
1.621199999999999974e+00	3.227953303526079765e+01
1.624800000000000022e+00	3.122530200833801928e+01
1.628500000000000059e+00	3.066827013057728024e+01
1.632100000000000106e+00	3.042468496627432373e+01
1.635699999999999932e+00	3.000442002390300189e+01
1.639299999999999979e+00	2.898176757600026576e+01
1.642900000000000027e+00	2.820766141120239823e+01
1.646500000000000075e+00	2.711003593561003910e+01
1.650099999999999900e+00	2.547835551659554199e+01
1.653699999999999948e+00	2.452887704492209764e+01
1.657299999999999995e+00	2.341293113811670068e+01
1.660900000000000043e+00	2.334310949372378374e+01
1.664500000000000091e+00	2.461754731322970002e+01
1.668099999999999916e+00	2.339330138902131040e+01
1.671699999999999964e+00	2.440684501414332175e+01
1.675400000000000000e+00	2.484413485394287591e+01
1.679000000000000048e+00	2.385168409015117774e+01
1.682600000000000096e+00	2.297398975775765351e+01
1.686199999999999921e+00	2.269949884572452703e+01
1.689799999999999969e+00	2.181080091191568116e+01
1.693400000000000016e+00	2.241564554191598191e+01
1.697000000000000064e+00	2.065645898989012252e+01
1.700599999999999890e+00	2.181947978700525681e+01
1.704199999999999937e+00	2.239926246276820265e+01
1.707799999999999985e+00	2.217306434027219808e+01
1.711400000000000032e+00	2.346689028047413217e+01
1.715000000000000080e+00	2.224384064551923501e+01
1.718599999999999905e+00	2.311917771507995667e+01
1.722199999999999953e+00	2.271239490627032964e+01
1.725899999999999990e+00	2.323654965743182288e+01
1.729500000000000037e+00	2.287032616924157580e+01
1.733100000000000085e+00	2.322480283620731711e+01
1.736699999999999910e+00	2.372661051047814595e+01
1.740299999999999958e+00	2.482418922364690772e+01
1.743900000000000006e+00	2.606425003115931460e+01
1.747500000000000053e+00	2.634855299214196478e+01
1.751100000000000101e+00	2.672359325646548811e+01
1.754699999999999926e+00	2.753284677500227673e+01
1.758299999999999974e+00	2.862535622281791348e+01
1.761900000000000022e+00	2.846502728229894430e+01
1.765500000000000069e+00	2.790747934340823733e+01
1.769099999999999895e+00	2.774492532482388185e+01
1.772699999999999942e+00	2.741396238206096569e+01
1.776399999999999979e+00	2.819655531658110448e+01
1.780000000000000027e+00	2.905401262035075405e+01
1.783600000000000074e+00	2.636111906386994619e+01
1.787199999999999900e+00	2.694178550536687311e+01
1.790799999999999947e+00	2.883158733602733292e+01
1.794399999999999995e+00	3.109979544643188376e+01
1.798000000000000043e+00	3.272753236047867631e+01
1.801600000000000090e+00	3.268459253490957650e+01
1.805199999999999916e+00	3.158824759281909778e+01
1.808799999999999963e+00	3.120729067289360259e+01
1.812400000000000011e+00	2.976817631311611478e+01
1.816000000000000059e+00	2.779594676618576443e+01
1.819600000000000106e+00	2.571613698450531516e+01
1.823199999999999932e+00	2.509765870539659360e+01
1.826899999999999968e+00	2.562064843320983698e+01
1.830500000000000016e+00	2.536093266112511557e+01
1.834100000000000064e+00	2.765370941322389342e+01
1.837699999999999889e+00	2.807049115227805558e+01
1.841299999999999937e+00	2.786328632772751845e+01
1.844899999999999984e+00	2.801337372782567670e+01
1.848500000000000032e+00	2.700869173808735724e+01
1.852100000000000080e+00	2.746385572511337614e+01
1.855699999999999905e+00	2.734910060795203179e+01
1.859299999999999953e+00	2.681366956878908425e+01
1.862900000000000000e+00	2.707426801382884918e+01
1.866500000000000048e+00	2.914747021633100488e+01
1.870100000000000096e+00	2.789446962289547471e+01
1.873699999999999921e+00	2.718389189603306022e+01
1.877399999999999958e+00	2.790653966302757638e+01
1.881000000000000005e+00	2.605486121371648522e+01
1.884600000000000053e+00	2.641444140310031230e+01
1.888200000000000101e+00	2.601737660786595541e+01
1.891799999999999926e+00	2.650431506646076230e+01
1.895399999999999974e+00	2.848958967274101539e+01
1.899000000000000021e+00	3.040669520259660885e+01
1.902600000000000069e+00	3.425150668151935918e+01
1.906199999999999894e+00	3.845676431735218159e+01
1.909799999999999942e+00	3.898248299537566908e+01
1.913399999999999990e+00	4.035605054764774735e+01
1.917000000000000037e+00	3.911422322588635581e+01
1.920600000000000085e+00	3.839437643269243239e+01
1.924199999999999910e+00	3.403284852496463486e+01
1.927899999999999947e+00	3.197214509620442513e+01
1.931499999999999995e+00	2.937252986143298017e+01
1.935100000000000042e+00	2.756546788322863861e+01
1.938700000000000090e+00	2.799904594995470930e+01
1.942299999999999915e+00	2.816637059299176116e+01
1.945899999999999963e+00	3.170539122478102101e+01
1.949500000000000011e+00	3.582834447967650249e+01
1.953100000000000058e+00	3.907728391051774963e+01
1.956700000000000106e+00	4.137890561963516234e+01
1.960299999999999931e+00	4.253375006618730936e+01
1.963899999999999979e+00	4.212695772715451881e+01
1.967500000000000027e+00	4.234915422039758681e+01
1.971100000000000074e+00	4.207323066395987610e+01
1.974699999999999900e+00	4.398401930180615693e+01
1.978399999999999936e+00	4.547472473070912002e+01
1.981999999999999984e+00	4.769323310318469566e+01
1.985600000000000032e+00	4.832619848151312425e+01
1.989200000000000079e+00	4.799261935519213296e+01
1.992799999999999905e+00	4.454430525988206568e+01
1.996399999999999952e+00	4.011424038394223146e+01
2.000000000000000000e+00	3.023401002563867124e+01
