2.000000000000000111e-01	-1.338517939749244157e+00
2.036000000000000032e-01	-1.826993491111827517e+00
2.071999999999999953e-01	-1.805092848264252758e+00
2.107999999999999874e-01	-2.587947787625568985e+00
2.144000000000000072e-01	-2.235302534617177983e+00
2.179999999999999993e-01	-2.176937783438467555e+00
2.215999999999999914e-01	-3.166522981681046733e+00
2.253000000000000003e-01	-1.935838080476474765e+00
2.288999999999999924e-01	-7.033009693670468909e-01
2.325000000000000122e-01	-1.531330845395419971e-01
2.361000000000000043e-01	4.103514380249891902e-01
2.396999999999999964e-01	3.637509519870953389e-01
2.432999999999999885e-01	1.447258304813978103e-01
2.469000000000000083e-01	5.212339960992377064e-01
2.505000000000000004e-01	6.172215164781797991e-01
2.540999999999999925e-01	-1.538155688900187945e-01
2.576999999999999846e-01	-1.216772353676885743e+00
2.612999999999999767e-01	-1.239174557263537313e+00
2.649000000000000243e-01	-1.689295208882410471e+00
2.685000000000000164e-01	-1.565563286066011806e+00
2.721000000000000085e-01	-3.443853268545404411e+00
2.757999999999999896e-01	-2.130399862957086832e+00
2.793999999999999817e-01	-3.109857677234950657e+00
2.829999999999999738e-01	-3.589557265305144185e+00
2.866000000000000214e-01	-2.750271085761526901e+00
2.902000000000000135e-01	-1.731318701683780770e+00
2.938000000000000056e-01	-6.913016392333108939e-01
2.973999999999999977e-01	-1.995292182127368363e-01
3.009999999999999898e-01	-4.885200812933146453e-01
3.045999999999999819e-01	1.505368930588252718e+00
3.081999999999999740e-01	1.921054894329267404e-02
3.118000000000000216e-01	1.607147800307086039e+00
3.154000000000000137e-01	1.920682246711183483e+00
3.190000000000000058e-01	4.881935897811191527e-01
3.225999999999999979e-01	8.426262409900033834e-01
3.262999999999999790e-01	4.436038203101334010e-01
3.299000000000000266e-01	-1.104761523046811078e-01
3.335000000000000187e-01	-9.754227924080511869e-01
3.371000000000000107e-01	-1.244734896016856940e+00
3.407000000000000028e-01	-2.063674146353333239e+00
3.442999999999999949e-01	-3.421723892158828662e+00
3.478999999999999870e-01	-1.504151363018217058e+00
3.514999999999999791e-01	-1.292394649826639874e+00
3.551000000000000267e-01	-3.100553016098766879e+00
3.587000000000000188e-01	-1.620659948321538035e+00
3.623000000000000109e-01	-3.071323947278205013e-01
3.659000000000000030e-01	1.441124664065762673e-03
3.694999999999999951e-01	1.531183175543846309e+00
3.730999999999999872e-01	1.678582418100798890e+00
3.768000000000000238e-01	3.265638302999271048e+00
3.804000000000000159e-01	2.992392515644890505e+00
3.840000000000000080e-01	2.697357561925917580e+00
3.876000000000000001e-01	6.321498244049004178e-01
3.911999999999999922e-01	3.208538625595998894e+00
3.947999999999999843e-01	1.950925375257737571e+00
3.983999999999999764e-01	1.403443520307028791e+00
4.020000000000000240e-01	6.740360039651667190e-01
4.056000000000000161e-01	1.975767660858285257e+00
4.092000000000000082e-01	1.144087972772130035e+00
4.128000000000000003e-01	-5.113013069608018935e-02
4.163999999999999924e-01	-9.339855149326914407e-01
4.199999999999999845e-01	6.120687919712088920e-01
4.235999999999999766e-01	-3.513066213012241423e-01
4.273000000000000131e-01	1.727464877376103103e-01
4.309000000000000052e-01	2.653525192723113491e-01
4.344999999999999973e-01	2.442616114045805809e+00
4.380999999999999894e-01	2.339326766950088121e+00
4.416999999999999815e-01	2.594334700341347499e+00
4.452999999999999736e-01	3.563110140565396655e+00
4.489000000000000212e-01	2.922312196981102783e+00
4.525000000000000133e-01	4.486689649866961282e+00
4.561000000000000054e-01	3.558530056320986290e+00
4.596999999999999975e-01	3.662800771814606726e+00
4.632999999999999896e-01	2.520716649402967580e+00
4.668999999999999817e-01	2.331932018530324502e+00
4.704999999999999738e-01	2.761235962801915633e+00
4.741000000000000214e-01	2.426534424227889453e+00
4.778000000000000025e-01	6.975111222869062599e-01
4.813999999999999946e-01	1.786490110165422029e+00
4.849999999999999867e-01	1.272600225648160333e+00
4.885999999999999788e-01	5.557103064447019292e-02
4.922000000000000264e-01	1.799770498647701444e+00
4.958000000000000185e-01	7.823636069512163171e-01
4.994000000000000106e-01	1.028982362351385405e+00
5.030000000000000027e-01	2.226444983221588458e+00
5.066000000000000503e-01	2.908681740714061714e+00
5.101999999999999869e-01	1.430694414214007448e+00
5.138000000000000345e-01	3.172256920260237756e+00
5.173999999999999710e-01	2.552486797691078113e+00
5.210000000000000187e-01	2.332217735071169251e+00
5.245999999999999552e-01	2.714508818926132605e+00
5.282999999999999918e-01	2.871966140833194014e+00
5.319000000000000394e-01	2.493926135958125734e+00
5.354999999999999760e-01	2.684413058991824919e+00
5.391000000000000236e-01	1.633399151254452786e+00
5.426999999999999602e-01	1.532057738160406357e+00
5.463000000000000078e-01	9.125704850114938482e-01
5.499000000000000554e-01	-3.090670817483003735e-02
5.534999999999999920e-01	7.744983953179416236e-01
5.571000000000000396e-01	2.360255164276554574e-01
5.606999999999999762e-01	1.031389934780056805e+00
5.643000000000000238e-01	5.280964345554015615e-01
5.678999999999999604e-01	1.169227019635050935e+00
5.715000000000000080e-01	6.524708297178495320e-01
5.752000000000000446e-01	2.004867469475311914e+00
5.787999999999999812e-01	2.817539346184659621e+00
5.824000000000000288e-01	2.713107499323443417e+00
5.859999999999999654e-01	3.195570160698184559e+00
5.896000000000000130e-01	4.012913015126727601e+00
5.931999999999999496e-01	3.857220833283225403e+00
5.967999999999999972e-01	3.732613304311613867e+00
6.004000000000000448e-01	3.886087006475206884e+00
6.039999999999999813e-01	3.405848832783993085e+00
6.076000000000000290e-01	2.550780927480745142e+00
6.111999999999999655e-01	1.512594229785190869e+00
6.148000000000000131e-01	1.056320815735168228e+00
6.183999999999999497e-01	4.835846618241826378e-01
6.219999999999999973e-01	2.132719700675030916e-01
6.257000000000000339e-01	-5.526447524253823573e-01
6.292999999999999705e-01	4.909442729823476070e-01
6.329000000000000181e-01	-7.163991117431945943e-01
6.364999999999999547e-01	1.656812107107447973e+00
6.401000000000000023e-01	4.884077799551909127e-01
6.437000000000000499e-01	8.794173106974032539e-01
6.472999999999999865e-01	1.635109442740270369e+00
6.509000000000000341e-01	1.607119249425002838e+00
6.544999999999999707e-01	1.909028387226090029e+00
6.581000000000000183e-01	3.074677368086361273e+00
6.616999999999999549e-01	2.928917857422662863e+00
6.653000000000000025e-01	2.981982537459137106e+00
6.689000000000000501e-01	4.668229585794009040e+00
6.724999999999999867e-01	3.097345276431091587e+00
6.762000000000000233e-01	2.936596008257988721e+00
6.797999999999999599e-01	2.552757620493981694e+00
6.834000000000000075e-01	9.785286666825591118e-01
6.870000000000000551e-01	1.851157152982477516e+00
6.905999999999999917e-01	1.343527855705936913e+00
6.942000000000000393e-01	1.017486355463395720e+00
6.977999999999999758e-01	8.213591015313219668e-01
7.014000000000000234e-01	7.998212321898269250e-01
7.049999999999999600e-01	-1.985805704207214695e-01
7.086000000000000076e-01	1.100279742127551419e+00
7.122000000000000552e-01	1.070140119921810573e+00
7.157999999999999918e-01	2.985801529609137361e+00
7.194000000000000394e-01	3.036165364346289586e+00
7.229999999999999760e-01	2.071032530222227219e+00
7.267000000000000126e-01	3.697167266461730328e+00
7.302999999999999492e-01	4.079940887057182941e+00
7.338999999999999968e-01	4.275619856443680256e+00
7.375000000000000444e-01	3.282374739789626794e+00
7.410999999999999810e-01	2.671173152502805070e+00
7.447000000000000286e-01	1.581598890131078683e+00
7.482999999999999652e-01	2.438358915790455050e+00
7.519000000000000128e-01	1.980497993871332074e+00
7.554999999999999494e-01	1.661736371691481917e+00
7.590999999999999970e-01	1.534463950199690618e+00
7.627000000000000446e-01	1.083957260462233396e+00
7.662999999999999812e-01	8.892619322856579744e-01
7.699000000000000288e-01	2.052622867505790705e+00
7.734999999999999654e-01	8.148921261043268194e-01
7.772000000000000020e-01	2.020907716805780296e+00
7.808000000000000496e-01	3.697024746314990562e+00
7.843999999999999861e-01	3.397054086505357340e+00
7.880000000000000338e-01	2.465129718011888293e+00
7.915999999999999703e-01	4.034505374682997747e+00
7.952000000000000179e-01	3.509098714840783728e+00
7.987999999999999545e-01	3.574656827805174686e+00
8.024000000000000021e-01	4.050629862373485324e+00
8.060000000000000497e-01	3.590765981441280452e+00
8.095999999999999863e-01	2.307647745091202296e+00
8.132000000000000339e-01	3.620989351996576566e+00
8.167999999999999705e-01	2.946423323233697378e+00
8.204000000000000181e-01	2.547843703096893453e+00
8.239999999999999547e-01	2.167975923066877364e+00
8.276999999999999913e-01	2.675431724682160173e+00
8.313000000000000389e-01	2.059148775397466213e+00
8.348999999999999755e-01	3.439348985863043051e+00
8.385000000000000231e-01	3.045778645310379673e+00
8.420999999999999597e-01	2.689758153269510288e+00
8.457000000000000073e-01	4.089281197756481134e+00
8.493000000000000549e-01	4.465653168537816242e+00
8.528999999999999915e-01	5.021648492239401129e+00
8.565000000000000391e-01	5.099681898890235487e+00
8.600999999999999757e-01	3.467897800353521021e+00
8.637000000000000233e-01	4.129327323553932061e+00
8.672999999999999599e-01	4.798573271854948530e+00
8.709000000000000075e-01	4.216340904138119683e+00
8.745000000000000551e-01	3.757352864396474867e+00
8.781999999999999806e-01	4.848745657308811019e+00
8.818000000000000282e-01	3.898938303665803851e+00
8.853999999999999648e-01	3.989014633275046684e+00
8.890000000000000124e-01	3.672613743735749559e+00
8.925999999999999490e-01	2.584158231029578090e+00
8.961999999999999966e-01	2.867069345879747821e+00
8.998000000000000442e-01	2.789299990125032824e+00
9.033999999999999808e-01	3.775394112200074481e+00
9.070000000000000284e-01	3.300626439675761858e+00
9.105999999999999650e-01	3.075135043646540112e+00
9.142000000000000126e-01	4.790971529609152846e+00
9.177999999999999492e-01	4.268818309785939569e+00
9.213999999999999968e-01	5.664868305777980950e+00
9.251000000000000334e-01	6.145498969172708215e+00
9.286999999999999700e-01	5.437890957644778034e+00
9.323000000000000176e-01	6.139360874777572974e+00
9.358999999999999542e-01	5.708535554700318926e+00
9.395000000000000018e-01	5.688972684678054392e+00
9.431000000000000494e-01	5.692286739521999372e+00
9.466999999999999860e-01	5.015916866707505584e+00
9.503000000000000336e-01	4.674522999258775791e+00
9.538999999999999702e-01	5.122172155935160731e+00
9.575000000000000178e-01	3.538850004842188923e+00
9.610999999999999543e-01	4.486005324776730419e+00
9.647000000000000020e-01	3.939865874398824630e+00
9.683000000000000496e-01	4.913875938548185829e+00
9.718999999999999861e-01	4.205577508129091591e+00
9.756000000000000227e-01	4.961149159630934946e+00
9.791999999999999593e-01	4.984916721342028012e+00
9.828000000000000069e-01	5.298637853469906567e+00
9.864000000000000545e-01	5.286590244288969842e+00
9.899999999999999911e-01	7.150356400952347258e+00
9.936000000000000387e-01	6.994774508802135138e+00
9.971999999999999753e-01	7.167098129933016537e+00
1.000799999999999912e+00	7.159997263966351611e+00
1.004399999999999959e+00	6.470429416556933155e+00
1.008000000000000007e+00	6.693827820832578546e+00
1.011600000000000055e+00	6.970041665623252669e+00
1.015200000000000102e+00	6.567030258556611599e+00
1.018799999999999928e+00	6.077068769784383484e+00
1.022399999999999975e+00	6.182764823797256781e+00
1.026100000000000012e+00	5.459424060180777083e+00
1.029700000000000060e+00	5.049320606012848600e+00
1.033300000000000107e+00	5.859155870352278583e+00
1.036899999999999933e+00	5.195211376538131809e+00
1.040499999999999980e+00	6.277291400112241959e+00
1.044100000000000028e+00	5.795127654283401597e+00
1.047700000000000076e+00	7.155349570422129268e+00
1.051299999999999901e+00	7.385178724383504978e+00
1.054899999999999949e+00	7.836407058368172862e+00
1.058499999999999996e+00	9.003572415998462475e+00
1.062100000000000044e+00	7.552738450303714934e+00
1.065700000000000092e+00	7.295426594924997232e+00
1.069299999999999917e+00	8.486995210624529662e+00
1.072899999999999965e+00	7.488126415338917319e+00
1.076600000000000001e+00	6.398779411150590235e+00
1.080200000000000049e+00	6.985063430122018246e+00
1.083800000000000097e+00	5.907919940337169606e+00
1.087399999999999922e+00	5.406104173774846089e+00
1.090999999999999970e+00	7.068477167196231647e+00
1.094600000000000017e+00	6.490273190509226353e+00
1.098200000000000065e+00	7.874955293909991383e+00
1.101799999999999891e+00	8.477200838440074548e+00
1.105399999999999938e+00	9.362054520506617905e+00
1.108999999999999986e+00	8.206566600736682204e+00
1.112600000000000033e+00	8.464128014875605288e+00
1.116200000000000081e+00	7.894956354329204729e+00
1.119799999999999907e+00	7.646517509265614798e+00
1.123399999999999954e+00	7.281105460942458585e+00
1.127099999999999991e+00	8.492414919888162217e+00
1.130700000000000038e+00	7.118880423378306510e+00
1.134300000000000086e+00	6.259265383641256619e+00
1.137899999999999912e+00	7.984826694120065405e+00
1.141499999999999959e+00	8.058935259024149644e+00
1.145100000000000007e+00	8.665570182307360980e+00
1.148700000000000054e+00	8.859742242366419163e+00
1.152300000000000102e+00	9.271311040579544027e+00
1.155899999999999928e+00	1.056342689875315521e+01
1.159499999999999975e+00	9.647327370140088121e+00
1.163100000000000023e+00	9.353787624406754375e+00
1.166700000000000070e+00	9.280706521973050016e+00
1.170299999999999896e+00	8.276078008585738388e+00
1.173899999999999944e+00	7.175046136111532746e+00
1.177599999999999980e+00	7.969944768472336349e+00
1.181200000000000028e+00	9.413497972973880579e+00
1.184800000000000075e+00	8.384722386019451079e+00
1.188399999999999901e+00	9.737071438404152346e+00
1.191999999999999948e+00	9.716225392883186984e+00
1.195599999999999996e+00	9.522262762200366382e+00
1.199200000000000044e+00	9.886368079384416419e+00
1.202800000000000091e+00	9.923710238145835305e+00
1.206399999999999917e+00	1.045687901748757831e+01
1.209999999999999964e+00	9.601245108390878968e+00
1.213600000000000012e+00	9.399982952284556603e+00
1.217200000000000060e+00	9.480426915715707281e+00
1.220800000000000107e+00	8.626589173315238668e+00
1.224399999999999933e+00	8.692396561881722050e+00
1.228099999999999969e+00	1.006100346072715723e+01
1.231700000000000017e+00	9.127709643240571324e+00
1.235300000000000065e+00	1.033054185818402182e+01
1.238899999999999890e+00	9.968005580522403264e+00
1.242499999999999938e+00	1.120263336377631624e+01
1.246099999999999985e+00	8.952068765791356242e+00
1.249700000000000033e+00	1.053734533961335806e+01
1.253300000000000081e+00	1.219097718021424548e+01
1.256899999999999906e+00	1.044371357208330409e+01
1.260499999999999954e+00	1.153756409794350368e+01
1.264100000000000001e+00	1.031142243559485827e+01
1.267700000000000049e+00	1.156509546632217855e+01
1.271300000000000097e+00	1.041682288343983309e+01
1.274899999999999922e+00	1.036204219425254180e+01
1.278599999999999959e+00	1.157030319206096891e+01
1.282200000000000006e+00	1.028601605843319966e+01
1.285800000000000054e+00	1.013394771360050228e+01
1.289400000000000102e+00	1.053365819760455757e+01
1.292999999999999927e+00	1.210948806845824599e+01
1.296599999999999975e+00	1.171779682909535580e+01
1.300200000000000022e+00	1.293268702241771351e+01
1.303800000000000070e+00	1.331201925032988775e+01
1.307399999999999896e+00	1.224385593535483530e+01
1.310999999999999943e+00	1.357267382840271885e+01
1.314599999999999991e+00	1.374628467091696038e+01
1.318200000000000038e+00	1.245901505640958362e+01
1.321800000000000086e+00	1.372035551011443211e+01
1.325499999999999901e+00	1.332929766721454889e+01
1.329099999999999948e+00	1.296304313257689955e+01
1.332699999999999996e+00	1.267771401144152676e+01
1.336300000000000043e+00	1.258539745514270258e+01
1.339900000000000091e+00	1.371533516026018695e+01
1.343499999999999917e+00	1.249791769440988709e+01
1.347099999999999964e+00	1.271206547947912568e+01
1.350700000000000012e+00	1.453790016117568662e+01
1.354300000000000059e+00	1.391713750607825162e+01
1.357900000000000107e+00	1.496507419636808578e+01
1.361499999999999932e+00	1.585658550513319298e+01
1.365099999999999980e+00	1.672661028087666324e+01
1.368700000000000028e+00	1.640645795000251184e+01
1.372300000000000075e+00	1.659483137451592327e+01
1.375999999999999890e+00	1.728920486060459538e+01
1.379599999999999937e+00	1.715940949131192639e+01
1.383199999999999985e+00	1.585820671688600214e+01
1.386800000000000033e+00	1.507489404641340514e+01
1.390400000000000080e+00	1.651285893629551538e+01
1.393999999999999906e+00	1.532770810666160166e+01
1.397599999999999953e+00	1.658073178047505181e+01
1.401200000000000001e+00	1.649614526331487241e+01
1.404800000000000049e+00	1.767424795217064926e+01
1.408400000000000096e+00	1.754269511137717785e+01
1.411999999999999922e+00	1.889220559277105238e+01
1.415599999999999969e+00	1.809114798151956194e+01
1.419200000000000017e+00	1.961157116421193436e+01
1.422800000000000065e+00	2.111593643068493975e+01
1.426500000000000101e+00	2.050342583095728344e+01
1.430099999999999927e+00	2.010942807644839903e+01
1.433699999999999974e+00	2.196859060436152689e+01
1.437300000000000022e+00	1.999693545431517805e+01
1.440900000000000070e+00	2.250285452825490751e+01
1.444499999999999895e+00	2.337458312767756397e+01
1.448099999999999943e+00	2.379208398217093645e+01
1.451699999999999990e+00	2.501446901545147483e+01
1.455300000000000038e+00	2.596113100139473318e+01
1.458900000000000086e+00	2.685305125542067017e+01
1.462499999999999911e+00	2.656160449334029394e+01
1.466099999999999959e+00	2.756226155955605606e+01
1.469700000000000006e+00	2.702845736966842338e+01
1.473300000000000054e+00	2.730220492779692165e+01
1.477000000000000091e+00	2.733353666142004812e+01
1.480599999999999916e+00	2.950540475564380571e+01
1.484199999999999964e+00	3.101618693609308863e+01
1.487800000000000011e+00	3.294518830904765139e+01
1.491400000000000059e+00	3.559339431755022787e+01
1.495000000000000107e+00	3.652874640297653031e+01
1.498599999999999932e+00	3.815817893375652403e+01
1.502199999999999980e+00	3.919861348214168828e+01
1.505800000000000027e+00	4.236633325453433230e+01
1.509400000000000075e+00	4.108874503732734951e+01
1.512999999999999901e+00	4.330317782818625716e+01
1.516599999999999948e+00	4.555178155703347898e+01
1.520199999999999996e+00	5.060561887549832250e+01
1.523800000000000043e+00	5.612139746491343573e+01
1.527500000000000080e+00	6.261312621791066846e+01
1.531099999999999905e+00	7.083059675669557009e+01
1.534699999999999953e+00	7.488624996191941818e+01
1.538300000000000001e+00	7.687209709081041353e+01
1.541900000000000048e+00	7.672649103144397031e+01
1.545500000000000096e+00	7.336519900811347838e+01
1.549099999999999921e+00	7.107661836238301589e+01
1.552699999999999969e+00	6.780351934802557423e+01
1.556300000000000017e+00	6.541801462402864331e+01
1.559900000000000064e+00	6.181753255903051070e+01
1.563499999999999890e+00	6.100835484573818235e+01
1.567099999999999937e+00	5.665330166040020288e+01
1.570699999999999985e+00	5.441205456023368470e+01
1.574300000000000033e+00	5.260102820158746795e+01
1.578000000000000069e+00	5.241669877019788970e+01
1.581599999999999895e+00	5.624055123317481986e+01
1.585199999999999942e+00	5.975899223223534307e+01
1.588799999999999990e+00	6.559608314789684869e+01
1.592400000000000038e+00	7.276199014057607428e+01
1.596000000000000085e+00	7.595425778850723475e+01
1.599599999999999911e+00	7.735964273883698183e+01
1.603199999999999958e+00	7.655357080529127245e+01
1.606800000000000006e+00	7.392307521946223403e+01
1.610400000000000054e+00	7.060372986639025328e+01
1.614000000000000101e+00	6.499078581916749897e+01
1.617599999999999927e+00	6.088401270794361153e+01
1.621199999999999974e+00	5.828106316235535900e+01
1.624800000000000022e+00	5.499306060877453461e+01
1.628500000000000059e+00	5.476244705151346182e+01
1.632100000000000106e+00	5.361367900597218039e+01
1.635699999999999932e+00	5.427700930707037230e+01
1.639299999999999979e+00	5.302645883369330448e+01
1.642900000000000027e+00	5.109960093068338693e+01
1.646500000000000075e+00	4.663258602578977019e+01
1.650099999999999900e+00	4.346668813978865131e+01
1.653699999999999948e+00	4.159009813509023701e+01
1.657299999999999995e+00	4.168261593762608896e+01
1.660900000000000043e+00	4.446575714502574783e+01
1.664500000000000091e+00	4.716105055622488607e+01
1.668099999999999916e+00	4.928814158179276461e+01
1.671699999999999964e+00	4.883379311517596477e+01
1.675400000000000000e+00	4.573692973860466537e+01
1.679000000000000048e+00	4.320256608709141943e+01
1.682600000000000096e+00	3.744187517398923859e+01
1.686199999999999921e+00	3.576669768480810774e+01
1.689799999999999969e+00	3.401495453001071922e+01
1.693400000000000016e+00	3.500748427568620258e+01
1.697000000000000064e+00	3.548101867719488922e+01
1.700599999999999890e+00	3.578098797760691951e+01
1.704199999999999937e+00	3.692579871703527061e+01
1.707799999999999985e+00	3.782158019773284252e+01
1.711400000000000032e+00	3.840203327084763885e+01
1.715000000000000080e+00	3.683978821617623112e+01
1.718599999999999905e+00	3.516449328241001382e+01
1.722199999999999953e+00	3.447556414906477329e+01
1.725899999999999990e+00	3.430892671836149077e+01
1.729500000000000037e+00	3.336473863327847766e+01
1.733100000000000085e+00	2.946896590278380756e+01
1.736699999999999910e+00	2.994728910182878323e+01
1.740299999999999958e+00	2.975416540180336966e+01
1.743900000000000006e+00	2.871347372634556194e+01
1.747500000000000053e+00	2.859497711631531658e+01
1.751100000000000101e+00	2.905441122115458441e+01
1.754699999999999926e+00	2.815031431482234936e+01
1.758299999999999974e+00	2.859651317519146829e+01
1.761900000000000022e+00	2.904730977049807450e+01
1.765500000000000069e+00	2.928616418829700052e+01
1.769099999999999895e+00	3.158526494457406741e+01
1.772699999999999942e+00	3.177868823214404870e+01
1.776399999999999979e+00	3.149504158454153568e+01
1.780000000000000027e+00	3.188833868951537198e+01
1.783600000000000074e+00	2.960309028226703276e+01
1.787199999999999900e+00	2.932871938793992328e+01
1.790799999999999947e+00	2.832242778088796697e+01
1.794399999999999995e+00	2.862291562771931908e+01
1.798000000000000043e+00	2.805168170685809770e+01
1.801600000000000090e+00	3.035887640275654320e+01
1.805199999999999916e+00	3.010882594410982804e+01
1.808799999999999963e+00	2.972520906413627273e+01
1.812400000000000011e+00	2.926471041955904084e+01
1.816000000000000059e+00	2.872736447197944543e+01
1.819600000000000106e+00	2.749372874785370513e+01
1.823199999999999932e+00	2.733741854453655051e+01
1.826899999999999968e+00	2.921465804812742206e+01
1.830500000000000016e+00	3.006286757616437555e+01
1.834100000000000064e+00	3.029189789469378979e+01
1.837699999999999889e+00	3.028439166461924970e+01
1.841299999999999937e+00	3.031454589258511589e+01
1.844899999999999984e+00	2.981046104784293860e+01
1.848500000000000032e+00	2.926459963758324534e+01
1.852100000000000080e+00	2.929350126712079927e+01
1.855699999999999905e+00	2.852024967751739837e+01
1.859299999999999953e+00	3.041058998488990284e+01
1.862900000000000000e+00	3.230560247881641800e+01
1.866500000000000048e+00	3.122584352833173682e+01
1.870100000000000096e+00	3.014159094772160685e+01
1.873699999999999921e+00	3.012649545146829766e+01
1.877399999999999958e+00	2.977565634846299503e+01
1.881000000000000005e+00	3.099298399939003446e+01
1.884600000000000053e+00	2.989571689093695639e+01
1.888200000000000101e+00	3.112080291085036521e+01
1.891799999999999926e+00	3.138464767496930818e+01
1.895399999999999974e+00	3.073827818328508599e+01
1.899000000000000021e+00	3.125727693727215240e+01
1.902600000000000069e+00	3.372129507822349836e+01
1.906199999999999894e+00	3.204676325586411423e+01
1.909799999999999942e+00	3.415860665149908471e+01
1.913399999999999990e+00	3.549608123513493041e+01
1.917000000000000037e+00	3.498460494544116983e+01
1.920600000000000085e+00	3.479645796810002167e+01
1.924199999999999910e+00	3.395310488285066697e+01
1.927899999999999947e+00	3.272291286542705535e+01
1.931499999999999995e+00	3.147733765655777916e+01
1.935100000000000042e+00	3.010208500082743655e+01
1.938700000000000090e+00	2.979077727358574279e+01
1.942299999999999915e+00	3.172945785286314191e+01
1.945899999999999963e+00	3.362475835717793160e+01
1.949500000000000011e+00	3.828196635614719412e+01
1.953100000000000058e+00	3.756322721703491396e+01
1.956700000000000106e+00	3.931899078125410085e+01
1.960299999999999931e+00	3.813717287337171058e+01
1.963899999999999979e+00	3.553439042564708217e+01
1.967500000000000027e+00	3.485469326131990186e+01
1.971100000000000074e+00	3.309115061462366469e+01
1.974699999999999900e+00	3.302808828660722895e+01
1.978399999999999936e+00	3.425880051779842717e+01
1.981999999999999984e+00	3.527003334681987212e+01
1.985600000000000032e+00	3.592719525337361830e+01
1.989200000000000079e+00	3.614161515317325524e+01
1.992799999999999905e+00	3.657084058388612391e+01
1.996399999999999952e+00	3.306086542910696835e+01
2.000000000000000000e+00	2.873411771919415614e+01
