2.000000000000000111e-01	1.122346107782162372e+00
2.036000000000000032e-01	-1.106505957645193217e+00
2.071999999999999953e-01	-4.748054893117723552e-01
2.107999999999999874e-01	-1.253756817186848060e+00
2.144000000000000072e-01	-4.783983817182838605e-01
2.179999999999999993e-01	4.614225809500906994e-01
2.215999999999999914e-01	1.135596672507410698e-02
2.253000000000000003e-01	1.573943147763274375e+00
2.288999999999999924e-01	2.166583429211497602e+00
2.325000000000000122e-01	3.047542966861634395e-01
2.361000000000000043e-01	7.415617424077415309e-01
2.396999999999999964e-01	1.165441218321955352e+00
2.432999999999999885e-01	1.134979653683541700e+00
2.469000000000000083e-01	1.397786821689120385e-02
2.505000000000000004e-01	1.592010923911598486e+00
2.540999999999999925e-01	2.097327360623606918e+00
2.576999999999999846e-01	1.230734402318059750e+00
2.612999999999999767e-01	9.414205755040034873e-01
2.649000000000000243e-01	-1.551442166854373750e-01
2.685000000000000164e-01	-6.641820889316427667e-01
2.721000000000000085e-01	-5.771541242613968947e-01
2.757999999999999896e-01	-1.205261820876302181e-01
2.793999999999999817e-01	1.985609869151413909e+00
2.829999999999999738e-01	-4.393880012123538847e-01
2.866000000000000214e-01	-1.381362518555393937e+00
2.902000000000000135e-01	-5.781384426570206347e-01
2.938000000000000056e-01	1.181192570731404157e+00
2.973999999999999977e-01	-4.242133335904125779e-01
3.009999999999999898e-01	-5.460825019753774434e-01
3.045999999999999819e-01	-4.555417100187351132e-01
3.081999999999999740e-01	-5.723476769878463877e-01
3.118000000000000216e-01	-3.548695362350835492e-01
3.154000000000000137e-01	-2.188620540216227095e+00
3.190000000000000058e-01	-4.743940155020394123e-01
3.225999999999999979e-01	-1.960419578238453475e+00
3.262999999999999790e-01	-2.498863338297968806e+00
3.299000000000000266e-01	-1.617463052090656550e+00
3.335000000000000187e-01	-2.212103072963514272e+00
3.371000000000000107e-01	-1.974497625762779762e+00
3.407000000000000028e-01	-1.001775639186968103e-01
3.442999999999999949e-01	-1.818898371637389211e+00
3.478999999999999870e-01	-1.273123649184560779e+00
3.514999999999999791e-01	-1.712493367577357262e+00
3.551000000000000267e-01	-6.826248425379898288e-01
3.587000000000000188e-01	-1.287660605743726983e+00
3.623000000000000109e-01	-8.100176140236085010e-01
3.659000000000000030e-01	-3.529106072008557637e-01
3.694999999999999951e-01	6.324170339584930245e-01
3.730999999999999872e-01	1.403362107774404510e+00
3.768000000000000238e-01	1.497847358812306018e+00
3.804000000000000159e-01	1.965595866380528633e+00
3.840000000000000080e-01	1.596139779421600124e+00
3.876000000000000001e-01	2.214143143985813911e+00
3.911999999999999922e-01	1.025392484225997602e+00
3.947999999999999843e-01	2.566625452618422010e+00
3.983999999999999764e-01	1.742621867118658852e+00
4.020000000000000240e-01	3.210390560651147585e+00
4.056000000000000161e-01	2.043941348096135258e+00
4.092000000000000082e-01	1.453879364077579783e+00
4.128000000000000003e-01	2.823255281415811169e+00
4.163999999999999924e-01	3.675341892763813512e+00
4.199999999999999845e-01	2.136170265451115213e+00
4.235999999999999766e-01	2.063763316027788175e+00
4.273000000000000131e-01	7.790134820183708397e-01
4.309000000000000052e-01	2.813350222545200285e+00
4.344999999999999973e-01	2.290063503826403224e+00
4.380999999999999894e-01	4.450178383560045026e-01
4.416999999999999815e-01	-7.784509514278368236e-01
4.452999999999999736e-01	8.403692609841217909e-01
4.489000000000000212e-01	-5.077074083610997324e-01
4.525000000000000133e-01	8.332765265840086366e-02
4.561000000000000054e-01	1.555975702878285905e+00
4.596999999999999975e-01	8.204575971566817616e-01
4.632999999999999896e-01	4.773877568266554627e-01
4.668999999999999817e-01	-4.433588388084148679e-01
4.704999999999999738e-01	-4.362741525839280987e-01
4.741000000000000214e-01	1.401434784608621698e-01
4.778000000000000025e-01	-1.893285161880792433e+00
4.813999999999999946e-01	5.913314207521598309e-01
4.849999999999999867e-01	-2.960043329652143340e-01
4.885999999999999788e-01	-1.322893784410936746e+00
4.922000000000000264e-01	1.139914309662990233e+00
4.958000000000000185e-01	1.830672492193921252e+00
4.994000000000000106e-01	-1.485742521470884148e+00
5.030000000000000027e-01	1.417853399216284060e+00
5.066000000000000503e-01	-4.288784989636790224e-01
5.101999999999999869e-01	2.189202681615727286e-01
5.138000000000000345e-01	-1.474384875464570754e+00
5.173999999999999710e-01	6.952142283081585994e-02
5.210000000000000187e-01	7.249095092126216222e-02
5.245999999999999552e-01	4.128651873734627831e-01
5.282999999999999918e-01	1.818738673223673441e+00
5.319000000000000394e-01	1.466514396980804547e+00
5.354999999999999760e-01	2.110050358891748079e+00
5.391000000000000236e-01	3.054916088663528040e+00
5.426999999999999602e-01	2.527106013486054348e+00
5.463000000000000078e-01	3.664307276055871476e+00
5.499000000000000554e-01	2.575551467049220555e+00
5.534999999999999920e-01	2.613391101020951179e+00
5.571000000000000396e-01	1.943264234498199183e+00
5.606999999999999762e-01	2.737828198644538524e+00
5.643000000000000238e-01	1.994445784116022136e+00
5.678999999999999604e-01	3.186535556056161678e+00
5.715000000000000080e-01	3.044061906605914469e+00
5.752000000000000446e-01	2.786124347947087188e+00
5.787999999999999812e-01	2.198939763538724002e+00
5.824000000000000288e-01	2.721690701344346763e+00
5.859999999999999654e-01	3.510839027289954117e+00
5.896000000000000130e-01	1.525892828694797698e+00
5.931999999999999496e-01	1.819326443625684187e+00
5.967999999999999972e-01	1.604614250987276947e+00
6.004000000000000448e-01	2.796803491341479653e+00
6.039999999999999813e-01	2.512974060233705842e+00
6.076000000000000290e-01	1.503231082038360533e+00
6.111999999999999655e-01	9.798550045759494287e-01
6.148000000000000131e-01	2.080218798766451993e+00
6.183999999999999497e-01	1.877376982440873920e+00
6.219999999999999973e-01	7.882309231584780918e-01
6.257000000000000339e-01	6.481594456262244064e-01
6.292999999999999705e-01	1.040837733000780529e+00
6.329000000000000181e-01	-1.895984944194761823e-02
6.364999999999999547e-01	6.032385999416107758e-01
6.401000000000000023e-01	-2.164284131835296776e-01
6.437000000000000499e-01	6.149476724255134030e-01
6.472999999999999865e-01	1.407759552468276887e+00
6.509000000000000341e-01	2.677028963627228197e+00
6.544999999999999707e-01	1.081215123863940475e+00
6.581000000000000183e-01	1.149869142287653911e+00
6.616999999999999549e-01	8.017190623671698324e-01
6.653000000000000025e-01	2.911266375983820431e+00
6.689000000000000501e-01	1.352774067522405366e-01
6.724999999999999867e-01	2.817398496376533057e+00
6.762000000000000233e-01	2.143020466687570735e+00
6.797999999999999599e-01	2.604672543983633570e+00
6.834000000000000075e-01	2.329496470119833518e+00
6.870000000000000551e-01	5.169065818494429365e+00
6.905999999999999917e-01	3.069398939588316111e+00
6.942000000000000393e-01	3.191498503081588556e+00
6.977999999999999758e-01	3.233339044504679016e+00
7.014000000000000234e-01	2.504257172480645721e+00
7.049999999999999600e-01	5.429276573667152661e+00
7.086000000000000076e-01	3.044569491613960732e+00
7.122000000000000552e-01	3.853405421719433566e+00
7.157999999999999918e-01	4.862437951841766193e+00
7.194000000000000394e-01	4.154248610920668661e+00
7.229999999999999760e-01	3.220928158314059431e+00
7.267000000000000126e-01	2.523017924045022564e+00
7.302999999999999492e-01	4.404892641741977144e+00
7.338999999999999968e-01	3.605792319980444471e+00
7.375000000000000444e-01	2.648050393793214496e+00
7.410999999999999810e-01	4.770733254243367583e+00
7.447000000000000286e-01	3.808502490096973947e+00
7.482999999999999652e-01	4.680255886632929574e+00
7.519000000000000128e-01	3.614855967413190374e+00
7.554999999999999494e-01	2.838177203729458586e+00
7.590999999999999970e-01	2.459444589225679323e+00
7.627000000000000446e-01	2.742472805869133889e+00
7.662999999999999812e-01	2.731773046338074273e+00
7.699000000000000288e-01	6.810520777565239881e-01
7.734999999999999654e-01	4.002545509600738960e+00
7.772000000000000020e-01	2.010264512898406686e+00
7.808000000000000496e-01	4.519240194032171365e-01
7.843999999999999861e-01	3.324908458593581528e+00
7.880000000000000338e-01	-4.137154896448476116e-01
7.915999999999999703e-01	2.535156842561988810e+00
7.952000000000000179e-01	2.457541972897773430e+00
7.987999999999999545e-01	1.503462371836327360e+00
8.024000000000000021e-01	3.128347867772048208e+00
8.060000000000000497e-01	3.075156169644290838e+00
8.095999999999999863e-01	3.772115822099734173e-01
8.132000000000000339e-01	3.375139349400211319e+00
8.167999999999999705e-01	2.122751011141130739e+00
8.204000000000000181e-01	3.189265690266149811e+00
8.239999999999999547e-01	2.913023393362245805e+00
8.276999999999999913e-01	3.120108380067736498e+00
8.313000000000000389e-01	4.887985348700485844e+00
8.348999999999999755e-01	3.490016017171705176e+00
8.385000000000000231e-01	4.395750835982614291e+00
8.420999999999999597e-01	5.078782521598654398e+00
8.457000000000000073e-01	3.353458133037573674e+00
8.493000000000000549e-01	1.956510699302352219e+00
8.528999999999999915e-01	3.005757849283214878e+00
8.565000000000000391e-01	5.531974088331860884e+00
8.600999999999999757e-01	5.123528548140896532e+00
8.637000000000000233e-01	6.846466939088357684e+00
8.672999999999999599e-01	5.476729468380799659e+00
8.709000000000000075e-01	6.390601577498061125e+00
8.745000000000000551e-01	4.566022466197006580e+00
8.781999999999999806e-01	4.136104318993951701e+00
8.818000000000000282e-01	6.945114162071039488e+00
8.853999999999999648e-01	6.568880712331131022e+00
8.890000000000000124e-01	6.057098084618891320e+00
8.925999999999999490e-01	6.232935577806339111e+00
8.961999999999999966e-01	7.583398435274901317e+00
8.998000000000000442e-01	8.039255416370416185e+00
9.033999999999999808e-01	6.571416308694427499e+00
9.070000000000000284e-01	5.885659983387077077e+00
9.105999999999999650e-01	6.791592698928615945e+00
9.142000000000000126e-01	6.466128430341917088e+00
9.177999999999999492e-01	4.537330757062716380e+00
9.213999999999999968e-01	4.934761499701844301e+00
9.251000000000000334e-01	3.552279877326513180e+00
9.286999999999999700e-01	2.782756508667952211e+00
9.323000000000000176e-01	3.752344247785040832e+00
9.358999999999999542e-01	4.461310918906901790e+00
9.395000000000000018e-01	5.460693721001779188e+00
9.431000000000000494e-01	3.722491541248941882e+00
9.466999999999999860e-01	4.138533255816374989e+00
9.503000000000000336e-01	4.470976943085783084e+00
9.538999999999999702e-01	4.415868035451966378e+00
9.575000000000000178e-01	4.689675905860064553e+00
9.610999999999999543e-01	3.999313965222068834e+00
9.647000000000000020e-01	3.983942047074137349e+00
9.683000000000000496e-01	4.229181892050958957e+00
9.718999999999999861e-01	5.436845302264774915e+00
9.756000000000000227e-01	4.285690849818134751e+00
9.791999999999999593e-01	4.911051385396393520e+00
9.828000000000000069e-01	5.175798511702579319e+00
9.864000000000000545e-01	5.912604206290321684e+00
9.899999999999999911e-01	6.839599531479301220e+00
9.936000000000000387e-01	4.589473904816921745e+00
9.971999999999999753e-01	6.609942327306619347e+00
1.000799999999999912e+00	4.120877762037735259e+00
1.004399999999999959e+00	5.204600673704661062e+00
1.008000000000000007e+00	5.401745068127148386e+00
1.011600000000000055e+00	7.033736972861920123e+00
1.015200000000000102e+00	6.021957220222944329e+00
1.018799999999999928e+00	6.481076956307277648e+00
1.022399999999999975e+00	8.336301847764984174e+00
1.026100000000000012e+00	7.503622919621816933e+00
1.029700000000000060e+00	8.039873396273623740e+00
1.033300000000000107e+00	6.706222917479036205e+00
1.036899999999999933e+00	8.400865536003406575e+00
1.040499999999999980e+00	5.646674418163619258e+00
1.044100000000000028e+00	6.127627319002482587e+00
1.047700000000000076e+00	6.778619076987897785e+00
1.051299999999999901e+00	6.460790147954868168e+00
1.054899999999999949e+00	7.835733572211871945e+00
1.058499999999999996e+00	7.494784702679768706e+00
1.062100000000000044e+00	7.506029013062288868e+00
1.065700000000000092e+00	7.210710806748668489e+00
1.069299999999999917e+00	7.147215365915345231e+00
1.072899999999999965e+00	8.533481268410978871e+00
1.076600000000000001e+00	7.588592076530244590e+00
1.080200000000000049e+00	1.063249005995553809e+01
1.083800000000000097e+00	7.433406713504056462e+00
1.087399999999999922e+00	9.673782218455144744e+00
1.090999999999999970e+00	8.872763873588016992e+00
1.094600000000000017e+00	8.130696182864504351e+00
1.098200000000000065e+00	1.023990228068270625e+01
1.101799999999999891e+00	9.779853219426350108e+00
1.105399999999999938e+00	8.274756876220129342e+00
1.108999999999999986e+00	1.005737158372245332e+01
1.112600000000000033e+00	9.866332081457560577e+00
1.116200000000000081e+00	7.350400381167526476e+00
1.119799999999999907e+00	8.657673276702681164e+00
1.123399999999999954e+00	7.653749715561058764e+00
1.127099999999999991e+00	8.141629532883452924e+00
1.130700000000000038e+00	7.114782366655660439e+00
1.134300000000000086e+00	8.153355899150692920e+00
1.137899999999999912e+00	7.791729591474571670e+00
1.141499999999999959e+00	7.865466226790144511e+00
1.145100000000000007e+00	8.456736158341994880e+00
1.148700000000000054e+00	1.052693731043101266e+01
1.152300000000000102e+00	1.185160127088007620e+01
1.155899999999999928e+00	1.353193166961753313e+01
1.159499999999999975e+00	1.261045465930411780e+01
1.163100000000000023e+00	1.303898230059058605e+01
1.166700000000000070e+00	1.129561298255914714e+01
1.170299999999999896e+00	9.678263689898356503e+00
1.173899999999999944e+00	1.146476962924978693e+01
1.177599999999999980e+00	1.032212590000574792e+01
1.181200000000000028e+00	9.013864250896526542e+00
1.184800000000000075e+00	1.001163192679251601e+01
1.188399999999999901e+00	1.172244895953908639e+01
1.191999999999999948e+00	1.261830063774899102e+01
1.195599999999999996e+00	1.089952049007966295e+01
1.199200000000000044e+00	1.091853486326457379e+01
1.202800000000000091e+00	1.179789902381333278e+01
1.206399999999999917e+00	1.407155885918057336e+01
1.209999999999999964e+00	1.216245521765041104e+01
1.213600000000000012e+00	1.226919777570665993e+01
1.217200000000000060e+00	1.213579452705287842e+01
1.220800000000000107e+00	1.174450364542368241e+01
1.224399999999999933e+00	1.160743520251175909e+01
1.228099999999999969e+00	1.292347126136702506e+01
1.231700000000000017e+00	1.441768918016363621e+01
1.235300000000000065e+00	1.133536484484600848e+01
1.238899999999999890e+00	1.293221084963339251e+01
1.242499999999999938e+00	1.173975713053965819e+01
1.246099999999999985e+00	1.117262787304357907e+01
1.249700000000000033e+00	1.044046527265797408e+01
1.253300000000000081e+00	1.074091334116486962e+01
1.256899999999999906e+00	1.117879178494922954e+01
1.260499999999999954e+00	1.133629533956844782e+01
1.264100000000000001e+00	1.068452399999696034e+01
1.267700000000000049e+00	9.672147004992075026e+00
1.271300000000000097e+00	9.672422300572286247e+00
1.274899999999999922e+00	9.222824380116600551e+00
1.278599999999999959e+00	1.085131902462070563e+01
1.282200000000000006e+00	9.411405200936330928e+00
1.285800000000000054e+00	1.077135282049186138e+01
1.289400000000000102e+00	1.246935247763086174e+01
1.292999999999999927e+00	1.118858023073205921e+01
1.296599999999999975e+00	1.314531903504766319e+01
1.300200000000000022e+00	1.171327711330026489e+01
1.303800000000000070e+00	1.097597335589178869e+01
1.307399999999999896e+00	1.320921211919501914e+01
1.310999999999999943e+00	1.362254723071294293e+01
1.314599999999999991e+00	1.126272936876365094e+01
1.318200000000000038e+00	1.243313311439933067e+01
1.321800000000000086e+00	1.337043056780841610e+01
1.325499999999999901e+00	1.177646775459896489e+01
1.329099999999999948e+00	1.441181721901012835e+01
1.332699999999999996e+00	1.149653106118279489e+01
1.336300000000000043e+00	1.410375881356959482e+01
1.339900000000000091e+00	1.442757487551998530e+01
1.343499999999999917e+00	1.523550843261337384e+01
1.347099999999999964e+00	1.367453657481171270e+01
1.350700000000000012e+00	1.321001361696931831e+01
1.354300000000000059e+00	1.307070863823447837e+01
1.357900000000000107e+00	1.658087675487488610e+01
1.361499999999999932e+00	1.527325531193664432e+01
1.365099999999999980e+00	1.660822005332001083e+01
1.368700000000000028e+00	1.432118777238414431e+01
1.372300000000000075e+00	1.570752252406043148e+01
1.375999999999999890e+00	1.386557928915245164e+01
1.379599999999999937e+00	1.507179005770936087e+01
1.383199999999999985e+00	1.597127468331975564e+01
1.386800000000000033e+00	1.381994404978919810e+01
1.390400000000000080e+00	1.549985785322004794e+01
1.393999999999999906e+00	1.593547248326669319e+01
1.397599999999999953e+00	1.712925359509857515e+01
1.401200000000000001e+00	1.796858996711105405e+01
1.404800000000000049e+00	1.755043970838810807e+01
1.408400000000000096e+00	1.736106935177820887e+01
1.411999999999999922e+00	1.883150993104134940e+01
1.415599999999999969e+00	1.822501931361794902e+01
1.419200000000000017e+00	1.834724924345140096e+01
1.422800000000000065e+00	1.864518089598016459e+01
1.426500000000000101e+00	1.800933097697038221e+01
1.430099999999999927e+00	1.828528661918623044e+01
1.433699999999999974e+00	1.768738650064189954e+01
1.437300000000000022e+00	1.843408527019117571e+01
1.440900000000000070e+00	2.072043246349819512e+01
1.444499999999999895e+00	1.876904924843757172e+01
1.448099999999999943e+00	2.000669938715589069e+01
1.451699999999999990e+00	2.033531521640048467e+01
1.455300000000000038e+00	2.112173909558547535e+01
1.458900000000000086e+00	2.060966849721292959e+01
1.462499999999999911e+00	1.991688815451550809e+01
1.466099999999999959e+00	2.174509113268883098e+01
1.469700000000000006e+00	2.273670577516974234e+01
1.473300000000000054e+00	2.232153373013141362e+01
1.477000000000000091e+00	2.231576765102256843e+01
1.480599999999999916e+00	2.249146589239995819e+01
1.484199999999999964e+00	2.167777062968649204e+01
1.487800000000000011e+00	2.234238740476908447e+01
1.491400000000000059e+00	2.314572802139370467e+01
1.495000000000000107e+00	2.284185192740886805e+01
1.498599999999999932e+00	2.158350926953993820e+01
1.502199999999999980e+00	2.530105285735744047e+01
1.505800000000000027e+00	2.608594210578933215e+01
1.509400000000000075e+00	2.587477075770230428e+01
1.512999999999999901e+00	2.650851360446340976e+01
1.516599999999999948e+00	2.877658960425635115e+01
1.520199999999999996e+00	2.858308600306699532e+01
1.523800000000000043e+00	2.775084407572078860e+01
1.527500000000000080e+00	2.729350889414719461e+01
1.531099999999999905e+00	3.024640659133151743e+01
1.534699999999999953e+00	3.061889164834558485e+01
1.538300000000000001e+00	3.019134648088192563e+01
1.541900000000000048e+00	3.546932863550655668e+01
1.545500000000000096e+00	3.742757437079308858e+01
1.549099999999999921e+00	3.760729736270008061e+01
1.552699999999999969e+00	3.972853982923860627e+01
1.556300000000000017e+00	4.058816712610924782e+01
1.559900000000000064e+00	4.064253800140628670e+01
1.563499999999999890e+00	4.188452438078846995e+01
1.567099999999999937e+00	4.245961241915890838e+01
1.570699999999999985e+00	4.421342790379542720e+01
1.574300000000000033e+00	4.809592300861048386e+01
1.578000000000000069e+00	4.680157056581661124e+01
1.581599999999999895e+00	4.945648735462016532e+01
1.585199999999999942e+00	4.845831685585883264e+01
1.588799999999999990e+00	4.885735714639921667e+01
1.592400000000000038e+00	4.700414091297368202e+01
1.596000000000000085e+00	4.656811873192958018e+01
1.599599999999999911e+00	4.397602772304423979e+01
1.603199999999999958e+00	4.271858710352031352e+01
1.606800000000000006e+00	4.267289289177455203e+01
1.610400000000000054e+00	3.933853172471954451e+01
1.614000000000000101e+00	3.776433479763909418e+01
1.617599999999999927e+00	3.537087307944457137e+01
1.621199999999999974e+00	3.389728517784375583e+01
1.624800000000000022e+00	3.161231241035468997e+01
1.628500000000000059e+00	3.070805710683126577e+01
1.632100000000000106e+00	2.980924386817801164e+01
1.635699999999999932e+00	2.859544491788273035e+01
1.639299999999999979e+00	2.886862856797576526e+01
1.642900000000000027e+00	2.712685185400431465e+01
1.646500000000000075e+00	2.741186330634804591e+01
1.650099999999999900e+00	2.772653667286969537e+01
1.653699999999999948e+00	2.950195580967919895e+01
1.657299999999999995e+00	2.962951880791140269e+01
1.660900000000000043e+00	2.979810978795687504e+01
1.664500000000000091e+00	3.005846013470192446e+01
1.668099999999999916e+00	3.302831801067140560e+01
1.671699999999999964e+00	3.241706052296428453e+01
1.675400000000000000e+00	3.068112126556407659e+01
1.679000000000000048e+00	2.700756498170381903e+01
1.682600000000000096e+00	2.456871806030291694e+01
1.686199999999999921e+00	2.306455482594589412e+01
1.689799999999999969e+00	1.997653031366799681e+01
1.693400000000000016e+00	2.088179716701460364e+01
1.697000000000000064e+00	1.950942167921136061e+01
1.700599999999999890e+00	2.067187994009830021e+01
1.704199999999999937e+00	2.420037699343048843e+01
1.707799999999999985e+00	2.380510410769078788e+01
1.711400000000000032e+00	2.534029015219404357e+01
1.715000000000000080e+00	3.000061745038995653e+01
1.718599999999999905e+00	2.679778552550800086e+01
1.722199999999999953e+00	2.387072452218797736e+01
1.725899999999999990e+00	2.178850803652173695e+01
1.729500000000000037e+00	1.868552429650878821e+01
1.733100000000000085e+00	1.645108733466800288e+01
1.736699999999999910e+00	1.653324755478862684e+01
1.740299999999999958e+00	1.813747609273618266e+01
1.743900000000000006e+00	1.973215052036530892e+01
1.747500000000000053e+00	2.110251999955784186e+01
1.751100000000000101e+00	2.075533178492067776e+01
1.754699999999999926e+00	2.108787583891606232e+01
1.758299999999999974e+00	2.044604615918302315e+01
1.761900000000000022e+00	2.012312932429058776e+01
1.765500000000000069e+00	2.071614428595933788e+01
1.769099999999999895e+00	1.992802200326001127e+01
1.772699999999999942e+00	1.913844288241606861e+01
1.776399999999999979e+00	2.001174857646545746e+01
1.780000000000000027e+00	1.989462734572946800e+01
1.783600000000000074e+00	2.120740228349416157e+01
1.787199999999999900e+00	2.062026201517499047e+01
1.790799999999999947e+00	2.117716701771611554e+01
1.794399999999999995e+00	2.133124071923164067e+01
1.798000000000000043e+00	1.954237119528134770e+01
1.801600000000000090e+00	1.969542438646907101e+01
1.805199999999999916e+00	1.797180987548174613e+01
1.808799999999999963e+00	1.763312070273780563e+01
1.812400000000000011e+00	1.933087181589020886e+01
1.816000000000000059e+00	1.721079857243516642e+01
1.819600000000000106e+00	1.766684532866247181e+01
1.823199999999999932e+00	1.764950310336839934e+01
1.826899999999999968e+00	1.924951924685827009e+01
1.830500000000000016e+00	2.088880128265386915e+01
1.834100000000000064e+00	2.046421548943440527e+01
1.837699999999999889e+00	2.219226698039351930e+01
1.841299999999999937e+00	2.069226330335452957e+01
1.844899999999999984e+00	2.262036817881895345e+01
1.848500000000000032e+00	2.105046280149356619e+01
1.852100000000000080e+00	2.075300628953047521e+01
1.855699999999999905e+00	2.269656720085633594e+01
1.859299999999999953e+00	2.309191446768432954e+01
1.862900000000000000e+00	2.536232160336093600e+01
1.866500000000000048e+00	2.467577156844878772e+01
1.870100000000000096e+00	2.301075488737863139e+01
1.873699999999999921e+00	2.305269156574978950e+01
1.877399999999999958e+00	2.040949688174016430e+01
1.881000000000000005e+00	1.870496484101263945e+01
1.884600000000000053e+00	1.925349359322790477e+01
1.888200000000000101e+00	1.864867906638925632e+01
1.891799999999999926e+00	2.062849240124115013e+01
1.895399999999999974e+00	2.267655908139905208e+01
1.899000000000000021e+00	2.067439835101660606e+01
1.902600000000000069e+00	2.166143700291708996e+01
1.906199999999999894e+00	2.367934485359840124e+01
1.909799999999999942e+00	2.284659691697518014e+01
1.913399999999999990e+00	2.341926756290128964e+01
1.917000000000000037e+00	2.480821040154288681e+01
1.920600000000000085e+00	2.464469427350486441e+01
1.924199999999999910e+00	2.579820613985820899e+01
1.927899999999999947e+00	2.698000650779119169e+01
1.931499999999999995e+00	2.750630784213105073e+01
1.935100000000000042e+00	2.694636186516510534e+01
1.938700000000000090e+00	2.975497798098489000e+01
1.942299999999999915e+00	2.578642046587663117e+01
1.945899999999999963e+00	2.533450532843021819e+01
1.949500000000000011e+00	2.624357876228204489e+01
1.953100000000000058e+00	2.471586712498986316e+01
1.956700000000000106e+00	2.464545649039345321e+01
1.960299999999999931e+00	2.418924671630620793e+01
1.963899999999999979e+00	2.449318968155151666e+01
1.967500000000000027e+00	2.453300277162604459e+01
1.971100000000000074e+00	2.709684444156546590e+01
1.974699999999999900e+00	2.823638700882504438e+01
1.978399999999999936e+00	3.043564962422998832e+01
1.981999999999999984e+00	2.897391368561439506e+01
1.985600000000000032e+00	3.266082690894169360e+01
1.989200000000000079e+00	3.189764313456977973e+01
1.992799999999999905e+00	3.366511314203733463e+01
1.996399999999999952e+00	3.335888695171055929e+01
2.000000000000000000e+00	3.476932588282497250e+01
