2.000000000000000111e-01	-1.040472501522578197e+00
2.036000000000000032e-01	-1.711664314695461542e+00
2.071999999999999953e-01	-2.051098558724314458e+00
2.107999999999999874e-01	-1.940934809300407515e+00
2.144000000000000072e-01	-1.657080292668206445e+00
2.179999999999999993e-01	-1.034198339847104409e+00
2.215999999999999914e-01	-4.854282238506093528e-01
2.253000000000000003e-01	3.430035485951940522e-01
2.288999999999999924e-01	1.051424839292412150e+00
2.325000000000000122e-01	1.286543702303003522e+00
2.361000000000000043e-01	1.691656582635266304e+00
2.396999999999999964e-01	1.990181298140960786e+00
2.432999999999999885e-01	2.198998199574960566e+00
2.469000000000000083e-01	2.074996006875667209e+00
2.505000000000000004e-01	1.960005276130269092e+00
2.540999999999999925e-01	1.691678564711585508e+00
2.576999999999999846e-01	1.390683708999552071e+00
2.612999999999999767e-01	8.534610590671749542e-01
2.649000000000000243e-01	6.214488521285681244e-02
2.685000000000000164e-01	-4.404033595164541515e-01
2.721000000000000085e-01	-7.982165572394619435e-01
2.757999999999999896e-01	-1.249390812962464681e+00
2.793999999999999817e-01	-1.123623107270918409e+00
2.829999999999999738e-01	-9.248294853240658364e-01
2.866000000000000214e-01	-4.169500633311199467e-01
2.902000000000000135e-01	2.329324611528722083e-02
2.938000000000000056e-01	7.262605154630510373e-01
2.973999999999999977e-01	1.307019661826269719e+00
3.009999999999999898e-01	1.884717807210361862e+00
3.045999999999999819e-01	2.443287783669457092e+00
3.081999999999999740e-01	2.911330666625054242e+00
3.118000000000000216e-01	3.037154333824931385e+00
3.154000000000000137e-01	3.130623850436594857e+00
3.190000000000000058e-01	3.026581497479055027e+00
3.225999999999999979e-01	2.777711543799993521e+00
3.262999999999999790e-01	2.317751660493108989e+00
3.299000000000000266e-01	1.886560642472227212e+00
3.335000000000000187e-01	1.325229817196541315e+00
3.371000000000000107e-01	6.762140347816396613e-01
3.407000000000000028e-01	2.182950612601356200e-01
3.442999999999999949e-01	-2.900703319793912494e-02
3.478999999999999870e-01	-1.830439414251719965e-01
3.514999999999999791e-01	-2.025486775634564030e-01
3.551000000000000267e-01	2.314745650240309649e-01
3.587000000000000188e-01	8.955462610069280238e-01
3.623000000000000109e-01	1.324973868093171969e+00
3.659000000000000030e-01	2.039809301121527252e+00
3.694999999999999951e-01	2.708678672463984860e+00
3.730999999999999872e-01	3.152357690487211705e+00
3.768000000000000238e-01	3.882211898076565859e+00
3.804000000000000159e-01	4.053092302662383517e+00
3.840000000000000080e-01	4.137778836247612446e+00
3.876000000000000001e-01	3.933678988219967643e+00
3.911999999999999922e-01	3.492502048564308126e+00
3.947999999999999843e-01	3.198651571924222115e+00
3.983999999999999764e-01	2.549500138256819870e+00
4.020000000000000240e-01	1.952509328797045196e+00
4.056000000000000161e-01	1.550998386271383200e+00
4.092000000000000082e-01	8.764080891341752277e-01
4.128000000000000003e-01	5.037246934071604176e-01
4.163999999999999924e-01	3.569851583696201924e-01
4.199999999999999845e-01	4.544514503040597564e-01
4.235999999999999766e-01	8.127376596184638924e-01
4.273000000000000131e-01	9.859874061942417445e-01
4.309000000000000052e-01	1.396308153984152867e+00
4.344999999999999973e-01	2.204879248138952086e+00
4.380999999999999894e-01	2.668942017459282834e+00
4.416999999999999815e-01	3.086994184037834099e+00
4.452999999999999736e-01	3.712289333171297834e+00
4.489000000000000212e-01	3.881860763294734618e+00
4.525000000000000133e-01	3.629626720234660375e+00
4.561000000000000054e-01	3.588424609244468044e+00
4.596999999999999975e-01	3.218423384527929088e+00
4.632999999999999896e-01	2.850017497474800265e+00
4.668999999999999817e-01	2.415449033088123532e+00
4.704999999999999738e-01	2.173980705884414721e+00
4.741000000000000214e-01	1.376847360213219407e+00
4.778000000000000025e-01	8.346588892890950406e-01
4.813999999999999946e-01	5.344283865276333589e-01
4.849999999999999867e-01	2.527757875154983402e-01
4.885999999999999788e-01	4.389116195834338319e-01
4.922000000000000264e-01	6.909419472815379049e-01
4.958000000000000185e-01	1.281794094255164662e+00
4.994000000000000106e-01	1.691123592669182107e+00
5.030000000000000027e-01	2.080050260212538138e+00
5.066000000000000503e-01	2.908037605984709728e+00
5.101999999999999869e-01	3.071053594904912920e+00
5.138000000000000345e-01	3.234987552644768893e+00
5.173999999999999710e-01	3.425094841413800939e+00
5.210000000000000187e-01	3.324562046645480162e+00
5.245999999999999552e-01	3.196778302167266883e+00
5.282999999999999918e-01	3.171909429447848261e+00
5.319000000000000394e-01	2.706254911731014623e+00
5.354999999999999760e-01	2.210232858410745127e+00
5.391000000000000236e-01	1.461692337868762293e+00
5.426999999999999602e-01	9.203359709319346438e-01
5.463000000000000078e-01	7.441268268478937742e-01
5.499000000000000554e-01	3.272334578197572674e-01
5.534999999999999920e-01	3.572271716295535859e-01
5.571000000000000396e-01	3.860209339929492334e-01
5.606999999999999762e-01	6.463943202062117921e-01
5.643000000000000238e-01	1.176243696703337172e+00
5.678999999999999604e-01	1.520500501316087494e+00
5.715000000000000080e-01	2.043676231493526174e+00
5.752000000000000446e-01	2.278114901862139163e+00
5.787999999999999812e-01	2.859456295097511536e+00
5.824000000000000288e-01	2.851718066009044872e+00
5.859999999999999654e-01	2.961704551280166520e+00
5.896000000000000130e-01	3.143691036782028547e+00
5.931999999999999496e-01	3.073311105446807190e+00
5.967999999999999972e-01	3.129307237650850393e+00
6.004000000000000448e-01	2.752735144863557082e+00
6.039999999999999813e-01	2.323988530736255331e+00
6.076000000000000290e-01	1.951768856935344854e+00
6.111999999999999655e-01	1.420375164248672384e+00
6.148000000000000131e-01	1.048679508890855150e+00
6.183999999999999497e-01	6.509757680952725778e-01
6.219999999999999973e-01	3.810110359698017923e-01
6.257000000000000339e-01	6.817995913579974476e-02
6.292999999999999705e-01	2.923692540203201573e-01
6.329000000000000181e-01	5.424912851766815480e-01
6.364999999999999547e-01	1.128347761426741647e+00
6.401000000000000023e-01	1.171540071911816527e+00
6.437000000000000499e-01	1.581985985994598831e+00
6.472999999999999865e-01	2.206984149970097953e+00
6.509000000000000341e-01	2.446731436743749377e+00
6.544999999999999707e-01	2.831150607558901466e+00
6.581000000000000183e-01	2.985239823954007221e+00
6.616999999999999549e-01	2.910601061068456730e+00
6.653000000000000025e-01	2.896659182398270360e+00
6.689000000000000501e-01	2.542534221615814882e+00
6.724999999999999867e-01	2.272191594179294061e+00
6.762000000000000233e-01	1.998321478660717743e+00
6.797999999999999599e-01	1.661962754471689951e+00
6.834000000000000075e-01	1.232051852142603376e+00
6.870000000000000551e-01	1.073450757738843464e+00
6.905999999999999917e-01	7.464610642655729045e-01
6.942000000000000393e-01	8.649486958277990967e-01
6.977999999999999758e-01	9.545265514034755316e-01
7.014000000000000234e-01	1.161167044764083389e+00
7.049999999999999600e-01	1.555052238316718682e+00
7.086000000000000076e-01	2.116054018440062467e+00
7.122000000000000552e-01	2.549303595485584939e+00
7.157999999999999918e-01	2.940631021801281886e+00
7.194000000000000394e-01	3.463586594447902289e+00
7.229999999999999760e-01	3.424173895567324877e+00
7.267000000000000126e-01	3.716843134399385296e+00
7.302999999999999492e-01	3.671553643943401113e+00
7.338999999999999968e-01	3.575911855939162720e+00
7.375000000000000444e-01	3.215598516662585116e+00
7.410999999999999810e-01	3.142025311124428288e+00
7.447000000000000286e-01	2.839517750233290450e+00
7.482999999999999652e-01	2.433670608771963284e+00
7.519000000000000128e-01	2.049604676281179483e+00
7.554999999999999494e-01	1.980655168071131289e+00
7.590999999999999970e-01	1.811342150798146644e+00
7.627000000000000446e-01	1.930698367940510973e+00
7.662999999999999812e-01	1.937081589590672337e+00
7.699000000000000288e-01	2.348982900427378784e+00
7.734999999999999654e-01	2.849474047871031868e+00
7.772000000000000020e-01	3.357968958551337035e+00
7.808000000000000496e-01	3.723066378231009388e+00
7.843999999999999861e-01	4.089355776900434947e+00
7.880000000000000338e-01	4.379777588897318275e+00
7.915999999999999703e-01	4.732609364980128852e+00
7.952000000000000179e-01	4.895853084823422741e+00
7.987999999999999545e-01	4.788477914042561068e+00
8.024000000000000021e-01	4.603732083739702219e+00
8.060000000000000497e-01	4.226126676998087639e+00
8.095999999999999863e-01	4.030094085805602688e+00
8.132000000000000339e-01	3.612687145918371368e+00
8.167999999999999705e-01	3.285407501385089635e+00
8.204000000000000181e-01	3.023533454889024252e+00
8.239999999999999547e-01	2.799610845738054188e+00
8.276999999999999913e-01	2.632526759805040584e+00
8.313000000000000389e-01	2.849808452868840991e+00
8.348999999999999755e-01	3.031318917344202557e+00
8.385000000000000231e-01	3.402757998161566544e+00
8.420999999999999597e-01	3.857523461092764894e+00
8.457000000000000073e-01	4.309526573510910730e+00
8.493000000000000549e-01	4.609354101066323928e+00
8.528999999999999915e-01	5.120672525671287723e+00
8.565000000000000391e-01	5.395359014076847259e+00
8.600999999999999757e-01	5.598729132611094172e+00
8.637000000000000233e-01	5.540548839722193364e+00
8.672999999999999599e-01	5.564676362913070662e+00
8.709000000000000075e-01	5.502499794140473632e+00
8.745000000000000551e-01	5.166033609483956290e+00
8.781999999999999806e-01	4.819567642344463110e+00
8.818000000000000282e-01	4.897134557229974483e+00
8.853999999999999648e-01	4.342461540602307046e+00
8.890000000000000124e-01	3.872879232111160697e+00
8.925999999999999490e-01	3.985968807829982641e+00
8.961999999999999966e-01	3.891723408183818123e+00
8.998000000000000442e-01	3.979419914986928042e+00
9.033999999999999808e-01	4.312689096530460731e+00
9.070000000000000284e-01	4.590086198101339221e+00
9.105999999999999650e-01	5.082361411046039557e+00
9.142000000000000126e-01	5.439380705400203908e+00
9.177999999999999492e-01	5.911012311381716344e+00
9.213999999999999968e-01	6.258152658087952069e+00
9.251000000000000334e-01	6.506754882689161690e+00
9.286999999999999700e-01	6.676248280143394886e+00
9.323000000000000176e-01	6.626468004483466068e+00
9.358999999999999542e-01	6.741633676988826984e+00
9.395000000000000018e-01	6.498711268316116119e+00
9.431000000000000494e-01	6.387348244355476545e+00
9.466999999999999860e-01	5.977165966728023250e+00
9.503000000000000336e-01	5.816734394041915834e+00
9.538999999999999702e-01	5.560487304487600646e+00
9.575000000000000178e-01	5.383308002433784267e+00
9.610999999999999543e-01	5.397208928332755562e+00
9.647000000000000020e-01	5.520945672118854120e+00
9.683000000000000496e-01	5.748452139718339460e+00
9.718999999999999861e-01	6.125826647661066104e+00
9.756000000000000227e-01	6.251507078742131185e+00
9.791999999999999593e-01	6.833287658831929789e+00
9.828000000000000069e-01	7.109917176578918863e+00
9.864000000000000545e-01	7.496737651678061276e+00
9.899999999999999911e-01	7.719406504785193412e+00
9.936000000000000387e-01	8.037224108842520920e+00
9.971999999999999753e-01	7.770373696052148560e+00
1.000799999999999912e+00	7.598268709987097580e+00
1.004399999999999959e+00	7.576281141112955808e+00
1.008000000000000007e+00	7.393386200523787366e+00
1.011600000000000055e+00	6.834146105567460161e+00
1.015200000000000102e+00	6.677773939731311614e+00
1.018799999999999928e+00	6.431119706602585140e+00
1.022399999999999975e+00	6.412380475538258295e+00
1.026100000000000012e+00	6.441662301378989319e+00
1.029700000000000060e+00	6.457899794331670051e+00
1.033300000000000107e+00	6.654175449011595411e+00
1.036899999999999933e+00	6.919399159142034961e+00
1.040499999999999980e+00	7.415535928813669742e+00
1.044100000000000028e+00	7.832137871266109386e+00
1.047700000000000076e+00	8.100834129000505257e+00
1.051299999999999901e+00	8.450695479908794994e+00
1.054899999999999949e+00	8.774236610329033681e+00
1.058499999999999996e+00	9.090320992147189472e+00
1.062100000000000044e+00	9.144696080185749310e+00
1.065700000000000092e+00	9.092467632755855789e+00
1.069299999999999917e+00	8.808941870558506082e+00
1.072899999999999965e+00	8.685678310696310689e+00
1.076600000000000001e+00	8.374686185667561844e+00
1.080200000000000049e+00	8.038692706656188847e+00
1.083800000000000097e+00	7.768391811532306512e+00
1.087399999999999922e+00	7.708192269360877091e+00
1.090999999999999970e+00	7.840718381317901553e+00
1.094600000000000017e+00	8.102883791805501446e+00
1.098200000000000065e+00	8.440835289597778512e+00
1.101799999999999891e+00	8.652905493815874038e+00
1.105399999999999938e+00	8.980341241403465347e+00
1.108999999999999986e+00	9.227065334468550262e+00
1.112600000000000033e+00	9.320298275352792317e+00
1.116200000000000081e+00	9.366603417286443189e+00
1.119799999999999907e+00	9.404456312213840263e+00
1.123399999999999954e+00	9.276366055608669114e+00
1.127099999999999991e+00	9.218808883065621629e+00
1.130700000000000038e+00	9.027729693495576413e+00
1.134300000000000086e+00	8.780721774616903730e+00
1.137899999999999912e+00	8.849350237658477170e+00
1.141499999999999959e+00	8.764392633262300336e+00
1.145100000000000007e+00	8.900823192333657374e+00
1.148700000000000054e+00	9.060678725219064589e+00
1.152300000000000102e+00	9.085741646659629467e+00
1.155899999999999928e+00	9.129504253236623512e+00
1.159499999999999975e+00	9.284163186962755887e+00
1.163100000000000023e+00	9.327348472397829937e+00
1.166700000000000070e+00	9.332740318506576926e+00
1.170299999999999896e+00	9.213988340940332478e+00
1.173899999999999944e+00	9.064012388048228175e+00
1.177599999999999980e+00	9.086697316014145542e+00
1.181200000000000028e+00	9.016888683439969299e+00
1.184800000000000075e+00	9.179042387210401444e+00
1.188399999999999901e+00	9.135898731574791043e+00
1.191999999999999948e+00	9.120536638005258823e+00
1.195599999999999996e+00	9.148684483522469435e+00
1.199200000000000044e+00	9.137280141284636059e+00
1.202800000000000091e+00	8.980188369427663631e+00
1.206399999999999917e+00	8.828850992742546921e+00
1.209999999999999964e+00	8.871287651460711743e+00
1.213600000000000012e+00	8.942269347574178795e+00
1.217200000000000060e+00	8.849349519615659077e+00
1.220800000000000107e+00	8.887384208118696449e+00
1.224399999999999933e+00	9.033098884266829387e+00
1.228099999999999969e+00	9.069029669494728552e+00
1.231700000000000017e+00	9.420730764386721745e+00
1.235300000000000065e+00	9.589539214725984806e+00
1.238899999999999890e+00	9.260523625893242183e+00
1.242499999999999938e+00	9.182587574213808779e+00
1.246099999999999985e+00	9.147810889210557406e+00
1.249700000000000033e+00	8.860721928336378284e+00
1.253300000000000081e+00	8.667080223511010928e+00
1.256899999999999906e+00	8.495393310462043601e+00
1.260499999999999954e+00	8.499909499174773231e+00
1.264100000000000001e+00	8.566802366655270617e+00
1.267700000000000049e+00	8.490683196304953384e+00
1.271300000000000097e+00	8.285087152400370414e+00
1.274899999999999922e+00	8.263214311758169117e+00
1.278599999999999959e+00	8.578198129174026576e+00
1.282200000000000006e+00	8.697916303911569003e+00
1.285800000000000054e+00	9.117599734914699994e+00
1.289400000000000102e+00	9.182145368795403328e+00
1.292999999999999927e+00	9.518123897708175463e+00
1.296599999999999975e+00	9.620925065118379749e+00
1.300200000000000022e+00	9.842105007035977238e+00
1.303800000000000070e+00	1.022321345961868033e+01
1.307399999999999896e+00	1.016016315898754918e+01
1.310999999999999943e+00	1.005443895294324363e+01
1.314599999999999991e+00	1.002291156426401209e+01
1.318200000000000038e+00	9.924209960463633351e+00
1.321800000000000086e+00	9.775946843159912802e+00
1.325499999999999901e+00	9.833880385674085289e+00
1.329099999999999948e+00	9.936124831362075582e+00
1.332699999999999996e+00	1.002144716592749951e+01
1.336300000000000043e+00	1.050432004432991917e+01
1.339900000000000091e+00	1.072976561667995021e+01
1.343499999999999917e+00	1.099798453997971670e+01
1.347099999999999964e+00	1.128161648776207926e+01
1.350700000000000012e+00	1.177866284286412579e+01
1.354300000000000059e+00	1.188509686859809733e+01
1.357900000000000107e+00	1.237107404652102893e+01
1.361499999999999932e+00	1.255365134739602162e+01
1.365099999999999980e+00	1.296088366363360400e+01
1.368700000000000028e+00	1.298811405693442822e+01
1.372300000000000075e+00	1.312372865240690345e+01
1.375999999999999890e+00	1.301869135752599149e+01
1.379599999999999937e+00	1.296557881330860162e+01
1.383199999999999985e+00	1.319165659247890687e+01
1.386800000000000033e+00	1.347030381393227927e+01
1.390400000000000080e+00	1.384886191266330613e+01
1.393999999999999906e+00	1.403298678592303794e+01
1.397599999999999953e+00	1.457282580522585214e+01
1.401200000000000001e+00	1.511887253124580788e+01
1.404800000000000049e+00	1.559163079185166545e+01
1.408400000000000096e+00	1.602307559912804891e+01
1.411999999999999922e+00	1.643967359501753478e+01
1.415599999999999969e+00	1.708481451249153693e+01
1.419200000000000017e+00	1.746656615887009067e+01
1.422800000000000065e+00	1.813358961697197458e+01
1.426500000000000101e+00	1.865215022350006890e+01
1.430099999999999927e+00	1.897135382531354253e+01
1.433699999999999974e+00	1.898819802488453234e+01
1.437300000000000022e+00	1.898784978677166890e+01
1.440900000000000070e+00	1.900841602409424880e+01
1.444499999999999895e+00	1.907864005624951886e+01
1.448099999999999943e+00	1.956455122046902417e+01
1.451699999999999990e+00	2.009080731841946132e+01
1.455300000000000038e+00	2.068844785038057665e+01
1.458900000000000086e+00	2.136551662981804967e+01
1.462499999999999911e+00	2.223359183822710250e+01
1.466099999999999959e+00	2.308070699579967666e+01
1.469700000000000006e+00	2.398539151842560457e+01
1.473300000000000054e+00	2.474947154440933161e+01
1.477000000000000091e+00	2.534219025407615788e+01
1.480599999999999916e+00	2.591038540300599635e+01
1.484199999999999964e+00	2.659934081369748782e+01
1.487800000000000011e+00	2.766367145950600914e+01
1.491400000000000059e+00	2.962747969118301938e+01
1.495000000000000107e+00	3.224340552553528738e+01
1.498599999999999932e+00	3.507032283940377937e+01
1.502199999999999980e+00	3.787631903079022067e+01
1.505800000000000027e+00	4.034396468073197894e+01
1.509400000000000075e+00	4.205242426665741817e+01
1.512999999999999901e+00	4.321658114965791242e+01
1.516599999999999948e+00	4.412053085512332018e+01
1.520199999999999996e+00	4.474386353045122178e+01
1.523800000000000043e+00	4.537511510951829052e+01
1.527500000000000080e+00	4.628762923394776863e+01
1.531099999999999905e+00	4.801516445454196713e+01
1.534699999999999953e+00	5.093837335376341002e+01
1.538300000000000001e+00	5.486083965698555431e+01
1.541900000000000048e+00	5.919485385581970860e+01
1.545500000000000096e+00	6.316922592118519475e+01
1.549099999999999921e+00	6.606655954540568132e+01
1.552699999999999969e+00	6.629231502701156842e+01
1.556300000000000017e+00	6.481126614098479877e+01
1.559900000000000064e+00	6.207673176041284790e+01
1.563499999999999890e+00	5.905178165061664686e+01
1.567099999999999937e+00	5.684263330008463555e+01
1.570699999999999985e+00	5.516512487237097417e+01
1.574300000000000033e+00	5.344968391581861056e+01
1.578000000000000069e+00	5.117953334393020981e+01
1.581599999999999895e+00	4.775070653370846685e+01
1.585199999999999942e+00	4.384427885459334107e+01
1.588799999999999990e+00	4.139047231622102174e+01
1.592400000000000038e+00	4.300817154796300201e+01
1.596000000000000085e+00	5.055866323794899131e+01
1.599599999999999911e+00	6.433717828225199753e+01
1.603199999999999958e+00	8.017140721760482336e+01
1.606800000000000006e+00	9.396252862719573784e+01
1.610400000000000054e+00	1.011482019567940682e+02
1.614000000000000101e+00	9.928582322624679080e+01
1.617599999999999927e+00	9.095241730888345444e+01
1.621199999999999974e+00	7.911479781362774588e+01
1.624800000000000022e+00	6.730579527697408082e+01
1.628500000000000059e+00	5.765951965630740261e+01
1.632100000000000106e+00	5.125014564888294899e+01
1.635699999999999932e+00	4.741518285127700949e+01
1.639299999999999979e+00	4.621774604473770154e+01
1.642900000000000027e+00	4.696971362834788977e+01
1.646500000000000075e+00	4.906574483684666887e+01
1.650099999999999900e+00	5.102387566312373934e+01
1.653699999999999948e+00	5.226920023392344206e+01
1.657299999999999995e+00	5.149797243049921747e+01
1.660900000000000043e+00	4.837979022243673910e+01
1.664500000000000091e+00	4.438186526024113476e+01
1.668099999999999916e+00	4.055412365031006061e+01
1.671699999999999964e+00	3.731243312943547608e+01
1.675400000000000000e+00	3.518387606863299055e+01
1.679000000000000048e+00	3.367823422325405147e+01
1.682600000000000096e+00	3.250024762790963706e+01
1.686199999999999921e+00	3.163809879466403530e+01
1.689799999999999969e+00	3.048536325289575188e+01
1.693400000000000016e+00	2.923604370165273281e+01
1.697000000000000064e+00	2.828609399022789006e+01
1.700599999999999890e+00	2.715564964754236144e+01
1.704199999999999937e+00	2.660903072692587301e+01
1.707799999999999985e+00	2.634601948445128983e+01
1.711400000000000032e+00	2.592649961790476709e+01
1.715000000000000080e+00	2.589356447337132749e+01
1.718599999999999905e+00	2.561379430971956239e+01
1.722199999999999953e+00	2.504599982141903780e+01
1.725899999999999990e+00	2.443482277617697918e+01
1.729500000000000037e+00	2.371671868893612256e+01
1.733100000000000085e+00	2.275107163618148221e+01
1.736699999999999910e+00	2.212213769278161024e+01
1.740299999999999958e+00	2.147350272440506203e+01
1.743900000000000006e+00	2.148118514020748293e+01
1.747500000000000053e+00	2.215454469684378225e+01
1.751100000000000101e+00	2.327252750570953665e+01
1.754699999999999926e+00	2.464040201638607996e+01
1.758299999999999974e+00	2.548264695157832804e+01
1.761900000000000022e+00	2.551449010426754427e+01
1.765500000000000069e+00	2.513254937623927532e+01
1.769099999999999895e+00	2.410281842694206489e+01
1.772699999999999942e+00	2.279835108129868715e+01
1.776399999999999979e+00	2.184905319290549741e+01
1.780000000000000027e+00	2.115041247622086118e+01
1.783600000000000074e+00	2.085588757990440101e+01
1.787199999999999900e+00	2.085905293141859929e+01
1.790799999999999947e+00	2.133468065984849815e+01
1.794399999999999995e+00	2.223386973662065813e+01
1.798000000000000043e+00	2.330954233759752015e+01
1.801600000000000090e+00	2.412225852959804939e+01
1.805199999999999916e+00	2.465858435314188313e+01
1.808799999999999963e+00	2.450074900873639905e+01
1.812400000000000011e+00	2.377110962871892852e+01
1.816000000000000059e+00	2.267736264185496964e+01
1.819600000000000106e+00	2.212669386925947634e+01
1.823199999999999932e+00	2.164046598266406818e+01
1.826899999999999968e+00	2.122418458571648969e+01
1.830500000000000016e+00	2.156832351948661142e+01
1.834100000000000064e+00	2.157852843333810000e+01
1.837699999999999889e+00	2.202887237801307307e+01
1.841299999999999937e+00	2.270700067840101255e+01
1.844899999999999984e+00	2.320193425856246705e+01
1.848500000000000032e+00	2.370148575585015749e+01
1.852100000000000080e+00	2.385499764267805389e+01
1.855699999999999905e+00	2.393459650636135905e+01
1.859299999999999953e+00	2.362348189948971111e+01
1.862900000000000000e+00	2.363469837094283932e+01
1.866500000000000048e+00	2.364588700274095245e+01
1.870100000000000096e+00	2.394902893566465707e+01
1.873699999999999921e+00	2.461471091856434512e+01
1.877399999999999958e+00	2.541385972669299775e+01
1.881000000000000005e+00	2.620069375765896424e+01
1.884600000000000053e+00	2.713602867293891663e+01
1.888200000000000101e+00	2.785982858462407918e+01
1.891799999999999926e+00	2.834913072014140667e+01
1.895399999999999974e+00	2.868801805657582094e+01
1.899000000000000021e+00	2.844698957451128152e+01
1.902600000000000069e+00	2.806636555778203501e+01
1.906199999999999894e+00	2.756031561724619294e+01
1.909799999999999942e+00	2.703554775129912358e+01
1.913399999999999990e+00	2.654173574267350233e+01
1.917000000000000037e+00	2.667024944794841801e+01
1.920600000000000085e+00	2.666932963375947097e+01
1.924199999999999910e+00	2.677167833624801929e+01
1.927899999999999947e+00	2.723762687735692722e+01
1.931499999999999995e+00	2.779392026153794504e+01
1.935100000000000042e+00	2.819582755788739803e+01
1.938700000000000090e+00	2.868416406133268737e+01
1.942299999999999915e+00	2.896599898032494380e+01
1.945899999999999963e+00	2.911440838446234025e+01
1.949500000000000011e+00	2.916163907316602177e+01
1.953100000000000058e+00	2.881486181463495200e+01
1.956700000000000106e+00	2.837107141389209986e+01
1.960299999999999931e+00	2.732709847047803464e+01
1.963899999999999979e+00	2.637317150247182340e+01
1.967500000000000027e+00	2.564575906734275179e+01
1.971100000000000074e+00	2.537821146428808561e+01
1.974699999999999900e+00	2.530124634748252888e+01
1.978399999999999936e+00	2.567656936963254566e+01
1.981999999999999984e+00	2.658861335114581337e+01
1.985600000000000032e+00	2.727020655593728904e+01
1.989200000000000079e+00	2.809975632603007867e+01
1.992799999999999905e+00	2.829811134275115592e+01
1.996399999999999952e+00	2.840740102432488356e+01
2.000000000000000000e+00	2.801811591371886934e+01
