2.000000000000000111e-01	3.084090161022212673e-02
2.036000000000000032e-01	-4.426801380775942096e-01
2.071999999999999953e-01	-1.471103881887581455e+00
2.107999999999999874e-01	-1.734087118864947819e+00
2.144000000000000072e-01	-9.876940887962732951e-01
2.179999999999999993e-01	7.600082522380531280e-01
2.215999999999999914e-01	-1.399499439533397283e+00
2.253000000000000003e-01	-7.131715975788509576e-01
2.288999999999999924e-01	2.153301563342255420e+00
2.325000000000000122e-01	2.292562561386978892e+00
2.361000000000000043e-01	3.370103967113670773e+00
2.396999999999999964e-01	4.228497813085288826e+00
2.432999999999999885e-01	4.880642027379566983e+00
2.469000000000000083e-01	3.445522955984294811e+00
2.505000000000000004e-01	2.806276525913848907e+00
2.540999999999999925e-01	1.627010582324415200e+00
2.576999999999999846e-01	2.128908330414906125e+00
2.612999999999999767e-01	2.522313324261710177e-01
2.649000000000000243e-01	2.653433026909275849e+00
2.685000000000000164e-01	-5.996203911921206275e-01
2.721000000000000085e-01	-4.267203692866377018e-01
2.757999999999999896e-01	-4.583177380495784270e-02
2.793999999999999817e-01	-4.709026518003173178e-01
2.829999999999999738e-01	-2.626777080532346487e-01
2.866000000000000214e-01	-9.623825956035463314e-01
2.902000000000000135e-01	7.248869209159376492e-01
2.938000000000000056e-01	1.140078785794603311e+00
2.973999999999999977e-01	1.901429154146868417e+00
3.009999999999999898e-01	2.131990792027860682e+00
3.045999999999999819e-01	2.737317883294546839e+00
3.081999999999999740e-01	3.232065137839315483e+00
3.118000000000000216e-01	3.994821731809053311e+00
3.154000000000000137e-01	3.507707364756313506e+00
3.190000000000000058e-01	2.903424296331480026e+00
3.225999999999999979e-01	4.035952414527937293e+00
3.262999999999999790e-01	2.363987099865124009e+00
3.299000000000000266e-01	1.262837717647290248e+00
3.335000000000000187e-01	2.096587098086865275e+00
3.371000000000000107e-01	9.013175966250793758e-01
3.407000000000000028e-01	1.629242831669207137e+00
3.442999999999999949e-01	2.404248395992725662e+00
3.478999999999999870e-01	1.265810211916371664e+00
3.514999999999999791e-01	1.015354756146535031e+00
3.551000000000000267e-01	1.750800807680733095e+00
3.587000000000000188e-01	6.507942669763306931e-01
3.623000000000000109e-01	2.037483251836025744e+00
3.659000000000000030e-01	3.240490222471244408e+00
3.694999999999999951e-01	2.827119529509392049e+00
3.730999999999999872e-01	4.497379413215667476e+00
3.768000000000000238e-01	3.519892637593956763e+00
3.804000000000000159e-01	4.700385529693350328e+00
3.840000000000000080e-01	4.714065092924668576e+00
3.876000000000000001e-01	5.090498620619723802e+00
3.911999999999999922e-01	4.538515935521582279e+00
3.947999999999999843e-01	4.573582100122458804e+00
3.983999999999999764e-01	3.735050671153171464e+00
4.020000000000000240e-01	3.020455466092823560e+00
4.056000000000000161e-01	1.572643934840779245e+00
4.092000000000000082e-01	1.567586743446502950e+00
4.128000000000000003e-01	2.181970275099958556e+00
4.163999999999999924e-01	1.419446345847288793e+00
4.199999999999999845e-01	7.079990431242230153e-01
4.235999999999999766e-01	1.344081269229573383e+00
4.273000000000000131e-01	2.120558035975446565e+00
4.309000000000000052e-01	3.022506309966003002e+00
4.344999999999999973e-01	2.362112953622980349e+00
4.380999999999999894e-01	3.844791322061710037e+00
4.416999999999999815e-01	4.081508928720610108e+00
4.452999999999999736e-01	4.729289463279829242e+00
4.489000000000000212e-01	5.225320118760626187e+00
4.525000000000000133e-01	3.939469013214511595e+00
4.561000000000000054e-01	3.431981008847692749e+00
4.596999999999999975e-01	3.702544587522373032e+00
4.632999999999999896e-01	3.557833961844480086e+00
4.668999999999999817e-01	2.825554235926978297e+00
4.704999999999999738e-01	2.957324986675961220e+00
4.741000000000000214e-01	2.109032376879319770e+00
4.778000000000000025e-01	2.420312504741829684e+00
4.813999999999999946e-01	1.064455339542786039e+00
4.849999999999999867e-01	1.317329728896140306e+00
4.885999999999999788e-01	1.459546226136297697e+00
4.922000000000000264e-01	2.605145064263359789e+00
4.958000000000000185e-01	1.745118947129977283e+00
4.994000000000000106e-01	1.899044348074548250e+00
5.030000000000000027e-01	2.163104882772357129e+00
5.066000000000000503e-01	2.957122467473709548e+00
5.101999999999999869e-01	4.642177812366348633e+00
5.138000000000000345e-01	4.442778037845309669e+00
5.173999999999999710e-01	4.904857380309787906e+00
5.210000000000000187e-01	3.732403997156195530e+00
5.245999999999999552e-01	3.931261583295603934e+00
5.282999999999999918e-01	4.030624016103105056e+00
5.319000000000000394e-01	2.562472144723864087e+00
5.354999999999999760e-01	3.132380777956616402e+00
5.391000000000000236e-01	6.226069649574830223e-01
5.426999999999999602e-01	8.763303551586056894e-01
5.463000000000000078e-01	1.805154763240942373e+00
5.499000000000000554e-01	1.350868534562577938e+00
5.534999999999999920e-01	9.332634676510740412e-01
5.571000000000000396e-01	1.441494751408040731e+00
5.606999999999999762e-01	2.038876987411469166e+00
5.643000000000000238e-01	1.418446575885697669e+00
5.678999999999999604e-01	2.705748670942587975e+00
5.715000000000000080e-01	3.184209204091691170e+00
5.752000000000000446e-01	2.429865557687504563e+00
5.787999999999999812e-01	4.529819635111090648e+00
5.824000000000000288e-01	4.250992259220742753e+00
5.859999999999999654e-01	3.884922640005386008e+00
5.896000000000000130e-01	3.325822853899528475e+00
5.931999999999999496e-01	4.233657209983711311e+00
5.967999999999999972e-01	3.899967307006655837e+00
6.004000000000000448e-01	4.361217658296315136e+00
6.039999999999999813e-01	2.945013580525392083e+00
6.076000000000000290e-01	3.271007964447045779e+00
6.111999999999999655e-01	1.655735856805671702e+00
6.148000000000000131e-01	1.617859162743228829e+00
6.183999999999999497e-01	7.767223977263466583e-01
6.219999999999999973e-01	3.539806136416414062e-01
6.257000000000000339e-01	3.448329876765753310e-01
6.292999999999999705e-01	1.307305277811802391e+00
6.329000000000000181e-01	1.271545862444149799e+00
6.364999999999999547e-01	5.874795338055558425e-01
6.401000000000000023e-01	3.703080573497510297e+00
6.437000000000000499e-01	2.617214618398139514e+00
6.472999999999999865e-01	1.923464419727571872e+00
6.509000000000000341e-01	3.512584519721379195e+00
6.544999999999999707e-01	3.217017322370774313e+00
6.581000000000000183e-01	2.824475476165863697e+00
6.616999999999999549e-01	4.068487122508628318e+00
6.653000000000000025e-01	4.572950477848094941e+00
6.689000000000000501e-01	3.030598992717707940e+00
6.724999999999999867e-01	2.088863798937361960e+00
6.762000000000000233e-01	2.509577514998469372e+00
6.797999999999999599e-01	2.591387627571184460e+00
6.834000000000000075e-01	1.772108239542394381e+00
6.870000000000000551e-01	2.145949716150270081e+00
6.905999999999999917e-01	1.668322309986094432e+00
6.942000000000000393e-01	7.021418192185313600e-01
6.977999999999999758e-01	2.524911830138977464e+00
7.014000000000000234e-01	4.416712113948866314e-01
7.049999999999999600e-01	8.530272565748346913e-01
7.086000000000000076e-01	2.392933845488270261e+00
7.122000000000000552e-01	1.621591760165877361e+00
7.157999999999999918e-01	4.041852261754248055e+00
7.194000000000000394e-01	4.455510325340747535e+00
7.229999999999999760e-01	4.472923371545008742e+00
7.267000000000000126e-01	3.560519555450850859e+00
7.302999999999999492e-01	3.374353460818818373e+00
7.338999999999999968e-01	3.488927460428385974e+00
7.375000000000000444e-01	4.299002600976413291e+00
7.410999999999999810e-01	3.789446833079461285e+00
7.447000000000000286e-01	3.477437189324972699e+00
7.482999999999999652e-01	4.392074541755485839e+00
7.519000000000000128e-01	3.761171231863259301e+00
7.554999999999999494e-01	2.478199107235166565e+00
7.590999999999999970e-01	3.970600299285048873e+00
7.627000000000000446e-01	1.867837776728702437e+00
7.662999999999999812e-01	2.962138041561805935e+00
7.699000000000000288e-01	3.256190235099611918e+00
7.734999999999999654e-01	3.269775050971224228e+00
7.772000000000000020e-01	4.436578967744697621e+00
7.808000000000000496e-01	3.888005458335056730e+00
7.843999999999999861e-01	4.747726886078072361e+00
7.880000000000000338e-01	5.915524609335015782e+00
7.915999999999999703e-01	6.768190269919970525e+00
7.952000000000000179e-01	5.653595349459712871e+00
7.987999999999999545e-01	6.135303882801755648e+00
8.024000000000000021e-01	5.763668529559234699e+00
8.060000000000000497e-01	5.237713267206908441e+00
8.095999999999999863e-01	3.459321956443089263e+00
8.132000000000000339e-01	4.564944928135271418e+00
8.167999999999999705e-01	4.000110123630974179e+00
8.204000000000000181e-01	2.741226881669964754e+00
8.239999999999999547e-01	3.798607492459948887e+00
8.276999999999999913e-01	3.065974671829688969e+00
8.313000000000000389e-01	2.848540853138509910e+00
8.348999999999999755e-01	2.535177372124549855e+00
8.385000000000000231e-01	6.024282585676339785e+00
8.420999999999999597e-01	4.469370506979512214e+00
8.457000000000000073e-01	5.554816257260913659e+00
8.493000000000000549e-01	5.645236378828903057e+00
8.528999999999999915e-01	6.289162657291801573e+00
8.565000000000000391e-01	5.193350754240808165e+00
8.600999999999999757e-01	5.774542733747028755e+00
8.637000000000000233e-01	7.057857640720204273e+00
8.672999999999999599e-01	6.092579478486493727e+00
8.709000000000000075e-01	5.723750393257181379e+00
8.745000000000000551e-01	6.386343780784065061e+00
8.781999999999999806e-01	6.427283885708696687e+00
8.818000000000000282e-01	5.199707923563048340e+00
8.853999999999999648e-01	4.569809191805669357e+00
8.890000000000000124e-01	4.439451496489931870e+00
8.925999999999999490e-01	4.146951338043495916e+00
8.961999999999999966e-01	3.866062178271101768e+00
8.998000000000000442e-01	4.172992625775905573e+00
9.033999999999999808e-01	5.191281905794738805e+00
9.070000000000000284e-01	6.224531090953009382e+00
9.105999999999999650e-01	6.264211366059689645e+00
9.142000000000000126e-01	7.295354917010181239e+00
9.177999999999999492e-01	6.157625078390847939e+00
9.213999999999999968e-01	7.370494355982916801e+00
9.251000000000000334e-01	7.390690653818818845e+00
9.286999999999999700e-01	8.376544757503602057e+00
9.323000000000000176e-01	7.516421522959747747e+00
9.358999999999999542e-01	7.546811799914181051e+00
9.395000000000000018e-01	7.202212558029099654e+00
9.431000000000000494e-01	6.555105417181960270e+00
9.466999999999999860e-01	7.417617690717582590e+00
9.503000000000000336e-01	6.594155543594572677e+00
9.538999999999999702e-01	5.534906513933969485e+00
9.575000000000000178e-01	6.159830808618630194e+00
9.610999999999999543e-01	6.188926550002157079e+00
9.647000000000000020e-01	5.589173457511662946e+00
9.683000000000000496e-01	7.970021913378583456e+00
9.718999999999999861e-01	6.939468960507660711e+00
9.756000000000000227e-01	7.284381565375412926e+00
9.791999999999999593e-01	7.925907089937462402e+00
9.828000000000000069e-01	7.777220218015557407e+00
9.864000000000000545e-01	7.315429599070274236e+00
9.899999999999999911e-01	1.000950086242988313e+01
9.936000000000000387e-01	9.086029256427543999e+00
9.971999999999999753e-01	9.307024639207782002e+00
1.000799999999999912e+00	9.439662733258856520e+00
1.004399999999999959e+00	8.609651096033484663e+00
1.008000000000000007e+00	7.724700562754518884e+00
1.011600000000000055e+00	7.387718846131654082e+00
1.015200000000000102e+00	8.919931286289001449e+00
1.018799999999999928e+00	6.512391788039524343e+00
1.022399999999999975e+00	5.729384536598837840e+00
1.026100000000000012e+00	7.534972341142114338e+00
1.029700000000000060e+00	5.972342315885965647e+00
1.033300000000000107e+00	6.873223631202233896e+00
1.036899999999999933e+00	8.248990377812827290e+00
1.040499999999999980e+00	7.593241570455568912e+00
1.044100000000000028e+00	9.142148278528024363e+00
1.047700000000000076e+00	1.069668205115070414e+01
1.051299999999999901e+00	9.091665014923554722e+00
1.054899999999999949e+00	1.003071485909548066e+01
1.058499999999999996e+00	9.112482504991076482e+00
1.062100000000000044e+00	1.036789532718873907e+01
1.065700000000000092e+00	9.296409437672959797e+00
1.069299999999999917e+00	1.097067900524028339e+01
1.072899999999999965e+00	9.633953614000898114e+00
1.076600000000000001e+00	1.060498664608653385e+01
1.080200000000000049e+00	8.619951705515875418e+00
1.083800000000000097e+00	8.488423142534617938e+00
1.087399999999999922e+00	7.842270488954841134e+00
1.090999999999999970e+00	6.848376824068203916e+00
1.094600000000000017e+00	8.866226775684257433e+00
1.098200000000000065e+00	7.132018010978824485e+00
1.101799999999999891e+00	8.589360700494895084e+00
1.105399999999999938e+00	8.781446855875616464e+00
1.108999999999999986e+00	1.011051660766426608e+01
1.112600000000000033e+00	9.622388932583765708e+00
1.116200000000000081e+00	1.018063128126407335e+01
1.119799999999999907e+00	1.001626215277246601e+01
1.123399999999999954e+00	9.713375102500641844e+00
1.127099999999999991e+00	9.219581201998465758e+00
1.130700000000000038e+00	1.003997482597358371e+01
1.134300000000000086e+00	1.068804647087473469e+01
1.137899999999999912e+00	8.975975141985010453e+00
1.141499999999999959e+00	8.547712937051484161e+00
1.145100000000000007e+00	9.384002985331903801e+00
1.148700000000000054e+00	9.357862770761018467e+00
1.152300000000000102e+00	9.795130685438280693e+00
1.155899999999999928e+00	9.111975844074986952e+00
1.159499999999999975e+00	9.557462351004758716e+00
1.163100000000000023e+00	9.723028053808009830e+00
1.166700000000000070e+00	9.163957130315878885e+00
1.170299999999999896e+00	9.195981782587962172e+00
1.173899999999999944e+00	1.056392505283023375e+01
1.177599999999999980e+00	9.149757942697336333e+00
1.181200000000000028e+00	1.106426118213578391e+01
1.184800000000000075e+00	9.548449404643653438e+00
1.188399999999999901e+00	8.431941793825799891e+00
1.191999999999999948e+00	9.527923182729795215e+00
1.195599999999999996e+00	1.045429876552297088e+01
1.199200000000000044e+00	9.539737713901768501e+00
1.202800000000000091e+00	9.918179954127472442e+00
1.206399999999999917e+00	9.606126371744542425e+00
1.209999999999999964e+00	9.937049951383956525e+00
1.213600000000000012e+00	9.789500566004239346e+00
1.217200000000000060e+00	9.796502154692007025e+00
1.220800000000000107e+00	1.045199584995685527e+01
1.224399999999999933e+00	9.867127745599995947e+00
1.228099999999999969e+00	9.881397836406923929e+00
1.231700000000000017e+00	9.404571905780448660e+00
1.235300000000000065e+00	8.042442002971142756e+00
1.238899999999999890e+00	8.882123769555528625e+00
1.242499999999999938e+00	8.349173543682372411e+00
1.246099999999999985e+00	1.019994259157705052e+01
1.249700000000000033e+00	9.268667955178234052e+00
1.253300000000000081e+00	9.419533161488949702e+00
1.256899999999999906e+00	8.977185374271332563e+00
1.260499999999999954e+00	9.308642747392127603e+00
1.264100000000000001e+00	9.384113996967322180e+00
1.267700000000000049e+00	1.067225464875298080e+01
1.271300000000000097e+00	8.928837716335829455e+00
1.274899999999999922e+00	1.051083417669505060e+01
1.278599999999999959e+00	1.038856738475340968e+01
1.282200000000000006e+00	1.052283847566982899e+01
1.285800000000000054e+00	9.465599795477389833e+00
1.289400000000000102e+00	1.045461499072169076e+01
1.292999999999999927e+00	1.035214771026561031e+01
1.296599999999999975e+00	1.086886044716024458e+01
1.300200000000000022e+00	1.036863427333601351e+01
1.303800000000000070e+00	9.781043780489143913e+00
1.307399999999999896e+00	1.113989864417975006e+01
1.310999999999999943e+00	1.096981952235113056e+01
1.314599999999999991e+00	1.099282114422327616e+01
1.318200000000000038e+00	9.612136470665868515e+00
1.321800000000000086e+00	1.165639879312004368e+01
1.325499999999999901e+00	1.139778763243789683e+01
1.329099999999999948e+00	1.126107106150882942e+01
1.332699999999999996e+00	1.187753736406147098e+01
1.336300000000000043e+00	1.277335587538876105e+01
1.339900000000000091e+00	1.182537212281208738e+01
1.343499999999999917e+00	1.084071167144490211e+01
1.347099999999999964e+00	1.219119861248445069e+01
1.350700000000000012e+00	1.155409282561457296e+01
1.354300000000000059e+00	1.254169008852175082e+01
1.357900000000000107e+00	1.454375410786174072e+01
1.361499999999999932e+00	1.041959124276978343e+01
1.365099999999999980e+00	1.294644613698189595e+01
1.368700000000000028e+00	1.312795004980969438e+01
1.372300000000000075e+00	1.290376772349435619e+01
1.375999999999999890e+00	1.312713747085395610e+01
1.379599999999999937e+00	1.492288595750250479e+01
1.383199999999999985e+00	1.357993889388561826e+01
1.386800000000000033e+00	1.301430376593333982e+01
1.390400000000000080e+00	1.517422351011740034e+01
1.393999999999999906e+00	1.542713777290223298e+01
1.397599999999999953e+00	1.341136001273617140e+01
1.401200000000000001e+00	1.555459385817031936e+01
1.404800000000000049e+00	1.632595849900304685e+01
1.408400000000000096e+00	1.456016594552878551e+01
1.411999999999999922e+00	1.613495066140543699e+01
1.415599999999999969e+00	1.851971223146907164e+01
1.419200000000000017e+00	1.821824691540127006e+01
1.422800000000000065e+00	1.899267918555738177e+01
1.426500000000000101e+00	1.927918531273582659e+01
1.430099999999999927e+00	1.996560340832465030e+01
1.433699999999999974e+00	2.188832192775261731e+01
1.437300000000000022e+00	2.176078911693716833e+01
1.440900000000000070e+00	2.339085505238356788e+01
1.444499999999999895e+00	2.381623664393282525e+01
1.448099999999999943e+00	2.298223165566480120e+01
1.451699999999999990e+00	2.378134621746000832e+01
1.455300000000000038e+00	2.294970647025568056e+01
1.458900000000000086e+00	2.234668257284269899e+01
1.462499999999999911e+00	2.383373121244711612e+01
1.466099999999999959e+00	2.379806066011013144e+01
1.469700000000000006e+00	2.588749697439940434e+01
1.473300000000000054e+00	2.690130449495900677e+01
1.477000000000000091e+00	2.915853572305553243e+01
1.480599999999999916e+00	2.844492409032172375e+01
1.484199999999999964e+00	2.950368985202139882e+01
1.487800000000000011e+00	3.222592276632612851e+01
1.491400000000000059e+00	3.364834797542462752e+01
1.495000000000000107e+00	3.661601635386605835e+01
1.498599999999999932e+00	3.781325411282679738e+01
1.502199999999999980e+00	3.975489711689598948e+01
1.505800000000000027e+00	4.038154037574077648e+01
1.509400000000000075e+00	3.932030129302540900e+01
1.512999999999999901e+00	4.021650795778747067e+01
1.516599999999999948e+00	4.065065704240118549e+01
1.520199999999999996e+00	4.262648414835671673e+01
1.523800000000000043e+00	4.700890761006489527e+01
1.527500000000000080e+00	5.205800869753402083e+01
1.531099999999999905e+00	5.814812269912758325e+01
1.534699999999999953e+00	6.020990425487675424e+01
1.538300000000000001e+00	5.941656314021309271e+01
1.541900000000000048e+00	5.655800171969212187e+01
1.545500000000000096e+00	5.491830096959864704e+01
1.549099999999999921e+00	5.487225170833893628e+01
1.552699999999999969e+00	6.106390235696078861e+01
1.556300000000000017e+00	7.036350694797796734e+01
1.559900000000000064e+00	7.862158213423424513e+01
1.563499999999999890e+00	8.471467532727494643e+01
1.567099999999999937e+00	8.261062479068066011e+01
1.570699999999999985e+00	7.331501615445745301e+01
1.574300000000000033e+00	6.275237291552060270e+01
1.578000000000000069e+00	5.395883452297034211e+01
1.581599999999999895e+00	4.662360850026841064e+01
1.585199999999999942e+00	4.575207195667910298e+01
1.588799999999999990e+00	4.843494674131316202e+01
1.592400000000000038e+00	5.383230949126168241e+01
1.596000000000000085e+00	5.999857503926951807e+01
1.599599999999999911e+00	6.371030898341803805e+01
1.603199999999999958e+00	6.718241964625653395e+01
1.606800000000000006e+00	7.287014776733157362e+01
1.610400000000000054e+00	7.360072146364200307e+01
1.614000000000000101e+00	7.526961121661032905e+01
1.617599999999999927e+00	7.593883061644676502e+01
1.621199999999999974e+00	7.466369421815308272e+01
1.624800000000000022e+00	7.143946148548550923e+01
1.628500000000000059e+00	6.605423165919380324e+01
1.632100000000000106e+00	6.144542133429776243e+01
1.635699999999999932e+00	5.391412402598026432e+01
1.639299999999999979e+00	4.799982018251850491e+01
1.642900000000000027e+00	4.708164280687084613e+01
1.646500000000000075e+00	4.517664615842910081e+01
1.650099999999999900e+00	4.717150476412397353e+01
1.653699999999999948e+00	4.656001643398332135e+01
1.657299999999999995e+00	4.667605992172816087e+01
1.660900000000000043e+00	4.286932575963486158e+01
1.664500000000000091e+00	4.007471837537595150e+01
1.668099999999999916e+00	3.555391302946333809e+01
1.671699999999999964e+00	3.452208477717993418e+01
1.675400000000000000e+00	3.375325462356592254e+01
1.679000000000000048e+00	3.291671315457537617e+01
1.682600000000000096e+00	3.430790017803883529e+01
1.686199999999999921e+00	3.451354788721528166e+01
1.689799999999999969e+00	3.389613756746128814e+01
1.693400000000000016e+00	3.297130294363300607e+01
1.697000000000000064e+00	3.301335691932927574e+01
1.700599999999999890e+00	3.421023112343413430e+01
1.704199999999999937e+00	3.438365066282023008e+01
1.707799999999999985e+00	3.281014213031237858e+01
1.711400000000000032e+00	3.087167592118520432e+01
1.715000000000000080e+00	3.002602153224770376e+01
1.718599999999999905e+00	2.641410364464593385e+01
1.722199999999999953e+00	2.702975086765697199e+01
1.725899999999999990e+00	2.353090329023674343e+01
1.729500000000000037e+00	2.232274562484242963e+01
1.733100000000000085e+00	2.241633027076750295e+01
1.736699999999999910e+00	2.079938839015373020e+01
1.740299999999999958e+00	2.295131751573489964e+01
1.743900000000000006e+00	2.231300798303051636e+01
1.747500000000000053e+00	2.343699052174348552e+01
1.751100000000000101e+00	2.391077210689319088e+01
1.754699999999999926e+00	2.436415643027840616e+01
1.758299999999999974e+00	2.407288985078537991e+01
1.761900000000000022e+00	2.501398782581045310e+01
1.765500000000000069e+00	2.374129156277577479e+01
1.769099999999999895e+00	2.364434072500240802e+01
1.772699999999999942e+00	2.366499744478138467e+01
1.776399999999999979e+00	2.229118621363064889e+01
1.780000000000000027e+00	2.266145344463739519e+01
1.783600000000000074e+00	2.341520501641613805e+01
1.787199999999999900e+00	2.342595606519285667e+01
1.790799999999999947e+00	2.327473363103135640e+01
1.794399999999999995e+00	2.268202257684649226e+01
1.798000000000000043e+00	2.169968930802964024e+01
1.801600000000000090e+00	2.266286384674396004e+01
1.805199999999999916e+00	2.122560209873615023e+01
1.808799999999999963e+00	2.119534771344279278e+01
1.812400000000000011e+00	2.153764456452535114e+01
1.816000000000000059e+00	2.373471764552478191e+01
1.819600000000000106e+00	2.507023405283373307e+01
1.823199999999999932e+00	2.561156720316411395e+01
1.826899999999999968e+00	2.697462459707130478e+01
1.830500000000000016e+00	2.780106391764794083e+01
1.834100000000000064e+00	2.697630214994896747e+01
1.837699999999999889e+00	2.685618586536547525e+01
1.841299999999999937e+00	2.700219368835593770e+01
1.844899999999999984e+00	2.693624999333277614e+01
1.848500000000000032e+00	2.572601534452648409e+01
1.852100000000000080e+00	2.735114992088433183e+01
1.855699999999999905e+00	2.612367726290495185e+01
1.859299999999999953e+00	2.568901516318227607e+01
1.862900000000000000e+00	2.575061530754575756e+01
1.866500000000000048e+00	2.690778071646311886e+01
1.870100000000000096e+00	2.730231890301253372e+01
1.873699999999999921e+00	2.713339584308488739e+01
1.877399999999999958e+00	2.729089608860621752e+01
1.881000000000000005e+00	2.716992076147837309e+01
1.884600000000000053e+00	2.817715559136253134e+01
1.888200000000000101e+00	2.844344148580268339e+01
1.891799999999999926e+00	2.659716852384141461e+01
1.895399999999999974e+00	2.780929071485718396e+01
1.899000000000000021e+00	2.665020052911792448e+01
1.902600000000000069e+00	2.703755954068254752e+01
1.906199999999999894e+00	2.496962521856244877e+01
1.909799999999999942e+00	2.602301764030795894e+01
1.913399999999999990e+00	2.557184922990242626e+01
1.917000000000000037e+00	2.681584914107612860e+01
1.920600000000000085e+00	2.691588782226542165e+01
1.924199999999999910e+00	2.837302463187779367e+01
1.927899999999999947e+00	2.794289847251060266e+01
1.931499999999999995e+00	2.723758720320623539e+01
1.935100000000000042e+00	2.829530697588249666e+01
1.938700000000000090e+00	2.834146726341845479e+01
1.942299999999999915e+00	2.794728084371110199e+01
1.945899999999999963e+00	2.846865836070383438e+01
1.949500000000000011e+00	2.891565844880320668e+01
1.953100000000000058e+00	2.906119525013212268e+01
1.956700000000000106e+00	2.913726859607070097e+01
1.960299999999999931e+00	2.846705128063468138e+01
1.963899999999999979e+00	2.934070918335930855e+01
1.967500000000000027e+00	2.827101303753222794e+01
1.971100000000000074e+00	2.880027048140501122e+01
1.974699999999999900e+00	3.072590658355525051e+01
1.978399999999999936e+00	3.173779766907126998e+01
1.981999999999999984e+00	3.210619781228913183e+01
1.985600000000000032e+00	3.243343214171984812e+01
1.989200000000000079e+00	3.443661815513281965e+01
1.992799999999999905e+00	3.507303294675214289e+01
1.996399999999999952e+00	3.337984836906765906e+01
2.000000000000000000e+00	3.303376995335958100e+01
