2.000000000000000111e-01	-1.932608678108346023e+00
2.036000000000000032e-01	-2.500055493124760275e+00
2.071999999999999953e-01	-1.974594226481745540e+00
2.107999999999999874e-01	-2.628377954244172088e+00
2.144000000000000072e-01	-2.477304773610860877e+00
2.179999999999999993e-01	-2.368142431457553876e+00
2.215999999999999914e-01	-2.648573749944366451e+00
2.253000000000000003e-01	-1.829150387379876452e+00
2.288999999999999924e-01	-1.515984367126137267e+00
2.325000000000000122e-01	-9.719228995476576483e-01
2.361000000000000043e-01	3.970948836185195230e-02
2.396999999999999964e-01	5.286326283346827193e-01
2.432999999999999885e-01	4.304508127914898341e-01
2.469000000000000083e-01	6.792324601838695131e-01
2.505000000000000004e-01	4.743340727544911872e-01
2.540999999999999925e-01	-3.146256681538863176e-01
2.576999999999999846e-01	9.082865832624242852e-02
2.612999999999999767e-01	-8.278705815408818891e-01
2.649000000000000243e-01	-1.998004129180225075e+00
2.685000000000000164e-01	-2.485684778758446178e+00
2.721000000000000085e-01	-3.382239098811034683e+00
2.757999999999999896e-01	-2.643749821954881174e+00
2.793999999999999817e-01	-2.613561438385241686e+00
2.829999999999999738e-01	-2.503975427692830102e+00
2.866000000000000214e-01	-2.477408418480607999e+00
2.902000000000000135e-01	-2.624356665770085861e+00
2.938000000000000056e-01	-1.578759379188800160e+00
2.973999999999999977e-01	-5.181442964730436085e-01
3.009999999999999898e-01	-3.341140198393026672e-01
3.045999999999999819e-01	1.405236361890593311e-01
3.081999999999999740e-01	9.358881857575875873e-01
3.118000000000000216e-01	7.955612575951219734e-01
3.154000000000000137e-01	8.261744889847538742e-01
3.190000000000000058e-01	8.815994091457050041e-01
3.225999999999999979e-01	7.110663255144245021e-01
3.262999999999999790e-01	-5.616666048861077010e-02
3.299000000000000266e-01	1.987688671862052336e-01
3.335000000000000187e-01	-9.196598021279049906e-01
3.371000000000000107e-01	-1.874048011564796390e+00
3.407000000000000028e-01	-1.681993997656526574e+00
3.442999999999999949e-01	-1.601968386946044598e+00
3.478999999999999870e-01	-1.958361025586429660e+00
3.514999999999999791e-01	-2.400285517834694904e+00
3.551000000000000267e-01	-1.658821296176435478e+00
3.587000000000000188e-01	-1.534911555101252656e+00
3.623000000000000109e-01	-9.690133745343940674e-01
3.659000000000000030e-01	2.204456005836871180e-01
3.694999999999999951e-01	1.092815656788460377e+00
3.730999999999999872e-01	1.905726641354525963e+00
3.768000000000000238e-01	1.917718378045383032e+00
3.804000000000000159e-01	2.507404532976367673e+00
3.840000000000000080e-01	2.494464878923384976e+00
3.876000000000000001e-01	1.908323044171942762e+00
3.911999999999999922e-01	2.181352797389662701e+00
3.947999999999999843e-01	1.172694825262937446e+00
3.983999999999999764e-01	1.673624865137841145e+00
4.020000000000000240e-01	1.143307053491022351e+00
4.056000000000000161e-01	6.484255672088679034e-01
4.092000000000000082e-01	-3.503973294471843802e-01
4.128000000000000003e-01	2.029093915269151172e-01
4.163999999999999924e-01	-3.162080514511700358e-02
4.199999999999999845e-01	-1.945094060819454462e-01
4.235999999999999766e-01	3.816243320306372810e-02
4.273000000000000131e-01	3.089781831448770721e-01
4.309000000000000052e-01	5.267601777362346249e-01
4.344999999999999973e-01	7.066441273531870459e-01
4.380999999999999894e-01	1.906567404950256561e+00
4.416999999999999815e-01	2.777069546090935148e+00
4.452999999999999736e-01	3.147038621226307065e+00
4.489000000000000212e-01	3.512741726526022124e+00
4.525000000000000133e-01	3.358882735402460185e+00
4.561000000000000054e-01	3.046074048198821771e+00
4.596999999999999975e-01	3.251313474321004371e+00
4.632999999999999896e-01	3.278645607436112108e+00
4.668999999999999817e-01	2.469590649407993332e+00
4.704999999999999738e-01	1.954908169178853905e+00
4.741000000000000214e-01	1.152702006426136183e+00
4.778000000000000025e-01	3.888195659954861716e-01
4.813999999999999946e-01	3.908957432461768189e-01
4.849999999999999867e-01	5.035034242324861742e-01
4.885999999999999788e-01	4.369803014352552362e-01
4.922000000000000264e-01	1.052026392368795360e+00
4.958000000000000185e-01	1.064127122738351972e+00
4.994000000000000106e-01	1.096517454538616043e+00
5.030000000000000027e-01	8.341915324876550963e-01
5.066000000000000503e-01	2.225095880238697532e+00
5.101999999999999869e-01	3.100422472097107640e+00
5.138000000000000345e-01	3.130774371260150346e+00
5.173999999999999710e-01	3.617536886466965917e+00
5.210000000000000187e-01	2.832672912286751554e+00
5.245999999999999552e-01	3.502649478177428666e+00
5.282999999999999918e-01	3.052178493081079580e+00
5.319000000000000394e-01	2.656501232586775618e+00
5.354999999999999760e-01	1.866686965139101151e+00
5.391000000000000236e-01	1.388089462211274716e+00
5.426999999999999602e-01	7.011938888274814596e-01
5.463000000000000078e-01	3.459248646356383183e-01
5.499000000000000554e-01	5.021000585771518976e-01
5.534999999999999920e-01	4.444049585742635422e-01
5.571000000000000396e-01	-1.930412838082719296e-02
5.606999999999999762e-01	8.232521238340804182e-01
5.643000000000000238e-01	2.633597512081716219e-01
5.678999999999999604e-01	1.002953871627977112e+00
5.715000000000000080e-01	1.830892993127342994e+00
5.752000000000000446e-01	1.602536619901580028e+00
5.787999999999999812e-01	2.667136231387594592e+00
5.824000000000000288e-01	2.523961448827697573e+00
5.859999999999999654e-01	2.863492309317230866e+00
5.896000000000000130e-01	2.871316724661541642e+00
5.931999999999999496e-01	3.832491470777986464e+00
5.967999999999999972e-01	3.044423444235097254e+00
6.004000000000000448e-01	3.337677483389840827e+00
6.039999999999999813e-01	2.802486142674321723e+00
6.076000000000000290e-01	1.984396604676864406e+00
6.111999999999999655e-01	1.513052753267676964e+00
6.148000000000000131e-01	1.629823648861322027e+00
6.183999999999999497e-01	6.903823288564472360e-01
6.219999999999999973e-01	5.840595844584803853e-01
6.257000000000000339e-01	3.709988290021402624e-01
6.292999999999999705e-01	1.860550894365770591e-01
6.329000000000000181e-01	-7.492427430881515305e-02
6.364999999999999547e-01	-1.246333539245950972e-01
6.401000000000000023e-01	3.578185580060534443e-01
6.437000000000000499e-01	1.293351799130566082e+00
6.472999999999999865e-01	1.512338416846349398e+00
6.509000000000000341e-01	2.135352844596420052e+00
6.544999999999999707e-01	2.914052497046351942e+00
6.581000000000000183e-01	3.013970932923522916e+00
6.616999999999999549e-01	3.584663896756248302e+00
6.653000000000000025e-01	2.642115340388885514e+00
6.689000000000000501e-01	2.864786196979601574e+00
6.724999999999999867e-01	2.306787548960042677e+00
6.762000000000000233e-01	2.042111034606365561e+00
6.797999999999999599e-01	1.403251551304957934e+00
6.834000000000000075e-01	1.060698339608522334e+00
6.870000000000000551e-01	5.261853105178999623e-01
6.905999999999999917e-01	7.751258542096176596e-01
6.942000000000000393e-01	5.091755773870059176e-01
6.977999999999999758e-01	-1.176553589822058876e-01
7.014000000000000234e-01	1.257446408092671719e-02
7.049999999999999600e-01	5.479354894999479697e-01
7.086000000000000076e-01	1.969106764220597272e-01
7.122000000000000552e-01	1.158551613432170280e+00
7.157999999999999918e-01	1.741786630906508648e+00
7.194000000000000394e-01	2.043894971346954748e+00
7.229999999999999760e-01	2.264017492872048898e+00
7.267000000000000126e-01	2.771522726110854595e+00
7.302999999999999492e-01	2.883813405661106888e+00
7.338999999999999968e-01	3.218752444363325083e+00
7.375000000000000444e-01	2.564247587167616249e+00
7.410999999999999810e-01	3.183385117376341000e+00
7.447000000000000286e-01	2.548644194675155461e+00
7.482999999999999652e-01	2.245285243015066712e+00
7.519000000000000128e-01	2.325550089140980159e+00
7.554999999999999494e-01	1.543835975272208838e+00
7.590999999999999970e-01	1.482651919381703154e+00
7.627000000000000446e-01	1.373866458806229929e+00
7.662999999999999812e-01	1.537023698562001828e+00
7.699000000000000288e-01	1.543069502497068202e+00
7.734999999999999654e-01	1.332020451400072858e+00
7.772000000000000020e-01	2.145966739958965697e+00
7.808000000000000496e-01	3.092842704074062699e+00
7.843999999999999861e-01	2.868195298244518021e+00
7.880000000000000338e-01	3.339084741314926941e+00
7.915999999999999703e-01	3.208140919140865410e+00
7.952000000000000179e-01	4.422778794407522973e+00
7.987999999999999545e-01	4.111385177368253707e+00
8.024000000000000021e-01	4.463641084147444538e+00
8.060000000000000497e-01	3.453106996237220283e+00
8.095999999999999863e-01	3.813299136175753112e+00
8.132000000000000339e-01	3.685820005351687634e+00
8.167999999999999705e-01	2.687650025844368962e+00
8.204000000000000181e-01	2.696116847454788967e+00
8.239999999999999547e-01	1.679041043279398515e+00
8.276999999999999913e-01	2.099643560313979584e+00
8.313000000000000389e-01	1.478088520863015898e+00
8.348999999999999755e-01	2.139626667924772185e+00
8.385000000000000231e-01	2.459774771706333407e+00
8.420999999999999597e-01	2.382213535921474445e+00
8.457000000000000073e-01	2.695832210317156363e+00
8.493000000000000549e-01	3.280536065355280861e+00
8.528999999999999915e-01	4.474950302830432491e+00
8.565000000000000391e-01	4.812944390905360414e+00
8.600999999999999757e-01	4.769537978294287939e+00
8.637000000000000233e-01	5.458910394718985870e+00
8.672999999999999599e-01	5.570519747851728098e+00
8.709000000000000075e-01	5.158312562842437998e+00
8.745000000000000551e-01	4.283532348447717908e+00
8.781999999999999806e-01	4.348605499637502980e+00
8.818000000000000282e-01	3.662667648172204693e+00
8.853999999999999648e-01	3.756299923236245952e+00
8.890000000000000124e-01	3.896791124534739303e+00
8.925999999999999490e-01	2.395319319067303887e+00
8.961999999999999966e-01	2.522931754178229458e+00
8.998000000000000442e-01	2.465114924118599227e+00
9.033999999999999808e-01	2.295098415803084713e+00
9.070000000000000284e-01	3.309608344151028891e+00
9.105999999999999650e-01	3.145686774282920872e+00
9.142000000000000126e-01	4.061581668943976098e+00
9.177999999999999492e-01	4.692911464828497969e+00
9.213999999999999968e-01	5.140669900815321824e+00
9.251000000000000334e-01	4.932716217439942596e+00
9.286999999999999700e-01	4.981582686696906848e+00
9.323000000000000176e-01	5.113408748016370353e+00
9.358999999999999542e-01	5.502492194538180392e+00
9.395000000000000018e-01	5.887556480951951166e+00
9.431000000000000494e-01	5.781646429200047343e+00
9.466999999999999860e-01	5.294154726666047139e+00
9.503000000000000336e-01	4.198469404413208927e+00
9.538999999999999702e-01	3.961485411780320209e+00
9.575000000000000178e-01	4.609045539818716009e+00
9.610999999999999543e-01	4.107240333123142406e+00
9.647000000000000020e-01	4.128918966040347804e+00
9.683000000000000496e-01	4.449651507201483724e+00
9.718999999999999861e-01	4.648486229359971134e+00
9.756000000000000227e-01	4.722172244467077284e+00
9.791999999999999593e-01	5.313232398784451860e+00
9.828000000000000069e-01	5.546099125199440927e+00
9.864000000000000545e-01	5.585788485356000699e+00
9.899999999999999911e-01	6.125867348587516581e+00
9.936000000000000387e-01	6.362951965309325608e+00
9.971999999999999753e-01	7.382415731779856216e+00
1.000799999999999912e+00	6.915100555654142056e+00
1.004399999999999959e+00	6.540265684053368389e+00
1.008000000000000007e+00	6.008618732496346482e+00
1.011600000000000055e+00	5.971752724481487640e+00
1.015200000000000102e+00	5.389300293346964921e+00
1.018799999999999928e+00	6.219328452418427133e+00
1.022399999999999975e+00	4.708273470559091400e+00
1.026100000000000012e+00	5.107963051614377470e+00
1.029700000000000060e+00	5.017190786023372873e+00
1.033300000000000107e+00	5.871105268509396069e+00
1.036899999999999933e+00	5.725364291697838226e+00
1.040499999999999980e+00	6.572049819716108132e+00
1.044100000000000028e+00	6.030335264768507564e+00
1.047700000000000076e+00	6.508970652331848683e+00
1.051299999999999901e+00	7.034196911719040379e+00
1.054899999999999949e+00	7.446388648176122338e+00
1.058499999999999996e+00	7.246440538131000864e+00
1.062100000000000044e+00	8.404191638519556307e+00
1.065700000000000092e+00	7.440782766759226341e+00
1.069299999999999917e+00	7.591740281906651511e+00
1.072899999999999965e+00	7.118497918809634228e+00
1.076600000000000001e+00	6.644844345399103069e+00
1.080200000000000049e+00	6.175879864970340805e+00
1.083800000000000097e+00	6.363653405428317811e+00
1.087399999999999922e+00	5.539361743247195768e+00
1.090999999999999970e+00	7.020699512205716530e+00
1.094600000000000017e+00	7.482561174532747827e+00
1.098200000000000065e+00	8.549109810645649787e+00
1.101799999999999891e+00	8.528178025721334876e+00
1.105399999999999938e+00	8.300227311322364798e+00
1.108999999999999986e+00	8.088454746007521123e+00
1.112600000000000033e+00	8.247169146762324488e+00
1.116200000000000081e+00	7.808783799006798532e+00
1.119799999999999907e+00	8.211565472258715914e+00
1.123399999999999954e+00	7.844979836242108817e+00
1.127099999999999991e+00	7.283154462146195662e+00
1.130700000000000038e+00	7.877138659945944532e+00
1.134300000000000086e+00	7.345466987860340247e+00
1.137899999999999912e+00	7.374040653626828146e+00
1.141499999999999959e+00	7.801026586952746200e+00
1.145100000000000007e+00	7.292221534269579308e+00
1.148700000000000054e+00	8.176297831108717773e+00
1.152300000000000102e+00	8.613431143876747242e+00
1.155899999999999928e+00	8.993791999922283509e+00
1.159499999999999975e+00	9.603113620448525012e+00
1.163100000000000023e+00	9.898281193361425423e+00
1.166700000000000070e+00	8.782182879695454858e+00
1.170299999999999896e+00	8.617226573834379622e+00
1.173899999999999944e+00	9.001125816442298699e+00
1.177599999999999980e+00	8.385352446590774278e+00
1.181200000000000028e+00	8.476622986304464646e+00
1.184800000000000075e+00	8.419737559688750039e+00
1.188399999999999901e+00	8.855801882096587363e+00
1.191999999999999948e+00	9.719962503123353414e+00
1.195599999999999996e+00	1.026203367710465386e+01
1.199200000000000044e+00	1.022860303676728044e+01
1.202800000000000091e+00	1.079295337030521651e+01
1.206399999999999917e+00	1.059954203795156857e+01
1.209999999999999964e+00	1.086689125979583714e+01
1.213600000000000012e+00	9.779689740334340797e+00
1.217200000000000060e+00	9.770327621050231670e+00
1.220800000000000107e+00	9.485258008983871392e+00
1.224399999999999933e+00	8.874389351579022645e+00
1.228099999999999969e+00	9.847479919913096680e+00
1.231700000000000017e+00	9.741443556884021859e+00
1.235300000000000065e+00	9.882467408993440117e+00
1.238899999999999890e+00	1.031069963666917566e+01
1.242499999999999938e+00	1.040789071962464440e+01
1.246099999999999985e+00	1.072959362450327880e+01
1.249700000000000033e+00	1.042431992605167146e+01
1.253300000000000081e+00	1.107872207988518021e+01
1.256899999999999906e+00	1.086646227299707945e+01
1.260499999999999954e+00	1.027577849654439035e+01
1.264100000000000001e+00	1.067893589994967307e+01
1.267700000000000049e+00	1.045735941767406807e+01
1.271300000000000097e+00	1.036414264974386334e+01
1.274899999999999922e+00	1.022644952107016358e+01
1.278599999999999959e+00	1.079917548116176107e+01
1.282200000000000006e+00	1.111544338211730221e+01
1.285800000000000054e+00	1.045063714546734701e+01
1.289400000000000102e+00	1.076290828869965566e+01
1.292999999999999927e+00	1.120222510119432435e+01
1.296599999999999975e+00	1.194665472975646736e+01
1.300200000000000022e+00	1.196851387669981115e+01
1.303800000000000070e+00	1.229234473446426001e+01
1.307399999999999896e+00	1.280978996455639241e+01
1.310999999999999943e+00	1.379810109661380579e+01
1.314599999999999991e+00	1.422373406876050339e+01
1.318200000000000038e+00	1.351302141943782509e+01
1.321800000000000086e+00	1.370947987181224548e+01
1.325499999999999901e+00	1.305235651437027222e+01
1.329099999999999948e+00	1.316557759867787780e+01
1.332699999999999996e+00	1.267769293289392785e+01
1.336300000000000043e+00	1.269324982188872220e+01
1.339900000000000091e+00	1.235822967270579475e+01
1.343499999999999917e+00	1.208674097742915698e+01
1.347099999999999964e+00	1.262704915744519596e+01
1.350700000000000012e+00	1.317722843049008929e+01
1.354300000000000059e+00	1.288681442010916101e+01
1.357900000000000107e+00	1.419256774470233395e+01
1.361499999999999932e+00	1.497824888422866252e+01
1.365099999999999980e+00	1.616450303788633036e+01
1.368700000000000028e+00	1.682522408973598615e+01
1.372300000000000075e+00	1.762557473380855910e+01
1.375999999999999890e+00	1.694127071738875756e+01
1.379599999999999937e+00	1.667132515691203309e+01
1.383199999999999985e+00	1.659189936854093972e+01
1.386800000000000033e+00	1.655018495588651462e+01
1.390400000000000080e+00	1.638772389433447785e+01
1.393999999999999906e+00	1.628000939364589783e+01
1.397599999999999953e+00	1.654333288533551638e+01
1.401200000000000001e+00	1.689007269420103086e+01
1.404800000000000049e+00	1.716494359282588533e+01
1.408400000000000096e+00	1.867155142934132783e+01
1.411999999999999922e+00	1.959697487482026901e+01
1.415599999999999969e+00	2.014474549502183365e+01
1.419200000000000017e+00	2.174807042543159596e+01
1.422800000000000065e+00	2.171720311929409775e+01
1.426500000000000101e+00	2.189572446271555606e+01
1.430099999999999927e+00	2.173422435377656825e+01
1.433699999999999974e+00	2.278940074422231277e+01
1.437300000000000022e+00	2.434640659461038581e+01
1.440900000000000070e+00	2.408248065188167431e+01
1.444499999999999895e+00	2.453218872761454605e+01
1.448099999999999943e+00	2.491547663473286534e+01
1.451699999999999990e+00	2.538097108457589002e+01
1.455300000000000038e+00	2.592227505763989370e+01
1.458900000000000086e+00	2.563946716334230658e+01
1.462499999999999911e+00	2.630430619033737472e+01
1.466099999999999959e+00	2.634559872740038244e+01
1.469700000000000006e+00	2.823116765663936079e+01
1.473300000000000054e+00	2.804127521304691228e+01
1.477000000000000091e+00	2.937939105636365866e+01
1.480599999999999916e+00	3.036809062498479506e+01
1.484199999999999964e+00	3.195943081117190587e+01
1.487800000000000011e+00	3.321176574130470271e+01
1.491400000000000059e+00	3.410564920453568760e+01
1.495000000000000107e+00	3.515424324632827791e+01
1.498599999999999932e+00	3.817844241717146758e+01
1.502199999999999980e+00	3.795110149476108319e+01
1.505800000000000027e+00	4.080928132902887739e+01
1.509400000000000075e+00	4.123095638641090943e+01
1.512999999999999901e+00	4.319249168215235812e+01
1.516599999999999948e+00	4.489479358701478873e+01
1.520199999999999996e+00	4.853719161037189167e+01
1.523800000000000043e+00	5.277902276124718384e+01
1.527500000000000080e+00	5.605914916424565320e+01
1.531099999999999905e+00	5.924810379682396189e+01
1.534699999999999953e+00	6.309365961265914535e+01
1.538300000000000001e+00	6.538453319567202016e+01
1.541900000000000048e+00	6.660518270925993534e+01
1.545500000000000096e+00	6.873407763699192685e+01
1.549099999999999921e+00	7.002133712007308475e+01
1.552699999999999969e+00	6.988723537451589607e+01
1.556300000000000017e+00	7.114254509117384373e+01
1.559900000000000064e+00	7.125169369673592712e+01
1.563499999999999890e+00	7.056403365931356575e+01
1.567099999999999937e+00	6.848227874662475756e+01
1.570699999999999985e+00	6.557887528340432937e+01
1.574300000000000033e+00	6.166102551827935230e+01
1.578000000000000069e+00	5.879660137874332548e+01
1.581599999999999895e+00	5.791525690229907752e+01
1.585199999999999942e+00	5.887092108622677245e+01
1.588799999999999990e+00	6.079107730772851426e+01
1.592400000000000038e+00	6.287101153131170861e+01
1.596000000000000085e+00	6.465645233406813475e+01
1.599599999999999911e+00	6.665801378415706324e+01
1.603199999999999958e+00	6.762683164938840719e+01
1.606800000000000006e+00	6.678424144342389468e+01
1.610400000000000054e+00	6.477107450642495223e+01
1.614000000000000101e+00	6.240975960211947893e+01
1.617599999999999927e+00	5.975865645974420914e+01
1.621199999999999974e+00	5.627582097399869809e+01
1.624800000000000022e+00	5.578322810840136015e+01
1.628500000000000059e+00	5.743761417402355818e+01
1.632100000000000106e+00	5.802264324284370645e+01
1.635699999999999932e+00	5.961013632689297737e+01
1.639299999999999979e+00	5.983870758224313136e+01
1.642900000000000027e+00	5.747170695361312198e+01
1.646500000000000075e+00	5.349352878844609904e+01
1.650099999999999900e+00	4.831536111117911503e+01
1.653699999999999948e+00	4.414881113083599473e+01
1.657299999999999995e+00	4.206872081743792791e+01
1.660900000000000043e+00	4.110294235878291857e+01
1.664500000000000091e+00	4.143927693984565508e+01
1.668099999999999916e+00	4.148900690816232384e+01
1.671699999999999964e+00	4.221196239104020265e+01
1.675400000000000000e+00	4.133135111636330095e+01
1.679000000000000048e+00	4.014371586169341555e+01
1.682600000000000096e+00	3.996559003039241276e+01
1.686199999999999921e+00	3.794512280517881919e+01
1.689799999999999969e+00	3.702783810473152926e+01
1.693400000000000016e+00	3.590473185950140333e+01
1.697000000000000064e+00	3.542043668456560823e+01
1.700599999999999890e+00	3.566716611208448739e+01
1.704199999999999937e+00	3.630074090842226298e+01
1.707799999999999985e+00	3.698715318623145265e+01
1.711400000000000032e+00	3.786840877359490065e+01
1.715000000000000080e+00	3.749643520025514931e+01
1.718599999999999905e+00	3.607792081817546403e+01
1.722199999999999953e+00	3.304316049284082624e+01
1.725899999999999990e+00	3.013304149843623847e+01
1.729500000000000037e+00	2.792233560484935495e+01
1.733100000000000085e+00	2.684917311921817884e+01
1.736699999999999910e+00	2.674399431946767436e+01
1.740299999999999958e+00	2.742923473532036738e+01
1.743900000000000006e+00	2.836024023797046567e+01
1.747500000000000053e+00	2.981466277196137682e+01
1.751100000000000101e+00	3.019658186334415717e+01
1.754699999999999926e+00	3.060631723033922569e+01
1.758299999999999974e+00	3.129803983679123647e+01
1.761900000000000022e+00	3.061340751671119165e+01
1.765500000000000069e+00	2.985262551294748690e+01
1.769099999999999895e+00	2.860520723386080988e+01
1.772699999999999942e+00	2.735013469615431347e+01
1.776399999999999979e+00	2.691431717790104372e+01
1.780000000000000027e+00	2.612971977685518254e+01
1.783600000000000074e+00	2.643571032167253065e+01
1.787199999999999900e+00	2.624660753556087300e+01
1.790799999999999947e+00	2.729556683730325872e+01
1.794399999999999995e+00	2.739749375715343049e+01
1.798000000000000043e+00	2.883474832275011224e+01
1.801600000000000090e+00	2.869471979906006354e+01
1.805199999999999916e+00	2.927486220521052829e+01
1.808799999999999963e+00	2.989995068209600504e+01
1.812400000000000011e+00	3.036221338941677672e+01
1.816000000000000059e+00	3.002608723531936619e+01
1.819600000000000106e+00	2.955425111974404118e+01
1.823199999999999932e+00	2.910590534752391179e+01
1.826899999999999968e+00	2.807569945855555815e+01
1.830500000000000016e+00	2.725627410146108787e+01
1.834100000000000064e+00	2.628827077358010200e+01
1.837699999999999889e+00	2.601977399551943648e+01
1.841299999999999937e+00	2.557894064687909008e+01
1.844899999999999984e+00	2.555977203546414955e+01
1.848500000000000032e+00	2.605272949950480310e+01
1.852100000000000080e+00	2.653639223545505388e+01
1.855699999999999905e+00	2.705693278145158587e+01
1.859299999999999953e+00	2.710456957687102886e+01
1.862900000000000000e+00	2.809545047929541184e+01
1.866500000000000048e+00	2.840473838993226252e+01
1.870100000000000096e+00	2.838865535443130028e+01
1.873699999999999921e+00	2.805819822094845506e+01
1.877399999999999958e+00	2.838937523816736075e+01
1.881000000000000005e+00	2.848763186711856576e+01
1.884600000000000053e+00	2.736825111612978745e+01
1.888200000000000101e+00	2.765796563057815760e+01
1.891799999999999926e+00	2.739505235384231696e+01
1.895399999999999974e+00	2.877623920749238806e+01
1.899000000000000021e+00	2.990479589121811088e+01
1.902600000000000069e+00	3.138822531553905293e+01
1.906199999999999894e+00	3.266560621652970298e+01
1.909799999999999942e+00	3.325371489248507828e+01
1.913399999999999990e+00	3.284898793716248377e+01
1.917000000000000037e+00	3.195093678184364094e+01
1.920600000000000085e+00	3.164366246547463390e+01
1.924199999999999910e+00	3.032266460004511188e+01
1.927899999999999947e+00	3.029982328822210746e+01
1.931499999999999995e+00	2.980011664556034390e+01
1.935100000000000042e+00	3.100168811565616522e+01
1.938700000000000090e+00	3.177421184191168990e+01
1.942299999999999915e+00	3.274149872495846836e+01
1.945899999999999963e+00	3.408539192590800582e+01
1.949500000000000011e+00	3.548994629205188289e+01
1.953100000000000058e+00	3.583603340379588076e+01
1.956700000000000106e+00	3.583720178413209823e+01
1.960299999999999931e+00	3.595979148464007125e+01
1.963899999999999979e+00	3.486808829354033179e+01
1.967500000000000027e+00	3.297545578979715231e+01
1.971100000000000074e+00	3.279546351475177346e+01
1.974699999999999900e+00	3.174512633753576196e+01
1.978399999999999936e+00	3.134771330009271395e+01
1.981999999999999984e+00	3.155666279838598953e+01
1.985600000000000032e+00	3.252672863141164328e+01
1.989200000000000079e+00	3.425392992663042691e+01
1.992799999999999905e+00	3.662441312951136752e+01
1.996399999999999952e+00	3.958527989794502844e+01
2.000000000000000000e+00	4.289191110836656406e+01
