2.000000000000000111e-01	-6.032990580033014139e-01
2.036000000000000032e-01	-1.417870167663475511e+00
2.071999999999999953e-01	-1.844869238404517553e+00
2.107999999999999874e-01	-2.221891167276531576e+00
2.144000000000000072e-01	-1.878242323856901264e+00
2.179999999999999993e-01	-7.618414194624123503e-01
2.215999999999999914e-01	-3.262741099384035559e-01
2.253000000000000003e-01	1.101944953695331297e-01
2.288999999999999924e-01	7.878265546970346644e-01
2.325000000000000122e-01	2.037488546340008089e+00
2.361000000000000043e-01	1.695545904136840587e+00
2.396999999999999964e-01	2.598225174020779349e+00
2.432999999999999885e-01	2.340021296675920848e+00
2.469000000000000083e-01	2.289947786758640191e+00
2.505000000000000004e-01	2.680711556532057394e+00
2.540999999999999925e-01	2.226985320954860903e+00
2.576999999999999846e-01	1.962155656268462556e+00
2.612999999999999767e-01	1.460932002459877976e+00
2.649000000000000243e-01	6.632832452965875536e-01
2.685000000000000164e-01	-2.794754887338696259e-01
2.721000000000000085e-01	-3.965458164454138124e-01
2.757999999999999896e-01	-8.558967131219867852e-01
2.793999999999999817e-01	-4.880420776414227113e-01
2.829999999999999738e-01	-7.552829716489981582e-01
2.866000000000000214e-01	3.034599600761493932e-01
2.902000000000000135e-01	1.099266246755290277e+00
2.938000000000000056e-01	8.691442902420773997e-01
2.973999999999999977e-01	1.868538414996233410e+00
3.009999999999999898e-01	1.637507466147898327e+00
3.045999999999999819e-01	2.372148499181994552e+00
3.081999999999999740e-01	3.009113608461188694e+00
3.118000000000000216e-01	3.719217756566437938e+00
3.154000000000000137e-01	3.878020764120056363e+00
3.190000000000000058e-01	3.925567943374705937e+00
3.225999999999999979e-01	2.951891807354840580e+00
3.262999999999999790e-01	2.672325677710055469e+00
3.299000000000000266e-01	2.160434505434764674e+00
3.335000000000000187e-01	1.707696512461838179e+00
3.371000000000000107e-01	6.253900291453901028e-01
3.407000000000000028e-01	2.130329586017212229e-01
3.442999999999999949e-01	-1.443301241079397168e-01
3.478999999999999870e-01	5.696837196468157449e-01
3.514999999999999791e-01	-1.505432820848092990e-01
3.551000000000000267e-01	5.527426936438282201e-01
3.587000000000000188e-01	9.794111334187793894e-01
3.623000000000000109e-01	1.631199233028703954e+00
3.659000000000000030e-01	2.350550442895730452e+00
3.694999999999999951e-01	3.297421940818384911e+00
3.730999999999999872e-01	3.588559006057936429e+00
3.768000000000000238e-01	4.098261775468142964e+00
3.804000000000000159e-01	3.750607336040209017e+00
3.840000000000000080e-01	4.533816420555780269e+00
3.876000000000000001e-01	3.919057135342604248e+00
3.911999999999999922e-01	3.865961109449570721e+00
3.947999999999999843e-01	3.472835584132399234e+00
3.983999999999999764e-01	3.449161302652874905e+00
4.020000000000000240e-01	2.605455964837144922e+00
4.056000000000000161e-01	1.526693433431481894e+00
4.092000000000000082e-01	1.216854028500157003e+00
4.128000000000000003e-01	1.373984720238200063e+00
4.163999999999999924e-01	1.146253552644562301e+00
4.199999999999999845e-01	6.748844063980649066e-01
4.235999999999999766e-01	1.019600787684550536e+00
4.273000000000000131e-01	9.164246420294513973e-01
4.309000000000000052e-01	1.946148453775355502e+00
4.344999999999999973e-01	2.836608965921477044e+00
4.380999999999999894e-01	2.976876917712840243e+00
4.416999999999999815e-01	3.619112934713320406e+00
4.452999999999999736e-01	3.885313512620562459e+00
4.489000000000000212e-01	3.813885475122681612e+00
4.525000000000000133e-01	4.110587091257484005e+00
4.561000000000000054e-01	3.915288895347959652e+00
4.596999999999999975e-01	3.690051574478481644e+00
4.632999999999999896e-01	3.594210535822210506e+00
4.668999999999999817e-01	2.789290408628452234e+00
4.704999999999999738e-01	2.366758871270873144e+00
4.741000000000000214e-01	2.480854376185797516e+00
4.778000000000000025e-01	1.039727749843201821e+00
4.813999999999999946e-01	1.346408768004101253e+00
4.849999999999999867e-01	9.299163410327278001e-01
4.885999999999999788e-01	9.345015052484388907e-01
4.922000000000000264e-01	8.672526392866279910e-01
4.958000000000000185e-01	1.261332787477381645e+00
4.994000000000000106e-01	2.235141962433178531e+00
5.030000000000000027e-01	3.248155753335559837e+00
5.066000000000000503e-01	3.242550977021025460e+00
5.101999999999999869e-01	3.621618244991041458e+00
5.138000000000000345e-01	3.865349006221167727e+00
5.173999999999999710e-01	4.195742263024890839e+00
5.210000000000000187e-01	3.842723405330334963e+00
5.245999999999999552e-01	3.267931696694224009e+00
5.282999999999999918e-01	3.268623673556927844e+00
5.319000000000000394e-01	2.733943637243057889e+00
5.354999999999999760e-01	2.611164546553126797e+00
5.391000000000000236e-01	1.996773330806879798e+00
5.426999999999999602e-01	1.820910374267489473e+00
5.463000000000000078e-01	9.474141145742382975e-01
5.499000000000000554e-01	7.916116341246844934e-01
5.534999999999999920e-01	9.338511837203283816e-01
5.571000000000000396e-01	9.631460320832113675e-01
5.606999999999999762e-01	7.330666839553744429e-01
5.643000000000000238e-01	1.170941568464574090e+00
5.678999999999999604e-01	1.731964690880862356e+00
5.715000000000000080e-01	1.984139295646387913e+00
5.752000000000000446e-01	2.789893365607202469e+00
5.787999999999999812e-01	3.105184111507046207e+00
5.824000000000000288e-01	3.536036976468909465e+00
5.859999999999999654e-01	3.667676870612696760e+00
5.896000000000000130e-01	4.032298602162976309e+00
5.931999999999999496e-01	3.733024074924586433e+00
5.967999999999999972e-01	3.893622819293185877e+00
6.004000000000000448e-01	3.481684467050802478e+00
6.039999999999999813e-01	2.961734715374781057e+00
6.076000000000000290e-01	1.969845440401648329e+00
6.111999999999999655e-01	1.756616024532124065e+00
6.148000000000000131e-01	1.750251968724647167e+00
6.183999999999999497e-01	6.061478412413963124e-01
6.219999999999999973e-01	7.268235562065459288e-01
6.257000000000000339e-01	9.686500007998672945e-01
6.292999999999999705e-01	-4.402776695381693806e-03
6.329000000000000181e-01	9.394485755178689779e-01
6.364999999999999547e-01	1.344395491634334583e+00
6.401000000000000023e-01	1.940469217631102694e+00
6.437000000000000499e-01	1.569391571811668218e+00
6.472999999999999865e-01	2.416036658236583978e+00
6.509000000000000341e-01	2.868750589028112863e+00
6.544999999999999707e-01	3.756644914368183041e+00
6.581000000000000183e-01	3.511128423887206917e+00
6.616999999999999549e-01	3.984493588167155931e+00
6.653000000000000025e-01	3.326857084220154359e+00
6.689000000000000501e-01	3.309869850731208096e+00
6.724999999999999867e-01	2.737408067635927367e+00
6.762000000000000233e-01	2.741422335651333420e+00
6.797999999999999599e-01	1.944618165790063857e+00
6.834000000000000075e-01	1.747925137017176223e+00
6.870000000000000551e-01	1.073736394949241779e+00
6.905999999999999917e-01	1.209738720618318997e+00
6.942000000000000393e-01	9.035817875570183455e-01
6.977999999999999758e-01	1.500982645415051220e+00
7.014000000000000234e-01	2.233582570856846417e+00
7.049999999999999600e-01	1.832965822852562709e+00
7.086000000000000076e-01	2.351124413404005686e+00
7.122000000000000552e-01	2.453350759127817415e+00
7.157999999999999918e-01	3.161908391388724482e+00
7.194000000000000394e-01	3.204240774443190443e+00
7.229999999999999760e-01	4.277195750572377442e+00
7.267000000000000126e-01	4.110046645511855168e+00
7.302999999999999492e-01	3.853928601472336624e+00
7.338999999999999968e-01	4.128245922465595186e+00
7.375000000000000444e-01	4.093960863073325740e+00
7.410999999999999810e-01	3.687463600742169056e+00
7.447000000000000286e-01	3.573325534098847456e+00
7.482999999999999652e-01	2.698095376080543062e+00
7.519000000000000128e-01	2.116084079390920358e+00
7.554999999999999494e-01	2.757673517370222260e+00
7.590999999999999970e-01	2.515729774067226643e+00
7.627000000000000446e-01	2.591245073278581668e+00
7.662999999999999812e-01	2.114965798754270931e+00
7.699000000000000288e-01	2.875295401421025687e+00
7.734999999999999654e-01	3.316360741687007341e+00
7.772000000000000020e-01	4.066564578743327552e+00
7.808000000000000496e-01	4.331603814976511480e+00
7.843999999999999861e-01	4.544297033313934087e+00
7.880000000000000338e-01	5.233543425981554087e+00
7.915999999999999703e-01	5.264073758911687051e+00
7.952000000000000179e-01	5.263213834693996951e+00
7.987999999999999545e-01	5.009520849804100173e+00
8.024000000000000021e-01	4.871394351807184719e+00
8.060000000000000497e-01	5.269928378685282411e+00
8.095999999999999863e-01	4.172378495521163799e+00
8.132000000000000339e-01	3.690484824652680018e+00
8.167999999999999705e-01	3.341256957820051277e+00
8.204000000000000181e-01	3.626746361777568595e+00
8.239999999999999547e-01	3.051004395346420317e+00
8.276999999999999913e-01	2.960302257628267153e+00
8.313000000000000389e-01	2.818847756943179572e+00
8.348999999999999755e-01	3.018888215858378299e+00
8.385000000000000231e-01	3.711440257152752942e+00
8.420999999999999597e-01	4.139411954447714592e+00
8.457000000000000073e-01	4.546865278556916579e+00
8.493000000000000549e-01	4.729148759609961061e+00
8.528999999999999915e-01	5.501577131260452447e+00
8.565000000000000391e-01	5.835975828164491119e+00
8.600999999999999757e-01	5.659449081770050682e+00
8.637000000000000233e-01	5.946611534953438749e+00
8.672999999999999599e-01	5.683267216059538995e+00
8.709000000000000075e-01	6.137966836892727152e+00
8.745000000000000551e-01	5.248434634126373233e+00
8.781999999999999806e-01	5.112594513669779239e+00
8.818000000000000282e-01	4.843515677898176719e+00
8.853999999999999648e-01	5.033888303869648695e+00
8.890000000000000124e-01	4.937072938999467198e+00
8.925999999999999490e-01	4.569685907663339819e+00
8.961999999999999966e-01	4.371391691102198607e+00
8.998000000000000442e-01	4.170736777044613319e+00
9.033999999999999808e-01	4.817696456516564751e+00
9.070000000000000284e-01	5.050064900016240088e+00
9.105999999999999650e-01	5.631690593938130540e+00
9.142000000000000126e-01	5.580995296927705240e+00
9.177999999999999492e-01	6.115229894503590558e+00
9.213999999999999968e-01	7.070330781907851581e+00
9.251000000000000334e-01	7.094098184766525428e+00
9.286999999999999700e-01	7.081686538826778232e+00
9.323000000000000176e-01	7.494581605807386637e+00
9.358999999999999542e-01	7.668678660396873070e+00
9.395000000000000018e-01	6.736827881707768917e+00
9.431000000000000494e-01	6.649041445140025708e+00
9.466999999999999860e-01	7.016291097108705799e+00
9.503000000000000336e-01	6.495255630933574054e+00
9.538999999999999702e-01	5.991736542926789255e+00
9.575000000000000178e-01	5.317047277895687429e+00
9.610999999999999543e-01	5.904711481139842455e+00
9.647000000000000020e-01	5.586065000986732976e+00
9.683000000000000496e-01	6.421724125001621708e+00
9.718999999999999861e-01	6.624729930476329187e+00
9.756000000000000227e-01	6.746455199694924687e+00
9.791999999999999593e-01	6.637503140564712467e+00
9.828000000000000069e-01	7.401583987634718476e+00
9.864000000000000545e-01	7.762469514541806781e+00
9.899999999999999911e-01	8.110790593609859656e+00
9.936000000000000387e-01	7.992135001804127725e+00
9.971999999999999753e-01	8.372931708692929575e+00
1.000799999999999912e+00	8.409612838017709535e+00
1.004399999999999959e+00	8.304386058428027795e+00
1.008000000000000007e+00	7.925345257163915136e+00
1.011600000000000055e+00	7.263635601200626901e+00
1.015200000000000102e+00	6.982372656207773254e+00
1.018799999999999928e+00	7.147914830335813541e+00
1.022399999999999975e+00	6.579612390553284840e+00
1.026100000000000012e+00	6.925489368054814854e+00
1.029700000000000060e+00	7.228589276986296497e+00
1.033300000000000107e+00	6.846131423097491897e+00
1.036899999999999933e+00	7.549350377009526269e+00
1.040499999999999980e+00	8.246007578085244205e+00
1.044100000000000028e+00	7.967300796497542414e+00
1.047700000000000076e+00	8.839595831703487505e+00
1.051299999999999901e+00	9.131658287028319165e+00
1.054899999999999949e+00	8.712090145425435139e+00
1.058499999999999996e+00	9.673632128407968267e+00
1.062100000000000044e+00	9.773050506072173960e+00
1.065700000000000092e+00	9.082022232856752808e+00
1.069299999999999917e+00	9.559814773112041308e+00
1.072899999999999965e+00	9.078056761993694934e+00
1.076600000000000001e+00	8.772071820934939979e+00
1.080200000000000049e+00	7.960171965402164318e+00
1.083800000000000097e+00	7.893815476140880527e+00
1.087399999999999922e+00	7.748710946518939657e+00
1.090999999999999970e+00	7.704975199467529734e+00
1.094600000000000017e+00	7.872328309272800695e+00
1.098200000000000065e+00	8.397848547127612306e+00
1.101799999999999891e+00	7.767245569056626664e+00
1.105399999999999938e+00	9.216147856021638773e+00
1.108999999999999986e+00	9.411133042775603030e+00
1.112600000000000033e+00	9.616778975286147002e+00
1.116200000000000081e+00	1.003141327226471091e+01
1.119799999999999907e+00	1.005396942413941197e+01
1.123399999999999954e+00	9.496177684123837892e+00
1.127099999999999991e+00	9.293743611977244967e+00
1.130700000000000038e+00	9.671562116002533571e+00
1.134300000000000086e+00	9.399247884281514587e+00
1.137899999999999912e+00	9.139864312265109092e+00
1.141499999999999959e+00	9.498139239890690533e+00
1.145100000000000007e+00	8.530214344708905827e+00
1.148700000000000054e+00	9.372732526946016662e+00
1.152300000000000102e+00	8.918546909278781243e+00
1.155899999999999928e+00	8.668093020205839494e+00
1.159499999999999975e+00	9.118876992635231105e+00
1.163100000000000023e+00	9.171935577391007399e+00
1.166700000000000070e+00	8.803928530198179558e+00
1.170299999999999896e+00	8.637376049624023722e+00
1.173899999999999944e+00	8.881384170884595974e+00
1.177599999999999980e+00	9.494888464985237420e+00
1.181200000000000028e+00	9.167087857948578389e+00
1.184800000000000075e+00	9.908359297357037576e+00
1.188399999999999901e+00	9.990299105575367378e+00
1.191999999999999948e+00	9.768625654237975908e+00
1.195599999999999996e+00	9.765147753309875611e+00
1.199200000000000044e+00	9.515837171069630784e+00
1.202800000000000091e+00	9.376857895149148803e+00
1.206399999999999917e+00	9.133225534326077977e+00
1.209999999999999964e+00	9.002945302271104566e+00
1.213600000000000012e+00	9.191293427336251654e+00
1.217200000000000060e+00	9.174430499678523532e+00
1.220800000000000107e+00	8.973154959085112736e+00
1.224399999999999933e+00	8.998792531672975770e+00
1.228099999999999969e+00	9.549149597364126052e+00
1.231700000000000017e+00	9.402054526144253188e+00
1.235300000000000065e+00	9.177173695875364245e+00
1.238899999999999890e+00	9.685129398194000316e+00
1.242499999999999938e+00	9.830022731659015633e+00
1.246099999999999985e+00	9.276487705378109183e+00
1.249700000000000033e+00	8.888756332538891414e+00
1.253300000000000081e+00	9.204147240315315059e+00
1.256899999999999906e+00	8.735266688994483886e+00
1.260499999999999954e+00	9.101013222126194790e+00
1.264100000000000001e+00	9.230811787992962536e+00
1.267700000000000049e+00	8.695324948037864488e+00
1.271300000000000097e+00	9.269635349514043554e+00
1.274899999999999922e+00	9.664572197649635044e+00
1.278599999999999959e+00	9.080312361173030311e+00
1.282200000000000006e+00	9.489926785851332980e+00
1.285800000000000054e+00	9.706982423010503069e+00
1.289400000000000102e+00	9.160735681498104910e+00
1.292999999999999927e+00	9.277365022044110177e+00
1.296599999999999975e+00	9.738206287220327440e+00
1.300200000000000022e+00	1.035731815872100192e+01
1.303800000000000070e+00	1.003985909348176264e+01
1.307399999999999896e+00	1.006711359643347947e+01
1.310999999999999943e+00	1.078692914420908799e+01
1.314599999999999991e+00	1.037005769654712850e+01
1.318200000000000038e+00	1.102892872160142446e+01
1.321800000000000086e+00	1.131451440891080296e+01
1.325499999999999901e+00	1.064793364925157171e+01
1.329099999999999948e+00	1.027277209527397339e+01
1.332699999999999996e+00	1.027669123441930310e+01
1.336300000000000043e+00	1.023786448353160061e+01
1.339900000000000091e+00	1.049344292084399832e+01
1.343499999999999917e+00	1.062605172916362406e+01
1.347099999999999964e+00	1.056292235716449923e+01
1.350700000000000012e+00	1.163263209155697098e+01
1.354300000000000059e+00	1.216301771559689726e+01
1.357900000000000107e+00	1.219660737919266502e+01
1.361499999999999932e+00	1.306500683757254500e+01
1.365099999999999980e+00	1.259809738287217051e+01
1.368700000000000028e+00	1.321050574077060702e+01
1.372300000000000075e+00	1.324434370643657921e+01
1.375999999999999890e+00	1.326642446208580672e+01
1.379599999999999937e+00	1.346029298293370857e+01
1.383199999999999985e+00	1.400088284125011739e+01
1.386800000000000033e+00	1.360760987326271909e+01
1.390400000000000080e+00	1.369805596622125954e+01
1.393999999999999906e+00	1.448160301891912205e+01
1.397599999999999953e+00	1.436370279134241557e+01
1.401200000000000001e+00	1.422416711354067331e+01
1.404800000000000049e+00	1.442130974486235395e+01
1.408400000000000096e+00	1.461460143720266025e+01
1.411999999999999922e+00	1.567343634693853538e+01
1.415599999999999969e+00	1.601186564151316816e+01
1.419200000000000017e+00	1.706771741883375526e+01
1.422800000000000065e+00	1.827874242749122757e+01
1.426500000000000101e+00	1.841076427575903551e+01
1.430099999999999927e+00	1.946800117375953931e+01
1.433699999999999974e+00	1.919344747518459826e+01
1.437300000000000022e+00	1.959887306978575694e+01
1.440900000000000070e+00	2.019590162237348707e+01
1.444499999999999895e+00	2.041796526140518964e+01
1.448099999999999943e+00	2.117877889830971583e+01
1.451699999999999990e+00	2.195824502353350027e+01
1.455300000000000038e+00	2.251407718880168929e+01
1.458900000000000086e+00	2.371797695111185078e+01
1.462499999999999911e+00	2.441898341170192666e+01
1.466099999999999959e+00	2.489334469856395415e+01
1.469700000000000006e+00	2.441977879336866053e+01
1.473300000000000054e+00	2.625920779957775153e+01
1.477000000000000091e+00	2.673580186316866403e+01
1.480599999999999916e+00	2.818973596367422374e+01
1.484199999999999964e+00	2.974171232972103596e+01
1.487800000000000011e+00	3.075423643165346022e+01
1.491400000000000059e+00	3.328060087746541740e+01
1.495000000000000107e+00	3.559554077799471372e+01
1.498599999999999932e+00	3.772423454935432119e+01
1.502199999999999980e+00	4.021083175992017544e+01
1.505800000000000027e+00	4.131823532239422292e+01
1.509400000000000075e+00	4.180457375213340754e+01
1.512999999999999901e+00	4.249587630126747229e+01
1.516599999999999948e+00	4.277474266932100733e+01
1.520199999999999996e+00	4.423215489231879616e+01
1.523800000000000043e+00	4.596460002950367141e+01
1.527500000000000080e+00	4.874021041987402469e+01
1.531099999999999905e+00	5.190059704784896866e+01
1.534699999999999953e+00	5.503402976514288270e+01
1.538300000000000001e+00	5.854307585281841142e+01
1.541900000000000048e+00	6.193800984723444714e+01
1.545500000000000096e+00	6.330369812569010435e+01
1.549099999999999921e+00	6.256273580628529629e+01
1.552699999999999969e+00	5.981882395056094737e+01
1.556300000000000017e+00	5.545736636173374734e+01
1.559900000000000064e+00	5.087097584142907181e+01
1.563499999999999890e+00	4.797836242418808439e+01
1.567099999999999937e+00	4.639371033869281291e+01
1.570699999999999985e+00	4.711858717150678189e+01
1.574300000000000033e+00	4.957939833862962331e+01
1.578000000000000069e+00	4.996096097002522640e+01
1.581599999999999895e+00	4.969749821778430032e+01
1.585199999999999942e+00	4.542227978367311891e+01
1.588799999999999990e+00	4.079657494625613623e+01
1.592400000000000038e+00	3.770492034364909273e+01
1.596000000000000085e+00	3.766616959166720591e+01
1.599599999999999911e+00	4.045280498597918495e+01
1.603199999999999958e+00	4.513613804194412182e+01
1.606800000000000006e+00	5.052773983283190518e+01
1.610400000000000054e+00	5.291692917875039370e+01
1.614000000000000101e+00	5.240274452848171904e+01
1.617599999999999927e+00	5.061328561521057878e+01
1.621199999999999974e+00	4.887193413613520931e+01
1.624800000000000022e+00	5.047760743741778100e+01
1.628500000000000059e+00	5.552736643672507455e+01
1.632100000000000106e+00	6.379435541192373194e+01
1.635699999999999932e+00	7.084287693684601095e+01
1.639299999999999979e+00	7.457055898889444734e+01
1.642900000000000027e+00	7.171641553725147844e+01
1.646500000000000075e+00	6.436744873328062511e+01
1.650099999999999900e+00	5.381356247111747138e+01
1.653699999999999948e+00	4.526331106205311272e+01
1.657299999999999995e+00	3.900279452831107818e+01
1.660900000000000043e+00	3.712708397891008616e+01
1.664500000000000091e+00	3.685802011190259009e+01
1.668099999999999916e+00	3.706482731066732583e+01
1.671699999999999964e+00	3.781468190934745621e+01
1.675400000000000000e+00	3.758590367714131730e+01
1.679000000000000048e+00	3.682963676323760183e+01
1.682600000000000096e+00	3.609397032352963919e+01
1.686199999999999921e+00	3.528183131574523657e+01
1.689799999999999969e+00	3.542632682072031258e+01
1.693400000000000016e+00	3.533226301680606696e+01
1.697000000000000064e+00	3.517820294218996935e+01
1.700599999999999890e+00	3.428616565811487504e+01
1.704199999999999937e+00	3.305316876561992245e+01
1.707799999999999985e+00	3.128745453778555330e+01
1.711400000000000032e+00	2.943873336001777474e+01
1.715000000000000080e+00	2.770107682870154164e+01
1.718599999999999905e+00	2.729638440022555201e+01
1.722199999999999953e+00	2.581949393930883829e+01
1.725899999999999990e+00	2.525089115053022581e+01
1.729500000000000037e+00	2.577895278676785651e+01
1.733100000000000085e+00	2.475799649605275476e+01
1.736699999999999910e+00	2.489760427351831495e+01
1.740299999999999958e+00	2.449202235586349730e+01
1.743900000000000006e+00	2.401262170806387886e+01
1.747500000000000053e+00	2.313447966104055809e+01
1.751100000000000101e+00	2.298575023814487395e+01
1.754699999999999926e+00	2.294745991221001447e+01
1.758299999999999974e+00	2.238870290006819985e+01
1.761900000000000022e+00	2.216498242947830732e+01
1.765500000000000069e+00	2.178439697577536194e+01
1.769099999999999895e+00	2.287759532761758052e+01
1.772699999999999942e+00	2.282806706073407810e+01
1.776399999999999979e+00	2.366659985363650165e+01
1.780000000000000027e+00	2.385727675075488108e+01
1.783600000000000074e+00	2.360841748560634912e+01
1.787199999999999900e+00	2.317603682332008219e+01
1.790799999999999947e+00	2.314524784402359714e+01
1.794399999999999995e+00	2.301010077790606090e+01
1.798000000000000043e+00	2.264606680060263244e+01
1.801600000000000090e+00	2.228855596725100696e+01
1.805199999999999916e+00	2.237865596054599493e+01
1.808799999999999963e+00	2.198098900844643566e+01
1.812400000000000011e+00	2.306084898996170907e+01
1.816000000000000059e+00	2.253783227385465437e+01
1.819600000000000106e+00	2.248942348676644087e+01
1.823199999999999932e+00	2.241021445304485837e+01
1.826899999999999968e+00	2.205236113015444843e+01
1.830500000000000016e+00	2.086368245027767898e+01
1.834100000000000064e+00	2.135432714221375505e+01
1.837699999999999889e+00	2.087871005107387035e+01
1.841299999999999937e+00	2.114367362973233000e+01
1.844899999999999984e+00	2.164606533533315513e+01
1.848500000000000032e+00	2.180927551936826703e+01
1.852100000000000080e+00	2.213528032900985565e+01
1.855699999999999905e+00	2.193641848848606557e+01
1.859299999999999953e+00	2.249708538579783124e+01
1.862900000000000000e+00	2.276299729692079410e+01
1.866500000000000048e+00	2.322434238225551084e+01
1.870100000000000096e+00	2.357334749841909272e+01
1.873699999999999921e+00	2.324316035657647816e+01
1.877399999999999958e+00	2.264055327778914517e+01
1.881000000000000005e+00	2.368524267732033906e+01
1.884600000000000053e+00	2.499743381234551265e+01
1.888200000000000101e+00	2.644745472236810357e+01
1.891799999999999926e+00	2.790760350987200766e+01
1.895399999999999974e+00	2.807380280065527245e+01
1.899000000000000021e+00	2.793841060214346683e+01
1.902600000000000069e+00	2.781009093450883540e+01
1.906199999999999894e+00	2.670323446883669050e+01
1.909799999999999942e+00	2.598745332664994478e+01
1.913399999999999990e+00	2.608989512190072446e+01
1.917000000000000037e+00	2.688922684937324092e+01
1.920600000000000085e+00	2.763084187002265324e+01
1.924199999999999910e+00	2.857033917474782569e+01
1.927899999999999947e+00	2.811393098857120521e+01
1.931499999999999995e+00	2.784100085405200886e+01
1.935100000000000042e+00	2.680832351163519789e+01
1.938700000000000090e+00	2.683815908000831385e+01
1.942299999999999915e+00	2.625263948474410469e+01
1.945899999999999963e+00	2.752990998881387341e+01
1.949500000000000011e+00	2.843928698709123992e+01
1.953100000000000058e+00	2.935787079629768215e+01
1.956700000000000106e+00	2.957260462113396215e+01
1.960299999999999931e+00	2.955599017597295841e+01
1.963899999999999979e+00	3.042375010415351611e+01
1.967500000000000027e+00	2.966327261454507180e+01
1.971100000000000074e+00	2.931808823303362743e+01
1.974699999999999900e+00	2.877920225303512325e+01
1.978399999999999936e+00	2.909624814858256059e+01
1.981999999999999984e+00	2.826862558959400218e+01
1.985600000000000032e+00	2.887528547331128337e+01
1.989200000000000079e+00	2.962421204287718268e+01
1.992799999999999905e+00	3.198398434574877669e+01
1.996399999999999952e+00	3.523129035389958830e+01
2.000000000000000000e+00	3.945743348597717670e+01
