2.000000000000000111e-01	-2.300384548193169731e+00
2.036000000000000032e-01	-1.181643545865161293e+00
2.071999999999999953e-01	-1.595143281305327454e+00
2.107999999999999874e-01	1.153766976676338096e-01
2.144000000000000072e-01	5.347729942839720696e-01
2.179999999999999993e-01	-2.692674128492542618e-01
2.215999999999999914e-01	-4.282133610404206814e-01
2.253000000000000003e-01	7.278704031821396914e-01
2.288999999999999924e-01	3.918110519258249935e-01
2.325000000000000122e-01	1.542134860115636164e+00
2.361000000000000043e-01	-5.076041334705325703e-01
2.396999999999999964e-01	-1.165110664663954188e+00
2.432999999999999885e-01	1.272628245990348850e+00
2.469000000000000083e-01	1.646956631782191982e+00
2.505000000000000004e-01	-4.517748992459281188e-01
2.540999999999999925e-01	-6.548718637701504974e-01
2.576999999999999846e-01	9.462626986022758535e-01
2.612999999999999767e-01	8.481730487208971603e-02
2.649000000000000243e-01	1.627614201114627068e+00
2.685000000000000164e-01	1.184336493025540671e-01
2.721000000000000085e-01	-3.569856593197506811e-02
2.757999999999999896e-01	-2.578819932134913673e-01
2.793999999999999817e-01	-5.358397426657720564e-01
2.829999999999999738e-01	-1.419285444155504727e-01
2.866000000000000214e-01	-1.580863207952669658e+00
2.902000000000000135e-01	-1.972671489966320912e+00
2.938000000000000056e-01	-8.566687334409504029e-01
2.973999999999999977e-01	-1.197810958447212526e+00
3.009999999999999898e-01	-1.837466871225920784e+00
3.045999999999999819e-01	-1.305960281050097871e+00
3.081999999999999740e-01	-3.100091482549058419e+00
3.118000000000000216e-01	-1.300615566102558240e+00
3.154000000000000137e-01	-1.831889811005807278e+00
3.190000000000000058e-01	-1.225786183771193416e+00
3.225999999999999979e-01	-1.948216986765035852e+00
3.262999999999999790e-01	-1.626054539595122916e+00
3.299000000000000266e-01	-1.735136589820169162e+00
3.335000000000000187e-01	-2.447852797682153803e+00
3.371000000000000107e-01	-3.512837153728229023e+00
3.407000000000000028e-01	-1.415542248778306700e+00
3.442999999999999949e-01	-4.215518016974091342e-01
3.478999999999999870e-01	-5.068837926379254899e-01
3.514999999999999791e-01	-9.526896271653672033e-01
3.551000000000000267e-01	-1.531280842837855261e+00
3.587000000000000188e-01	7.790516640247657776e-02
3.623000000000000109e-01	5.020412936112528257e-02
3.659000000000000030e-01	-1.418897591733426777e-01
3.694999999999999951e-01	-8.978106622401884618e-01
3.730999999999999872e-01	8.439411846498316994e-01
3.768000000000000238e-01	7.305921543640920834e-01
3.804000000000000159e-01	8.339823492957714191e-01
3.840000000000000080e-01	1.085966091136162159e+00
3.876000000000000001e-01	1.139291949178159236e+00
3.911999999999999922e-01	2.076951257136569584e+00
3.947999999999999843e-01	3.033171256555567741e+00
3.983999999999999764e-01	7.935181709803682537e-01
4.020000000000000240e-01	9.852710883670798836e-01
4.056000000000000161e-01	2.233221480221636579e+00
4.092000000000000082e-01	1.855366118700505718e+00
4.128000000000000003e-01	5.183992647524648945e-01
4.163999999999999924e-01	1.357005581699932684e+00
4.199999999999999845e-01	1.421013544559212693e+00
4.235999999999999766e-01	2.013147935460583238e+00
4.273000000000000131e-01	1.148971059006085760e+00
4.309000000000000052e-01	1.257138936350265856e+00
4.344999999999999973e-01	6.681251362131305216e-01
4.380999999999999894e-01	6.148470686732341317e-01
4.416999999999999815e-01	2.883518321536931994e-01
4.452999999999999736e-01	3.661667558718273430e-03
4.489000000000000212e-01	4.824193682666602090e-01
4.525000000000000133e-01	9.073977142517092309e-01
4.561000000000000054e-01	1.255803245787407763e+00
4.596999999999999975e-01	-5.543623047675996229e-01
4.632999999999999896e-01	-1.303151986559988096e+00
4.668999999999999817e-01	3.270022137540482543e-01
4.704999999999999738e-01	-1.647716032852602375e+00
4.741000000000000214e-01	-6.210696603338788924e-01
4.778000000000000025e-01	-2.539256752015373042e-01
4.813999999999999946e-01	-2.159558799898346759e-01
4.849999999999999867e-01	-1.095427750879165441e+00
4.885999999999999788e-01	-9.957834015612077039e-02
4.922000000000000264e-01	-4.352757402317732893e-01
4.958000000000000185e-01	5.926846849889459978e-01
4.994000000000000106e-01	3.021271913758090122e-01
5.030000000000000027e-01	-8.026323775472427036e-01
5.066000000000000503e-01	-1.056832895307452169e+00
5.101999999999999869e-01	1.214086526751585460e+00
5.138000000000000345e-01	6.098686284517567113e-01
5.173999999999999710e-01	2.833235786416496427e-01
5.210000000000000187e-01	1.396556197840815194e+00
5.245999999999999552e-01	9.662485702280739774e-01
5.282999999999999918e-01	2.213210125774368819e+00
5.319000000000000394e-01	4.979233758576304125e-01
5.354999999999999760e-01	7.815370205248242108e-01
5.391000000000000236e-01	1.536530934456679987e+00
5.426999999999999602e-01	2.219067081635809124e+00
5.463000000000000078e-01	1.263173052202813285e+00
5.499000000000000554e-01	2.741667313880746804e+00
5.534999999999999920e-01	1.201761554079224137e+00
5.571000000000000396e-01	2.235118515433045516e+00
5.606999999999999762e-01	2.661854855015829635e+00
5.643000000000000238e-01	2.561338969142512578e+00
5.678999999999999604e-01	3.205396161739117566e+00
5.715000000000000080e-01	1.976222021352540104e+00
5.752000000000000446e-01	1.644876864677257799e+00
5.787999999999999812e-01	2.557162583009710666e+00
5.824000000000000288e-01	2.581535349013972969e+00
5.859999999999999654e-01	9.598887108785011391e-01
5.896000000000000130e-01	2.148380234975253877e+00
5.931999999999999496e-01	2.595763242173749763e+00
5.967999999999999972e-01	1.930080018594918734e+00
6.004000000000000448e-01	2.207306081945942466e+00
6.039999999999999813e-01	1.368952866387459277e+00
6.076000000000000290e-01	1.449184988032898636e+00
6.111999999999999655e-01	-2.860850450552979707e-01
6.148000000000000131e-01	1.842936531906884667e+00
6.183999999999999497e-01	7.662727882600784968e-01
6.219999999999999973e-01	1.329051773443968854e+00
6.257000000000000339e-01	7.373304603701948956e-01
6.292999999999999705e-01	1.388759442580988157e+00
6.329000000000000181e-01	-5.921415943323762310e-01
6.364999999999999547e-01	1.161106484374230696e+00
6.401000000000000023e-01	-4.465673448040093918e-01
6.437000000000000499e-01	-3.122410909042356297e-01
6.472999999999999865e-01	1.606183469666709329e-01
6.509000000000000341e-01	4.002895116335772885e-01
6.544999999999999707e-01	8.181462455462414907e-01
6.581000000000000183e-01	9.028090008598543825e-01
6.616999999999999549e-01	1.458603652224348846e+00
6.653000000000000025e-01	7.714971281564578787e-01
6.689000000000000501e-01	2.486589553265074137e+00
6.724999999999999867e-01	2.173700862875389550e+00
6.762000000000000233e-01	1.884397146299465753e+00
6.797999999999999599e-01	3.847049254791846895e+00
6.834000000000000075e-01	2.503313522382858203e+00
6.870000000000000551e-01	3.485586127571933535e+00
6.905999999999999917e-01	4.788973553184779242e+00
6.942000000000000393e-01	3.381516003977493856e+00
6.977999999999999758e-01	3.652996468070209168e+00
7.014000000000000234e-01	5.832818365425268325e+00
7.049999999999999600e-01	3.584728183098476517e+00
7.086000000000000076e-01	3.754906744991250100e+00
7.122000000000000552e-01	3.257768705042444424e+00
7.157999999999999918e-01	3.478539167480943384e+00
7.194000000000000394e-01	4.682528429455258490e+00
7.229999999999999760e-01	3.877577555912073315e+00
7.267000000000000126e-01	3.316895450556370584e+00
7.302999999999999492e-01	3.587251759439276544e+00
7.338999999999999968e-01	4.055165447152207392e+00
7.375000000000000444e-01	2.531049895915028713e+00
7.410999999999999810e-01	3.851165911984433698e+00
7.447000000000000286e-01	2.953891396942787129e+00
7.482999999999999652e-01	2.643923886846688998e+00
7.519000000000000128e-01	2.146050328878045921e+00
7.554999999999999494e-01	2.602961073806722148e+00
7.590999999999999970e-01	8.751263558492530237e-01
7.627000000000000446e-01	4.280163028368075828e+00
7.662999999999999812e-01	2.434206316427811601e+00
7.699000000000000288e-01	1.837591947647851054e+00
7.734999999999999654e-01	6.723711217156568276e-01
7.772000000000000020e-01	1.058605936324019892e+00
7.808000000000000496e-01	1.750682712340979830e+00
7.843999999999999861e-01	2.303613619300488580e+00
7.880000000000000338e-01	1.652978099526786870e+00
7.915999999999999703e-01	9.934912531090533960e-01
7.952000000000000179e-01	8.102341183558753324e-01
7.987999999999999545e-01	1.392607696732949929e+00
8.024000000000000021e-01	5.176193161933934084e-01
8.060000000000000497e-01	7.837840288312861725e-01
8.095999999999999863e-01	1.193330029049407104e+00
8.132000000000000339e-01	8.806826133478780072e-01
8.167999999999999705e-01	2.159689552081617947e+00
8.204000000000000181e-01	2.085911355371028897e+00
8.239999999999999547e-01	2.790983555488869783e+00
8.276999999999999913e-01	1.840682667068640477e+00
8.313000000000000389e-01	4.432369719699464028e+00
8.348999999999999755e-01	1.697793190493231741e+00
8.385000000000000231e-01	8.882114063735602194e-01
8.420999999999999597e-01	3.984100625955803388e+00
8.457000000000000073e-01	5.031244878592092462e+00
8.493000000000000549e-01	3.895401966292079354e+00
8.528999999999999915e-01	3.109321259467153986e+00
8.565000000000000391e-01	4.275102901515558607e+00
8.600999999999999757e-01	4.558687999496376264e+00
8.637000000000000233e-01	5.652742212721934223e+00
8.672999999999999599e-01	5.151464189619891165e+00
8.709000000000000075e-01	5.540448396434614509e+00
8.745000000000000551e-01	5.365303570985510362e+00
8.781999999999999806e-01	3.887993897685658062e+00
8.818000000000000282e-01	5.708346363323227202e+00
8.853999999999999648e-01	6.565769196246424855e+00
8.890000000000000124e-01	6.154615853868150133e+00
8.925999999999999490e-01	4.848619672300030992e+00
8.961999999999999966e-01	4.055912755815333171e+00
8.998000000000000442e-01	7.092140599916618271e+00
9.033999999999999808e-01	5.449897315905786854e+00
9.070000000000000284e-01	4.719051420390580454e+00
9.105999999999999650e-01	4.509348738807457124e+00
9.142000000000000126e-01	4.772361704745236466e+00
9.177999999999999492e-01	3.932247991943811805e+00
9.213999999999999968e-01	3.222605170778698458e+00
9.251000000000000334e-01	5.547582520421415531e+00
9.286999999999999700e-01	4.020652240671633848e+00
9.323000000000000176e-01	3.171237343739348180e+00
9.358999999999999542e-01	4.787244750101042889e+00
9.395000000000000018e-01	2.924209238781884768e+00
9.431000000000000494e-01	1.889587637843875623e+00
9.466999999999999860e-01	3.283488998400032166e+00
9.503000000000000336e-01	2.618527117400176074e+00
9.538999999999999702e-01	4.525454686920445724e+00
9.575000000000000178e-01	3.243741348089131282e+00
9.610999999999999543e-01	4.213361387229410226e+00
9.647000000000000020e-01	3.642609927363622990e+00
9.683000000000000496e-01	3.319651364307008468e+00
9.718999999999999861e-01	2.986069963827139073e+00
9.756000000000000227e-01	4.280431688020144065e+00
9.791999999999999593e-01	4.948220932362605851e+00
9.828000000000000069e-01	4.546836099911706341e+00
9.864000000000000545e-01	5.449062680911360701e+00
9.899999999999999911e-01	5.281008150782592558e+00
9.936000000000000387e-01	6.096919817030002520e+00
9.971999999999999753e-01	5.086461577456923067e+00
1.000799999999999912e+00	6.117832369526462699e+00
1.004399999999999959e+00	5.014764488178650836e+00
1.008000000000000007e+00	6.506360888951933319e+00
1.011600000000000055e+00	4.201646888140545322e+00
1.015200000000000102e+00	5.404823509705977358e+00
1.018799999999999928e+00	7.038598610231558084e+00
1.022399999999999975e+00	6.310185529919873915e+00
1.026100000000000012e+00	7.264532481980770839e+00
1.029700000000000060e+00	6.661545950865947141e+00
1.033300000000000107e+00	7.951298673183663013e+00
1.036899999999999933e+00	6.104360848202640355e+00
1.040499999999999980e+00	7.952807607566838577e+00
1.044100000000000028e+00	7.314358582861497204e+00
1.047700000000000076e+00	7.560400917368433227e+00
1.051299999999999901e+00	9.527173222636632133e+00
1.054899999999999949e+00	6.964766159321679417e+00
1.058499999999999996e+00	9.202014499875991405e+00
1.062100000000000044e+00	7.088871178107844173e+00
1.065700000000000092e+00	6.686151735508271798e+00
1.069299999999999917e+00	6.335295863255389293e+00
1.072899999999999965e+00	7.955312603582436637e+00
1.076600000000000001e+00	7.185517595923001544e+00
1.080200000000000049e+00	6.928505353083044938e+00
1.083800000000000097e+00	7.542598800991978436e+00
1.087399999999999922e+00	8.297020178253237788e+00
1.090999999999999970e+00	8.257618264471146219e+00
1.094600000000000017e+00	9.382176913611845137e+00
1.098200000000000065e+00	8.083381369860999754e+00
1.101799999999999891e+00	7.075388834070446720e+00
1.105399999999999938e+00	8.505516064934461440e+00
1.108999999999999986e+00	8.043089532236793460e+00
1.112600000000000033e+00	8.407800413321435684e+00
1.116200000000000081e+00	7.147684662224426333e+00
1.119799999999999907e+00	7.627770632681231788e+00
1.123399999999999954e+00	8.560688806359189940e+00
1.127099999999999991e+00	6.312526676832797889e+00
1.130700000000000038e+00	9.205994288403307024e+00
1.134300000000000086e+00	8.791045283713478042e+00
1.137899999999999912e+00	6.183302281529391209e+00
1.141499999999999959e+00	7.639678858356816704e+00
1.145100000000000007e+00	7.538936692826537112e+00
1.148700000000000054e+00	9.866215443191638457e+00
1.152300000000000102e+00	9.306839000553129182e+00
1.155899999999999928e+00	1.045403394174673650e+01
1.159499999999999975e+00	1.044089381500026370e+01
1.163100000000000023e+00	1.033512646579050198e+01
1.166700000000000070e+00	1.019012565010086924e+01
1.170299999999999896e+00	1.096309322299941869e+01
1.173899999999999944e+00	1.054723885671021399e+01
1.177599999999999980e+00	1.008400499975447850e+01
1.181200000000000028e+00	1.169396632214084342e+01
1.184800000000000075e+00	1.245496871306188602e+01
1.188399999999999901e+00	9.904910057914605659e+00
1.191999999999999948e+00	1.072348514185734736e+01
1.195599999999999996e+00	1.077707018098309177e+01
1.199200000000000044e+00	1.058909863146753061e+01
1.202800000000000091e+00	1.004622723766724057e+01
1.206399999999999917e+00	1.127632245575912862e+01
1.209999999999999964e+00	1.125308504186663150e+01
1.213600000000000012e+00	1.140096165066033507e+01
1.217200000000000060e+00	9.355738827535569513e+00
1.220800000000000107e+00	1.273420838964901591e+01
1.224399999999999933e+00	1.067319017764723021e+01
1.228099999999999969e+00	1.130827666118034536e+01
1.231700000000000017e+00	1.139280760071690679e+01
1.235300000000000065e+00	1.149869831491812100e+01
1.238899999999999890e+00	1.022171294109797124e+01
1.242499999999999938e+00	1.219650666436737296e+01
1.246099999999999985e+00	1.056495511412878585e+01
1.249700000000000033e+00	1.149083234878349558e+01
1.253300000000000081e+00	1.097094472851832592e+01
1.256899999999999906e+00	9.200581394501869070e+00
1.260499999999999954e+00	1.038842151009777126e+01
1.264100000000000001e+00	1.226157542927471056e+01
1.267700000000000049e+00	9.586761142057202534e+00
1.271300000000000097e+00	9.392377642985000108e+00
1.274899999999999922e+00	9.379088738604538733e+00
1.278599999999999959e+00	1.072238632613358433e+01
1.282200000000000006e+00	1.030856930345371048e+01
1.285800000000000054e+00	1.097157048399469659e+01
1.289400000000000102e+00	1.240652100284792070e+01
1.292999999999999927e+00	1.179487044587419398e+01
1.296599999999999975e+00	1.230005070517130150e+01
1.300200000000000022e+00	1.012080718840342897e+01
1.303800000000000070e+00	1.209544255719328376e+01
1.307399999999999896e+00	1.184415123400764891e+01
1.310999999999999943e+00	1.249887756699628127e+01
1.314599999999999991e+00	1.357749490096564671e+01
1.318200000000000038e+00	1.235617577045319848e+01
1.321800000000000086e+00	1.267090777337988072e+01
1.325499999999999901e+00	1.393307312290468580e+01
1.329099999999999948e+00	1.349910983369285411e+01
1.332699999999999996e+00	1.220439448359733348e+01
1.336300000000000043e+00	1.355895751214709044e+01
1.339900000000000091e+00	1.370169767818053508e+01
1.343499999999999917e+00	1.341368298079834886e+01
1.347099999999999964e+00	1.338088636669722753e+01
1.350700000000000012e+00	1.463090470553937728e+01
1.354300000000000059e+00	1.406789155623176946e+01
1.357900000000000107e+00	1.543253080800486998e+01
1.361499999999999932e+00	1.448104849907786296e+01
1.365099999999999980e+00	1.571193008150045500e+01
1.368700000000000028e+00	1.668773689510599567e+01
1.372300000000000075e+00	1.473435308359210083e+01
1.375999999999999890e+00	1.490171789745849829e+01
1.379599999999999937e+00	1.405038443706131446e+01
1.383199999999999985e+00	1.622143469930602322e+01
1.386800000000000033e+00	1.548752558476945040e+01
1.390400000000000080e+00	1.566110642521281093e+01
1.393999999999999906e+00	1.638215767319848126e+01
1.397599999999999953e+00	1.769707446865352196e+01
1.401200000000000001e+00	1.740285086704898632e+01
1.404800000000000049e+00	1.685808323404977926e+01
1.408400000000000096e+00	1.703963462474415280e+01
1.411999999999999922e+00	1.673341499193719528e+01
1.415599999999999969e+00	1.667028858369748789e+01
1.419200000000000017e+00	1.800103449179371751e+01
1.422800000000000065e+00	1.783009703164985282e+01
1.426500000000000101e+00	1.731345916752788838e+01
1.430099999999999927e+00	1.584798705407478003e+01
1.433699999999999974e+00	1.844161792579045667e+01
1.437300000000000022e+00	1.914497499649395706e+01
1.440900000000000070e+00	1.827433530134704043e+01
1.444499999999999895e+00	1.811810795501065030e+01
1.448099999999999943e+00	1.975923425054331872e+01
1.451699999999999990e+00	2.121662523633508357e+01
1.455300000000000038e+00	1.883537091730650914e+01
1.458900000000000086e+00	1.841168677555345212e+01
1.462499999999999911e+00	2.035195032647015623e+01
1.466099999999999959e+00	1.927525412871913346e+01
1.469700000000000006e+00	2.041139412117676599e+01
1.473300000000000054e+00	2.149494172618770449e+01
1.477000000000000091e+00	2.200999959272347439e+01
1.480599999999999916e+00	2.206462649088037153e+01
1.484199999999999964e+00	2.250316053251872006e+01
1.487800000000000011e+00	2.188474957019131040e+01
1.491400000000000059e+00	2.281611260339373715e+01
1.495000000000000107e+00	2.425045986246953333e+01
1.498599999999999932e+00	2.571270531219721533e+01
1.502199999999999980e+00	2.445620832431884395e+01
1.505800000000000027e+00	2.588010966725589768e+01
1.509400000000000075e+00	2.550262289876049593e+01
1.512999999999999901e+00	2.735037813979637633e+01
1.516599999999999948e+00	2.780332838781597715e+01
1.520199999999999996e+00	2.806770826018955134e+01
1.523800000000000043e+00	2.686166410845634900e+01
1.527500000000000080e+00	3.196473246409864544e+01
1.531099999999999905e+00	2.946750177890867306e+01
1.534699999999999953e+00	3.062588866512882646e+01
1.538300000000000001e+00	3.166795865123731701e+01
1.541900000000000048e+00	3.373361927334069321e+01
1.545500000000000096e+00	3.501296648375505782e+01
1.549099999999999921e+00	3.709786532072516252e+01
1.552699999999999969e+00	3.609336850805696884e+01
1.556300000000000017e+00	3.756662131223298928e+01
1.559900000000000064e+00	3.882094955197467812e+01
1.563499999999999890e+00	4.274477042823811956e+01
1.567099999999999937e+00	4.259564425402869148e+01
1.570699999999999985e+00	4.485081609965713767e+01
1.574300000000000033e+00	4.599517147824541041e+01
1.578000000000000069e+00	4.543208566305901996e+01
1.581599999999999895e+00	4.882054206928098949e+01
1.585199999999999942e+00	4.721830204832976818e+01
1.588799999999999990e+00	4.777657702284123786e+01
1.592400000000000038e+00	4.700523070600097952e+01
1.596000000000000085e+00	4.628510063003086117e+01
1.599599999999999911e+00	4.295843130482332128e+01
1.603199999999999958e+00	4.263879353387756055e+01
1.606800000000000006e+00	4.048123465942549615e+01
1.610400000000000054e+00	3.800860258566182637e+01
1.614000000000000101e+00	3.632123784797521182e+01
1.617599999999999927e+00	3.599130991860795348e+01
1.621199999999999974e+00	3.390613951918361835e+01
1.624800000000000022e+00	3.146312424872365199e+01
1.628500000000000059e+00	2.918071897755056199e+01
1.632100000000000106e+00	2.848398446681022378e+01
1.635699999999999932e+00	2.780199049047105220e+01
1.639299999999999979e+00	2.793178294315028865e+01
1.642900000000000027e+00	2.552540158807522985e+01
1.646500000000000075e+00	2.621661626283103885e+01
1.650099999999999900e+00	2.547185421549735551e+01
1.653699999999999948e+00	2.795809023491066370e+01
1.657299999999999995e+00	2.718644482521290584e+01
1.660900000000000043e+00	2.743824441553095994e+01
1.664500000000000091e+00	2.735271071555999711e+01
1.668099999999999916e+00	2.674760502645160187e+01
1.671699999999999964e+00	2.584889465912688422e+01
1.675400000000000000e+00	2.388967213382248289e+01
1.679000000000000048e+00	2.433393902493418182e+01
1.682600000000000096e+00	2.338599066006941740e+01
1.686199999999999921e+00	2.251765622278011847e+01
1.689799999999999969e+00	2.223064725110403117e+01
1.693400000000000016e+00	2.179872662879949274e+01
1.697000000000000064e+00	2.006526278100400518e+01
1.700599999999999890e+00	2.153513683296216996e+01
1.704199999999999937e+00	2.241505941805135649e+01
1.707799999999999985e+00	2.287535848559235774e+01
1.711400000000000032e+00	2.250453155083365431e+01
1.715000000000000080e+00	2.246853631413597441e+01
1.718599999999999905e+00	2.217023468056161306e+01
1.722199999999999953e+00	2.295211918764236003e+01
1.725899999999999990e+00	1.981700820082392056e+01
1.729500000000000037e+00	1.948427883507762814e+01
1.733100000000000085e+00	1.748423295172068848e+01
1.736699999999999910e+00	1.744667778287725923e+01
1.740299999999999958e+00	1.856083749005943773e+01
1.743900000000000006e+00	1.938634579458237894e+01
1.747500000000000053e+00	1.965609383108607844e+01
1.751100000000000101e+00	1.821767615997292822e+01
1.754699999999999926e+00	1.970868488513429639e+01
1.758299999999999974e+00	1.854737496715734579e+01
1.761900000000000022e+00	1.843088661412873464e+01
1.765500000000000069e+00	1.911297662535281816e+01
1.769099999999999895e+00	2.019927868805149984e+01
1.772699999999999942e+00	2.140385010026621515e+01
1.776399999999999979e+00	1.960300621904793417e+01
1.780000000000000027e+00	2.014465939581357645e+01
1.783600000000000074e+00	2.011569430845655049e+01
1.787199999999999900e+00	2.003767887028154959e+01
1.790799999999999947e+00	1.904818865161765018e+01
1.794399999999999995e+00	1.887954490754244929e+01
1.798000000000000043e+00	1.615476024145153389e+01
1.801600000000000090e+00	1.799201017775025591e+01
1.805199999999999916e+00	1.741977544193419547e+01
1.808799999999999963e+00	1.597784951908728601e+01
1.812400000000000011e+00	1.753830156335672541e+01
1.816000000000000059e+00	1.935971443242350176e+01
1.819600000000000106e+00	1.946794569863703117e+01
1.823199999999999932e+00	1.910737748497277977e+01
1.826899999999999968e+00	2.060689699499994632e+01
1.830500000000000016e+00	1.988233240923271694e+01
1.834100000000000064e+00	1.850314202882693593e+01
1.837699999999999889e+00	1.757169809325282728e+01
1.841299999999999937e+00	2.025660475975906394e+01
1.844899999999999984e+00	1.969114281173205683e+01
1.848500000000000032e+00	1.863766462994687956e+01
1.852100000000000080e+00	1.932070640727334165e+01
1.855699999999999905e+00	1.988227463572625808e+01
1.859299999999999953e+00	2.221089495359399990e+01
1.862900000000000000e+00	2.131777609694930931e+01
1.866500000000000048e+00	2.128264013968784596e+01
1.870100000000000096e+00	2.047076915459883040e+01
1.873699999999999921e+00	1.924934575969841077e+01
1.877399999999999958e+00	1.924326507635383976e+01
1.881000000000000005e+00	1.920025176894452912e+01
1.884600000000000053e+00	1.751381365723433348e+01
1.888200000000000101e+00	2.067121512664767380e+01
1.891799999999999926e+00	2.117891223814649138e+01
1.895399999999999974e+00	1.934208101445556949e+01
1.899000000000000021e+00	2.118962108508837616e+01
1.902600000000000069e+00	1.973728428290761627e+01
1.906199999999999894e+00	2.172864865521828293e+01
1.909799999999999942e+00	1.948108117354911428e+01
1.913399999999999990e+00	1.951891706954375039e+01
1.917000000000000037e+00	2.237802412580670364e+01
1.920600000000000085e+00	2.246775317886502421e+01
1.924199999999999910e+00	2.131197030792269231e+01
1.927899999999999947e+00	2.272968258115607654e+01
1.931499999999999995e+00	2.242373021083923135e+01
1.935100000000000042e+00	2.179292561311321919e+01
1.938700000000000090e+00	2.294399000164268898e+01
1.942299999999999915e+00	2.240089012833130511e+01
1.945899999999999963e+00	2.260827935763487417e+01
1.949500000000000011e+00	2.415673539163759642e+01
1.953100000000000058e+00	2.421514418895091225e+01
1.956700000000000106e+00	2.667883334190297617e+01
1.960299999999999931e+00	2.712801813127427764e+01
1.963899999999999979e+00	2.919319372837225757e+01
1.967500000000000027e+00	2.950456589064789270e+01
1.971100000000000074e+00	2.734925057528817760e+01
1.974699999999999900e+00	2.704856797810082725e+01
1.978399999999999936e+00	2.597169009712722598e+01
1.981999999999999984e+00	2.433683298228926262e+01
1.985600000000000032e+00	2.049483816487138199e+01
1.989200000000000079e+00	2.409285206976057125e+01
1.992799999999999905e+00	2.463898191420624784e+01
1.996399999999999952e+00	2.681449014577518142e+01
2.000000000000000000e+00	3.115413547706042863e+01
