2.000000000000000111e-01	-2.487894777812047042e+00
2.036000000000000032e-01	-1.788118536918579249e+00
2.071999999999999953e-01	-1.400851260312683255e+00
2.107999999999999874e-01	-1.681035075630843423e+00
2.144000000000000072e-01	-1.155636405055330052e+00
2.179999999999999993e-01	-6.866247492904992145e-01
2.215999999999999914e-01	-6.522221493367571510e-01
2.253000000000000003e-01	-4.787803622215319743e-01
2.288999999999999924e-01	-2.682012173325550863e-01
2.325000000000000122e-01	-3.240413081681177698e-01
2.361000000000000043e-01	-4.650036495774002576e-01
2.396999999999999964e-01	-1.613944048056419889e-01
2.432999999999999885e-01	9.872719081610620284e-02
2.469000000000000083e-01	-2.058778570846241107e-01
2.505000000000000004e-01	-2.497817481485394564e-01
2.540999999999999925e-01	-4.034077995447315490e-01
2.576999999999999846e-01	-2.797634959213699535e-01
2.612999999999999767e-01	-7.488133398773995086e-01
2.649000000000000243e-01	-7.770478235199773653e-02
2.685000000000000164e-01	-5.799323195296983702e-01
2.721000000000000085e-01	-1.307089144557909144e+00
2.757999999999999896e-01	-1.040976139662000977e+00
2.793999999999999817e-01	-1.416464641553120796e+00
2.829999999999999738e-01	-9.919012622465703810e-01
2.866000000000000214e-01	-1.695971599445097677e+00
2.902000000000000135e-01	-1.720418117425497995e+00
2.938000000000000056e-01	-2.127983429964879658e+00
2.973999999999999977e-01	-2.217374523652280160e+00
3.009999999999999898e-01	-2.114225628656620337e+00
3.045999999999999819e-01	-2.342410960627563377e+00
3.081999999999999740e-01	-2.471993047170734314e+00
3.118000000000000216e-01	-2.727356784803785406e+00
3.154000000000000137e-01	-2.281474711459315685e+00
3.190000000000000058e-01	-2.048760515352238798e+00
3.225999999999999979e-01	-2.419946536264438119e+00
3.262999999999999790e-01	-2.319870484159374691e+00
3.299000000000000266e-01	-2.364168678717278205e+00
3.335000000000000187e-01	-2.154893332523811544e+00
3.371000000000000107e-01	-2.096664330308335877e+00
3.407000000000000028e-01	-2.409915508798592843e+00
3.442999999999999949e-01	-1.736794641173482034e+00
3.478999999999999870e-01	-1.994268347825218557e+00
3.514999999999999791e-01	-1.454319929680459866e+00
3.551000000000000267e-01	-1.444174489499170821e+00
3.587000000000000188e-01	-6.509852434399443499e-01
3.623000000000000109e-01	-8.593663250441929691e-01
3.659000000000000030e-01	-1.815316657514074450e-01
3.694999999999999951e-01	-5.551638685891683300e-01
3.730999999999999872e-01	-2.040342837440664026e-01
3.768000000000000238e-01	1.833247603591828256e-01
3.804000000000000159e-01	4.425663577986836406e-01
3.840000000000000080e-01	1.313613112465484845e+00
3.876000000000000001e-01	5.074818808988876828e-01
3.911999999999999922e-01	5.679867547069920031e-01
3.947999999999999843e-01	4.545323407054611131e-01
3.983999999999999764e-01	5.923821451302995200e-01
4.020000000000000240e-01	1.099844588223915620e+00
4.056000000000000161e-01	7.323214614642018505e-01
4.092000000000000082e-01	1.239996951815375947e+00
4.128000000000000003e-01	7.768985427358570117e-01
4.163999999999999924e-01	6.323716459378527777e-01
4.199999999999999845e-01	4.983450932409826395e-01
4.235999999999999766e-01	-9.895689269458757265e-02
4.273000000000000131e-01	4.672408924694493315e-01
4.309000000000000052e-01	3.814028621238072514e-01
4.344999999999999973e-01	5.677446829025210029e-01
4.380999999999999894e-01	5.145634069870874683e-02
4.416999999999999815e-01	3.548030509754740436e-02
4.452999999999999736e-01	-5.143674231153981813e-01
4.489000000000000212e-01	-3.241426943144036232e-01
4.525000000000000133e-01	-9.013581272804671585e-02
4.561000000000000054e-01	-5.648899308846169198e-01
4.596999999999999975e-01	-1.124154555108559217e+00
4.632999999999999896e-01	-4.058093062344074742e-01
4.668999999999999817e-01	-8.883793333642997503e-01
4.704999999999999738e-01	-1.820080344767937675e+00
4.741000000000000214e-01	-1.995117233851806615e+00
4.778000000000000025e-01	-1.620534013020782149e+00
4.813999999999999946e-01	-1.041107862233286774e+00
4.849999999999999867e-01	-1.599771589141794514e+00
4.885999999999999788e-01	-1.400036183533042822e+00
4.922000000000000264e-01	-1.178511903049640930e+00
4.958000000000000185e-01	-1.036150640574983406e+00
4.994000000000000106e-01	-1.249209275319421497e+00
5.030000000000000027e-01	-1.085204792336033730e+00
5.066000000000000503e-01	-1.000618638772755364e+00
5.101999999999999869e-01	-4.055550586444187644e-01
5.138000000000000345e-01	-9.883881855148635154e-01
5.173999999999999710e-01	-9.307213873411190885e-02
5.210000000000000187e-01	-3.455911052652120841e-01
5.245999999999999552e-01	4.494257685435679717e-01
5.282999999999999918e-01	1.860336465122880700e-01
5.319000000000000394e-01	2.682168310315781179e-01
5.354999999999999760e-01	9.017122187695435498e-01
5.391000000000000236e-01	9.157228980436160626e-02
5.426999999999999602e-01	6.988423119073043921e-01
5.463000000000000078e-01	4.071783973026298353e-01
5.499000000000000554e-01	1.375592022899976286e+00
5.534999999999999920e-01	2.322401031242372849e+00
5.571000000000000396e-01	2.673769278263135263e+00
5.606999999999999762e-01	1.845750550468694184e+00
5.643000000000000238e-01	2.336781533700997837e+00
5.678999999999999604e-01	1.937705922168239780e+00
5.715000000000000080e-01	2.095025013279611770e+00
5.752000000000000446e-01	1.907141075947385023e+00
5.787999999999999812e-01	1.808156036643626674e+00
5.824000000000000288e-01	1.805136325538395869e+00
5.859999999999999654e-01	1.535842148781622507e+00
5.896000000000000130e-01	1.614026566611355573e+00
5.931999999999999496e-01	1.126999448578321239e+00
5.967999999999999972e-01	9.353968798467491297e-01
6.004000000000000448e-01	6.770300646388369703e-01
6.039999999999999813e-01	8.497000387408530919e-01
6.076000000000000290e-01	2.602856428540994971e-02
6.111999999999999655e-01	6.879605874514334030e-01
6.148000000000000131e-01	1.777102484918773873e-01
6.183999999999999497e-01	5.641513770057887678e-01
6.219999999999999973e-01	-1.528737716150967985e-01
6.257000000000000339e-01	1.279674888463898097e-01
6.292999999999999705e-01	1.092671435182753781e-01
6.329000000000000181e-01	-1.697889598255346022e-01
6.364999999999999547e-01	-6.502832968220149112e-01
6.401000000000000023e-01	-2.671564473706614651e-01
6.437000000000000499e-01	-3.699754111445823779e-01
6.472999999999999865e-01	-5.882581521598966301e-01
6.509000000000000341e-01	1.710729450339099067e-02
6.544999999999999707e-01	1.264975349160637474e-01
6.581000000000000183e-01	1.396400027092341845e-01
6.616999999999999549e-01	4.086424767176297657e-01
6.653000000000000025e-01	5.151903255528362813e-01
6.689000000000000501e-01	1.088682770931540311e+00
6.724999999999999867e-01	1.057903411709854691e+00
6.762000000000000233e-01	6.478674024589926583e-01
6.797999999999999599e-01	1.461344311271968399e+00
6.834000000000000075e-01	1.169657182114936855e+00
6.870000000000000551e-01	1.830476281634574320e+00
6.905999999999999917e-01	2.358043868394775977e+00
6.942000000000000393e-01	2.778651839943278468e+00
6.977999999999999758e-01	2.432136782059818536e+00
7.014000000000000234e-01	2.754180718143866891e+00
7.049999999999999600e-01	2.408199834918189897e+00
7.086000000000000076e-01	2.605747591270560548e+00
7.122000000000000552e-01	3.003312027047398747e+00
7.157999999999999918e-01	2.628987505327816443e+00
7.194000000000000394e-01	3.413617931015883400e+00
7.229999999999999760e-01	2.972825563967333551e+00
7.267000000000000126e-01	2.813527412047694742e+00
7.302999999999999492e-01	2.573800560990497033e+00
7.338999999999999968e-01	2.070030861788694665e+00
7.375000000000000444e-01	2.136645392908006258e+00
7.410999999999999810e-01	2.325401987382443636e+00
7.447000000000000286e-01	3.219415431855691789e+00
7.482999999999999652e-01	2.358036372289119331e+00
7.519000000000000128e-01	2.595054883007668955e+00
7.554999999999999494e-01	2.746472670750720990e+00
7.590999999999999970e-01	2.414832198807586483e+00
7.627000000000000446e-01	1.767362421959394414e+00
7.662999999999999812e-01	1.828930873938534152e+00
7.699000000000000288e-01	1.347685380420324597e+00
7.734999999999999654e-01	8.431464341798087236e-01
7.772000000000000020e-01	7.190065720470030231e-01
7.808000000000000496e-01	8.202315787131777558e-01
7.843999999999999861e-01	7.158021131186139696e-01
7.880000000000000338e-01	1.132066302484305176e+00
7.915999999999999703e-01	9.244915935527362461e-01
7.952000000000000179e-01	5.263536639444749143e-01
7.987999999999999545e-01	3.209466606184414039e-01
8.024000000000000021e-01	4.596529946871529271e-01
8.060000000000000497e-01	5.408852515055575516e-01
8.095999999999999863e-01	7.657780964219569331e-01
8.132000000000000339e-01	1.353687957475388393e+00
8.167999999999999705e-01	1.177490785075125945e+00
8.204000000000000181e-01	1.484927039866954734e+00
8.239999999999999547e-01	1.793366091082016611e+00
8.276999999999999913e-01	2.041898109266092387e+00
8.313000000000000389e-01	2.055627166503706249e+00
8.348999999999999755e-01	2.141498134742461090e+00
8.385000000000000231e-01	2.768170822591988767e+00
8.420999999999999597e-01	3.400457819091160960e+00
8.457000000000000073e-01	3.126686041020437568e+00
8.493000000000000549e-01	3.589085196512352027e+00
8.528999999999999915e-01	3.190869471907179289e+00
8.565000000000000391e-01	3.336394760155314110e+00
8.600999999999999757e-01	4.098421075592573182e+00
8.637000000000000233e-01	4.112323082135826091e+00
8.672999999999999599e-01	4.270386252733079147e+00
8.709000000000000075e-01	4.393430070278628641e+00
8.745000000000000551e-01	4.644790225971270559e+00
8.781999999999999806e-01	4.697581137096096704e+00
8.818000000000000282e-01	4.794213345252313019e+00
8.853999999999999648e-01	4.911643456743877145e+00
8.890000000000000124e-01	4.719671766710662020e+00
8.925999999999999490e-01	4.469631975779364552e+00
8.961999999999999966e-01	4.725446366713670798e+00
8.998000000000000442e-01	4.691645610740707184e+00
9.033999999999999808e-01	4.197499856882434877e+00
9.070000000000000284e-01	4.677668711958801850e+00
9.105999999999999650e-01	3.705319565234260537e+00
9.142000000000000126e-01	3.400127025848897144e+00
9.177999999999999492e-01	3.571228348685258958e+00
9.213999999999999968e-01	3.444763779110741719e+00
9.251000000000000334e-01	3.075229425671405004e+00
9.286999999999999700e-01	2.236398743054614169e+00
9.323000000000000176e-01	2.635833671383532639e+00
9.358999999999999542e-01	3.021174086579440754e+00
9.395000000000000018e-01	1.909534813766742278e+00
9.431000000000000494e-01	2.625696186397654230e+00
9.466999999999999860e-01	2.348013034508799279e+00
9.503000000000000336e-01	3.195801879272166079e+00
9.538999999999999702e-01	2.906611253917701365e+00
9.575000000000000178e-01	2.966657191336940169e+00
9.610999999999999543e-01	2.715948035069577493e+00
9.647000000000000020e-01	3.340712491704747045e+00
9.683000000000000496e-01	3.063155875717134435e+00
9.718999999999999861e-01	3.594711686046767163e+00
9.756000000000000227e-01	3.621162734530354310e+00
9.791999999999999593e-01	3.792429771711826270e+00
9.828000000000000069e-01	4.489424162412942287e+00
9.864000000000000545e-01	4.052515707467585493e+00
9.899999999999999911e-01	4.748145823537845978e+00
9.936000000000000387e-01	4.842710461352703000e+00
9.971999999999999753e-01	4.894674326105794115e+00
1.000799999999999912e+00	4.419066830721472883e+00
1.004399999999999959e+00	4.681560958788029581e+00
1.008000000000000007e+00	5.295905294768243898e+00
1.011600000000000055e+00	4.898850034596797798e+00
1.015200000000000102e+00	5.680447578525518182e+00
1.018799999999999928e+00	5.735729787659700207e+00
1.022399999999999975e+00	5.715171908734522965e+00
1.026100000000000012e+00	5.974689834309486969e+00
1.029700000000000060e+00	6.423715870848685228e+00
1.033300000000000107e+00	6.250371356917398202e+00
1.036899999999999933e+00	6.246724157747940431e+00
1.040499999999999980e+00	6.220562066579910621e+00
1.044100000000000028e+00	6.870676856267980526e+00
1.047700000000000076e+00	6.379163138204312133e+00
1.051299999999999901e+00	6.072844837624854719e+00
1.054899999999999949e+00	6.106501954473248617e+00
1.058499999999999996e+00	6.589192572959804650e+00
1.062100000000000044e+00	7.003363742484731702e+00
1.065700000000000092e+00	6.583241574860095646e+00
1.069299999999999917e+00	6.323188546732301241e+00
1.072899999999999965e+00	7.122511462489545586e+00
1.076600000000000001e+00	5.918058890723645327e+00
1.080200000000000049e+00	6.248111346717880821e+00
1.083800000000000097e+00	6.360792931142090545e+00
1.087399999999999922e+00	7.290939360718245332e+00
1.090999999999999970e+00	8.653911000763169881e+00
1.094600000000000017e+00	8.611012906537187206e+00
1.098200000000000065e+00	9.945828770985032818e+00
1.101799999999999891e+00	9.739454483062466750e+00
1.105399999999999938e+00	9.530676897160631711e+00
1.108999999999999986e+00	8.912832406139198582e+00
1.112600000000000033e+00	8.405282984655508827e+00
1.116200000000000081e+00	8.050005024130321374e+00
1.119799999999999907e+00	7.705586737070962755e+00
1.123399999999999954e+00	7.342974736807921232e+00
1.127099999999999991e+00	6.769188877816214145e+00
1.130700000000000038e+00	6.165653066198854226e+00
1.134300000000000086e+00	6.247501320349497789e+00
1.137899999999999912e+00	7.088686822678581301e+00
1.141499999999999959e+00	6.242309462901566519e+00
1.145100000000000007e+00	7.410471321439341175e+00
1.148700000000000054e+00	8.773374869451508573e+00
1.152300000000000102e+00	1.041198598549778076e+01
1.155899999999999928e+00	1.164853560723344827e+01
1.159499999999999975e+00	1.240865770771233301e+01
1.163100000000000023e+00	1.275662410784284972e+01
1.166700000000000070e+00	1.211184332506156913e+01
1.170299999999999896e+00	1.093213034880426093e+01
1.173899999999999944e+00	1.080052960373840776e+01
1.177599999999999980e+00	1.002941199535489858e+01
1.181200000000000028e+00	9.663478917726608941e+00
1.184800000000000075e+00	1.015965789507074390e+01
1.188399999999999901e+00	1.058506238759373019e+01
1.191999999999999948e+00	1.138239699392893911e+01
1.195599999999999996e+00	1.140129445132760644e+01
1.199200000000000044e+00	1.118819550368001003e+01
1.202800000000000091e+00	1.210903788517447488e+01
1.206399999999999917e+00	1.154271507805528785e+01
1.209999999999999964e+00	1.116594641284185485e+01
1.213600000000000012e+00	1.085499152996559324e+01
1.217200000000000060e+00	1.054513577730502405e+01
1.220800000000000107e+00	1.025338916039557624e+01
1.224399999999999933e+00	1.043552232245904321e+01
1.228099999999999969e+00	1.078214784870841747e+01
1.231700000000000017e+00	1.076317037088259987e+01
1.235300000000000065e+00	1.016029997970542276e+01
1.238899999999999890e+00	1.017508052582419609e+01
1.242499999999999938e+00	1.016627432292914257e+01
1.246099999999999985e+00	1.035427204119325317e+01
1.249700000000000033e+00	1.046239069374112240e+01
1.253300000000000081e+00	9.774341850624958639e+00
1.256899999999999906e+00	9.983525059006021607e+00
1.260499999999999954e+00	1.019124348844962569e+01
1.264100000000000001e+00	9.865886323208508557e+00
1.267700000000000049e+00	9.749105134212895152e+00
1.271300000000000097e+00	9.812793288603092634e+00
1.274899999999999922e+00	1.013004127569225865e+01
1.278599999999999959e+00	9.858914446891295924e+00
1.282200000000000006e+00	1.012354654366731310e+01
1.285800000000000054e+00	1.044276721455699430e+01
1.289400000000000102e+00	1.009999501491769536e+01
1.292999999999999927e+00	1.043246088445228281e+01
1.296599999999999975e+00	1.094880294178582147e+01
1.300200000000000022e+00	1.112697101151331580e+01
1.303800000000000070e+00	1.096907205346962932e+01
1.307399999999999896e+00	1.173590537212614926e+01
1.310999999999999943e+00	1.154430932717494684e+01
1.314599999999999991e+00	1.212044576175699184e+01
1.318200000000000038e+00	1.213322058108630230e+01
1.321800000000000086e+00	1.179790582983652314e+01
1.325499999999999901e+00	1.253559743358424861e+01
1.329099999999999948e+00	1.288021570635152813e+01
1.332699999999999996e+00	1.274981374493231279e+01
1.336300000000000043e+00	1.337713953867421601e+01
1.339900000000000091e+00	1.322757772887868377e+01
1.343499999999999917e+00	1.340981301872637488e+01
1.347099999999999964e+00	1.350661519299922908e+01
1.350700000000000012e+00	1.338907715839451562e+01
1.354300000000000059e+00	1.353443691556175033e+01
1.357900000000000107e+00	1.409956655269924752e+01
1.361499999999999932e+00	1.426184895464956170e+01
1.365099999999999980e+00	1.420590175398363009e+01
1.368700000000000028e+00	1.450394071427521325e+01
1.372300000000000075e+00	1.470274240225734985e+01
1.375999999999999890e+00	1.479775282927325541e+01
1.379599999999999937e+00	1.514785299609565783e+01
1.383199999999999985e+00	1.512447435666915574e+01
1.386800000000000033e+00	1.502731774984338564e+01
1.390400000000000080e+00	1.510834400706480629e+01
1.393999999999999906e+00	1.524271953907909172e+01
1.397599999999999953e+00	1.541624235381058838e+01
1.401200000000000001e+00	1.666736199104128957e+01
1.404800000000000049e+00	1.640722795209076068e+01
1.408400000000000096e+00	1.804431067586933324e+01
1.411999999999999922e+00	1.899890565419219968e+01
1.415599999999999969e+00	1.825528839792349345e+01
1.419200000000000017e+00	1.859928145032044711e+01
1.422800000000000065e+00	1.839536945767510190e+01
1.426500000000000101e+00	1.760273245144784582e+01
1.430099999999999927e+00	1.653021043215356656e+01
1.433699999999999974e+00	1.646451830730899246e+01
1.437300000000000022e+00	1.630001799160261555e+01
1.440900000000000070e+00	1.735808109740529304e+01
1.444499999999999895e+00	1.689046287677870595e+01
1.448099999999999943e+00	1.750306407212989868e+01
1.451699999999999990e+00	1.797791038310833400e+01
1.455300000000000038e+00	1.868578488940887183e+01
1.458900000000000086e+00	1.918583863016969104e+01
1.462499999999999911e+00	1.934475901948211529e+01
1.466099999999999959e+00	1.972910688440075688e+01
1.469700000000000006e+00	2.013183184057400865e+01
1.473300000000000054e+00	2.067286407013179428e+01
1.477000000000000091e+00	2.116189076572310412e+01
1.480599999999999916e+00	2.146373098353637943e+01
1.484199999999999964e+00	2.141497109070652272e+01
1.487800000000000011e+00	2.175747616365407566e+01
1.491400000000000059e+00	2.190871630219597321e+01
1.495000000000000107e+00	2.208893209380790879e+01
1.498599999999999932e+00	2.258884419103373276e+01
1.502199999999999980e+00	2.238239256141336853e+01
1.505800000000000027e+00	2.333114694460324046e+01
1.509400000000000075e+00	2.417809393414838937e+01
1.512999999999999901e+00	2.512072478816603649e+01
1.516599999999999948e+00	2.575610534005879870e+01
1.520199999999999996e+00	2.708475092886535762e+01
1.523800000000000043e+00	2.757461398396878849e+01
1.527500000000000080e+00	2.916695852787231757e+01
1.531099999999999905e+00	3.077173282308415025e+01
1.534699999999999953e+00	3.196452749767902901e+01
1.538300000000000001e+00	3.279198838596008159e+01
1.541900000000000048e+00	3.395151853935485065e+01
1.545500000000000096e+00	3.572600797256897209e+01
1.549099999999999921e+00	3.698910599541211752e+01
1.552699999999999969e+00	3.843403791574441897e+01
1.556300000000000017e+00	3.967000540585581092e+01
1.559900000000000064e+00	4.124948339185299062e+01
1.563499999999999890e+00	4.177779831418098411e+01
1.567099999999999937e+00	4.231214418049285797e+01
1.570699999999999985e+00	4.330885912846216712e+01
1.574300000000000033e+00	4.357869056317266399e+01
1.578000000000000069e+00	4.468501800895189291e+01
1.581599999999999895e+00	4.560510779974139695e+01
1.585199999999999942e+00	4.605599843870749055e+01
1.588799999999999990e+00	4.715874900391875002e+01
1.592400000000000038e+00	4.775090997344640442e+01
1.596000000000000085e+00	4.635972041775170993e+01
1.599599999999999911e+00	4.519416949913981796e+01
1.603199999999999958e+00	4.319369541836051951e+01
1.606800000000000006e+00	4.082234252903086258e+01
1.610400000000000054e+00	3.820543725522755096e+01
1.614000000000000101e+00	3.572751120982719897e+01
1.617599999999999927e+00	3.383536844367441176e+01
1.621199999999999974e+00	3.220035085222914262e+01
1.624800000000000022e+00	3.068208126687703086e+01
1.628500000000000059e+00	2.961878790298575126e+01
1.632100000000000106e+00	2.906747895164482287e+01
1.635699999999999932e+00	2.841677931210653796e+01
1.639299999999999979e+00	2.711679981514711457e+01
1.642900000000000027e+00	2.677181762920567110e+01
1.646500000000000075e+00	2.673778446136945064e+01
1.650099999999999900e+00	2.706259662935355337e+01
1.653699999999999948e+00	2.736069619093352401e+01
1.657299999999999995e+00	2.867114513994791025e+01
1.660900000000000043e+00	3.056052766632206286e+01
1.664500000000000091e+00	3.274755252337948974e+01
1.668099999999999916e+00	3.296295096154188542e+01
1.671699999999999964e+00	3.210367325190543397e+01
1.675400000000000000e+00	2.911364303702507783e+01
1.679000000000000048e+00	2.594801283492664368e+01
1.682600000000000096e+00	2.214825635389732028e+01
1.686199999999999921e+00	1.954930991122167683e+01
1.689799999999999969e+00	1.788129716678677283e+01
1.693400000000000016e+00	1.788238025698475298e+01
1.697000000000000064e+00	1.926630204484185427e+01
1.700599999999999890e+00	2.115082406881826316e+01
1.704199999999999937e+00	2.359710608027226542e+01
1.707799999999999985e+00	2.608101118597385693e+01
1.711400000000000032e+00	2.818451569373279142e+01
1.715000000000000080e+00	2.837070294039510898e+01
1.718599999999999905e+00	2.748302067726604747e+01
1.722199999999999953e+00	2.405271123340812878e+01
1.725899999999999990e+00	2.059328548555281202e+01
1.729500000000000037e+00	1.842214247938894545e+01
1.733100000000000085e+00	1.655090322880131026e+01
1.736699999999999910e+00	1.616999894244551328e+01
1.740299999999999958e+00	1.682495337625534049e+01
1.743900000000000006e+00	1.809327281629873596e+01
1.747500000000000053e+00	1.827563620280875156e+01
1.751100000000000101e+00	1.866734716811794925e+01
1.754699999999999926e+00	1.897006720066814367e+01
1.758299999999999974e+00	1.913550934267652792e+01
1.761900000000000022e+00	1.909995994263955410e+01
1.765500000000000069e+00	1.887512807863966557e+01
1.769099999999999895e+00	1.891423927573306685e+01
1.772699999999999942e+00	1.909282963290831958e+01
1.776399999999999979e+00	1.893083605703718320e+01
1.780000000000000027e+00	1.931015733799342371e+01
1.783600000000000074e+00	1.884522685867675307e+01
1.787199999999999900e+00	1.874859377035604169e+01
1.790799999999999947e+00	1.857087023430210593e+01
1.794399999999999995e+00	1.775552329140347041e+01
1.798000000000000043e+00	1.714216707343214807e+01
1.801600000000000090e+00	1.643573986881283133e+01
1.805199999999999916e+00	1.677349086898675168e+01
1.808799999999999963e+00	1.588132934966464127e+01
1.812400000000000011e+00	1.655571816737569080e+01
1.816000000000000059e+00	1.693186807763521529e+01
1.819600000000000106e+00	1.802037975095048239e+01
1.823199999999999932e+00	1.850342186822884116e+01
1.826899999999999968e+00	1.973093317928402257e+01
1.830500000000000016e+00	2.092072370962371863e+01
1.834100000000000064e+00	2.094590801143640491e+01
1.837699999999999889e+00	2.014535865398423553e+01
1.841299999999999937e+00	2.031676228431998510e+01
1.844899999999999984e+00	1.906347403806956819e+01
1.848500000000000032e+00	1.875938142159310118e+01
1.852100000000000080e+00	1.963119631924038799e+01
1.855699999999999905e+00	2.078032866714049121e+01
1.859299999999999953e+00	2.172099337584293011e+01
1.862900000000000000e+00	2.270923229562085055e+01
1.866500000000000048e+00	2.255406496800673111e+01
1.870100000000000096e+00	2.175002919095438614e+01
1.873699999999999921e+00	2.053811501146368101e+01
1.877399999999999958e+00	1.877075289771260813e+01
1.881000000000000005e+00	1.877618652373444164e+01
1.884600000000000053e+00	1.969629358789576301e+01
1.888200000000000101e+00	1.991164253415125884e+01
1.891799999999999926e+00	2.204225153853829156e+01
1.895399999999999974e+00	2.289723681424550961e+01
1.899000000000000021e+00	2.368324828714462171e+01
1.902600000000000069e+00	2.467542690415881879e+01
1.906199999999999894e+00	2.474091819583877694e+01
1.909799999999999942e+00	2.508178702898993251e+01
1.913399999999999990e+00	2.446016000979413008e+01
1.917000000000000037e+00	2.341856035625882271e+01
1.920600000000000085e+00	2.312784315463644091e+01
1.924199999999999910e+00	2.269852169131583608e+01
1.927899999999999947e+00	2.295975537267708333e+01
1.931499999999999995e+00	2.303069297401327020e+01
1.935100000000000042e+00	2.324693262771638658e+01
1.938700000000000090e+00	2.384233158854148016e+01
1.942299999999999915e+00	2.346130281170751530e+01
1.945899999999999963e+00	2.273216570435301875e+01
1.949500000000000011e+00	2.221944705514282603e+01
1.953100000000000058e+00	2.210012078991800522e+01
1.956700000000000106e+00	2.256222160213436823e+01
1.960299999999999931e+00	2.290190821092472007e+01
1.963899999999999979e+00	2.338590215306667375e+01
1.967500000000000027e+00	2.363870075546561722e+01
1.971100000000000074e+00	2.384532197770354500e+01
1.974699999999999900e+00	2.256745355870519276e+01
1.978399999999999936e+00	2.252004002349760015e+01
1.981999999999999984e+00	2.198231441347233073e+01
1.985600000000000032e+00	2.100902130027104064e+01
1.989200000000000079e+00	2.147032245374903781e+01
1.992799999999999905e+00	2.186738220209131356e+01
1.996399999999999952e+00	2.385539758241181119e+01
2.000000000000000000e+00	2.801608360865231617e+01
