2.000000000000000111e-01	-1.138055985174727613e+00
2.036000000000000032e-01	-2.526217562264478911e-01
2.071999999999999953e-01	-2.506939176198918595e+00
2.107999999999999874e-01	-1.619187684292824114e+00
2.144000000000000072e-01	-1.830551063411048229e+00
2.179999999999999993e-01	-1.294117924842544731e+00
2.215999999999999914e-01	-2.710929377092695658e-01
2.253000000000000003e-01	2.207897810662678761e+00
2.288999999999999924e-01	7.386617633111923764e-01
2.325000000000000122e-01	2.617242954744460448e+00
2.361000000000000043e-01	2.315306883612585409e+00
2.396999999999999964e-01	2.851217576569678780e+00
2.432999999999999885e-01	3.164932591373042836e+00
2.469000000000000083e-01	2.426529317504899641e+00
2.505000000000000004e-01	2.864579018145110290e+00
2.540999999999999925e-01	2.124394144152295549e+00
2.576999999999999846e-01	4.181617421362564535e+00
2.612999999999999767e-01	1.897093579380380923e+00
2.649000000000000243e-01	2.691719034783786935e+00
2.685000000000000164e-01	-8.741527174782722787e-01
2.721000000000000085e-01	-8.352554176705835332e-01
2.757999999999999896e-01	-6.389281469408071290e-01
2.793999999999999817e-01	-1.814771998245504614e-01
2.829999999999999738e-01	5.784610265650637073e-01
2.866000000000000214e-01	6.733763380914385976e-01
2.902000000000000135e-01	1.257490222541060021e+00
2.938000000000000056e-01	3.496492894362709380e-01
2.973999999999999977e-01	2.194259214424318927e+00
3.009999999999999898e-01	2.882298035912227441e+00
3.045999999999999819e-01	4.854918095903736130e+00
3.081999999999999740e-01	3.790470652465827150e+00
3.118000000000000216e-01	3.527515784828240797e+00
3.154000000000000137e-01	4.968056686128552002e+00
3.190000000000000058e-01	4.227090546400784632e+00
3.225999999999999979e-01	3.741260274279456954e+00
3.262999999999999790e-01	1.948414327614050645e+00
3.299000000000000266e-01	4.203564238402640818e+00
3.335000000000000187e-01	2.159135003230803651e+00
3.371000000000000107e-01	2.024949165392209594e+00
3.407000000000000028e-01	1.139114433025716355e+00
3.442999999999999949e-01	8.330709803249118917e-01
3.478999999999999870e-01	1.698142949359152887e+00
3.514999999999999791e-01	-1.023024132931179109e+00
3.551000000000000267e-01	1.196329826895475179e+00
3.587000000000000188e-01	1.569026543787183314e+00
3.623000000000000109e-01	1.813113176472133770e+00
3.659000000000000030e-01	2.831665105180778408e+00
3.694999999999999951e-01	4.303069398412988633e+00
3.730999999999999872e-01	3.786978818436977257e+00
3.768000000000000238e-01	6.910917446562439004e+00
3.804000000000000159e-01	5.046281633169938274e+00
3.840000000000000080e-01	4.451257252134064757e+00
3.876000000000000001e-01	5.062488347576682202e+00
3.911999999999999922e-01	5.215770991941378831e+00
3.947999999999999843e-01	3.178437103484028192e+00
3.983999999999999764e-01	2.097185328035962915e+00
4.020000000000000240e-01	1.397550495702333251e+00
4.056000000000000161e-01	3.392292175610853278e+00
4.092000000000000082e-01	1.007491927159590794e+00
4.128000000000000003e-01	6.450150259121296692e-01
4.163999999999999924e-01	3.185199923415336976e+00
4.199999999999999845e-01	4.113683971949697593e-01
4.235999999999999766e-01	1.460244327952817223e+00
4.273000000000000131e-01	1.666162425902849797e+00
4.309000000000000052e-01	1.621709715153611064e+00
4.344999999999999973e-01	2.547471667760915714e+00
4.380999999999999894e-01	3.143080638854740094e+00
4.416999999999999815e-01	4.532744824528005978e+00
4.452999999999999736e-01	3.109461812958575155e+00
4.489000000000000212e-01	4.607205700240571744e+00
4.525000000000000133e-01	5.095006463936769592e+00
4.561000000000000054e-01	4.636318601942624795e+00
4.596999999999999975e-01	4.881182523956313801e+00
4.632999999999999896e-01	4.369944675968156389e+00
4.668999999999999817e-01	5.139296053882521420e+00
4.704999999999999738e-01	2.596776427281254573e+00
4.741000000000000214e-01	2.446964878422514200e+00
4.778000000000000025e-01	2.300996689351158864e+00
4.813999999999999946e-01	1.107195189724876627e+00
4.849999999999999867e-01	2.109361905136483806e+00
4.885999999999999788e-01	1.140804849584474923e+00
4.922000000000000264e-01	1.972325644438813752e+00
4.958000000000000185e-01	2.004022908031148020e+00
4.994000000000000106e-01	1.871722091094162987e+00
5.030000000000000027e-01	3.461899800550337414e+00
5.066000000000000503e-01	3.749033300860340034e+00
5.101999999999999869e-01	3.436473320519537467e+00
5.138000000000000345e-01	4.460743633286451626e+00
5.173999999999999710e-01	2.867549404666992263e+00
5.210000000000000187e-01	4.100712970753039421e+00
5.245999999999999552e-01	4.023618675408473067e+00
5.282999999999999918e-01	5.121140339557671339e+00
5.319000000000000394e-01	2.955095261053944267e+00
5.354999999999999760e-01	2.805952683121803126e+00
5.391000000000000236e-01	1.259549429351813021e+00
5.426999999999999602e-01	2.657177675763783498e+00
5.463000000000000078e-01	1.213507119535875090e+00
5.499000000000000554e-01	1.519446961776619309e+00
5.534999999999999920e-01	2.441543728928552426e+00
5.571000000000000396e-01	-3.783675281919444133e-01
5.606999999999999762e-01	2.572566161126644158e+00
5.643000000000000238e-01	1.889257007802859656e+00
5.678999999999999604e-01	1.370018885238677431e+00
5.715000000000000080e-01	1.019231734286338398e+00
5.752000000000000446e-01	2.791144065118404516e+00
5.787999999999999812e-01	4.214592503249066979e+00
5.824000000000000288e-01	2.333200346924531932e+00
5.859999999999999654e-01	3.827501688284278281e+00
5.896000000000000130e-01	2.593221613297083561e+00
5.931999999999999496e-01	4.063459259112454980e+00
5.967999999999999972e-01	4.272872033842958217e+00
6.004000000000000448e-01	2.931358800340984949e+00
6.039999999999999813e-01	1.581191625886696706e+00
6.076000000000000290e-01	2.794897041253837866e+00
6.111999999999999655e-01	6.958354435115431391e-01
6.148000000000000131e-01	3.035772574749491692e+00
6.183999999999999497e-01	8.488764561689960964e-01
6.219999999999999973e-01	1.464983698970851123e+00
6.257000000000000339e-01	1.077477223555978414e+00
6.292999999999999705e-01	-9.819556445759042296e-01
6.329000000000000181e-01	7.071189759386502516e-01
6.364999999999999547e-01	2.728653367255284401e+00
6.401000000000000023e-01	3.004169350135637018e+00
6.437000000000000499e-01	3.418197320180775378e+00
6.472999999999999865e-01	2.727091598469145062e+00
6.509000000000000341e-01	3.357251487445110705e+00
6.544999999999999707e-01	4.523411010640460361e+00
6.581000000000000183e-01	3.766497330823718848e+00
6.616999999999999549e-01	3.822871113865438542e+00
6.653000000000000025e-01	4.824967080038781830e+00
6.689000000000000501e-01	3.579832855848742224e+00
6.724999999999999867e-01	4.642571268955135722e+00
6.762000000000000233e-01	2.574932966695044456e+00
6.797999999999999599e-01	1.544588574333572328e+00
6.834000000000000075e-01	1.625345806843005558e+00
6.870000000000000551e-01	4.500830274926700625e+00
6.905999999999999917e-01	2.086639152487870241e+00
6.942000000000000393e-01	2.070467894498678518e+00
6.977999999999999758e-01	2.186518212576614051e+00
7.014000000000000234e-01	2.409867675055377578e+00
7.049999999999999600e-01	3.674388880636756838e+00
7.086000000000000076e-01	3.862457613573999193e+00
7.122000000000000552e-01	2.558948278106222496e+00
7.157999999999999918e-01	3.965616318406480989e+00
7.194000000000000394e-01	2.772226959612378749e+00
7.229999999999999760e-01	2.902112765596426058e+00
7.267000000000000126e-01	5.883717178499091816e+00
7.302999999999999492e-01	4.364151124964305239e+00
7.338999999999999968e-01	4.178939216507185250e+00
7.375000000000000444e-01	3.554474694729233164e+00
7.410999999999999810e-01	5.451276487433467821e+00
7.447000000000000286e-01	2.640985558736502981e+00
7.482999999999999652e-01	2.328228727505896600e+00
7.519000000000000128e-01	1.427621817179808517e+00
7.554999999999999494e-01	3.919045158851148791e+00
7.590999999999999970e-01	2.146427490943320748e+00
7.627000000000000446e-01	3.723543247812214574e+00
7.662999999999999812e-01	2.051300562821085194e+00
7.699000000000000288e-01	5.190469299798631475e+00
7.734999999999999654e-01	3.114336663907605551e+00
7.772000000000000020e-01	2.574473312452403295e+00
7.808000000000000496e-01	3.858726708783250192e+00
7.843999999999999861e-01	3.246701135043435826e+00
7.880000000000000338e-01	5.707875675520852177e+00
7.915999999999999703e-01	5.816293703207306542e+00
7.952000000000000179e-01	4.700590142055390608e+00
7.987999999999999545e-01	5.217409454543541436e+00
8.024000000000000021e-01	5.719266752994792924e+00
8.060000000000000497e-01	3.956613498198451317e+00
8.095999999999999863e-01	5.800452614005468632e+00
8.132000000000000339e-01	4.859394194980808379e+00
8.167999999999999705e-01	4.103569272454967276e+00
8.204000000000000181e-01	4.113932437161759381e+00
8.239999999999999547e-01	2.340144779529983232e+00
8.276999999999999913e-01	5.532499130887105210e+00
8.313000000000000389e-01	4.305450819389004202e+00
8.348999999999999755e-01	5.006133174780577733e+00
8.385000000000000231e-01	3.852150325384195106e+00
8.420999999999999597e-01	5.431248077076583414e+00
8.457000000000000073e-01	4.720818208452229214e+00
8.493000000000000549e-01	5.128622430548881894e+00
8.528999999999999915e-01	6.344744423207353989e+00
8.565000000000000391e-01	5.870913573239810113e+00
8.600999999999999757e-01	6.370634352547943635e+00
8.637000000000000233e-01	7.120118833392806046e+00
8.672999999999999599e-01	6.929309242157303927e+00
8.709000000000000075e-01	4.850671556656960703e+00
8.745000000000000551e-01	6.014647347622684492e+00
8.781999999999999806e-01	5.605919499172515863e+00
8.818000000000000282e-01	4.815545990485735395e+00
8.853999999999999648e-01	4.514651513566383834e+00
8.890000000000000124e-01	5.451954097683129774e+00
8.925999999999999490e-01	4.905493259603915135e+00
8.961999999999999966e-01	4.058846132340211632e+00
8.998000000000000442e-01	4.905005625613606313e+00
9.033999999999999808e-01	5.623365629301803281e+00
9.070000000000000284e-01	6.088378272864639840e+00
9.105999999999999650e-01	5.961427457381810235e+00
9.142000000000000126e-01	7.824660653120545817e+00
9.177999999999999492e-01	7.563695065755018376e+00
9.213999999999999968e-01	7.846486635925713493e+00
9.251000000000000334e-01	7.646963662579948640e+00
9.286999999999999700e-01	6.735717275537927762e+00
9.323000000000000176e-01	8.100056796415966431e+00
9.358999999999999542e-01	8.194441091816210943e+00
9.395000000000000018e-01	7.369180134699773177e+00
9.431000000000000494e-01	6.806038104199725325e+00
9.466999999999999860e-01	6.151196954816372298e+00
9.503000000000000336e-01	6.521895784008147956e+00
9.538999999999999702e-01	6.261889965230333033e+00
9.575000000000000178e-01	6.601427178594306611e+00
9.610999999999999543e-01	7.323210061520516234e+00
9.647000000000000020e-01	6.462460440685892316e+00
9.683000000000000496e-01	6.464501076148815528e+00
9.718999999999999861e-01	6.245741038956458269e+00
9.756000000000000227e-01	7.582790217829076695e+00
9.791999999999999593e-01	8.307394417866177605e+00
9.828000000000000069e-01	7.489542196815091479e+00
9.864000000000000545e-01	7.766481060525801894e+00
9.899999999999999911e-01	7.920988097601909139e+00
9.936000000000000387e-01	7.865422254556249548e+00
9.971999999999999753e-01	8.566114058925020203e+00
1.000799999999999912e+00	9.571258166422230929e+00
1.004399999999999959e+00	8.985306184101588656e+00
1.008000000000000007e+00	6.134522130660739592e+00
1.011600000000000055e+00	8.250593143109288263e+00
1.015200000000000102e+00	6.642358557761668614e+00
1.018799999999999928e+00	8.608986822932301664e+00
1.022399999999999975e+00	8.123145628734036450e+00
1.026100000000000012e+00	7.133125866930287273e+00
1.029700000000000060e+00	6.915222965646080411e+00
1.033300000000000107e+00	6.868281272712191132e+00
1.036899999999999933e+00	7.391613139417121836e+00
1.040499999999999980e+00	7.628273759580711300e+00
1.044100000000000028e+00	8.226208200094092149e+00
1.047700000000000076e+00	9.005565691910351944e+00
1.051299999999999901e+00	8.467873325409827956e+00
1.054899999999999949e+00	9.174130500499646956e+00
1.058499999999999996e+00	8.689386486701939916e+00
1.062100000000000044e+00	8.712187267708728200e+00
1.065700000000000092e+00	9.473973510195399683e+00
1.069299999999999917e+00	1.039131265928503645e+01
1.072899999999999965e+00	8.530971257552376841e+00
1.076600000000000001e+00	8.443067668042164797e+00
1.080200000000000049e+00	7.919445716813966030e+00
1.083800000000000097e+00	9.245218958349489924e+00
1.087399999999999922e+00	8.976557412756093868e+00
1.090999999999999970e+00	9.191933527992976138e+00
1.094600000000000017e+00	8.828558673554619318e+00
1.098200000000000065e+00	9.329414282413402759e+00
1.101799999999999891e+00	9.079898629416234712e+00
1.105399999999999938e+00	8.907874297961944521e+00
1.108999999999999986e+00	8.989241470741536233e+00
1.112600000000000033e+00	9.558482095480822949e+00
1.116200000000000081e+00	7.902368767924437876e+00
1.119799999999999907e+00	9.210364088745755851e+00
1.123399999999999954e+00	1.195036608123737309e+01
1.127099999999999991e+00	1.190999508756977576e+01
1.130700000000000038e+00	9.564150030009859194e+00
1.134300000000000086e+00	7.957401366203512794e+00
1.137899999999999912e+00	9.392566140383266315e+00
1.141499999999999959e+00	1.152979000513042074e+01
1.145100000000000007e+00	8.256566330771873297e+00
1.148700000000000054e+00	1.087035096185549676e+01
1.152300000000000102e+00	1.125273875481387087e+01
1.155899999999999928e+00	1.061185761019905627e+01
1.159499999999999975e+00	1.154835219478952801e+01
1.163100000000000023e+00	9.808015463251406274e+00
1.166700000000000070e+00	9.852390494526407139e+00
1.170299999999999896e+00	9.586576991694249372e+00
1.173899999999999944e+00	9.648121011988971318e+00
1.177599999999999980e+00	1.069895617687171274e+01
1.181200000000000028e+00	8.689989819635917101e+00
1.184800000000000075e+00	9.476596407007411571e+00
1.188399999999999901e+00	1.136008508367430991e+01
1.191999999999999948e+00	8.922241648553937310e+00
1.195599999999999996e+00	1.101217350640546577e+01
1.199200000000000044e+00	9.607011312943969372e+00
1.202800000000000091e+00	1.108902879159427712e+01
1.206399999999999917e+00	8.211730752851012838e+00
1.209999999999999964e+00	1.013130739386451751e+01
1.213600000000000012e+00	8.210208157023828335e+00
1.217200000000000060e+00	8.252163766049525506e+00
1.220800000000000107e+00	9.209648771891867369e+00
1.224399999999999933e+00	1.039292707003048122e+01
1.228099999999999969e+00	1.111349093264657029e+01
1.231700000000000017e+00	1.175981048647355109e+01
1.235300000000000065e+00	1.032832182929666942e+01
1.238899999999999890e+00	1.010409104983178707e+01
1.242499999999999938e+00	1.001900308218015567e+01
1.246099999999999985e+00	7.989584711352830659e+00
1.249700000000000033e+00	7.961597653190442436e+00
1.253300000000000081e+00	9.197241123096489446e+00
1.256899999999999906e+00	9.756938927947359730e+00
1.260499999999999954e+00	8.363700262235944649e+00
1.264100000000000001e+00	9.444611728241699922e+00
1.267700000000000049e+00	8.710491960730323058e+00
1.271300000000000097e+00	1.009744783478748253e+01
1.274899999999999922e+00	9.579585265824922757e+00
1.278599999999999959e+00	1.148502988289169124e+01
1.282200000000000006e+00	9.813852943434003606e+00
1.285800000000000054e+00	9.978826471599459680e+00
1.289400000000000102e+00	9.705568910427157192e+00
1.292999999999999927e+00	9.126734253171326472e+00
1.296599999999999975e+00	1.124505672186292138e+01
1.300200000000000022e+00	7.702603234445859925e+00
1.303800000000000070e+00	1.056864592177579532e+01
1.307399999999999896e+00	1.215113479819537901e+01
1.310999999999999943e+00	1.173235495073314816e+01
1.314599999999999991e+00	9.501825318086726924e+00
1.318200000000000038e+00	1.219283289313566954e+01
1.321800000000000086e+00	1.116631910994045640e+01
1.325499999999999901e+00	1.064343676235355396e+01
1.329099999999999948e+00	1.102071630796812762e+01
1.332699999999999996e+00	1.167591353090478989e+01
1.336300000000000043e+00	1.211428497893171752e+01
1.339900000000000091e+00	1.228025681722973239e+01
1.343499999999999917e+00	1.249388193055765051e+01
1.347099999999999964e+00	1.276728235360824115e+01
1.350700000000000012e+00	1.295080753354862502e+01
1.354300000000000059e+00	1.258370390015188178e+01
1.357900000000000107e+00	1.366970789612390824e+01
1.361499999999999932e+00	1.142033801822031158e+01
1.365099999999999980e+00	1.507883835227436897e+01
1.368700000000000028e+00	1.293458980918325807e+01
1.372300000000000075e+00	1.538929149615645464e+01
1.375999999999999890e+00	1.370027578180539152e+01
1.379599999999999937e+00	1.588926791470145261e+01
1.383199999999999985e+00	1.482839351942227779e+01
1.386800000000000033e+00	1.500327199037468873e+01
1.390400000000000080e+00	1.496543291900943728e+01
1.393999999999999906e+00	1.407068219286814248e+01
1.397599999999999953e+00	1.620797423682557081e+01
1.401200000000000001e+00	1.466474468981792256e+01
1.404800000000000049e+00	1.526095170304732740e+01
1.408400000000000096e+00	1.551230216171144605e+01
1.411999999999999922e+00	1.618346753106635916e+01
1.415599999999999969e+00	1.677751644957233168e+01
1.419200000000000017e+00	1.825605027942149050e+01
1.422800000000000065e+00	1.842539174607521701e+01
1.426500000000000101e+00	1.917356566986803301e+01
1.430099999999999927e+00	1.847883620538065585e+01
1.433699999999999974e+00	1.954318738887175755e+01
1.437300000000000022e+00	2.128220078003590388e+01
1.440900000000000070e+00	2.136614912298616531e+01
1.444499999999999895e+00	2.329370233773583010e+01
1.448099999999999943e+00	2.157110802972823294e+01
1.451699999999999990e+00	2.415474341416733139e+01
1.455300000000000038e+00	2.209715741490428442e+01
1.458900000000000086e+00	2.292465700526927108e+01
1.462499999999999911e+00	2.379059022614174168e+01
1.466099999999999959e+00	2.539560019853001194e+01
1.469700000000000006e+00	2.811495254157722101e+01
1.473300000000000054e+00	2.852194466617282131e+01
1.477000000000000091e+00	2.923952940219129104e+01
1.480599999999999916e+00	3.030385747231726512e+01
1.484199999999999964e+00	3.027301584397177336e+01
1.487800000000000011e+00	3.237167661110687078e+01
1.491400000000000059e+00	3.146372245719958727e+01
1.495000000000000107e+00	3.482742547723633209e+01
1.498599999999999932e+00	3.802039839307356317e+01
1.502199999999999980e+00	4.141076023917629101e+01
1.505800000000000027e+00	4.502511408600656750e+01
1.509400000000000075e+00	4.973093257122042843e+01
1.512999999999999901e+00	5.145491805699334265e+01
1.516599999999999948e+00	5.429112190160960694e+01
1.520199999999999996e+00	5.469386524200644573e+01
1.523800000000000043e+00	5.299108354495475481e+01
1.527500000000000080e+00	5.290910881572396818e+01
1.531099999999999905e+00	5.239038556398757862e+01
1.534699999999999953e+00	5.143591486773303956e+01
1.538300000000000001e+00	5.680106427584763651e+01
1.541900000000000048e+00	6.252074659548522817e+01
1.545500000000000096e+00	6.534729040432118552e+01
1.549099999999999921e+00	6.511680211937490981e+01
1.552699999999999969e+00	6.390661050760754591e+01
1.556300000000000017e+00	6.010545561390789970e+01
1.559900000000000064e+00	5.547067807702138964e+01
1.563499999999999890e+00	5.117804654742296577e+01
1.567099999999999937e+00	4.939616081035138961e+01
1.570699999999999985e+00	4.879737912533089172e+01
1.574300000000000033e+00	5.082477853921001554e+01
1.578000000000000069e+00	5.428154949028245824e+01
1.581599999999999895e+00	5.576386788353688928e+01
1.585199999999999942e+00	5.397761321215777741e+01
1.588799999999999990e+00	5.125572243393586547e+01
1.592400000000000038e+00	5.224552447659421972e+01
1.596000000000000085e+00	4.814181153437707650e+01
1.599599999999999911e+00	4.888719680311657356e+01
1.603199999999999958e+00	5.128900519783129397e+01
1.606800000000000006e+00	5.445451135911179819e+01
1.610400000000000054e+00	6.477635488876659053e+01
1.614000000000000101e+00	7.726756421090222204e+01
1.617599999999999927e+00	9.089511136485137399e+01
1.621199999999999974e+00	1.008616626248929293e+02
1.624800000000000022e+00	1.065681316148770748e+02
1.628500000000000059e+00	1.022203483057983817e+02
1.632100000000000106e+00	9.319577848342545678e+01
1.635699999999999932e+00	7.930804683246213926e+01
1.639299999999999979e+00	6.451772842550364828e+01
1.642900000000000027e+00	5.863751913092023216e+01
1.646500000000000075e+00	5.356505684126235423e+01
1.650099999999999900e+00	4.853439546816426997e+01
1.653699999999999948e+00	4.829040988846240623e+01
1.657299999999999995e+00	4.682350476844443676e+01
1.660900000000000043e+00	4.659871478449721138e+01
1.664500000000000091e+00	4.207937597947459096e+01
1.668099999999999916e+00	3.934239572755013370e+01
1.671699999999999964e+00	3.931302029287400757e+01
1.675400000000000000e+00	3.659023202321813528e+01
1.679000000000000048e+00	3.884603037423240579e+01
1.682600000000000096e+00	3.864966327171067917e+01
1.686199999999999921e+00	3.815206742124694728e+01
1.689799999999999969e+00	3.547413220873777107e+01
1.693400000000000016e+00	3.195960149676592366e+01
1.697000000000000064e+00	3.007455186245271861e+01
1.700599999999999890e+00	3.057699900090451095e+01
1.704199999999999937e+00	2.882236496337075238e+01
1.707799999999999985e+00	2.887652808287377937e+01
1.711400000000000032e+00	2.874480839092284512e+01
1.715000000000000080e+00	2.866166706935855757e+01
1.718599999999999905e+00	2.591399894792206027e+01
1.722199999999999953e+00	2.530788182287713184e+01
1.725899999999999990e+00	2.505041698938416417e+01
1.729500000000000037e+00	2.255941581090252868e+01
1.733100000000000085e+00	2.196658245353727068e+01
1.736699999999999910e+00	2.005902557468716196e+01
1.740299999999999958e+00	2.082825364735682427e+01
1.743900000000000006e+00	2.145686328640291762e+01
1.747500000000000053e+00	1.931730782038890126e+01
1.751100000000000101e+00	2.142431714437616463e+01
1.754699999999999926e+00	2.308115587218614806e+01
1.758299999999999974e+00	2.512312618380078888e+01
1.761900000000000022e+00	2.455400704704339887e+01
1.765500000000000069e+00	2.508632934945228143e+01
1.769099999999999895e+00	2.432445259965200890e+01
1.772699999999999942e+00	2.338682182300147616e+01
1.776399999999999979e+00	2.602712688325290102e+01
1.780000000000000027e+00	2.340451056848431222e+01
1.783600000000000074e+00	2.169951993066337081e+01
1.787199999999999900e+00	2.243445670876576870e+01
1.790799999999999947e+00	2.126870287332953779e+01
1.794399999999999995e+00	2.262405096504609858e+01
1.798000000000000043e+00	2.431593446775003997e+01
1.801600000000000090e+00	2.227364950558708401e+01
1.805199999999999916e+00	2.345390640952973627e+01
1.808799999999999963e+00	2.270717446658064276e+01
1.812400000000000011e+00	2.532504487640805024e+01
1.816000000000000059e+00	2.214233579600218960e+01
1.819600000000000106e+00	2.320431787432175241e+01
1.823199999999999932e+00	2.349228281891386416e+01
1.826899999999999968e+00	2.553042553350624644e+01
1.830500000000000016e+00	2.434087461478283743e+01
1.834100000000000064e+00	2.572147223073834610e+01
1.837699999999999889e+00	2.536823365262567620e+01
1.841299999999999937e+00	2.572323891564153442e+01
1.844899999999999984e+00	2.438479445416354352e+01
1.848500000000000032e+00	2.214331619019230857e+01
1.852100000000000080e+00	2.400887592745423760e+01
1.855699999999999905e+00	2.262072421604457872e+01
1.859299999999999953e+00	2.127181462362455378e+01
1.862900000000000000e+00	2.255356763591427338e+01
1.866500000000000048e+00	2.412284429579715095e+01
1.870100000000000096e+00	2.307424159715411349e+01
1.873699999999999921e+00	2.386203220134977343e+01
1.877399999999999958e+00	2.546540562436952371e+01
1.881000000000000005e+00	2.480548858036318194e+01
1.884600000000000053e+00	2.781202388259981717e+01
1.888200000000000101e+00	2.724028237500724003e+01
1.891799999999999926e+00	2.810686335510240497e+01
1.895399999999999974e+00	2.845752652118770598e+01
1.899000000000000021e+00	2.829985425559098289e+01
1.902600000000000069e+00	2.760615515741219284e+01
1.906199999999999894e+00	2.928673991143610422e+01
1.909799999999999942e+00	2.848303079425913253e+01
1.913399999999999990e+00	2.892486091094944811e+01
1.917000000000000037e+00	2.925005071757219710e+01
1.920600000000000085e+00	2.802121988156505239e+01
1.924199999999999910e+00	2.760301722428139470e+01
1.927899999999999947e+00	3.017525165854828373e+01
1.931499999999999995e+00	2.873051735977838561e+01
1.935100000000000042e+00	3.207167662943359687e+01
1.938700000000000090e+00	3.186986637683344625e+01
1.942299999999999915e+00	3.154730062639862354e+01
1.945899999999999963e+00	3.099527291472623602e+01
1.949500000000000011e+00	3.315563876782675123e+01
1.953100000000000058e+00	3.245020116979480207e+01
1.956700000000000106e+00	3.229735182998249599e+01
1.960299999999999931e+00	3.237914281437346631e+01
1.963899999999999979e+00	2.985745531637266126e+01
1.967500000000000027e+00	2.873567901419927395e+01
1.971100000000000074e+00	2.936157379985908022e+01
1.974699999999999900e+00	3.164794218235241985e+01
1.978399999999999936e+00	3.155594721702314231e+01
1.981999999999999984e+00	3.470958297210140842e+01
1.985600000000000032e+00	3.569624374944170597e+01
1.989200000000000079e+00	3.818114643999489743e+01
1.992799999999999905e+00	3.987368235734243882e+01
1.996399999999999952e+00	3.420417776381364661e+01
2.000000000000000000e+00	3.434672723766859548e+01
