2.000000000000000111e-01	-2.075272089154921673e+00
2.036000000000000032e-01	-2.154527874988908742e+00
2.071999999999999953e-01	-1.890711992772612593e+00
2.107999999999999874e-01	-2.129634569434657454e+00
2.144000000000000072e-01	-1.422821676406373248e+00
2.179999999999999993e-01	-1.148200124690391899e+00
2.215999999999999914e-01	-1.233346667210096337e+00
2.253000000000000003e-01	-9.881045151225598122e-01
2.288999999999999924e-01	-9.450689639207116022e-01
2.325000000000000122e-01	-6.537830511769813224e-01
2.361000000000000043e-01	-7.260304904171233087e-01
2.396999999999999964e-01	-5.697924312436112304e-01
2.432999999999999885e-01	-5.111004030591448366e-01
2.469000000000000083e-01	-6.604906136724801868e-01
2.505000000000000004e-01	-9.935464781839687953e-01
2.540999999999999925e-01	-1.246552469013412212e+00
2.576999999999999846e-01	-9.499519627844423830e-01
2.612999999999999767e-01	-1.054509336557829746e+00
2.649000000000000243e-01	-1.125231935604706246e+00
2.685000000000000164e-01	-1.144461181712148168e+00
2.721000000000000085e-01	-9.061972062835995656e-01
2.757999999999999896e-01	-1.348316321675418816e+00
2.793999999999999817e-01	-1.050927919124102772e+00
2.829999999999999738e-01	-1.219066749243550074e+00
2.866000000000000214e-01	-8.824382604241250982e-01
2.902000000000000135e-01	-5.488321470976418315e-01
2.938000000000000056e-01	-3.625312860217835276e-01
2.973999999999999977e-01	-3.203246785366706262e-01
3.009999999999999898e-01	-9.635518101402876234e-02
3.045999999999999819e-01	1.845794839717655733e-01
3.081999999999999740e-01	1.439931468999769704e-01
3.118000000000000216e-01	4.187757569043968342e-01
3.154000000000000137e-01	7.117201371593571968e-03
3.190000000000000058e-01	-2.946438965697747436e-01
3.225999999999999979e-01	-2.217012399380017262e-01
3.262999999999999790e-01	-4.795972582082542179e-01
3.299000000000000266e-01	-1.209109670463011099e+00
3.335000000000000187e-01	-8.853314958615701169e-01
3.371000000000000107e-01	-1.040266732557041163e+00
3.407000000000000028e-01	-1.253992631205272712e+00
3.442999999999999949e-01	-1.222018882994061917e+00
3.478999999999999870e-01	-1.118602230640242112e+00
3.514999999999999791e-01	-1.057529269465765642e+00
3.551000000000000267e-01	-4.836748802888621857e-01
3.587000000000000188e-01	-5.698373242345426970e-01
3.623000000000000109e-01	-4.404952358469870766e-01
3.659000000000000030e-01	-2.442743300314756949e-01
3.694999999999999951e-01	4.422396846616585830e-01
3.730999999999999872e-01	7.706438553271363068e-01
3.768000000000000238e-01	3.927597561512873314e-01
3.804000000000000159e-01	3.519627327888529833e-01
3.840000000000000080e-01	1.643361061466874773e-01
3.876000000000000001e-01	8.499905886186270854e-02
3.911999999999999922e-01	1.105764433727140506e-01
3.947999999999999843e-01	-4.544802704895218315e-01
3.983999999999999764e-01	-1.729952472281789388e-01
4.020000000000000240e-01	-9.968735215789692461e-01
4.056000000000000161e-01	-8.039655740532624106e-01
4.092000000000000082e-01	-9.696421722654366970e-01
4.128000000000000003e-01	-9.677403433524948140e-01
4.163999999999999924e-01	-8.939013273955078720e-01
4.199999999999999845e-01	-8.449437335390597159e-01
4.235999999999999766e-01	-7.410986984352612161e-01
4.273000000000000131e-01	-7.448803136842102601e-01
4.309000000000000052e-01	-7.423433864928485892e-01
4.344999999999999973e-01	-4.171898449756237248e-01
4.380999999999999894e-01	-3.455372598341668322e-01
4.416999999999999815e-01	-1.174028452519749882e-01
4.452999999999999736e-01	-1.904219494181874639e-02
4.489000000000000212e-01	1.263570416646825345e-02
4.525000000000000133e-01	3.852323929565262817e-02
4.561000000000000054e-01	-2.789089740674898787e-01
4.596999999999999975e-01	-2.568074020532361557e-01
4.632999999999999896e-01	-4.741954936763125295e-01
4.668999999999999817e-01	-5.123732603635540173e-01
4.704999999999999738e-01	-6.230625878890569957e-01
4.741000000000000214e-01	2.028472127896685517e-02
4.778000000000000025e-01	-4.427916263140222464e-01
4.813999999999999946e-01	-3.045685850829390473e-01
4.849999999999999867e-01	-1.492115319281389629e-02
4.885999999999999788e-01	-5.807147980864387632e-02
4.922000000000000264e-01	4.937831410710167845e-01
4.958000000000000185e-01	7.069218731831226066e-01
4.994000000000000106e-01	1.093656388985911443e+00
5.030000000000000027e-01	1.483387406511972317e+00
5.066000000000000503e-01	1.304401288604490894e+00
5.101999999999999869e-01	1.100216344321760520e+00
5.138000000000000345e-01	1.381918803968369636e+00
5.173999999999999710e-01	1.032095596227999845e+00
5.210000000000000187e-01	1.143330478902935265e+00
5.245999999999999552e-01	8.889031877785604774e-01
5.282999999999999918e-01	2.432049186629074433e-01
5.319000000000000394e-01	1.252740545170565045e-02
5.354999999999999760e-01	2.784428527435668377e-01
5.391000000000000236e-01	-7.349240742546392369e-02
5.426999999999999602e-01	-3.647120814293695057e-01
5.463000000000000078e-01	-6.694203679688083275e-01
5.499000000000000554e-01	-2.108023751088719533e-01
5.534999999999999920e-01	-1.048714029989303576e-01
5.571000000000000396e-01	-2.010227710866321904e-01
5.606999999999999762e-01	7.082974604718147438e-01
5.643000000000000238e-01	5.783085019644124136e-01
5.678999999999999604e-01	1.151473760121317191e+00
5.715000000000000080e-01	1.272184941420822391e+00
5.752000000000000446e-01	1.786358162768194369e+00
5.787999999999999812e-01	1.772152460906759153e+00
5.824000000000000288e-01	1.328511233690237825e+00
5.859999999999999654e-01	1.323272701551118979e+00
5.896000000000000130e-01	1.309639746318602915e+00
5.931999999999999496e-01	1.385980062489134079e+00
5.967999999999999972e-01	1.183935879201008845e+00
6.004000000000000448e-01	7.128575231726711481e-01
6.039999999999999813e-01	6.323099795012200319e-01
6.076000000000000290e-01	7.293468690488712491e-01
6.111999999999999655e-01	4.640017007793846293e-01
6.148000000000000131e-01	5.023893855463412716e-01
6.183999999999999497e-01	5.646451383260979728e-01
6.219999999999999973e-01	1.014763523280414859e+00
6.257000000000000339e-01	6.626603355302287390e-01
6.292999999999999705e-01	9.082691653500014617e-01
6.329000000000000181e-01	1.020820555997869361e+00
6.364999999999999547e-01	1.398819243464834550e+00
6.401000000000000023e-01	1.625007455801719347e+00
6.437000000000000499e-01	1.554736459787688041e+00
6.472999999999999865e-01	1.559868086267043097e+00
6.509000000000000341e-01	2.098360647208731500e+00
6.544999999999999707e-01	1.898097991957578889e+00
6.581000000000000183e-01	2.149870971208642345e+00
6.616999999999999549e-01	1.928051156230124574e+00
6.653000000000000025e-01	1.789543669134517900e+00
6.689000000000000501e-01	1.690722362222952357e+00
6.724999999999999867e-01	1.478465849284088307e+00
6.762000000000000233e-01	1.483093353236006440e+00
6.797999999999999599e-01	1.306823540573690989e+00
6.834000000000000075e-01	1.246675159477186323e+00
6.870000000000000551e-01	1.491711665763183481e+00
6.905999999999999917e-01	1.745582260137585884e+00
6.942000000000000393e-01	1.378247749834941249e+00
6.977999999999999758e-01	2.313276269579751077e+00
7.014000000000000234e-01	2.103537861786878516e+00
7.049999999999999600e-01	2.363283030389658368e+00
7.086000000000000076e-01	2.370411896633340287e+00
7.122000000000000552e-01	2.451571784330294879e+00
7.157999999999999918e-01	2.750018829080507654e+00
7.194000000000000394e-01	2.502341862224985114e+00
7.229999999999999760e-01	2.599537786944565720e+00
7.267000000000000126e-01	2.214611404973217734e+00
7.302999999999999492e-01	2.284840408910924658e+00
7.338999999999999968e-01	2.361058233339766943e+00
7.375000000000000444e-01	1.841815196505906860e+00
7.410999999999999810e-01	1.382814575423323422e+00
7.447000000000000286e-01	1.594410173172974732e+00
7.482999999999999652e-01	2.010504814936850959e+00
7.519000000000000128e-01	2.045586726506123831e+00
7.554999999999999494e-01	1.991790671198175211e+00
7.590999999999999970e-01	1.675983544442009254e+00
7.627000000000000446e-01	1.693877348937699034e+00
7.662999999999999812e-01	2.344313527251222773e+00
7.699000000000000288e-01	2.143533928802269006e+00
7.734999999999999654e-01	2.407992929463342868e+00
7.772000000000000020e-01	2.469693605757397936e+00
7.808000000000000496e-01	2.439671777551486009e+00
7.843999999999999861e-01	2.307900083823398063e+00
7.880000000000000338e-01	2.362249050590543575e+00
7.915999999999999703e-01	1.893586149944029184e+00
7.952000000000000179e-01	1.976414701555763820e+00
7.987999999999999545e-01	1.756103524580760578e+00
8.024000000000000021e-01	2.067430894181117917e+00
8.060000000000000497e-01	1.938401476578763161e+00
8.095999999999999863e-01	2.151438063198333417e+00
8.132000000000000339e-01	2.333191248392172845e+00
8.167999999999999705e-01	2.466387170487116087e+00
8.204000000000000181e-01	2.616128699912569910e+00
8.239999999999999547e-01	2.975050074845518200e+00
8.276999999999999913e-01	3.038645992742978308e+00
8.313000000000000389e-01	2.958619575315428296e+00
8.348999999999999755e-01	3.239013316879064242e+00
8.385000000000000231e-01	3.575927583075165561e+00
8.420999999999999597e-01	3.674582821083320461e+00
8.457000000000000073e-01	3.217913127064806034e+00
8.493000000000000549e-01	2.930771151771782712e+00
8.528999999999999915e-01	2.825632360530857312e+00
8.565000000000000391e-01	3.129288486042087314e+00
8.600999999999999757e-01	2.632987441592566924e+00
8.637000000000000233e-01	2.444756250015038379e+00
8.672999999999999599e-01	2.916794554658041605e+00
8.709000000000000075e-01	2.476163748003139542e+00
8.745000000000000551e-01	2.325465439659564204e+00
8.781999999999999806e-01	2.472214817908017004e+00
8.818000000000000282e-01	2.125670315169744029e+00
8.853999999999999648e-01	2.463441747907614499e+00
8.890000000000000124e-01	2.237002364137286925e+00
8.925999999999999490e-01	2.457485295315972706e+00
8.961999999999999966e-01	2.317029430297555592e+00
8.998000000000000442e-01	2.966909997114397068e+00
9.033999999999999808e-01	3.290137490822832689e+00
9.070000000000000284e-01	3.430434044519883319e+00
9.105999999999999650e-01	3.269621905165680076e+00
9.142000000000000126e-01	3.327133481376197466e+00
9.177999999999999492e-01	3.374422685741528039e+00
9.213999999999999968e-01	3.435470254498601772e+00
9.251000000000000334e-01	3.451473770826826826e+00
9.286999999999999700e-01	3.323823566024826981e+00
9.323000000000000176e-01	3.305815284162466394e+00
9.358999999999999542e-01	3.411555758689293505e+00
9.395000000000000018e-01	3.630571055443781781e+00
9.431000000000000494e-01	3.702573855916932999e+00
9.466999999999999860e-01	3.995449013226503254e+00
9.503000000000000336e-01	4.091085048010830505e+00
9.538999999999999702e-01	3.805008925113914309e+00
9.575000000000000178e-01	4.242639776544896435e+00
9.610999999999999543e-01	4.530783568689184193e+00
9.647000000000000020e-01	4.395413725532050897e+00
9.683000000000000496e-01	4.375418866107477101e+00
9.718999999999999861e-01	4.321229300175930099e+00
9.756000000000000227e-01	4.158965303117256873e+00
9.791999999999999593e-01	4.004820504299603456e+00
9.828000000000000069e-01	3.946113822524297543e+00
9.864000000000000545e-01	4.104118255297668050e+00
9.899999999999999911e-01	4.406689185925531937e+00
9.936000000000000387e-01	4.794220183673608915e+00
9.971999999999999753e-01	4.062220072671245852e+00
1.000799999999999912e+00	4.294069537670800685e+00
1.004399999999999959e+00	4.349668285694090031e+00
1.008000000000000007e+00	3.600045445110877207e+00
1.011600000000000055e+00	3.742669023531817185e+00
1.015200000000000102e+00	3.693567088892552697e+00
1.018799999999999928e+00	3.840357417372128879e+00
1.022399999999999975e+00	4.064554830168281008e+00
1.026100000000000012e+00	4.134340873885264500e+00
1.029700000000000060e+00	4.448600392369510992e+00
1.033300000000000107e+00	3.970241605677440777e+00
1.036899999999999933e+00	4.478900918582276347e+00
1.040499999999999980e+00	4.354618728173559106e+00
1.044100000000000028e+00	4.183338097959953927e+00
1.047700000000000076e+00	4.604944698878155052e+00
1.051299999999999901e+00	4.835451491655941680e+00
1.054899999999999949e+00	4.424636358264575797e+00
1.058499999999999996e+00	4.728432931216344670e+00
1.062100000000000044e+00	4.513392434780817197e+00
1.065700000000000092e+00	4.300334984315906439e+00
1.069299999999999917e+00	4.894350225885930605e+00
1.072899999999999965e+00	4.718590634452843879e+00
1.076600000000000001e+00	4.820248170075199567e+00
1.080200000000000049e+00	4.863896953403215484e+00
1.083800000000000097e+00	4.970222957911234474e+00
1.087399999999999922e+00	5.360030837330850062e+00
1.090999999999999970e+00	5.440450248646026665e+00
1.094600000000000017e+00	5.475745317254292033e+00
1.098200000000000065e+00	5.600683603421010126e+00
1.101799999999999891e+00	5.865761458201714795e+00
1.105399999999999938e+00	5.959987740784245425e+00
1.108999999999999986e+00	5.976452448235229475e+00
1.112600000000000033e+00	5.978455186924226616e+00
1.116200000000000081e+00	6.282883215002794230e+00
1.119799999999999907e+00	5.990834733052354366e+00
1.123399999999999954e+00	6.327962210742547278e+00
1.127099999999999991e+00	5.907202862764872719e+00
1.130700000000000038e+00	5.976217571571127429e+00
1.134300000000000086e+00	5.970234775646823699e+00
1.137899999999999912e+00	6.319022552350426203e+00
1.141499999999999959e+00	6.474267443334058569e+00
1.145100000000000007e+00	6.678752356839099846e+00
1.148700000000000054e+00	6.522526307238453391e+00
1.152300000000000102e+00	6.805976424742692821e+00
1.155899999999999928e+00	6.959927620362202916e+00
1.159499999999999975e+00	7.115529033644714119e+00
1.163100000000000023e+00	7.113474806853595567e+00
1.166700000000000070e+00	7.381496179177153394e+00
1.170299999999999896e+00	6.902371597498006217e+00
1.173899999999999944e+00	7.107934394322484195e+00
1.177599999999999980e+00	7.594437867571248724e+00
1.181200000000000028e+00	7.428284048622165514e+00
1.184800000000000075e+00	7.434804613822823427e+00
1.188399999999999901e+00	7.518491648430473795e+00
1.191999999999999948e+00	7.922481192378201698e+00
1.195599999999999996e+00	7.595456893083198047e+00
1.199200000000000044e+00	7.617794548195770510e+00
1.202800000000000091e+00	7.345764111248078265e+00
1.206399999999999917e+00	7.299518325642540439e+00
1.209999999999999964e+00	7.500940710468521289e+00
1.213600000000000012e+00	7.553752709517495667e+00
1.217200000000000060e+00	7.731620952530608548e+00
1.220800000000000107e+00	7.704037874314702883e+00
1.224399999999999933e+00	7.719799653202190193e+00
1.228099999999999969e+00	7.956429568320806389e+00
1.231700000000000017e+00	7.727474944388982969e+00
1.235300000000000065e+00	7.579661579351967049e+00
1.238899999999999890e+00	8.446338818370699997e+00
1.242499999999999938e+00	8.392654231309530033e+00
1.246099999999999985e+00	9.009196670653722094e+00
1.249700000000000033e+00	8.801883845442722176e+00
1.253300000000000081e+00	8.751866830255423224e+00
1.256899999999999906e+00	8.812903266074679109e+00
1.260499999999999954e+00	8.783842234355844880e+00
1.264100000000000001e+00	8.914768103227446616e+00
1.267700000000000049e+00	9.095749449816089793e+00
1.271300000000000097e+00	9.355321566407344136e+00
1.274899999999999922e+00	9.104164405747960487e+00
1.278599999999999959e+00	9.487797545401310373e+00
1.282200000000000006e+00	9.269831410932409810e+00
1.285800000000000054e+00	9.625050233852379122e+00
1.289400000000000102e+00	9.329229794210554871e+00
1.292999999999999927e+00	9.917750705100884190e+00
1.296599999999999975e+00	9.975771719420144734e+00
1.300200000000000022e+00	1.005583211371581243e+01
1.303800000000000070e+00	1.013222712499391243e+01
1.307399999999999896e+00	1.031346663402473673e+01
1.310999999999999943e+00	1.003163998276694180e+01
1.314599999999999991e+00	9.969096358437823824e+00
1.318200000000000038e+00	1.010043956300186885e+01
1.321800000000000086e+00	1.031798851905100634e+01
1.325499999999999901e+00	9.866617839869805451e+00
1.329099999999999948e+00	9.984558469337352804e+00
1.332699999999999996e+00	1.006313566787996372e+01
1.336300000000000043e+00	1.002880054166132417e+01
1.339900000000000091e+00	9.682844519674404182e+00
1.343499999999999917e+00	9.908150036864027399e+00
1.347099999999999964e+00	1.006507028237880164e+01
1.350700000000000012e+00	1.008484752643012072e+01
1.354300000000000059e+00	1.079813026324684522e+01
1.357900000000000107e+00	1.090895108838510730e+01
1.361499999999999932e+00	1.151286878364468613e+01
1.365099999999999980e+00	1.130108473665542945e+01
1.368700000000000028e+00	1.205371861555817858e+01
1.372300000000000075e+00	1.279467012788622426e+01
1.375999999999999890e+00	1.276319123930714738e+01
1.379599999999999937e+00	1.332526498103351642e+01
1.383199999999999985e+00	1.326810826374375551e+01
1.386800000000000033e+00	1.349765405375370086e+01
1.390400000000000080e+00	1.338929577109919222e+01
1.393999999999999906e+00	1.329635692441406292e+01
1.397599999999999953e+00	1.409014576690981713e+01
1.401200000000000001e+00	1.402048892741141906e+01
1.404800000000000049e+00	1.388394187845545780e+01
1.408400000000000096e+00	1.432655505629446857e+01
1.411999999999999922e+00	1.423329608203718877e+01
1.415599999999999969e+00	1.440988420136432602e+01
1.419200000000000017e+00	1.485765493455029684e+01
1.422800000000000065e+00	1.472817819092614755e+01
1.426500000000000101e+00	1.527094183201647404e+01
1.430099999999999927e+00	1.487389800022063291e+01
1.433699999999999974e+00	1.518753195580940485e+01
1.437300000000000022e+00	1.498142663704067523e+01
1.440900000000000070e+00	1.522269086808377025e+01
1.444499999999999895e+00	1.528906146979345415e+01
1.448099999999999943e+00	1.512891309668330031e+01
1.451699999999999990e+00	1.550350943250707836e+01
1.455300000000000038e+00	1.585684636564307759e+01
1.458900000000000086e+00	1.548594364607941465e+01
1.462499999999999911e+00	1.586807013810447309e+01
1.466099999999999959e+00	1.585891709877368783e+01
1.469700000000000006e+00	1.604493144797187298e+01
1.473300000000000054e+00	1.568543012574834705e+01
1.477000000000000091e+00	1.625553932977505056e+01
1.480599999999999916e+00	1.691903413199594652e+01
1.484199999999999964e+00	1.739969817539976660e+01
1.487800000000000011e+00	1.776424959180886987e+01
1.491400000000000059e+00	1.800983735863038859e+01
1.495000000000000107e+00	1.857726417340645853e+01
1.498599999999999932e+00	1.901661697209631541e+01
1.502199999999999980e+00	1.879493790882919413e+01
1.505800000000000027e+00	1.917787693843166608e+01
1.509400000000000075e+00	1.966550589889239475e+01
1.512999999999999901e+00	1.973551541766511974e+01
1.516599999999999948e+00	2.046587621901552723e+01
1.520199999999999996e+00	2.120985081009564865e+01
1.523800000000000043e+00	2.186219718482967878e+01
1.527500000000000080e+00	2.297900552894855508e+01
1.531099999999999905e+00	2.362172142035466038e+01
1.534699999999999953e+00	2.469646605577310794e+01
1.538300000000000001e+00	2.588641330824576414e+01
1.541900000000000048e+00	2.656009366255986848e+01
1.545500000000000096e+00	2.758996870925843581e+01
1.549099999999999921e+00	2.844999885786790372e+01
1.552699999999999969e+00	2.961784949097118513e+01
1.556300000000000017e+00	3.068317307428988272e+01
1.559900000000000064e+00	3.161868557333871621e+01
1.563499999999999890e+00	3.256295465318382298e+01
1.567099999999999937e+00	3.453441235085973204e+01
1.570699999999999985e+00	3.662929311173181190e+01
1.574300000000000033e+00	3.826583442198172946e+01
1.578000000000000069e+00	3.992926473667959186e+01
1.581599999999999895e+00	4.053282507006520774e+01
1.585199999999999942e+00	4.076894179498740556e+01
1.588799999999999990e+00	4.071151398993854542e+01
1.592400000000000038e+00	4.033295547379712787e+01
1.596000000000000085e+00	4.019429781213042219e+01
1.599599999999999911e+00	3.990084591712728468e+01
1.603199999999999958e+00	3.914283487081875279e+01
1.606800000000000006e+00	3.846914398165198890e+01
1.610400000000000054e+00	3.802445421985464691e+01
1.614000000000000101e+00	3.574145767512965222e+01
1.617599999999999927e+00	3.388632399357437919e+01
1.621199999999999974e+00	3.211973323535619329e+01
1.624800000000000022e+00	3.060639015990643230e+01
1.628500000000000059e+00	3.001451142610041600e+01
1.632100000000000106e+00	2.949417451069630403e+01
1.635699999999999932e+00	2.939720284738292477e+01
1.639299999999999979e+00	2.930708300405012778e+01
1.642900000000000027e+00	2.783712018637075758e+01
1.646500000000000075e+00	2.625653090207624984e+01
1.650099999999999900e+00	2.537051374221409716e+01
1.653699999999999948e+00	2.367073898693005063e+01
1.657299999999999995e+00	2.285817047768267685e+01
1.660900000000000043e+00	2.330872941712876312e+01
1.664500000000000091e+00	2.327880093551182483e+01
1.668099999999999916e+00	2.377601780413159105e+01
1.671699999999999964e+00	2.421518028903568265e+01
1.675400000000000000e+00	2.400860034151149591e+01
1.679000000000000048e+00	2.366334548726392839e+01
1.682600000000000096e+00	2.314440839130979910e+01
1.686199999999999921e+00	2.228308348249387549e+01
1.689799999999999969e+00	2.206026084753106886e+01
1.693400000000000016e+00	2.170658047270873325e+01
1.697000000000000064e+00	2.131824024603393397e+01
1.700599999999999890e+00	2.116381891383610281e+01
1.704199999999999937e+00	2.148225152561147766e+01
1.707799999999999985e+00	2.197062113050529675e+01
1.711400000000000032e+00	2.219433704754488090e+01
1.715000000000000080e+00	2.217937223123056611e+01
1.718599999999999905e+00	2.304803407023931072e+01
1.722199999999999953e+00	2.287644990211204998e+01
1.725899999999999990e+00	2.257353637249152811e+01
1.729500000000000037e+00	2.266057412710342689e+01
1.733100000000000085e+00	2.296982098879762191e+01
1.736699999999999910e+00	2.343307442788966810e+01
1.740299999999999958e+00	2.447246516520518966e+01
1.743900000000000006e+00	2.476237581833153101e+01
1.747500000000000053e+00	2.628213955205396601e+01
1.751100000000000101e+00	2.678622057589554117e+01
1.754699999999999926e+00	2.782774473080191058e+01
1.758299999999999974e+00	2.824316799786323173e+01
1.761900000000000022e+00	2.821597579610230255e+01
1.765500000000000069e+00	2.798347716707194976e+01
1.769099999999999895e+00	2.781455984551936211e+01
1.772699999999999942e+00	2.700751820374431844e+01
1.776399999999999979e+00	2.657671778949031705e+01
1.780000000000000027e+00	2.645873142963639069e+01
1.783600000000000074e+00	2.687988500118964552e+01
1.787199999999999900e+00	2.721754963224345403e+01
1.790799999999999947e+00	2.807393316250568205e+01
1.794399999999999995e+00	2.951885471737596589e+01
1.798000000000000043e+00	3.067780442027747156e+01
1.801600000000000090e+00	3.146302676779756879e+01
1.805199999999999916e+00	3.196986317533486144e+01
1.808799999999999963e+00	3.086871600083280143e+01
1.812400000000000011e+00	2.914088237261718106e+01
1.816000000000000059e+00	2.724538628197969459e+01
1.819600000000000106e+00	2.567564090912067698e+01
1.823199999999999932e+00	2.506604281424391445e+01
1.826899999999999968e+00	2.565310164560377260e+01
1.830500000000000016e+00	2.630327783043311030e+01
1.834100000000000064e+00	2.692696748405916907e+01
1.837699999999999889e+00	2.709756545206893819e+01
1.841299999999999937e+00	2.743077083675620287e+01
1.844899999999999984e+00	2.730956621981762211e+01
1.848500000000000032e+00	2.738060749050870157e+01
1.852100000000000080e+00	2.710313964502291384e+01
1.855699999999999905e+00	2.734870158893372860e+01
1.859299999999999953e+00	2.720957085322594438e+01
1.862900000000000000e+00	2.726999378597581369e+01
1.866500000000000048e+00	2.753203851983233363e+01
1.870100000000000096e+00	2.700995169599499945e+01
1.873699999999999921e+00	2.666057367887463769e+01
1.877399999999999958e+00	2.674544964291793292e+01
1.881000000000000005e+00	2.611061603098921680e+01
1.884600000000000053e+00	2.596096068606973972e+01
1.888200000000000101e+00	2.569232266085610661e+01
1.891799999999999926e+00	2.638483075846201942e+01
1.895399999999999974e+00	2.797511378751858757e+01
1.899000000000000021e+00	3.092652464019543501e+01
1.902600000000000069e+00	3.416152484529690270e+01
1.906199999999999894e+00	3.717651235773217877e+01
1.909799999999999942e+00	3.928193600371559313e+01
1.913399999999999990e+00	3.962359171496205335e+01
1.917000000000000037e+00	3.921383800315433632e+01
1.920600000000000085e+00	3.670390698789468331e+01
1.924199999999999910e+00	3.443024292302946776e+01
1.927899999999999947e+00	3.095203253978998603e+01
1.931499999999999995e+00	2.859532106290204467e+01
1.935100000000000042e+00	2.638420601835047918e+01
1.938700000000000090e+00	2.655267909273747762e+01
1.942299999999999915e+00	2.805769689700442626e+01
1.945899999999999963e+00	3.122392228629183819e+01
1.949500000000000011e+00	3.521683368844907136e+01
1.953100000000000058e+00	3.863479166382592211e+01
1.956700000000000106e+00	4.113328226899916729e+01
1.960299999999999931e+00	4.204142998278343413e+01
1.963899999999999979e+00	4.169035989252639496e+01
1.967500000000000027e+00	4.163835690587592353e+01
1.971100000000000074e+00	4.228830077924272501e+01
1.974699999999999900e+00	4.370448897403684185e+01
1.978399999999999936e+00	4.538025882460564020e+01
1.981999999999999984e+00	4.741843389042306711e+01
1.985600000000000032e+00	4.825141964296216912e+01
1.989200000000000079e+00	4.771826935173476869e+01
1.992799999999999905e+00	4.501570533307248922e+01
1.996399999999999952e+00	3.911164948419053644e+01
2.000000000000000000e+00	3.048561156887871348e+01
