2.000000000000000111e-01	-1.933518119596800755e+00
2.036000000000000032e-01	-2.012249843598941101e+00
2.071999999999999953e-01	-1.879634508555337202e+00
2.107999999999999874e-01	-1.686204541376728816e+00
2.144000000000000072e-01	-1.620334988005748711e+00
2.179999999999999993e-01	-1.014543901650977631e+00
2.215999999999999914e-01	-1.330438577843902292e+00
2.253000000000000003e-01	-5.953161028871066796e-01
2.288999999999999924e-01	-6.991073451299363306e-01
2.325000000000000122e-01	-2.172320770183343575e-01
2.361000000000000043e-01	-3.798754106212747228e-01
2.396999999999999964e-01	-5.667348454453614570e-01
2.432999999999999885e-01	1.613918024973508558e-01
2.469000000000000083e-01	-4.839574670603490891e-01
2.505000000000000004e-01	-5.110109522790307057e-01
2.540999999999999925e-01	-5.499574065861154715e-01
2.576999999999999846e-01	-5.918670989191682219e-01
2.612999999999999767e-01	-7.529822329053950103e-01
2.649000000000000243e-01	-6.176841632436818053e-01
2.685000000000000164e-01	-1.561127562367235155e+00
2.721000000000000085e-01	-1.450865358720522913e+00
2.757999999999999896e-01	-9.494955457504958840e-01
2.793999999999999817e-01	-8.412430831585715474e-01
2.829999999999999738e-01	-5.670858600701889074e-01
2.866000000000000214e-01	-7.765450305438136303e-01
2.902000000000000135e-01	-4.985329009532266653e-01
2.938000000000000056e-01	3.496526811160773907e-01
2.973999999999999977e-01	-2.035230789825887010e-02
3.009999999999999898e-01	-2.475449956638719196e-01
3.045999999999999819e-01	3.708206346541524923e-01
3.081999999999999740e-01	2.272030304068828610e-01
3.118000000000000216e-01	5.058549978095998600e-01
3.154000000000000137e-01	-1.142405491954086305e-01
3.190000000000000058e-01	-1.483020171044932001e-01
3.225999999999999979e-01	4.230626671036818998e-01
3.262999999999999790e-01	2.098600764914837491e-02
3.299000000000000266e-01	-6.659319732468539366e-01
3.335000000000000187e-01	-8.668011707739122773e-01
3.371000000000000107e-01	-9.506297448893088475e-01
3.407000000000000028e-01	-8.977067215079979068e-01
3.442999999999999949e-01	-1.206254196439508597e+00
3.478999999999999870e-01	-9.806316567790622774e-01
3.514999999999999791e-01	-5.149165449882944223e-01
3.551000000000000267e-01	-1.134928922847104449e+00
3.587000000000000188e-01	5.447828155464334854e-02
3.623000000000000109e-01	1.367868207413019954e-01
3.659000000000000030e-01	3.588395905163440647e-01
3.694999999999999951e-01	8.750883251716226052e-01
3.730999999999999872e-01	8.729005318596251284e-01
3.768000000000000238e-01	1.687688053934746635e-01
3.804000000000000159e-01	5.226506437134542660e-01
3.840000000000000080e-01	6.058674670277162111e-01
3.876000000000000001e-01	5.815311847493714881e-01
3.911999999999999922e-01	3.248236776334471609e-01
3.947999999999999843e-01	-3.445139527278712199e-01
3.983999999999999764e-01	-4.324883012885542000e-01
4.020000000000000240e-01	-6.310549266616485298e-01
4.056000000000000161e-01	-3.277642534106365302e-01
4.092000000000000082e-01	-1.860030025593335523e-01
4.128000000000000003e-01	-9.280175469477033312e-01
4.163999999999999924e-01	-9.548772988673105422e-01
4.199999999999999845e-01	-6.681081691640576858e-01
4.235999999999999766e-01	-4.570621602451878651e-01
4.273000000000000131e-01	-1.923838371591642948e-01
4.309000000000000052e-01	-4.340039364022729718e-01
4.344999999999999973e-01	2.199846896245218897e-01
4.380999999999999894e-01	4.135628257238329608e-01
4.416999999999999815e-01	3.222703208918140660e-01
4.452999999999999736e-01	5.813976272359612230e-01
4.489000000000000212e-01	5.666342280785910956e-01
4.525000000000000133e-01	4.443551121964781636e-01
4.561000000000000054e-01	6.997158114082796532e-02
4.596999999999999975e-01	-1.178687279753750095e-01
4.632999999999999896e-01	-2.692036522521557007e-02
4.668999999999999817e-01	-1.529443146429206313e-01
4.704999999999999738e-01	-4.143905939505909686e-01
4.741000000000000214e-01	-4.039435623575226009e-01
4.778000000000000025e-01	-5.677505857385227728e-01
4.813999999999999946e-01	5.232980651661403027e-01
4.849999999999999867e-01	2.273410157156172673e-01
4.885999999999999788e-01	-1.056689991078818558e-01
4.922000000000000264e-01	4.777082038251623808e-01
4.958000000000000185e-01	7.873165026513909703e-01
4.994000000000000106e-01	1.278841915869979751e+00
5.030000000000000027e-01	1.223967151365772388e+00
5.066000000000000503e-01	1.566902219370478688e+00
5.101999999999999869e-01	1.530148696109407069e+00
5.138000000000000345e-01	1.289453028470745055e+00
5.173999999999999710e-01	1.594346419222222533e+00
5.210000000000000187e-01	1.485424974519918395e+00
5.245999999999999552e-01	3.456505381937771126e-01
5.282999999999999918e-01	8.151307765259315774e-01
5.319000000000000394e-01	3.338407590843089912e-01
5.354999999999999760e-01	5.574118635895490836e-01
5.391000000000000236e-01	3.219881373374527955e-01
5.426999999999999602e-01	5.689680460455479594e-01
5.463000000000000078e-01	-1.037724928910386035e+00
5.499000000000000554e-01	-8.043837613458326707e-02
5.534999999999999920e-01	-1.573052663697129538e-01
5.571000000000000396e-01	2.864474168330027881e-01
5.606999999999999762e-01	7.277436961057557330e-01
5.643000000000000238e-01	1.051690028418383660e+00
5.678999999999999604e-01	1.201987601145696694e+00
5.715000000000000080e-01	1.600883834133656647e+00
5.752000000000000446e-01	1.582547289844869143e+00
5.787999999999999812e-01	2.230054465768998018e+00
5.824000000000000288e-01	1.721857438279739361e+00
5.859999999999999654e-01	2.307923102786690883e+00
5.896000000000000130e-01	1.618740820669859026e+00
5.931999999999999496e-01	1.391214552918995651e+00
5.967999999999999972e-01	1.190779657896598343e+00
6.004000000000000448e-01	1.280225040662383851e+00
6.039999999999999813e-01	1.141888071279831163e+00
6.076000000000000290e-01	1.001113949710838114e+00
6.111999999999999655e-01	9.061446912135835419e-01
6.148000000000000131e-01	9.811882483070675232e-01
6.183999999999999497e-01	5.738706921309915110e-01
6.219999999999999973e-01	5.185298258283002060e-01
6.257000000000000339e-01	5.632873535714202351e-01
6.292999999999999705e-01	1.238620639201712281e+00
6.329000000000000181e-01	1.428337058262914905e+00
6.364999999999999547e-01	1.438093629514157090e+00
6.401000000000000023e-01	1.799899348025286727e+00
6.437000000000000499e-01	2.078888466296768822e+00
6.472999999999999865e-01	2.429950371787005459e+00
6.509000000000000341e-01	2.666168810851231363e+00
6.544999999999999707e-01	2.288798365383156952e+00
6.581000000000000183e-01	2.561595086911578889e+00
6.616999999999999549e-01	2.082133204717884656e+00
6.653000000000000025e-01	2.625303005549395774e+00
6.689000000000000501e-01	1.911404018411436034e+00
6.724999999999999867e-01	1.743709924225858687e+00
6.762000000000000233e-01	1.297252756063623336e+00
6.797999999999999599e-01	1.566159389785687805e+00
6.834000000000000075e-01	1.614744149954797647e+00
6.870000000000000551e-01	1.954086940675849871e+00
6.905999999999999917e-01	1.689252182618855347e+00
6.942000000000000393e-01	1.996567378210640120e+00
6.977999999999999758e-01	2.406210759502052099e+00
7.014000000000000234e-01	2.053151325810770089e+00
7.049999999999999600e-01	3.014422388360694427e+00
7.086000000000000076e-01	3.131185981797127926e+00
7.122000000000000552e-01	2.662430163855106446e+00
7.157999999999999918e-01	3.191740980816434536e+00
7.194000000000000394e-01	3.174825693046045672e+00
7.229999999999999760e-01	2.719385676688007791e+00
7.267000000000000126e-01	2.717784899277199795e+00
7.302999999999999492e-01	2.871799141844192604e+00
7.338999999999999968e-01	2.172347600756751262e+00
7.375000000000000444e-01	1.905479665939813660e+00
7.410999999999999810e-01	2.130234052758231300e+00
7.447000000000000286e-01	2.329405478774868143e+00
7.482999999999999652e-01	1.820705619105882356e+00
7.519000000000000128e-01	2.422819178996614031e+00
7.554999999999999494e-01	2.263122485606223755e+00
7.590999999999999970e-01	2.294638035092049666e+00
7.627000000000000446e-01	2.084826626517870984e+00
7.662999999999999812e-01	2.206655493461449513e+00
7.699000000000000288e-01	2.653452149385866932e+00
7.734999999999999654e-01	2.619812109109679099e+00
7.772000000000000020e-01	2.287561760376736419e+00
7.808000000000000496e-01	2.235975452926693308e+00
7.843999999999999861e-01	2.464893987051316238e+00
7.880000000000000338e-01	2.768865406203320667e+00
7.915999999999999703e-01	2.448035185646225020e+00
7.952000000000000179e-01	2.443867752221498879e+00
7.987999999999999545e-01	2.337716408482381603e+00
8.024000000000000021e-01	2.580606259188359619e+00
8.060000000000000497e-01	2.450219470979924097e+00
8.095999999999999863e-01	3.060051197773844489e+00
8.132000000000000339e-01	2.146879570907466395e+00
8.167999999999999705e-01	2.511742972685991226e+00
8.204000000000000181e-01	2.583265044603784588e+00
8.239999999999999547e-01	3.047631953858468634e+00
8.276999999999999913e-01	3.413473681812972949e+00
8.313000000000000389e-01	3.813504486713581887e+00
8.348999999999999755e-01	3.233100546416349363e+00
8.385000000000000231e-01	3.385195954335205926e+00
8.420999999999999597e-01	4.129915182158955034e+00
8.457000000000000073e-01	3.378884640219974589e+00
8.493000000000000549e-01	3.765364175991736229e+00
8.528999999999999915e-01	3.486848864841574969e+00
8.565000000000000391e-01	2.944586431341360111e+00
8.600999999999999757e-01	3.373706647352254340e+00
8.637000000000000233e-01	2.910364239065303504e+00
8.672999999999999599e-01	2.721739729390463047e+00
8.709000000000000075e-01	2.864742547691565999e+00
8.745000000000000551e-01	2.610922428458510858e+00
8.781999999999999806e-01	2.401125469185617423e+00
8.818000000000000282e-01	2.024158167993793001e+00
8.853999999999999648e-01	2.871574128772227397e+00
8.890000000000000124e-01	2.110604072983190527e+00
8.925999999999999490e-01	2.866149400539293790e+00
8.961999999999999966e-01	2.912412015010303001e+00
8.998000000000000442e-01	3.382515403868588955e+00
9.033999999999999808e-01	3.405009626106090259e+00
9.070000000000000284e-01	3.505094794553848647e+00
9.105999999999999650e-01	3.763785016738080191e+00
9.142000000000000126e-01	3.314140246466594331e+00
9.177999999999999492e-01	3.461438109266442797e+00
9.213999999999999968e-01	3.588282798486359226e+00
9.251000000000000334e-01	3.625270481783115617e+00
9.286999999999999700e-01	3.499358204496331393e+00
9.323000000000000176e-01	4.054895768807745604e+00
9.358999999999999542e-01	3.704961189360116869e+00
9.395000000000000018e-01	3.796360966137705795e+00
9.431000000000000494e-01	3.521857749945473959e+00
9.466999999999999860e-01	3.940138496061715401e+00
9.503000000000000336e-01	4.165638280288357365e+00
9.538999999999999702e-01	4.547958813575654347e+00
9.575000000000000178e-01	4.512103380561990562e+00
9.610999999999999543e-01	4.292096333729636726e+00
9.647000000000000020e-01	4.857561769235111626e+00
9.683000000000000496e-01	4.217534848607982667e+00
9.718999999999999861e-01	4.131096947072504300e+00
9.756000000000000227e-01	4.494503141243858302e+00
9.791999999999999593e-01	4.184904770474108915e+00
9.828000000000000069e-01	4.136987588861180676e+00
9.864000000000000545e-01	4.478477995838519021e+00
9.899999999999999911e-01	4.172714578686927744e+00
9.936000000000000387e-01	4.589430838374988220e+00
9.971999999999999753e-01	4.004916233175768170e+00
1.000799999999999912e+00	4.367065858933782962e+00
1.004399999999999959e+00	4.189663588442305908e+00
1.008000000000000007e+00	4.304185101652057810e+00
1.011600000000000055e+00	4.122187306435892928e+00
1.015200000000000102e+00	3.763632199537112477e+00
1.018799999999999928e+00	3.851444832965110532e+00
1.022399999999999975e+00	4.213438659470442715e+00
1.026100000000000012e+00	4.495143539333890104e+00
1.029700000000000060e+00	4.764161555198667131e+00
1.033300000000000107e+00	4.900635735240088664e+00
1.036899999999999933e+00	4.841112529442120227e+00
1.040499999999999980e+00	4.663201190745051683e+00
1.044100000000000028e+00	4.632546146156655276e+00
1.047700000000000076e+00	4.778803778506681255e+00
1.051299999999999901e+00	4.967268921158410677e+00
1.054899999999999949e+00	4.715880204514458995e+00
1.058499999999999996e+00	5.097786804821424766e+00
1.062100000000000044e+00	5.020407344565242624e+00
1.065700000000000092e+00	5.007808140379158779e+00
1.069299999999999917e+00	4.630792913576192049e+00
1.072899999999999965e+00	4.638978366620990279e+00
1.076600000000000001e+00	5.253885240497719877e+00
1.080200000000000049e+00	4.796242745839188970e+00
1.083800000000000097e+00	5.506007943183196751e+00
1.087399999999999922e+00	5.544838579187105765e+00
1.090999999999999970e+00	5.691906978548132656e+00
1.094600000000000017e+00	5.608456910922664740e+00
1.098200000000000065e+00	6.175528236049864894e+00
1.101799999999999891e+00	6.331114101829657059e+00
1.105399999999999938e+00	6.539917122240049174e+00
1.108999999999999986e+00	6.296126102514156386e+00
1.112600000000000033e+00	6.646657927752148254e+00
1.116200000000000081e+00	6.665612128153851401e+00
1.119799999999999907e+00	6.096420961724702714e+00
1.123399999999999954e+00	6.306829773770595615e+00
1.127099999999999991e+00	6.087256912713381318e+00
1.130700000000000038e+00	5.895320504146784657e+00
1.134300000000000086e+00	6.477479293897501655e+00
1.137899999999999912e+00	6.126141153720196186e+00
1.141499999999999959e+00	6.356523186057967401e+00
1.145100000000000007e+00	6.776442838636400623e+00
1.148700000000000054e+00	6.122432351329414324e+00
1.152300000000000102e+00	6.945731648015238235e+00
1.155899999999999928e+00	6.960752336561461640e+00
1.159499999999999975e+00	7.368906721447983088e+00
1.163100000000000023e+00	7.475596668826206326e+00
1.166700000000000070e+00	7.786038805700199461e+00
1.170299999999999896e+00	7.722103157472918866e+00
1.173899999999999944e+00	7.433891672260019234e+00
1.177599999999999980e+00	7.935172394221930325e+00
1.181200000000000028e+00	7.929198344933314324e+00
1.184800000000000075e+00	7.640267260209593125e+00
1.188399999999999901e+00	7.961094723009047414e+00
1.191999999999999948e+00	8.073282718032880112e+00
1.195599999999999996e+00	7.202386325045450732e+00
1.199200000000000044e+00	7.897306664366204210e+00
1.202800000000000091e+00	8.219976229726473349e+00
1.206399999999999917e+00	7.584882931963428554e+00
1.209999999999999964e+00	7.280657162178406416e+00
1.213600000000000012e+00	7.409613927107074893e+00
1.217200000000000060e+00	7.869725457286543602e+00
1.220800000000000107e+00	8.146504882937472658e+00
1.224399999999999933e+00	7.564710421367244031e+00
1.228099999999999969e+00	8.020174875595703412e+00
1.231700000000000017e+00	8.108195686062662944e+00
1.235300000000000065e+00	8.033689061423254785e+00
1.238899999999999890e+00	8.508544488965025465e+00
1.242499999999999938e+00	8.761541372628268931e+00
1.246099999999999985e+00	8.798168056236317369e+00
1.249700000000000033e+00	8.958008383267042518e+00
1.253300000000000081e+00	9.425674707100650807e+00
1.256899999999999906e+00	9.126923720329630285e+00
1.260499999999999954e+00	8.836201573958069488e+00
1.264100000000000001e+00	9.070484986211090117e+00
1.267700000000000049e+00	9.278151575556359276e+00
1.271300000000000097e+00	9.056089657173123086e+00
1.274899999999999922e+00	9.200598346925231041e+00
1.278599999999999959e+00	9.652696294615935813e+00
1.282200000000000006e+00	9.582122336945124275e+00
1.285800000000000054e+00	9.791979122751694575e+00
1.289400000000000102e+00	9.800090259419588890e+00
1.292999999999999927e+00	9.920059638599967755e+00
1.296599999999999975e+00	9.844848435787959318e+00
1.300200000000000022e+00	1.006398638351557473e+01
1.303800000000000070e+00	9.925275175165168662e+00
1.307399999999999896e+00	1.063822181008880996e+01
1.310999999999999943e+00	1.060268465400369031e+01
1.314599999999999991e+00	1.051641240843049907e+01
1.318200000000000038e+00	1.052242702032155641e+01
1.321800000000000086e+00	1.003166240049442948e+01
1.325499999999999901e+00	1.001610956378912576e+01
1.329099999999999948e+00	1.029363032679082401e+01
1.332699999999999996e+00	1.019107947361568733e+01
1.336300000000000043e+00	1.027977997741950666e+01
1.339900000000000091e+00	1.009475074541239614e+01
1.343499999999999917e+00	1.061601724281935688e+01
1.347099999999999964e+00	1.078443857509961745e+01
1.350700000000000012e+00	1.091862966182770300e+01
1.354300000000000059e+00	1.074429018308761563e+01
1.357900000000000107e+00	1.124093385876915008e+01
1.361499999999999932e+00	1.134859990694508447e+01
1.365099999999999980e+00	1.226105263097883835e+01
1.368700000000000028e+00	1.220711490273179578e+01
1.372300000000000075e+00	1.249976592339960035e+01
1.375999999999999890e+00	1.305771296762191547e+01
1.379599999999999937e+00	1.322729127453727571e+01
1.383199999999999985e+00	1.372494627168544135e+01
1.386800000000000033e+00	1.408239169712924799e+01
1.390400000000000080e+00	1.466609326325150775e+01
1.393999999999999906e+00	1.461029820907254972e+01
1.397599999999999953e+00	1.471174437233127641e+01
1.401200000000000001e+00	1.445401822110589585e+01
1.404800000000000049e+00	1.524105464262382092e+01
1.408400000000000096e+00	1.530415112005203682e+01
1.411999999999999922e+00	1.466177441988710584e+01
1.415599999999999969e+00	1.505700022811340411e+01
1.419200000000000017e+00	1.513055370087443130e+01
1.422800000000000065e+00	1.560121721358432900e+01
1.426500000000000101e+00	1.557611821315947687e+01
1.430099999999999927e+00	1.591488768894357619e+01
1.433699999999999974e+00	1.572123433079283750e+01
1.437300000000000022e+00	1.558073520985330518e+01
1.440900000000000070e+00	1.478941683338244140e+01
1.444499999999999895e+00	1.507473674792776031e+01
1.448099999999999943e+00	1.585518939152945350e+01
1.451699999999999990e+00	1.590755727690152987e+01
1.455300000000000038e+00	1.672204407025030548e+01
1.458900000000000086e+00	1.655366575450326394e+01
1.462499999999999911e+00	1.744176574377289413e+01
1.466099999999999959e+00	1.684642894756314746e+01
1.469700000000000006e+00	1.680928690692126182e+01
1.473300000000000054e+00	1.658952495943694672e+01
1.477000000000000091e+00	1.721367217252812409e+01
1.480599999999999916e+00	1.726425510029774202e+01
1.484199999999999964e+00	1.743576382051348261e+01
1.487800000000000011e+00	1.788865160700201073e+01
1.491400000000000059e+00	1.841818425058849229e+01
1.495000000000000107e+00	1.856904611152121376e+01
1.498599999999999932e+00	1.937304189455655035e+01
1.502199999999999980e+00	1.946259271687662107e+01
1.505800000000000027e+00	1.987607597891073041e+01
1.509400000000000075e+00	2.043267710082503541e+01
1.512999999999999901e+00	2.058647887769074103e+01
1.516599999999999948e+00	2.084644003626473108e+01
1.520199999999999996e+00	2.167201476671398552e+01
1.523800000000000043e+00	2.232202861542423378e+01
1.527500000000000080e+00	2.327805569130850571e+01
1.531099999999999905e+00	2.415460422667515417e+01
1.534699999999999953e+00	2.484828730577400080e+01
1.538300000000000001e+00	2.582577192791041654e+01
1.541900000000000048e+00	2.662676308929133029e+01
1.545500000000000096e+00	2.739392218778356636e+01
1.549099999999999921e+00	2.830967286347052791e+01
1.552699999999999969e+00	2.942148401322849693e+01
1.556300000000000017e+00	2.997155567917409158e+01
1.559900000000000064e+00	3.106943477016842792e+01
1.563499999999999890e+00	3.244246897201907132e+01
1.567099999999999937e+00	3.364391293029412111e+01
1.570699999999999985e+00	3.526897009267092642e+01
1.574300000000000033e+00	3.644702623422032417e+01
1.578000000000000069e+00	3.806556634685942697e+01
1.581599999999999895e+00	3.936208737369761934e+01
1.585199999999999942e+00	3.952668909390204988e+01
1.588799999999999990e+00	4.038368275989765976e+01
1.592400000000000038e+00	4.102759942671135462e+01
1.596000000000000085e+00	4.104365066277202345e+01
1.599599999999999911e+00	4.093148315143675120e+01
1.603199999999999958e+00	4.096433703511426927e+01
1.606800000000000006e+00	4.014097060922169646e+01
1.610400000000000054e+00	3.854763157896904602e+01
1.614000000000000101e+00	3.619102703131952126e+01
1.617599999999999927e+00	3.376365835020497741e+01
1.621199999999999974e+00	3.123330734878028991e+01
1.624800000000000022e+00	3.017721249043453469e+01
1.628500000000000059e+00	2.818543116479517252e+01
1.632100000000000106e+00	2.780043129303230032e+01
1.635699999999999932e+00	2.742800858371369088e+01
1.639299999999999979e+00	2.688081222724557051e+01
1.642900000000000027e+00	2.753072833498459460e+01
1.646500000000000075e+00	2.646834869859407036e+01
1.650099999999999900e+00	2.546121744132487663e+01
1.653699999999999948e+00	2.499074146041028754e+01
1.657299999999999995e+00	2.519046489463437766e+01
1.660900000000000043e+00	2.465314455231510848e+01
1.664500000000000091e+00	2.452332263478237451e+01
1.668099999999999916e+00	2.437584942481090522e+01
1.671699999999999964e+00	2.426457388576664798e+01
1.675400000000000000e+00	2.347080922695321092e+01
1.679000000000000048e+00	2.287944776165751293e+01
1.682600000000000096e+00	2.201380321951269536e+01
1.686199999999999921e+00	2.166781808795681741e+01
1.689799999999999969e+00	2.179254248965008856e+01
1.693400000000000016e+00	2.174336443612832070e+01
1.697000000000000064e+00	2.182291760967148875e+01
1.700599999999999890e+00	2.218479727913377175e+01
1.704199999999999937e+00	2.236107661749414532e+01
1.707799999999999985e+00	2.285553992819727043e+01
1.711400000000000032e+00	2.359093531337140348e+01
1.715000000000000080e+00	2.333056112259500381e+01
1.718599999999999905e+00	2.393750676934687505e+01
1.722199999999999953e+00	2.392682185021430996e+01
1.725899999999999990e+00	2.470665880951147031e+01
1.729500000000000037e+00	2.509054824397602346e+01
1.733100000000000085e+00	2.499248520298020182e+01
1.736699999999999910e+00	2.459381561483918333e+01
1.740299999999999958e+00	2.498260653224181382e+01
1.743900000000000006e+00	2.508862284332531800e+01
1.747500000000000053e+00	2.547478798592703697e+01
1.751100000000000101e+00	2.699205782798750519e+01
1.754699999999999926e+00	2.729443505514415236e+01
1.758299999999999974e+00	2.812441072573025025e+01
1.761900000000000022e+00	2.959146087229081346e+01
1.765500000000000069e+00	2.922586405096443585e+01
1.769099999999999895e+00	2.982838911787099434e+01
1.772699999999999942e+00	3.052880373224563115e+01
1.776399999999999979e+00	3.076185224340204272e+01
1.780000000000000027e+00	3.128149478360696278e+01
1.783600000000000074e+00	3.130770147281859650e+01
1.787199999999999900e+00	3.121787282815584419e+01
1.790799999999999947e+00	3.097786336928230000e+01
1.794399999999999995e+00	3.074958940259303475e+01
1.798000000000000043e+00	2.883990593138577196e+01
1.801600000000000090e+00	2.695186512859827133e+01
1.805199999999999916e+00	2.703349942087061564e+01
1.808799999999999963e+00	2.697155750930955875e+01
1.812400000000000011e+00	2.719140650692875028e+01
1.816000000000000059e+00	2.774926083613140548e+01
1.819600000000000106e+00	2.852868771834102901e+01
1.823199999999999932e+00	2.854299552814734398e+01
1.826899999999999968e+00	2.732586746076190565e+01
1.830500000000000016e+00	2.661335155323693158e+01
1.834100000000000064e+00	2.541840332085592991e+01
1.837699999999999889e+00	2.549012847158248007e+01
1.841299999999999937e+00	2.548380210552677738e+01
1.844899999999999984e+00	2.655859078776017768e+01
1.848500000000000032e+00	2.629834983295730311e+01
1.852100000000000080e+00	2.638141387285322992e+01
1.855699999999999905e+00	2.670012210409603526e+01
1.859299999999999953e+00	2.621786297831826218e+01
1.862900000000000000e+00	2.692495462226110803e+01
1.866500000000000048e+00	2.710620645170838117e+01
1.870100000000000096e+00	2.843472728050789300e+01
1.873699999999999921e+00	2.954901755046095246e+01
1.877399999999999958e+00	2.936527390639835033e+01
1.881000000000000005e+00	2.991027001391245932e+01
1.884600000000000053e+00	2.851634090472408189e+01
1.888200000000000101e+00	2.753906512069366741e+01
1.891799999999999926e+00	2.682877811289545633e+01
1.895399999999999974e+00	2.684244744553480544e+01
1.899000000000000021e+00	2.825221585029781224e+01
1.902600000000000069e+00	3.020440832355522431e+01
1.906199999999999894e+00	3.275168115639574751e+01
1.909799999999999942e+00	3.569526891444353112e+01
1.913399999999999990e+00	3.740208588041168980e+01
1.917000000000000037e+00	3.800073411967743198e+01
1.920600000000000085e+00	3.832900870819189976e+01
1.924199999999999910e+00	3.759446123817591001e+01
1.927899999999999947e+00	3.654997530931861149e+01
1.931499999999999995e+00	3.588706374173547431e+01
1.935100000000000042e+00	3.467093610703842899e+01
1.938700000000000090e+00	3.484094106526381296e+01
1.942299999999999915e+00	3.429286735799372110e+01
1.945899999999999963e+00	3.533184633706872546e+01
1.949500000000000011e+00	3.681954190987269016e+01
1.953100000000000058e+00	3.773167757650358567e+01
1.956700000000000106e+00	3.734666007694945478e+01
1.960299999999999931e+00	3.623366031113403096e+01
1.963899999999999979e+00	3.486671962259877944e+01
1.967500000000000027e+00	3.359218525322578586e+01
1.971100000000000074e+00	3.264103082084951524e+01
1.974699999999999900e+00	3.234006411032833483e+01
1.978399999999999936e+00	3.279520939484306297e+01
1.981999999999999984e+00	3.386917344523699569e+01
1.985600000000000032e+00	3.480632117195177955e+01
1.989200000000000079e+00	3.694497237010792645e+01
1.992799999999999905e+00	3.935652310667344977e+01
1.996399999999999952e+00	4.241498500524310344e+01
2.000000000000000000e+00	4.569135271542405974e+01
