2.000000000000000111e-01	-7.657394822098997356e-01
2.036000000000000032e-01	-6.309593777467472631e-01
2.071999999999999953e-01	-2.788888208858129047e-01
2.107999999999999874e-01	-1.680965837594670997e+00
2.144000000000000072e-01	1.248068780818906154e-01
2.179999999999999993e-01	-8.340309343603791170e-02
2.215999999999999914e-01	-1.095790823949425175e+00
2.253000000000000003e-01	3.399184228952248921e-01
2.288999999999999924e-01	1.597675558339018753e+00
2.325000000000000122e-01	2.006058618556648465e+00
2.361000000000000043e-01	2.183850312199192789e+00
2.396999999999999964e-01	1.564297315456942283e-01
2.432999999999999885e-01	1.110633960832974942e+00
2.469000000000000083e-01	-2.154271883746732841e-01
2.505000000000000004e-01	1.181797618105537295e-01
2.540999999999999925e-01	1.223562005247946338e+00
2.576999999999999846e-01	2.062131792910774752e+00
2.612999999999999767e-01	1.558610847584831260e+00
2.649000000000000243e-01	7.725664000083515282e-01
2.685000000000000164e-01	-1.500255516320752269e+00
2.721000000000000085e-01	-4.986348660707445868e-01
2.757999999999999896e-01	-6.683017907590148576e-01
2.793999999999999817e-01	9.459131658120514263e-01
2.829999999999999738e-01	-5.534525946864397028e-01
2.866000000000000214e-01	-2.265658639602890823e+00
2.902000000000000135e-01	-8.478714994257785520e-04
2.938000000000000056e-01	-1.236984253201358630e+00
2.973999999999999977e-01	-9.665147886080370787e-01
3.009999999999999898e-01	-7.766298764190409099e-01
3.045999999999999819e-01	-1.621466341489051999e+00
3.081999999999999740e-01	-1.742925760123661627e+00
3.118000000000000216e-01	-1.842218018581371908e+00
3.154000000000000137e-01	-1.789697066630164812e+00
3.190000000000000058e-01	-9.443984424448483850e-01
3.225999999999999979e-01	-2.810642515558967602e+00
3.262999999999999790e-01	-2.842898618705262948e+00
3.299000000000000266e-01	-2.180586839214597727e+00
3.335000000000000187e-01	-5.496953643329995920e-01
3.371000000000000107e-01	-1.666144380449847695e-01
3.407000000000000028e-01	-9.554188887455268286e-01
3.442999999999999949e-01	-8.505465950876162085e-01
3.478999999999999870e-01	-4.401426878739422843e-01
3.514999999999999791e-01	-1.118931437618634117e+00
3.551000000000000267e-01	-2.130412836027808510e+00
3.587000000000000188e-01	9.754300978673088318e-01
3.623000000000000109e-01	1.687766164619493026e-01
3.659000000000000030e-01	5.136647334221375871e-01
3.694999999999999951e-01	8.951599493444952760e-01
3.730999999999999872e-01	1.917908618837985246e+00
3.768000000000000238e-01	2.258298166709507893e+00
3.804000000000000159e-01	1.465432187766002370e+00
3.840000000000000080e-01	1.557791957349420553e+00
3.876000000000000001e-01	1.911589623618715983e+00
3.911999999999999922e-01	1.644830900239725668e+00
3.947999999999999843e-01	1.841302849008383369e+00
3.983999999999999764e-01	2.718564621469555576e+00
4.020000000000000240e-01	1.370059292314850241e+00
4.056000000000000161e-01	2.103531494851789141e+00
4.092000000000000082e-01	1.068890205900003387e+00
4.128000000000000003e-01	1.961949488387992435e+00
4.163999999999999924e-01	1.190355884522249719e+00
4.199999999999999845e-01	1.353646538457780046e+00
4.235999999999999766e-01	-4.747439528803398812e-02
4.273000000000000131e-01	5.820893560428769264e-01
4.309000000000000052e-01	7.100118612098715865e-01
4.344999999999999973e-01	1.731294397336669233e+00
4.380999999999999894e-01	7.612166639507642607e-01
4.416999999999999815e-01	1.942885430603479735e+00
4.452999999999999736e-01	3.699803468620147529e-01
4.489000000000000212e-01	1.187904820827770935e-01
4.525000000000000133e-01	5.073165708715305922e-01
4.561000000000000054e-01	3.035080009908295295e-01
4.596999999999999975e-01	-6.137349532706770638e-01
4.632999999999999896e-01	-1.397821158567885025e+00
4.668999999999999817e-01	1.089752618193110978e+00
4.704999999999999738e-01	-1.246244658059075139e+00
4.741000000000000214e-01	4.252560203136446226e-02
4.778000000000000025e-01	-9.914923478712055482e-01
4.813999999999999946e-01	-1.061068533788759538e+00
4.849999999999999867e-01	1.374221042460648246e+00
4.885999999999999788e-01	1.604747890082742767e-01
4.922000000000000264e-01	5.574694964916548923e-01
4.958000000000000185e-01	-6.193235151809903805e-01
4.994000000000000106e-01	1.421912960812697913e-01
5.030000000000000027e-01	3.491770775692526474e-02
5.066000000000000503e-01	1.782862538451910339e+00
5.101999999999999869e-01	-6.220872048152491507e-01
5.138000000000000345e-01	4.514640295808328707e-01
5.173999999999999710e-01	4.022868337997643762e-01
5.210000000000000187e-01	9.462037716720317349e-01
5.245999999999999552e-01	2.294495085967580117e+00
5.282999999999999918e-01	1.954198496154975651e+00
5.319000000000000394e-01	2.779082091234809315e+00
5.354999999999999760e-01	1.428115429417248450e+00
5.391000000000000236e-01	2.129858614402284189e+00
5.426999999999999602e-01	1.807709651142070717e+00
5.463000000000000078e-01	1.338451183335334527e+00
5.499000000000000554e-01	2.135116331686843782e-01
5.534999999999999920e-01	3.392702919400951700e+00
5.571000000000000396e-01	1.312715057667326324e+00
5.606999999999999762e-01	5.153248215053295667e+00
5.643000000000000238e-01	3.580550278072144543e+00
5.678999999999999604e-01	1.120825180758391770e+00
5.715000000000000080e-01	3.028146434590747837e+00
5.752000000000000446e-01	4.182312120443403280e+00
5.787999999999999812e-01	4.733398108590332498e+00
5.824000000000000288e-01	2.517131339005485025e+00
5.859999999999999654e-01	2.275087605922272438e+00
5.896000000000000130e-01	3.128259991883379776e+00
5.931999999999999496e-01	1.170948079626576543e+00
5.967999999999999972e-01	3.533805975000142041e+00
6.004000000000000448e-01	3.468367825729831821e+00
6.039999999999999813e-01	4.173222070788721316e-01
6.076000000000000290e-01	8.459464296850571774e-01
6.111999999999999655e-01	1.600303681743211470e+00
6.148000000000000131e-01	1.387302040792849356e+00
6.183999999999999497e-01	1.787334315628812953e-01
6.219999999999999973e-01	3.245359695848890613e-01
6.257000000000000339e-01	4.448436025103859048e-01
6.292999999999999705e-01	7.662326324505208675e-01
6.329000000000000181e-01	1.045759695915977061e-01
6.364999999999999547e-01	1.255193948503346757e+00
6.401000000000000023e-01	2.424107790380974903e-01
6.437000000000000499e-01	1.987530149763318876e+00
6.472999999999999865e-01	6.365783870930511457e-01
6.509000000000000341e-01	-1.816350149512054590e-01
6.544999999999999707e-01	7.722419281563800419e-01
6.581000000000000183e-01	1.223238086691463389e+00
6.616999999999999549e-01	2.583562527658677777e+00
6.653000000000000025e-01	9.271819369006033540e-01
6.689000000000000501e-01	1.776803675835135099e+00
6.724999999999999867e-01	2.134950878820074394e+00
6.762000000000000233e-01	1.421593478056561999e+00
6.797999999999999599e-01	2.656292839318118659e+00
6.834000000000000075e-01	3.479303015359865192e+00
6.870000000000000551e-01	3.026212126836219429e+00
6.905999999999999917e-01	4.940225715571759935e+00
6.942000000000000393e-01	3.258874796226369774e+00
6.977999999999999758e-01	4.921195630076325322e+00
7.014000000000000234e-01	2.971555613144365893e+00
7.049999999999999600e-01	3.088352394475903928e+00
7.086000000000000076e-01	3.141886537507368793e+00
7.122000000000000552e-01	4.257433691945529119e+00
7.157999999999999918e-01	4.321920006638846345e+00
7.194000000000000394e-01	4.020476508991201570e+00
7.229999999999999760e-01	4.013055143502974431e+00
7.267000000000000126e-01	5.611332282547245143e+00
7.302999999999999492e-01	3.121890307657344099e+00
7.338999999999999968e-01	2.978566569740601633e+00
7.375000000000000444e-01	3.585972864989023012e+00
7.410999999999999810e-01	5.285727227605244494e+00
7.447000000000000286e-01	3.613269357551488259e+00
7.482999999999999652e-01	3.365827238640840768e+00
7.519000000000000128e-01	3.849250461429400083e+00
7.554999999999999494e-01	4.327445551695079828e+00
7.590999999999999970e-01	3.517450868797444397e+00
7.627000000000000446e-01	3.662990065808571671e+00
7.662999999999999812e-01	2.156082927957531314e+00
7.699000000000000288e-01	2.666157227456721124e+00
7.734999999999999654e-01	2.732226542396443580e+00
7.772000000000000020e-01	1.793177427992189710e+00
7.808000000000000496e-01	1.076264457922200046e+00
7.843999999999999861e-01	1.593798194011922575e+00
7.880000000000000338e-01	3.156968014662836275e+00
7.915999999999999703e-01	2.209119334554682013e+00
7.952000000000000179e-01	2.785886313747692800e+00
7.987999999999999545e-01	1.976554717394461980e+00
8.024000000000000021e-01	2.289241960363968431e+00
8.060000000000000497e-01	1.455827969788046961e+00
8.095999999999999863e-01	2.388866043919827042e+00
8.132000000000000339e-01	2.401302266267024699e+00
8.167999999999999705e-01	2.619023890675297395e+00
8.204000000000000181e-01	2.990215345919585488e+00
8.239999999999999547e-01	2.150927663743810392e+00
8.276999999999999913e-01	2.478996794754205091e+00
8.313000000000000389e-01	3.133890923485362912e+00
8.348999999999999755e-01	2.956448872222479096e+00
8.385000000000000231e-01	2.812729291268168730e+00
8.420999999999999597e-01	3.400082669188297047e+00
8.457000000000000073e-01	3.903757715553278551e+00
8.493000000000000549e-01	3.378206127753128118e+00
8.528999999999999915e-01	4.053401612920637831e+00
8.565000000000000391e-01	4.709073708115651513e+00
8.600999999999999757e-01	5.318613844594735518e+00
8.637000000000000233e-01	4.409496507628524853e+00
8.672999999999999599e-01	6.045794918709747279e+00
8.709000000000000075e-01	4.600537113384248755e+00
8.745000000000000551e-01	6.237930571857195794e+00
8.781999999999999806e-01	6.612449039966841191e+00
8.818000000000000282e-01	5.536621052102319140e+00
8.853999999999999648e-01	4.883627148997902623e+00
8.890000000000000124e-01	7.108918028358797159e+00
8.925999999999999490e-01	6.074415061114226688e+00
8.961999999999999966e-01	5.779547669406218446e+00
8.998000000000000442e-01	5.710443520030061393e+00
9.033999999999999808e-01	6.831002691065977572e+00
9.070000000000000284e-01	7.118359963060285622e+00
9.105999999999999650e-01	5.582319295924118130e+00
9.142000000000000126e-01	5.213520468109737571e+00
9.177999999999999492e-01	4.445598980382793997e+00
9.213999999999999968e-01	5.505321872708560882e+00
9.251000000000000334e-01	4.038285047453340937e+00
9.286999999999999700e-01	4.303852788116115491e+00
9.323000000000000176e-01	2.550097969891560457e+00
9.358999999999999542e-01	4.398428138480455551e+00
9.395000000000000018e-01	3.061252370501975850e+00
9.431000000000000494e-01	4.294889674734925222e+00
9.466999999999999860e-01	2.959390526935842480e+00
9.503000000000000336e-01	3.942295561249818281e+00
9.538999999999999702e-01	2.559882015737863892e+00
9.575000000000000178e-01	1.799835300658465087e+00
9.610999999999999543e-01	4.760450143897251962e+00
9.647000000000000020e-01	4.848227997052954485e+00
9.683000000000000496e-01	3.617758911345931860e+00
9.718999999999999861e-01	4.732455575370063450e+00
9.756000000000000227e-01	5.232586821714018122e+00
9.791999999999999593e-01	4.806995744862872399e+00
9.828000000000000069e-01	4.437231879501553067e+00
9.864000000000000545e-01	4.824107381479936230e+00
9.899999999999999911e-01	5.241181868490803808e+00
9.936000000000000387e-01	6.543110662715739601e+00
9.971999999999999753e-01	6.856521557960716606e+00
1.000799999999999912e+00	4.561046795736784176e+00
1.004399999999999959e+00	6.548694901566292081e+00
1.008000000000000007e+00	4.656524670552597556e+00
1.011600000000000055e+00	4.373201730039669499e+00
1.015200000000000102e+00	6.923349269902470127e+00
1.018799999999999928e+00	6.541009935071937953e+00
1.022399999999999975e+00	6.826037887382405245e+00
1.026100000000000012e+00	6.851120229680761398e+00
1.029700000000000060e+00	5.778832705542346737e+00
1.033300000000000107e+00	7.267378136390282073e+00
1.036899999999999933e+00	6.438514695882318506e+00
1.040499999999999980e+00	7.473279979620453872e+00
1.044100000000000028e+00	7.135043346664447839e+00
1.047700000000000076e+00	6.380872655107404867e+00
1.051299999999999901e+00	9.286724992310469773e+00
1.054899999999999949e+00	8.241872611027908135e+00
1.058499999999999996e+00	9.766973438680427222e+00
1.062100000000000044e+00	7.880524741695200674e+00
1.065700000000000092e+00	7.960413213034502000e+00
1.069299999999999917e+00	7.239655311679033645e+00
1.072899999999999965e+00	9.344731621778745279e+00
1.076600000000000001e+00	9.494911891034098161e+00
1.080200000000000049e+00	8.171582204229336455e+00
1.083800000000000097e+00	9.472463884641635801e+00
1.087399999999999922e+00	9.699376495645887886e+00
1.090999999999999970e+00	1.073713718365176284e+01
1.094600000000000017e+00	1.082549942507793084e+01
1.098200000000000065e+00	1.113159582288586513e+01
1.101799999999999891e+00	1.254582767768395080e+01
1.105399999999999938e+00	9.789150562376258691e+00
1.108999999999999986e+00	1.185016106817133696e+01
1.112600000000000033e+00	1.106505434708410007e+01
1.116200000000000081e+00	1.182625755085990171e+01
1.119799999999999907e+00	1.009104312315699303e+01
1.123399999999999954e+00	9.818328037115643170e+00
1.127099999999999991e+00	9.663420124797470478e+00
1.130700000000000038e+00	1.034741625543571253e+01
1.134300000000000086e+00	8.451450964231389307e+00
1.137899999999999912e+00	8.237536892521609033e+00
1.141499999999999959e+00	9.638740591845937900e+00
1.145100000000000007e+00	1.064841614367834310e+01
1.148700000000000054e+00	1.203949727759186317e+01
1.152300000000000102e+00	1.201503083844460740e+01
1.155899999999999928e+00	1.345682509012211092e+01
1.159499999999999975e+00	1.410589454410760624e+01
1.163100000000000023e+00	1.391497844448474019e+01
1.166700000000000070e+00	1.226289797529616976e+01
1.170299999999999896e+00	1.364877997024574974e+01
1.173899999999999944e+00	1.293878145739197549e+01
1.177599999999999980e+00	1.233008229271085021e+01
1.181200000000000028e+00	1.306839063462977357e+01
1.184800000000000075e+00	1.206565539524327946e+01
1.188399999999999901e+00	1.172838780437536244e+01
1.191999999999999948e+00	1.360386376143596543e+01
1.195599999999999996e+00	1.160523666509031671e+01
1.199200000000000044e+00	1.278140147230037549e+01
1.202800000000000091e+00	1.366905809047773346e+01
1.206399999999999917e+00	1.361692718029934035e+01
1.209999999999999964e+00	1.267057613519702741e+01
1.213600000000000012e+00	1.224003368772774714e+01
1.217200000000000060e+00	1.494224356227159056e+01
1.220800000000000107e+00	1.215260667692337115e+01
1.224399999999999933e+00	1.261510968974291025e+01
1.228099999999999969e+00	1.188643654538444494e+01
1.231700000000000017e+00	1.072082695711984712e+01
1.235300000000000065e+00	1.319558015937885287e+01
1.238899999999999890e+00	1.223728297405884646e+01
1.242499999999999938e+00	1.097111131301201148e+01
1.246099999999999985e+00	1.130971148142164928e+01
1.249700000000000033e+00	1.107519426452702938e+01
1.253300000000000081e+00	1.222176904141991827e+01
1.256899999999999906e+00	1.250056878895288648e+01
1.260499999999999954e+00	9.621968473831016055e+00
1.264100000000000001e+00	1.189569905844905051e+01
1.267700000000000049e+00	1.005395844831775598e+01
1.271300000000000097e+00	1.074172824176411645e+01
1.274899999999999922e+00	1.075513842082428440e+01
1.278599999999999959e+00	1.241403563023114387e+01
1.282200000000000006e+00	1.167963796816016497e+01
1.285800000000000054e+00	1.149415655987602136e+01
1.289400000000000102e+00	1.117828281725750728e+01
1.292999999999999927e+00	1.181512292217230531e+01
1.296599999999999975e+00	1.094578183683405470e+01
1.300200000000000022e+00	1.154311445925113944e+01
1.303800000000000070e+00	1.201217715123731367e+01
1.307399999999999896e+00	1.224705751633317341e+01
1.310999999999999943e+00	1.195657758326846931e+01
1.314599999999999991e+00	1.231014876683518722e+01
1.318200000000000038e+00	1.215770405556665601e+01
1.321800000000000086e+00	1.351027926939541146e+01
1.325499999999999901e+00	1.322532804608485080e+01
1.329099999999999948e+00	1.171891044639367685e+01
1.332699999999999996e+00	1.241097094415749069e+01
1.336300000000000043e+00	1.496757437020422543e+01
1.339900000000000091e+00	1.396376110130247739e+01
1.343499999999999917e+00	1.246621820690300986e+01
1.347099999999999964e+00	1.308028997805689642e+01
1.350700000000000012e+00	1.257405144764918248e+01
1.354300000000000059e+00	1.546815890445858344e+01
1.357900000000000107e+00	1.460999338505351197e+01
1.361499999999999932e+00	1.453931978894387633e+01
1.365099999999999980e+00	1.590186263549925449e+01
1.368700000000000028e+00	1.497868503894648562e+01
1.372300000000000075e+00	1.654709199374342532e+01
1.375999999999999890e+00	1.705209827438534020e+01
1.379599999999999937e+00	1.693933867128693294e+01
1.383199999999999985e+00	1.657817833928944040e+01
1.386800000000000033e+00	1.520289541961464153e+01
1.390400000000000080e+00	1.583492607845290223e+01
1.393999999999999906e+00	1.849871453634011687e+01
1.397599999999999953e+00	1.688484696929234374e+01
1.401200000000000001e+00	1.804325458973499963e+01
1.404800000000000049e+00	1.977638718164254428e+01
1.408400000000000096e+00	1.959669974181012009e+01
1.411999999999999922e+00	2.000437587045445653e+01
1.415599999999999969e+00	1.855080822738848312e+01
1.419200000000000017e+00	1.882065143063458734e+01
1.422800000000000065e+00	1.789064504787928556e+01
1.426500000000000101e+00	1.848915339462587326e+01
1.430099999999999927e+00	1.849079286928461485e+01
1.433699999999999974e+00	1.728781447419340012e+01
1.437300000000000022e+00	1.900076751166676203e+01
1.440900000000000070e+00	1.819904096536602722e+01
1.444499999999999895e+00	1.937207453605531526e+01
1.448099999999999943e+00	2.009507223618388139e+01
1.451699999999999990e+00	2.071869245772720092e+01
1.455300000000000038e+00	1.900432458398335811e+01
1.458900000000000086e+00	2.154918424071059846e+01
1.462499999999999911e+00	2.010307330337945331e+01
1.466099999999999959e+00	1.998284889213864091e+01
1.469700000000000006e+00	2.050280410204883097e+01
1.473300000000000054e+00	2.077776454352589752e+01
1.477000000000000091e+00	2.107299027102020617e+01
1.480599999999999916e+00	2.251461617204186894e+01
1.484199999999999964e+00	2.321546213512626977e+01
1.487800000000000011e+00	2.169538079868631186e+01
1.491400000000000059e+00	2.400804937992807808e+01
1.495000000000000107e+00	2.342459055910610388e+01
1.498599999999999932e+00	2.352778363497904479e+01
1.502199999999999980e+00	2.328174892154402897e+01
1.505800000000000027e+00	2.428848234666678962e+01
1.509400000000000075e+00	2.514795050551828837e+01
1.512999999999999901e+00	2.597693029521163055e+01
1.516599999999999948e+00	2.647635744533099711e+01
1.520199999999999996e+00	2.825840337613207254e+01
1.523800000000000043e+00	2.702573906261059378e+01
1.527500000000000080e+00	2.941805321913629001e+01
1.531099999999999905e+00	3.158624927465098864e+01
1.534699999999999953e+00	3.060294604364494120e+01
1.538300000000000001e+00	3.232380260599160948e+01
1.541900000000000048e+00	3.313340897249555894e+01
1.545500000000000096e+00	3.470531643371568720e+01
1.549099999999999921e+00	3.463495974757300644e+01
1.552699999999999969e+00	3.704835347947960855e+01
1.556300000000000017e+00	3.636795447126255709e+01
1.559900000000000064e+00	4.107715685828296159e+01
1.563499999999999890e+00	4.239477686356639197e+01
1.567099999999999937e+00	4.396709810448239608e+01
1.570699999999999985e+00	4.427972028083796374e+01
1.574300000000000033e+00	4.558432983084525603e+01
1.578000000000000069e+00	4.435529944362610877e+01
1.581599999999999895e+00	4.491725698514724741e+01
1.585199999999999942e+00	4.536984841865548646e+01
1.588799999999999990e+00	4.607639686975849003e+01
1.592400000000000038e+00	4.498526995110788107e+01
1.596000000000000085e+00	4.338692678772070366e+01
1.599599999999999911e+00	4.433062496758024196e+01
1.603199999999999958e+00	4.258677356471134345e+01
1.606800000000000006e+00	4.349760181061603248e+01
1.610400000000000054e+00	4.136480496934042606e+01
1.614000000000000101e+00	4.124928062007916196e+01
1.617599999999999927e+00	3.796996138259674325e+01
1.621199999999999974e+00	3.836976227053795441e+01
1.624800000000000022e+00	3.502244197753818611e+01
1.628500000000000059e+00	3.323979652987375033e+01
1.632100000000000106e+00	3.343925416591719824e+01
1.635699999999999932e+00	3.232003888098616784e+01
1.639299999999999979e+00	3.171438641051657470e+01
1.642900000000000027e+00	3.118585402926062145e+01
1.646500000000000075e+00	3.106793068147870684e+01
1.650099999999999900e+00	3.123822403926867253e+01
1.653699999999999948e+00	3.140594603271112462e+01
1.657299999999999995e+00	3.335650226784001404e+01
1.660900000000000043e+00	3.389242865355447520e+01
1.664500000000000091e+00	3.702704223822944130e+01
1.668099999999999916e+00	3.593389671009224884e+01
1.671699999999999964e+00	3.703579150462194747e+01
1.675400000000000000e+00	3.359894501178889215e+01
1.679000000000000048e+00	3.097101318266438952e+01
1.682600000000000096e+00	2.791998921606314710e+01
1.686199999999999921e+00	2.596933745739662669e+01
1.689799999999999969e+00	2.623787248645738401e+01
1.693400000000000016e+00	2.536313144047406354e+01
1.697000000000000064e+00	2.646311314139918380e+01
1.700599999999999890e+00	2.668079135799397861e+01
1.704199999999999937e+00	2.862453819159910751e+01
1.707799999999999985e+00	2.876467674727892998e+01
1.711400000000000032e+00	2.927822641809893867e+01
1.715000000000000080e+00	3.047342322572847095e+01
1.718599999999999905e+00	2.863993968403510948e+01
1.722199999999999953e+00	2.753931927236699551e+01
1.725899999999999990e+00	2.547465769308629646e+01
1.729500000000000037e+00	2.428009638440548912e+01
1.733100000000000085e+00	2.074027151392912671e+01
1.736699999999999910e+00	2.064330231245247660e+01
1.740299999999999958e+00	2.184533890256012967e+01
1.743900000000000006e+00	2.297328474042186031e+01
1.747500000000000053e+00	2.084943795627444629e+01
1.751100000000000101e+00	1.912116692905815185e+01
1.754699999999999926e+00	2.129546569644494980e+01
1.758299999999999974e+00	2.015797442783111393e+01
1.761900000000000022e+00	1.981418545561998101e+01
1.765500000000000069e+00	2.020058307879801163e+01
1.769099999999999895e+00	2.133184128578033167e+01
1.772699999999999942e+00	2.129905982147088395e+01
1.776399999999999979e+00	2.132752684466149518e+01
1.780000000000000027e+00	2.175350333573059913e+01
1.783600000000000074e+00	2.099517516494829650e+01
1.787199999999999900e+00	2.076323793517081384e+01
1.790799999999999947e+00	2.129959231089033622e+01
1.794399999999999995e+00	1.982593414277742028e+01
1.798000000000000043e+00	1.971636015144224174e+01
1.801600000000000090e+00	1.908230674801698257e+01
1.805199999999999916e+00	2.012316779829047775e+01
1.808799999999999963e+00	1.745372030715428480e+01
1.812400000000000011e+00	1.825902975879191814e+01
1.816000000000000059e+00	1.839428531869249284e+01
1.819600000000000106e+00	1.922655693572137281e+01
1.823199999999999932e+00	1.917002101189511976e+01
1.826899999999999968e+00	2.036553573754183688e+01
1.830500000000000016e+00	1.988333693834398730e+01
1.834100000000000064e+00	2.034361479180604704e+01
1.837699999999999889e+00	2.048110286078051701e+01
1.841299999999999937e+00	2.135363939183006110e+01
1.844899999999999984e+00	2.063365704578097848e+01
1.848500000000000032e+00	2.282609682252250138e+01
1.852100000000000080e+00	2.164992801819521517e+01
1.855699999999999905e+00	2.359394901166091429e+01
1.859299999999999953e+00	2.195672834892507552e+01
1.862900000000000000e+00	2.169611226767328205e+01
1.866500000000000048e+00	2.313045616884963351e+01
1.870100000000000096e+00	2.129063771928024806e+01
1.873699999999999921e+00	2.108205831062325686e+01
1.877399999999999958e+00	2.097444674376509610e+01
1.881000000000000005e+00	1.911699671138034518e+01
1.884600000000000053e+00	2.143336722862192545e+01
1.888200000000000101e+00	2.265248943809251969e+01
1.891799999999999926e+00	2.343905037504198319e+01
1.895399999999999974e+00	2.272007303374940790e+01
1.899000000000000021e+00	2.350988886350317486e+01
1.902600000000000069e+00	2.403877689974080667e+01
1.906199999999999894e+00	2.388895385956230299e+01
1.909799999999999942e+00	2.289631527585251547e+01
1.913399999999999990e+00	2.369739819042541029e+01
1.917000000000000037e+00	2.354801701250443458e+01
1.920600000000000085e+00	2.441915741148571684e+01
1.924199999999999910e+00	2.369235978244975271e+01
1.927899999999999947e+00	2.544350240969590260e+01
1.931499999999999995e+00	2.509136204569095341e+01
1.935100000000000042e+00	2.536735814664772448e+01
1.938700000000000090e+00	2.426184609854603380e+01
1.942299999999999915e+00	2.507854821108584886e+01
1.945899999999999963e+00	2.473448059191958848e+01
1.949500000000000011e+00	2.477062692442186886e+01
1.953100000000000058e+00	2.580989977866141061e+01
1.956700000000000106e+00	2.559735090525074597e+01
1.960299999999999931e+00	2.612833536650828847e+01
1.963899999999999979e+00	2.674830219057342617e+01
1.967500000000000027e+00	2.574501467191862858e+01
1.971100000000000074e+00	2.613330256072934787e+01
1.974699999999999900e+00	2.627883782361046272e+01
1.978399999999999936e+00	2.667062464918345555e+01
1.981999999999999984e+00	2.664369623620720162e+01
1.985600000000000032e+00	2.651398371085674910e+01
1.989200000000000079e+00	2.559842690355592509e+01
1.992799999999999905e+00	2.829237962990151090e+01
1.996399999999999952e+00	2.852870899923841108e+01
2.000000000000000000e+00	3.191724384200454878e+01
