2.000000000000000111e-01	-2.207037050483388718e+00
2.036000000000000032e-01	-2.077936265541187488e+00
2.071999999999999953e-01	-2.193929163139239691e+00
2.107999999999999874e-01	-1.998836393683281365e+00
2.144000000000000072e-01	-1.999402853785619660e+00
2.179999999999999993e-01	-1.677331324775496846e+00
2.215999999999999914e-01	-1.452001449341128181e+00
2.253000000000000003e-01	-1.206110872829850633e+00
2.288999999999999924e-01	-8.726633234825214025e-01
2.325000000000000122e-01	-9.466082521345633438e-01
2.361000000000000043e-01	-7.932649292215288028e-01
2.396999999999999964e-01	-1.008793076798055743e+00
2.432999999999999885e-01	-8.992170704524451441e-01
2.469000000000000083e-01	-7.925792034791014906e-01
2.505000000000000004e-01	-1.189381922272690906e+00
2.540999999999999925e-01	-1.100153696798150449e+00
2.576999999999999846e-01	-1.047358887401194982e+00
2.612999999999999767e-01	-1.077980538080959061e+00
2.649000000000000243e-01	-1.492060687132191976e+00
2.685000000000000164e-01	-1.433247012069956750e+00
2.721000000000000085e-01	-1.512493901650269645e+00
2.757999999999999896e-01	-1.390291787771333443e+00
2.793999999999999817e-01	-1.349988720915072049e+00
2.829999999999999738e-01	-1.204708656942106382e+00
2.866000000000000214e-01	-7.886280770590979872e-01
2.902000000000000135e-01	-8.068449409224027757e-01
2.938000000000000056e-01	-6.091903044837372327e-01
2.973999999999999977e-01	-4.493198514222814799e-01
3.009999999999999898e-01	-8.455258048210158306e-02
3.045999999999999819e-01	1.220485017916551201e-02
3.081999999999999740e-01	8.428872263091238826e-02
3.118000000000000216e-01	7.101005940838835129e-02
3.154000000000000137e-01	-3.727796938292102236e-03
3.190000000000000058e-01	-1.924171333594095479e-01
3.225999999999999979e-01	-1.987502983486484354e-01
3.262999999999999790e-01	-6.338127986527876123e-01
3.299000000000000266e-01	-8.626227564821753457e-01
3.335000000000000187e-01	-8.828188728699307708e-01
3.371000000000000107e-01	-1.236064943148136086e+00
3.407000000000000028e-01	-1.248967979822325214e+00
3.442999999999999949e-01	-1.356473025945475142e+00
3.478999999999999870e-01	-1.205006948742382011e+00
3.514999999999999791e-01	-1.111658122058945652e+00
3.551000000000000267e-01	-8.016408351023147638e-01
3.587000000000000188e-01	-7.269998422609098565e-01
3.623000000000000109e-01	-2.236469513843513668e-01
3.659000000000000030e-01	-1.195169116801607645e-01
3.694999999999999951e-01	8.973824692686402371e-02
3.730999999999999872e-01	2.125604386607249652e-01
3.768000000000000238e-01	2.019826442954379686e-01
3.804000000000000159e-01	1.856277591010471184e-01
3.840000000000000080e-01	1.637215979774767627e-01
3.876000000000000001e-01	3.250905287170700875e-02
3.911999999999999922e-01	-1.096840735750454487e-01
3.947999999999999843e-01	-2.556398719008061704e-01
3.983999999999999764e-01	-5.915385013968637029e-01
4.020000000000000240e-01	-6.690208476171097818e-01
4.056000000000000161e-01	-8.296365653516464267e-01
4.092000000000000082e-01	-1.074288628849034533e+00
4.128000000000000003e-01	-1.154303743065129728e+00
4.163999999999999924e-01	-1.209314757736871249e+00
4.199999999999999845e-01	-8.808310487423021140e-01
4.235999999999999766e-01	-7.903947414508381009e-01
4.273000000000000131e-01	-7.442732063936533526e-01
4.309000000000000052e-01	-6.571650988433089813e-01
4.344999999999999973e-01	-3.392912937927978212e-01
4.380999999999999894e-01	-3.513984828497233037e-01
4.416999999999999815e-01	-4.244437466004910564e-02
4.452999999999999736e-01	-4.153385103603875195e-02
4.489000000000000212e-01	-1.230990660217382571e-01
4.525000000000000133e-01	-4.157356129894674845e-01
4.561000000000000054e-01	-2.144588646190322967e-01
4.596999999999999975e-01	-2.261879876734018135e-01
4.632999999999999896e-01	-5.153898805576052622e-01
4.668999999999999817e-01	-5.328652695641346027e-01
4.704999999999999738e-01	-5.201977938410912161e-01
4.741000000000000214e-01	-5.300169469935760436e-01
4.778000000000000025e-01	-5.290971525337674342e-01
4.813999999999999946e-01	-4.537112521589323211e-01
4.849999999999999867e-01	-1.829789780352565898e-01
4.885999999999999788e-01	1.510650850183080651e-01
4.922000000000000264e-01	2.213700494510907057e-01
4.958000000000000185e-01	6.293358125848925733e-01
4.994000000000000106e-01	1.010781286794016687e+00
5.030000000000000027e-01	1.145832979026095488e+00
5.066000000000000503e-01	1.312973080035058082e+00
5.101999999999999869e-01	1.364030056578308558e+00
5.138000000000000345e-01	1.198612050747783098e+00
5.173999999999999710e-01	1.103397378587776423e+00
5.210000000000000187e-01	9.230979595348174360e-01
5.245999999999999552e-01	6.312242785001279666e-01
5.282999999999999918e-01	1.329755129854065243e-01
5.319000000000000394e-01	3.436430658813879324e-01
5.354999999999999760e-01	-7.798214989839732936e-02
5.391000000000000236e-01	-3.674967657667822518e-01
5.426999999999999602e-01	-4.750671209864502087e-01
5.463000000000000078e-01	-6.172045817922258149e-01
5.499000000000000554e-01	-4.328390504925974103e-01
5.534999999999999920e-01	-8.229467807144966174e-02
5.571000000000000396e-01	-2.921950413580428826e-02
5.606999999999999762e-01	3.315507278965226234e-01
5.643000000000000238e-01	8.746831750034611552e-01
5.678999999999999604e-01	7.822909265524307099e-01
5.715000000000000080e-01	1.162179637720278436e+00
5.752000000000000446e-01	1.293010195536906881e+00
5.787999999999999812e-01	1.498158396076768373e+00
5.824000000000000288e-01	1.211398303885468097e+00
5.859999999999999654e-01	1.229838527590598085e+00
5.896000000000000130e-01	1.279165998552804995e+00
5.931999999999999496e-01	1.010511794281071518e+00
5.967999999999999972e-01	1.013120281163629288e+00
6.004000000000000448e-01	7.340584981329169034e-01
6.039999999999999813e-01	5.283593687578175269e-01
6.076000000000000290e-01	4.394520232175506136e-01
6.111999999999999655e-01	5.567857134302516275e-01
6.148000000000000131e-01	5.168450098950262417e-01
6.183999999999999497e-01	4.402408720246948626e-01
6.219999999999999973e-01	4.524633580877377437e-01
6.257000000000000339e-01	5.239849025359413215e-01
6.292999999999999705e-01	8.605623994045972225e-01
6.329000000000000181e-01	1.059278087255586254e+00
6.364999999999999547e-01	1.361560714935936112e+00
6.401000000000000023e-01	1.546656840306529723e+00
6.437000000000000499e-01	1.714966408960562960e+00
6.472999999999999865e-01	1.781379980507529881e+00
6.509000000000000341e-01	1.909560271624831218e+00
6.544999999999999707e-01	1.843478659332380420e+00
6.581000000000000183e-01	1.929451199614845347e+00
6.616999999999999549e-01	1.631142855180188533e+00
6.653000000000000025e-01	1.742229659585209589e+00
6.689000000000000501e-01	1.591894056361781606e+00
6.724999999999999867e-01	1.513939222618261748e+00
6.762000000000000233e-01	1.249961748035568920e+00
6.797999999999999599e-01	1.414287190776798431e+00
6.834000000000000075e-01	1.232509447686802817e+00
6.870000000000000551e-01	1.449092343037338804e+00
6.905999999999999917e-01	1.436406678445905971e+00
6.942000000000000393e-01	1.706770440635042352e+00
6.977999999999999758e-01	1.937656384951764288e+00
7.014000000000000234e-01	1.933398593662688958e+00
7.049999999999999600e-01	2.188037993001902937e+00
7.086000000000000076e-01	2.386045424682206928e+00
7.122000000000000552e-01	2.566820441499004790e+00
7.157999999999999918e-01	2.508793154171530038e+00
7.194000000000000394e-01	2.545948860841203754e+00
7.229999999999999760e-01	2.450922796630599088e+00
7.267000000000000126e-01	2.399494561903001255e+00
7.302999999999999492e-01	2.170466866429265007e+00
7.338999999999999968e-01	1.882096149526090390e+00
7.375000000000000444e-01	1.864447147442955366e+00
7.410999999999999810e-01	1.855029986240802176e+00
7.447000000000000286e-01	1.438067377505045652e+00
7.482999999999999652e-01	1.773445069299742993e+00
7.519000000000000128e-01	1.892662082739877905e+00
7.554999999999999494e-01	1.982235228917641257e+00
7.590999999999999970e-01	1.922170664901643455e+00
7.627000000000000446e-01	2.133998075187363064e+00
7.662999999999999812e-01	1.935856142557388582e+00
7.699000000000000288e-01	2.131106672976196936e+00
7.734999999999999654e-01	2.003036747739027845e+00
7.772000000000000020e-01	2.422194170356864351e+00
7.808000000000000496e-01	2.165501704899321478e+00
7.843999999999999861e-01	2.050130604400332679e+00
7.880000000000000338e-01	1.992486069775963431e+00
7.915999999999999703e-01	1.962454699726530638e+00
7.952000000000000179e-01	1.992782740617967896e+00
7.987999999999999545e-01	1.854450279077552111e+00
8.024000000000000021e-01	1.834361294737480774e+00
8.060000000000000497e-01	1.919641492410009587e+00
8.095999999999999863e-01	1.974584470647960055e+00
8.132000000000000339e-01	2.222008417241573053e+00
8.167999999999999705e-01	2.263164567847160580e+00
8.204000000000000181e-01	2.557026937285411972e+00
8.239999999999999547e-01	2.544373028837546347e+00
8.276999999999999913e-01	2.789717208355619427e+00
8.313000000000000389e-01	3.118009097449521594e+00
8.348999999999999755e-01	3.087316487396860598e+00
8.385000000000000231e-01	3.324325314619628990e+00
8.420999999999999597e-01	3.331387152340441915e+00
8.457000000000000073e-01	3.342226672310514513e+00
8.493000000000000549e-01	3.167346748326811401e+00
8.528999999999999915e-01	2.942379199669680201e+00
8.565000000000000391e-01	2.612020881093925606e+00
8.600999999999999757e-01	2.598341422452812743e+00
8.637000000000000233e-01	2.510075099171503510e+00
8.672999999999999599e-01	2.213491239736311567e+00
8.709000000000000075e-01	2.195997969323660204e+00
8.745000000000000551e-01	2.401455754568492917e+00
8.781999999999999806e-01	2.315002668311901601e+00
8.818000000000000282e-01	2.096275041083861090e+00
8.853999999999999648e-01	2.036317948927334420e+00
8.890000000000000124e-01	2.069196194826597779e+00
8.925999999999999490e-01	2.307200593902056340e+00
8.961999999999999966e-01	2.613496534133557425e+00
8.998000000000000442e-01	2.961561878240478229e+00
9.033999999999999808e-01	3.101014434015880727e+00
9.070000000000000284e-01	3.322434897666509901e+00
9.105999999999999650e-01	3.353422157132844195e+00
9.142000000000000126e-01	3.355361413523517911e+00
9.177999999999999492e-01	3.268654044453812801e+00
9.213999999999999968e-01	3.325144170380335940e+00
9.251000000000000334e-01	3.150475353182653926e+00
9.286999999999999700e-01	3.210245617579515542e+00
9.323000000000000176e-01	3.190213768714346365e+00
9.358999999999999542e-01	3.396071525025218918e+00
9.395000000000000018e-01	3.202779443578632090e+00
9.431000000000000494e-01	3.365969282489566172e+00
9.466999999999999860e-01	3.544870525317030285e+00
9.503000000000000336e-01	3.640037786291865363e+00
9.538999999999999702e-01	4.015194844664606855e+00
9.575000000000000178e-01	4.004178746582155668e+00
9.610999999999999543e-01	4.291896449701595451e+00
9.647000000000000020e-01	4.296257415521104406e+00
9.683000000000000496e-01	4.171011614039641380e+00
9.718999999999999861e-01	4.031551693746064480e+00
9.756000000000000227e-01	4.105500025490995242e+00
9.791999999999999593e-01	3.882243685556956425e+00
9.828000000000000069e-01	3.870943331578172497e+00
9.864000000000000545e-01	3.952124358479057964e+00
9.899999999999999911e-01	4.084310061345415299e+00
9.936000000000000387e-01	4.278376930858905247e+00
9.971999999999999753e-01	4.232839813384931205e+00
1.000799999999999912e+00	3.952811993466537110e+00
1.004399999999999959e+00	3.801282577733374968e+00
1.008000000000000007e+00	3.602932822355688902e+00
1.011600000000000055e+00	3.664623841616182709e+00
1.015200000000000102e+00	3.516879960038778563e+00
1.018799999999999928e+00	3.534989142687812613e+00
1.022399999999999975e+00	3.866744685470804299e+00
1.026100000000000012e+00	3.829680927306814198e+00
1.029700000000000060e+00	4.021927549525198486e+00
1.033300000000000107e+00	4.228544547300733925e+00
1.036899999999999933e+00	4.458572007104050883e+00
1.040499999999999980e+00	4.405379523579911805e+00
1.044100000000000028e+00	4.378249213943380624e+00
1.047700000000000076e+00	4.543846741013276791e+00
1.051299999999999901e+00	4.480626024740712587e+00
1.054899999999999949e+00	4.421215943322784447e+00
1.058499999999999996e+00	4.423347953169798785e+00
1.062100000000000044e+00	4.401121868139898474e+00
1.065700000000000092e+00	4.534131356724206974e+00
1.069299999999999917e+00	4.302466889346714396e+00
1.072899999999999965e+00	4.415076345235218191e+00
1.076600000000000001e+00	4.419122240088913856e+00
1.080200000000000049e+00	4.574607547439637933e+00
1.083800000000000097e+00	4.711704708725998891e+00
1.087399999999999922e+00	5.028551878051740864e+00
1.090999999999999970e+00	5.583545365235909053e+00
1.094600000000000017e+00	5.571747628042128753e+00
1.098200000000000065e+00	5.959285498124096137e+00
1.101799999999999891e+00	6.003237065447563303e+00
1.105399999999999938e+00	6.194719348363812550e+00
1.108999999999999986e+00	6.098193994043119126e+00
1.112600000000000033e+00	5.991449741859616651e+00
1.116200000000000081e+00	5.943976818117197247e+00
1.119799999999999907e+00	5.806492348854515484e+00
1.123399999999999954e+00	5.955184860181603312e+00
1.127099999999999991e+00	5.831139069301457312e+00
1.130700000000000038e+00	6.064595393138628943e+00
1.134300000000000086e+00	5.989959950510099773e+00
1.137899999999999912e+00	5.921255935494166955e+00
1.141499999999999959e+00	6.175688945066558411e+00
1.145100000000000007e+00	5.964322042471142282e+00
1.148700000000000054e+00	6.512447146823734379e+00
1.152300000000000102e+00	6.637119514003507526e+00
1.155899999999999928e+00	7.249704649895290842e+00
1.159499999999999975e+00	7.390846067653990659e+00
1.163100000000000023e+00	7.596872136884996962e+00
1.166700000000000070e+00	7.433996729024986649e+00
1.170299999999999896e+00	7.584906859670653034e+00
1.173899999999999944e+00	7.080631383772661103e+00
1.177599999999999980e+00	7.247053697280377627e+00
1.181200000000000028e+00	7.541637137817410519e+00
1.184800000000000075e+00	7.283237356137624019e+00
1.188399999999999901e+00	7.727042845785764058e+00
1.191999999999999948e+00	7.510345745388850247e+00
1.195599999999999996e+00	7.583986135955563590e+00
1.199200000000000044e+00	7.319356127704607751e+00
1.202800000000000091e+00	7.472085229297107389e+00
1.206399999999999917e+00	7.468490315670979207e+00
1.209999999999999964e+00	7.383179723158113994e+00
1.213600000000000012e+00	7.561691817134049032e+00
1.217200000000000060e+00	7.650305929312929187e+00
1.220800000000000107e+00	7.333362104374706369e+00
1.224399999999999933e+00	7.592472147632260082e+00
1.228099999999999969e+00	7.750169676189409884e+00
1.231700000000000017e+00	7.784079608848771592e+00
1.235300000000000065e+00	7.946046940261037861e+00
1.238899999999999890e+00	8.225996179958155352e+00
1.242499999999999938e+00	8.580395542353114635e+00
1.246099999999999985e+00	8.751294527976297033e+00
1.249700000000000033e+00	8.657823661673020865e+00
1.253300000000000081e+00	8.818970953367987420e+00
1.256899999999999906e+00	8.599144273180050035e+00
1.260499999999999954e+00	8.747801592917751279e+00
1.264100000000000001e+00	8.702809662483744546e+00
1.267700000000000049e+00	8.897405175346870365e+00
1.271300000000000097e+00	8.950856539963737646e+00
1.274899999999999922e+00	9.010024208691575609e+00
1.278599999999999959e+00	9.456332423512074925e+00
1.282200000000000006e+00	9.357039863700030935e+00
1.285800000000000054e+00	9.793429682871396480e+00
1.289400000000000102e+00	9.665845366393256199e+00
1.292999999999999927e+00	9.701568044895138243e+00
1.296599999999999975e+00	9.699237949126262137e+00
1.300200000000000022e+00	9.870610669892581512e+00
1.303800000000000070e+00	9.780309083712802831e+00
1.307399999999999896e+00	9.920656676987180234e+00
1.310999999999999943e+00	9.950067019983169558e+00
1.314599999999999991e+00	9.916269352754817135e+00
1.318200000000000038e+00	9.630292170067217938e+00
1.321800000000000086e+00	9.909510823097306798e+00
1.325499999999999901e+00	9.796355229067328807e+00
1.329099999999999948e+00	9.722720498365767128e+00
1.332699999999999996e+00	9.702420843285738172e+00
1.336300000000000043e+00	9.960749509087433395e+00
1.339900000000000091e+00	9.924378491272465297e+00
1.343499999999999917e+00	1.002092415913461920e+01
1.347099999999999964e+00	9.884029634465310465e+00
1.350700000000000012e+00	1.012051732376288093e+01
1.354300000000000059e+00	1.042765267181451883e+01
1.357900000000000107e+00	1.069795266120813082e+01
1.361499999999999932e+00	1.099894620229317432e+01
1.365099999999999980e+00	1.151059630577906745e+01
1.368700000000000028e+00	1.189588471187168572e+01
1.372300000000000075e+00	1.247059895650570738e+01
1.375999999999999890e+00	1.276953986178352807e+01
1.379599999999999937e+00	1.302352506297585322e+01
1.383199999999999985e+00	1.308280686840704199e+01
1.386800000000000033e+00	1.359072736781945601e+01
1.390400000000000080e+00	1.361490696697897640e+01
1.393999999999999906e+00	1.362751512927479425e+01
1.397599999999999953e+00	1.373241186999839236e+01
1.401200000000000001e+00	1.396506513090740320e+01
1.404800000000000049e+00	1.382746664194333874e+01
1.408400000000000096e+00	1.423698099096379011e+01
1.411999999999999922e+00	1.451868870982413640e+01
1.415599999999999969e+00	1.471256867528310686e+01
1.419200000000000017e+00	1.475788533257181179e+01
1.422800000000000065e+00	1.471255135541305847e+01
1.426500000000000101e+00	1.499053457362588837e+01
1.430099999999999927e+00	1.477723696534114239e+01
1.433699999999999974e+00	1.508887615746720101e+01
1.437300000000000022e+00	1.528481917378154264e+01
1.440900000000000070e+00	1.555317037622764254e+01
1.444499999999999895e+00	1.555448244665427460e+01
1.448099999999999943e+00	1.533284041973663570e+01
1.451699999999999990e+00	1.532020264279620037e+01
1.455300000000000038e+00	1.517374447650768232e+01
1.458900000000000086e+00	1.523505015764719950e+01
1.462499999999999911e+00	1.533463377563087882e+01
1.466099999999999959e+00	1.586404203774946708e+01
1.469700000000000006e+00	1.636770176083750172e+01
1.473300000000000054e+00	1.688086005553471125e+01
1.477000000000000091e+00	1.714926159206878253e+01
1.480599999999999916e+00	1.762440330719361370e+01
1.484199999999999964e+00	1.782911939888728625e+01
1.487800000000000011e+00	1.819864781890214545e+01
1.491400000000000059e+00	1.847302019882362600e+01
1.495000000000000107e+00	1.853598223001533185e+01
1.498599999999999932e+00	1.864365529398587640e+01
1.502199999999999980e+00	1.869262638000617471e+01
1.505800000000000027e+00	1.927542210187816352e+01
1.509400000000000075e+00	1.986837489517900934e+01
1.512999999999999901e+00	2.031672198557914299e+01
1.516599999999999948e+00	2.071407965790076844e+01
1.520199999999999996e+00	2.147653203981231229e+01
1.523800000000000043e+00	2.202661501905926045e+01
1.527500000000000080e+00	2.249151838244574719e+01
1.531099999999999905e+00	2.316211072245032199e+01
1.534699999999999953e+00	2.395946721924615375e+01
1.538300000000000001e+00	2.517319888480665568e+01
1.541900000000000048e+00	2.618007921784587566e+01
1.545500000000000096e+00	2.755597233912939359e+01
1.549099999999999921e+00	2.904180349165305586e+01
1.552699999999999969e+00	3.022210623859042400e+01
1.556300000000000017e+00	3.164036144725600508e+01
1.559900000000000064e+00	3.296693214055324717e+01
1.563499999999999890e+00	3.452130802371105744e+01
1.567099999999999937e+00	3.620514138402599968e+01
1.570699999999999985e+00	3.776765975109834983e+01
1.574300000000000033e+00	3.929850712088269660e+01
1.578000000000000069e+00	4.041178933661360162e+01
1.581599999999999895e+00	4.077688871055093500e+01
1.585199999999999942e+00	4.080499875737172744e+01
1.588799999999999990e+00	3.997283740915794681e+01
1.592400000000000038e+00	3.916473953987136980e+01
1.596000000000000085e+00	3.876494297770879882e+01
1.599599999999999911e+00	3.875642474716229202e+01
1.603199999999999958e+00	3.877602380086489120e+01
1.606800000000000006e+00	3.873051768812323559e+01
1.610400000000000054e+00	3.801064877822149413e+01
1.614000000000000101e+00	3.654759768271891573e+01
1.617599999999999927e+00	3.466853286981169191e+01
1.621199999999999974e+00	3.245274179071771670e+01
1.624800000000000022e+00	3.059973858272318736e+01
1.628500000000000059e+00	2.922624445772073898e+01
1.632100000000000106e+00	2.812212803441780906e+01
1.635699999999999932e+00	2.733949536888500731e+01
1.639299999999999979e+00	2.686503009459189073e+01
1.642900000000000027e+00	2.660059942116381038e+01
1.646500000000000075e+00	2.634101192655643331e+01
1.650099999999999900e+00	2.610341451010138414e+01
1.653699999999999948e+00	2.550961555186690788e+01
1.657299999999999995e+00	2.530228506385969212e+01
1.660900000000000043e+00	2.512532083497417901e+01
1.664500000000000091e+00	2.477802506476166045e+01
1.668099999999999916e+00	2.424154058818827906e+01
1.671699999999999964e+00	2.372204017886083705e+01
1.675400000000000000e+00	2.294308797734023031e+01
1.679000000000000048e+00	2.213848751816379590e+01
1.682600000000000096e+00	2.135543915324666386e+01
1.686199999999999921e+00	2.077590926254921300e+01
1.689799999999999969e+00	2.034118593412619802e+01
1.693400000000000016e+00	2.034923264452471869e+01
1.697000000000000064e+00	2.020705572066013644e+01
1.700599999999999890e+00	2.016683936307696356e+01
1.704199999999999937e+00	2.058002195242255894e+01
1.707799999999999985e+00	2.065998101304877466e+01
1.711400000000000032e+00	2.116082600086668464e+01
1.715000000000000080e+00	2.173019143538833475e+01
1.718599999999999905e+00	2.236119661309006190e+01
1.722199999999999953e+00	2.275603593856485674e+01
1.725899999999999990e+00	2.335952424760368018e+01
1.729500000000000037e+00	2.362567683447502986e+01
1.733100000000000085e+00	2.375281297387669710e+01
1.736699999999999910e+00	2.351747144733170813e+01
1.740299999999999958e+00	2.347143939165300353e+01
1.743900000000000006e+00	2.374759370644220979e+01
1.747500000000000053e+00	2.436270292807841287e+01
1.751100000000000101e+00	2.511056386959272047e+01
1.754699999999999926e+00	2.575477802933446370e+01
1.758299999999999974e+00	2.655538297228865119e+01
1.761900000000000022e+00	2.682959116482793505e+01
1.765500000000000069e+00	2.673898648746754247e+01
1.769099999999999895e+00	2.681857401161748911e+01
1.772699999999999942e+00	2.661027427285597824e+01
1.776399999999999979e+00	2.699626055722665896e+01
1.780000000000000027e+00	2.742323940054216180e+01
1.783600000000000074e+00	2.830837494191411707e+01
1.787199999999999900e+00	2.912185308192246325e+01
1.790799999999999947e+00	2.936347273367646693e+01
1.794399999999999995e+00	2.948797929732513268e+01
1.798000000000000043e+00	2.915163193592102076e+01
1.801600000000000090e+00	2.848879921358059519e+01
1.805199999999999916e+00	2.768611710011639460e+01
1.808799999999999963e+00	2.729424544155406807e+01
1.812400000000000011e+00	2.629118020873569250e+01
1.816000000000000059e+00	2.592355477820035503e+01
1.819600000000000106e+00	2.598904684300164547e+01
1.823199999999999932e+00	2.671018275172060896e+01
1.826899999999999968e+00	2.745231047593534868e+01
1.830500000000000016e+00	2.835594654961180439e+01
1.834100000000000064e+00	2.887561632252258548e+01
1.837699999999999889e+00	2.863264713110900317e+01
1.841299999999999937e+00	2.796098038229336069e+01
1.844899999999999984e+00	2.692970883856985509e+01
1.848500000000000032e+00	2.618929867682480150e+01
1.852100000000000080e+00	2.614554623175371262e+01
1.855699999999999905e+00	2.664811305868729718e+01
1.859299999999999953e+00	2.714713727569712631e+01
1.862900000000000000e+00	2.780450536158010877e+01
1.866500000000000048e+00	2.801595713635250817e+01
1.870100000000000096e+00	2.737127997082554032e+01
1.873699999999999921e+00	2.671665412652385641e+01
1.877399999999999958e+00	2.638306472144903836e+01
1.881000000000000005e+00	2.620138517056837912e+01
1.884600000000000053e+00	2.654827632657477565e+01
1.888200000000000101e+00	2.754926707175057388e+01
1.891799999999999926e+00	2.851271872902600535e+01
1.895399999999999974e+00	2.968533663533702693e+01
1.899000000000000021e+00	3.045281374563037247e+01
1.902600000000000069e+00	3.131782701965628135e+01
1.906199999999999894e+00	3.208311617270859983e+01
1.909799999999999942e+00	3.267436538804439294e+01
1.913399999999999990e+00	3.320760186806949577e+01
1.917000000000000037e+00	3.379746096172247150e+01
1.920600000000000085e+00	3.394302394803266765e+01
1.924199999999999910e+00	3.387148155010479655e+01
1.927899999999999947e+00	3.296362537102618973e+01
1.931499999999999995e+00	3.177931901870925557e+01
1.935100000000000042e+00	3.095015160284313538e+01
1.938700000000000090e+00	3.043620901930460931e+01
1.942299999999999915e+00	3.058497844920737307e+01
1.945899999999999963e+00	3.140369566125548673e+01
1.949500000000000011e+00	3.280202618123321656e+01
1.953100000000000058e+00	3.425081731841729749e+01
1.956700000000000106e+00	3.542918936438479705e+01
1.960299999999999931e+00	3.641512765637413196e+01
1.963899999999999979e+00	3.693174509261058347e+01
1.967500000000000027e+00	3.717780277872790862e+01
1.971100000000000074e+00	3.655531944453198889e+01
1.974699999999999900e+00	3.630239429887494396e+01
1.978399999999999936e+00	3.542866125340777472e+01
1.981999999999999984e+00	3.486180729821263924e+01
1.985600000000000032e+00	3.449193770572778561e+01
1.989200000000000079e+00	3.503875094316505567e+01
1.992799999999999905e+00	3.631621130175715706e+01
1.996399999999999952e+00	3.855768355371909450e+01
2.000000000000000000e+00	4.228160830871488685e+01
