2.000000000000000111e-01	-6.548519366564822253e-01
2.036000000000000032e-01	-1.861873521596856262e+00
2.071999999999999953e-01	-1.401753995629523963e+00
2.107999999999999874e-01	-1.208171192563272323e+00
2.144000000000000072e-01	-1.011230895001778984e+00
2.179999999999999993e-01	-8.029766187548448286e-02
2.215999999999999914e-01	6.774280114179390688e-01
2.253000000000000003e-01	1.207290411900358240e+00
2.288999999999999924e-01	9.704570426799876692e-01
2.325000000000000122e-01	1.814166335712379841e+00
2.361000000000000043e-01	2.171050176103058060e+00
2.396999999999999964e-01	2.479172010095458845e+00
2.432999999999999885e-01	3.392661982804907161e+00
2.469000000000000083e-01	2.389294003846422321e+00
2.505000000000000004e-01	1.952702990885722079e+00
2.540999999999999925e-01	2.283519519175294832e+00
2.576999999999999846e-01	1.350542587736748068e+00
2.612999999999999767e-01	2.201373785364124647e+00
2.649000000000000243e-01	6.827506309317684652e-01
2.685000000000000164e-01	5.848609899536166834e-01
2.721000000000000085e-01	-6.939450480192473902e-01
2.757999999999999896e-01	-9.743125109523664840e-02
2.793999999999999817e-01	-9.903853264453243987e-02
2.829999999999999738e-01	-6.777531975618755755e-02
2.866000000000000214e-01	-3.642747405091673052e-02
2.902000000000000135e-01	1.416349142252675275e+00
2.938000000000000056e-01	1.628810092364316064e+00
2.973999999999999977e-01	2.164511235350686569e+00
3.009999999999999898e-01	1.769251048090150213e+00
3.045999999999999819e-01	2.768684941870001026e+00
3.081999999999999740e-01	3.253834112118027200e+00
3.118000000000000216e-01	4.335230468951175808e+00
3.154000000000000137e-01	3.875401977390692032e+00
3.190000000000000058e-01	3.748282686770565864e+00
3.225999999999999979e-01	3.127410703271218395e+00
3.262999999999999790e-01	3.140460945868674969e+00
3.299000000000000266e-01	2.321709228337888398e+00
3.335000000000000187e-01	3.281444469630156568e+00
3.371000000000000107e-01	1.354077278398529316e+00
3.407000000000000028e-01	5.582855377955072695e-01
3.442999999999999949e-01	2.965692970510117599e-01
3.478999999999999870e-01	2.735715009083757310e-01
3.514999999999999791e-01	-2.881127286951391531e-01
3.551000000000000267e-01	4.564010572890918049e-01
3.587000000000000188e-01	1.096220550334528365e+00
3.623000000000000109e-01	1.033581273888909191e+00
3.659000000000000030e-01	2.579626370958176818e+00
3.694999999999999951e-01	2.723819699897469526e+00
3.730999999999999872e-01	3.332923622276563247e+00
3.768000000000000238e-01	4.586938009893806623e+00
3.804000000000000159e-01	4.865584387476654449e+00
3.840000000000000080e-01	3.876547564074903196e+00
3.876000000000000001e-01	3.941622989583067671e+00
3.911999999999999922e-01	4.680152977974469053e+00
3.947999999999999843e-01	3.938536725030485908e+00
3.983999999999999764e-01	3.033100861804942205e+00
4.020000000000000240e-01	3.370934204005965107e+00
4.056000000000000161e-01	2.766427697873248714e+00
4.092000000000000082e-01	1.956058280430033491e+00
4.128000000000000003e-01	1.142878472506579701e+00
4.163999999999999924e-01	1.047919828570097245e+00
4.199999999999999845e-01	7.580585882988666313e-01
4.235999999999999766e-01	1.080268803319755166e+00
4.273000000000000131e-01	1.081790510943490435e+00
4.309000000000000052e-01	2.041574358619026697e+00
4.344999999999999973e-01	2.595692071165842663e+00
4.380999999999999894e-01	2.972675179000066059e+00
4.416999999999999815e-01	3.012368105330401225e+00
4.452999999999999736e-01	4.157267974979136582e+00
4.489000000000000212e-01	4.665420208232129440e+00
4.525000000000000133e-01	4.548145536500660668e+00
4.561000000000000054e-01	4.149782924382963145e+00
4.596999999999999975e-01	4.809817685870685366e+00
4.632999999999999896e-01	3.220487313891781778e+00
4.668999999999999817e-01	2.927580465107754382e+00
4.704999999999999738e-01	2.166685830414638136e+00
4.741000000000000214e-01	2.258803062004021367e+00
4.778000000000000025e-01	1.011183921142411180e+00
4.813999999999999946e-01	1.176049139713340796e+00
4.849999999999999867e-01	1.315006275405138592e+00
4.885999999999999788e-01	1.364369583333952196e+00
4.922000000000000264e-01	1.018294550321481529e+00
4.958000000000000185e-01	2.215830993382040592e+00
4.994000000000000106e-01	2.810079418670263340e+00
5.030000000000000027e-01	3.365646329938482673e+00
5.066000000000000503e-01	3.396729348562863127e+00
5.101999999999999869e-01	3.623420233081654285e+00
5.138000000000000345e-01	2.727940034362377197e+00
5.173999999999999710e-01	3.481630602255549878e+00
5.210000000000000187e-01	3.270000583457540522e+00
5.245999999999999552e-01	2.992882682034151198e+00
5.282999999999999918e-01	2.893840799363005090e+00
5.319000000000000394e-01	3.640309259857323010e+00
5.354999999999999760e-01	3.166527960775755268e+00
5.391000000000000236e-01	2.582322368891342368e+00
5.426999999999999602e-01	8.236971175719243199e-01
5.463000000000000078e-01	4.890462574823907227e-01
5.499000000000000554e-01	1.261401469006212528e+00
5.534999999999999920e-01	1.273418889636848572e+00
5.571000000000000396e-01	2.100339753025644463e+00
5.606999999999999762e-01	1.448299796394030947e+00
5.643000000000000238e-01	2.290788448670215693e+00
5.678999999999999604e-01	1.816902413809668326e+00
5.715000000000000080e-01	2.456554036714163836e+00
5.752000000000000446e-01	2.238215030477479495e+00
5.787999999999999812e-01	3.856181072119471587e+00
5.824000000000000288e-01	3.767935795854504999e+00
5.859999999999999654e-01	3.781817451195716551e+00
5.896000000000000130e-01	3.925252495941353281e+00
5.931999999999999496e-01	3.324047985518855164e+00
5.967999999999999972e-01	3.410299833114105006e+00
6.004000000000000448e-01	3.812456709050445092e+00
6.039999999999999813e-01	3.367985763748040373e+00
6.076000000000000290e-01	2.215953053266000783e+00
6.111999999999999655e-01	1.635109693157512201e+00
6.148000000000000131e-01	2.200226907999228043e+00
6.183999999999999497e-01	1.371530185355062104e+00
6.219999999999999973e-01	2.185144655959002424e+00
6.257000000000000339e-01	2.215469562550670679e-01
6.292999999999999705e-01	1.213365668724535773e+00
6.329000000000000181e-01	6.731645611141414687e-01
6.364999999999999547e-01	3.909037403847134273e-01
6.401000000000000023e-01	2.494154571431582035e+00
6.437000000000000499e-01	2.635417765553967229e+00
6.472999999999999865e-01	2.136054886737349445e+00
6.509000000000000341e-01	2.727972681824471390e+00
6.544999999999999707e-01	3.811642715882346710e+00
6.581000000000000183e-01	3.294685707154555665e+00
6.616999999999999549e-01	3.598395809141793578e+00
6.653000000000000025e-01	3.256613766576252456e+00
6.689000000000000501e-01	2.950902417167399427e+00
6.724999999999999867e-01	3.069454411795074389e+00
6.762000000000000233e-01	1.063168180830411425e+00
6.797999999999999599e-01	1.899753900007304930e+00
6.834000000000000075e-01	1.528254653054812007e+00
6.870000000000000551e-01	1.694076704306181291e+00
6.905999999999999917e-01	1.478528250942819700e+00
6.942000000000000393e-01	7.410640192486017686e-01
6.977999999999999758e-01	1.257873648516784737e+00
7.014000000000000234e-01	1.819281645511536816e+00
7.049999999999999600e-01	2.312994500325666003e+00
7.086000000000000076e-01	2.931513595743510781e+00
7.122000000000000552e-01	2.257017061452554429e+00
7.157999999999999918e-01	3.773787076913261984e+00
7.194000000000000394e-01	3.369647523869213401e+00
7.229999999999999760e-01	4.549056847893512057e+00
7.267000000000000126e-01	3.616604343720430492e+00
7.302999999999999492e-01	4.117393614890326070e+00
7.338999999999999968e-01	2.598976402052291856e+00
7.375000000000000444e-01	3.584136142182261953e+00
7.410999999999999810e-01	3.628665095715070343e+00
7.447000000000000286e-01	2.505069871522947800e+00
7.482999999999999652e-01	3.181474541561519764e+00
7.519000000000000128e-01	1.952170643266319505e+00
7.554999999999999494e-01	3.461339149067227616e+00
7.590999999999999970e-01	2.732656994195796329e+00
7.627000000000000446e-01	2.912313039656321934e+00
7.662999999999999812e-01	2.800667076834231661e+00
7.699000000000000288e-01	3.247799358169700668e+00
7.734999999999999654e-01	2.595651842613493354e+00
7.772000000000000020e-01	3.792397596104407409e+00
7.808000000000000496e-01	3.893197276389155359e+00
7.843999999999999861e-01	3.290051084052769248e+00
7.880000000000000338e-01	4.904261097890308285e+00
7.915999999999999703e-01	4.392408092967856170e+00
7.952000000000000179e-01	6.285374750560114521e+00
7.987999999999999545e-01	5.623705934914223548e+00
8.024000000000000021e-01	5.505838349763086725e+00
8.060000000000000497e-01	4.730344485796430298e+00
8.095999999999999863e-01	4.764714764830884519e+00
8.132000000000000339e-01	3.661662376928077833e+00
8.167999999999999705e-01	3.369887905541288919e+00
8.204000000000000181e-01	4.004973669995967711e+00
8.239999999999999547e-01	2.806378405019837263e+00
8.276999999999999913e-01	3.185867131006606900e+00
8.313000000000000389e-01	3.144918899371123455e+00
8.348999999999999755e-01	3.963699584239434692e+00
8.385000000000000231e-01	4.409053171298125129e+00
8.420999999999999597e-01	5.342832828754791485e+00
8.457000000000000073e-01	4.509834897457117187e+00
8.493000000000000549e-01	5.970209136474759148e+00
8.528999999999999915e-01	5.388087374601870927e+00
8.565000000000000391e-01	6.582495966415129907e+00
8.600999999999999757e-01	5.550055444566133644e+00
8.637000000000000233e-01	5.574567082140077900e+00
8.672999999999999599e-01	6.388496880984701143e+00
8.709000000000000075e-01	6.637817677370909664e+00
8.745000000000000551e-01	5.164014674272400462e+00
8.781999999999999806e-01	5.013524007796017479e+00
8.818000000000000282e-01	4.685422224528636548e+00
8.853999999999999648e-01	5.203646694198118539e+00
8.890000000000000124e-01	4.444487683515732535e+00
8.925999999999999490e-01	4.959901885230515006e+00
8.961999999999999966e-01	4.972560822766193489e+00
8.998000000000000442e-01	4.539044707387851929e+00
9.033999999999999808e-01	5.044168519185356914e+00
9.070000000000000284e-01	4.953428024499877402e+00
9.105999999999999650e-01	4.858658294090228758e+00
9.142000000000000126e-01	6.065216185273524019e+00
9.177999999999999492e-01	6.499858579169576878e+00
9.213999999999999968e-01	5.645901154300413616e+00
9.251000000000000334e-01	7.081524489697311076e+00
9.286999999999999700e-01	7.535274389332473177e+00
9.323000000000000176e-01	7.270928208866346942e+00
9.358999999999999542e-01	7.457532063582731574e+00
9.395000000000000018e-01	6.218722446759086253e+00
9.431000000000000494e-01	6.125892869500930260e+00
9.466999999999999860e-01	6.673488051551385247e+00
9.503000000000000336e-01	6.144136083141970239e+00
9.538999999999999702e-01	4.594078436533303389e+00
9.575000000000000178e-01	5.606577228051239814e+00
9.610999999999999543e-01	6.245442864201538491e+00
9.647000000000000020e-01	6.623756430764276892e+00
9.683000000000000496e-01	5.782828001640441862e+00
9.718999999999999861e-01	5.642398108345615171e+00
9.756000000000000227e-01	6.433229286787002899e+00
9.791999999999999593e-01	7.994366744935950564e+00
9.828000000000000069e-01	7.404644573819831876e+00
9.864000000000000545e-01	8.523594993024131483e+00
9.899999999999999911e-01	8.994017312922609975e+00
9.936000000000000387e-01	7.861089729105242618e+00
9.971999999999999753e-01	8.382637305942564510e+00
1.000799999999999912e+00	7.926988281869617126e+00
1.004399999999999959e+00	9.000667676085743807e+00
1.008000000000000007e+00	7.699550294880483037e+00
1.011600000000000055e+00	7.566382491020929635e+00
1.015200000000000102e+00	7.462902071289013506e+00
1.018799999999999928e+00	6.871892031088705721e+00
1.022399999999999975e+00	6.663919917416388117e+00
1.026100000000000012e+00	6.714007921693619707e+00
1.029700000000000060e+00	5.476328206643980678e+00
1.033300000000000107e+00	7.725518099224332857e+00
1.036899999999999933e+00	8.032845611673469222e+00
1.040499999999999980e+00	7.616641897459568433e+00
1.044100000000000028e+00	7.972619561898984131e+00
1.047700000000000076e+00	8.564537271723359879e+00
1.051299999999999901e+00	9.780894477774850770e+00
1.054899999999999949e+00	9.711431616426992264e+00
1.058499999999999996e+00	1.028719215887473837e+01
1.062100000000000044e+00	1.103891514507852456e+01
1.065700000000000092e+00	9.386134115538101952e+00
1.069299999999999917e+00	9.085882722396545930e+00
1.072899999999999965e+00	8.893724092999713449e+00
1.076600000000000001e+00	8.015221278765723767e+00
1.080200000000000049e+00	8.779799217155535018e+00
1.083800000000000097e+00	7.756114352694387648e+00
1.087399999999999922e+00	8.273663808096385353e+00
1.090999999999999970e+00	8.630372492913084059e+00
1.094600000000000017e+00	8.861510486774259121e+00
1.098200000000000065e+00	1.033659738726557720e+01
1.101799999999999891e+00	1.107726860136849112e+01
1.105399999999999938e+00	9.969009172913507300e+00
1.108999999999999986e+00	1.020807211953024307e+01
1.112600000000000033e+00	9.956360008957750196e+00
1.116200000000000081e+00	1.018256758356007552e+01
1.119799999999999907e+00	9.332016912126844588e+00
1.123399999999999954e+00	9.598561502811630675e+00
1.127099999999999991e+00	9.854074058799071167e+00
1.130700000000000038e+00	1.127459161723339420e+01
1.134300000000000086e+00	9.790424293386070786e+00
1.137899999999999912e+00	9.484765866652498545e+00
1.141499999999999959e+00	8.988451874913536699e+00
1.145100000000000007e+00	1.007262427552180384e+01
1.148700000000000054e+00	1.024408418625785444e+01
1.152300000000000102e+00	1.070573110189208954e+01
1.155899999999999928e+00	1.042468722092116273e+01
1.159499999999999975e+00	1.078244914338338134e+01
1.163100000000000023e+00	1.095765628141166381e+01
1.166700000000000070e+00	1.083396998127602906e+01
1.170299999999999896e+00	1.005856389061533207e+01
1.173899999999999944e+00	7.760373286063616760e+00
1.177599999999999980e+00	8.567956123548166047e+00
1.181200000000000028e+00	8.742336743385068942e+00
1.184800000000000075e+00	8.569572921191451087e+00
1.188399999999999901e+00	9.515952418487781728e+00
1.191999999999999948e+00	1.061022726280497963e+01
1.195599999999999996e+00	1.102396473311937619e+01
1.199200000000000044e+00	9.024178030996989008e+00
1.202800000000000091e+00	9.833970134688620135e+00
1.206399999999999917e+00	9.764041965056796002e+00
1.209999999999999964e+00	1.004187909450661387e+01
1.213600000000000012e+00	9.307000633541015588e+00
1.217200000000000060e+00	9.997478500535233792e+00
1.220800000000000107e+00	8.982800888951281593e+00
1.224399999999999933e+00	1.020124298537853136e+01
1.228099999999999969e+00	9.098718720897727152e+00
1.231700000000000017e+00	1.028132885852749112e+01
1.235300000000000065e+00	8.886409393517203270e+00
1.238899999999999890e+00	9.986564614129800788e+00
1.242499999999999938e+00	9.327028257329979866e+00
1.246099999999999985e+00	9.321844188638088724e+00
1.249700000000000033e+00	8.917749664091255468e+00
1.253300000000000081e+00	8.946821027612850585e+00
1.256899999999999906e+00	9.098644658051670220e+00
1.260499999999999954e+00	9.292242678051829685e+00
1.264100000000000001e+00	9.198245022020751449e+00
1.267700000000000049e+00	7.945148516179016518e+00
1.271300000000000097e+00	9.670308496551671240e+00
1.274899999999999922e+00	9.437768063768874782e+00
1.278599999999999959e+00	9.044625094429948220e+00
1.282200000000000006e+00	9.749006340258961956e+00
1.285800000000000054e+00	9.612098849660352329e+00
1.289400000000000102e+00	1.059652541005636017e+01
1.292999999999999927e+00	1.102854772224969793e+01
1.296599999999999975e+00	9.861186010735901064e+00
1.300200000000000022e+00	1.076867199153980437e+01
1.303800000000000070e+00	9.986430585968344431e+00
1.307399999999999896e+00	1.033196586897000735e+01
1.310999999999999943e+00	1.065787530665307692e+01
1.314599999999999991e+00	1.097346610409296908e+01
1.318200000000000038e+00	1.043527513565725862e+01
1.321800000000000086e+00	1.066837458108029857e+01
1.325499999999999901e+00	1.100477574915958812e+01
1.329099999999999948e+00	1.106295965982691420e+01
1.332699999999999996e+00	1.040735232174718305e+01
1.336300000000000043e+00	1.073705419676152317e+01
1.339900000000000091e+00	1.179898980819429788e+01
1.343499999999999917e+00	1.113291908487327575e+01
1.347099999999999964e+00	1.204201162928962709e+01
1.350700000000000012e+00	1.194044275596570337e+01
1.354300000000000059e+00	1.260902066291398960e+01
1.357900000000000107e+00	1.294520526028244412e+01
1.361499999999999932e+00	1.293604214342214931e+01
1.365099999999999980e+00	1.287092274128412583e+01
1.368700000000000028e+00	1.349479838488905159e+01
1.372300000000000075e+00	1.294712778427619604e+01
1.375999999999999890e+00	1.343299550895085304e+01
1.379599999999999937e+00	1.315199036629691598e+01
1.383199999999999985e+00	1.356360032567717866e+01
1.386800000000000033e+00	1.378227813051555195e+01
1.390400000000000080e+00	1.389930821399733496e+01
1.393999999999999906e+00	1.434308523388227385e+01
1.397599999999999953e+00	1.327773531495985893e+01
1.401200000000000001e+00	1.457582856894399725e+01
1.404800000000000049e+00	1.633555198109340978e+01
1.408400000000000096e+00	1.547550315676190458e+01
1.411999999999999922e+00	1.835207134548619834e+01
1.415599999999999969e+00	1.797010966379043140e+01
1.419200000000000017e+00	1.675777991161513825e+01
1.422800000000000065e+00	1.818535778064196862e+01
1.426500000000000101e+00	1.899606511535823827e+01
1.430099999999999927e+00	1.851518329772492422e+01
1.433699999999999974e+00	2.045080440761947926e+01
1.437300000000000022e+00	2.046022568628013261e+01
1.440900000000000070e+00	2.045678059496484735e+01
1.444499999999999895e+00	2.153908637252097336e+01
1.448099999999999943e+00	2.252268173336683077e+01
1.451699999999999990e+00	2.186758777481025717e+01
1.455300000000000038e+00	2.099344924970385406e+01
1.458900000000000086e+00	2.168840479253861986e+01
1.462499999999999911e+00	2.115422221921470936e+01
1.466099999999999959e+00	2.293432093078873280e+01
1.469700000000000006e+00	2.272145435039178096e+01
1.473300000000000054e+00	2.381490612510641469e+01
1.477000000000000091e+00	2.445542947077743534e+01
1.480599999999999916e+00	2.786323621866117151e+01
1.484199999999999964e+00	2.859842428395958436e+01
1.487800000000000011e+00	2.975945893750804316e+01
1.491400000000000059e+00	3.142199545738141353e+01
1.495000000000000107e+00	3.193477078386568735e+01
1.498599999999999932e+00	3.387532704781978765e+01
1.502199999999999980e+00	3.324285061590560986e+01
1.505800000000000027e+00	3.520206771301862148e+01
1.509400000000000075e+00	3.837781766297707264e+01
1.512999999999999901e+00	3.988507076130245110e+01
1.516599999999999948e+00	4.227092109882706694e+01
1.520199999999999996e+00	4.485245199529219917e+01
1.523800000000000043e+00	4.680718095949310253e+01
1.527500000000000080e+00	4.899897378593396269e+01
1.531099999999999905e+00	5.387122051676907120e+01
1.534699999999999953e+00	5.853430632921161703e+01
1.538300000000000001e+00	6.565142695714929744e+01
1.541900000000000048e+00	7.418318906273520952e+01
1.545500000000000096e+00	8.076340307708406385e+01
1.549099999999999921e+00	8.440620220354635705e+01
1.552699999999999969e+00	8.166566144710866126e+01
1.556300000000000017e+00	7.649988035430249056e+01
1.559900000000000064e+00	6.736149788552705786e+01
1.563499999999999890e+00	5.931179168684625580e+01
1.567099999999999937e+00	5.379635847447601549e+01
1.570699999999999985e+00	5.039342201292262047e+01
1.574300000000000033e+00	4.998950844972745244e+01
1.578000000000000069e+00	4.901105187755649695e+01
1.581599999999999895e+00	4.974594003573515977e+01
1.585199999999999942e+00	4.884942482844400047e+01
1.588799999999999990e+00	4.702610257219352974e+01
1.592400000000000038e+00	4.779660638065588785e+01
1.596000000000000085e+00	4.963410594104133366e+01
1.599599999999999911e+00	5.399487034029721855e+01
1.603199999999999958e+00	5.816842611273034436e+01
1.606800000000000006e+00	6.308850581449056705e+01
1.610400000000000054e+00	6.761245300351109222e+01
1.614000000000000101e+00	6.904704250318214065e+01
1.617599999999999927e+00	6.919417885114245337e+01
1.621199999999999974e+00	6.819999279562456707e+01
1.624800000000000022e+00	6.766622234040936235e+01
1.628500000000000059e+00	6.412696780378179540e+01
1.632100000000000106e+00	6.059167660945179534e+01
1.635699999999999932e+00	5.969204218318257205e+01
1.639299999999999979e+00	5.632480970046687929e+01
1.642900000000000027e+00	5.481257917079806674e+01
1.646500000000000075e+00	5.406025964900211278e+01
1.650099999999999900e+00	5.346646005721711958e+01
1.653699999999999948e+00	5.234695382881939452e+01
1.657299999999999995e+00	4.976344449808561876e+01
1.660900000000000043e+00	4.908202027119336464e+01
1.664500000000000091e+00	4.658081930447210794e+01
1.668099999999999916e+00	4.326775388848780324e+01
1.671699999999999964e+00	4.340013423119635405e+01
1.675400000000000000e+00	4.448186947302501437e+01
1.679000000000000048e+00	4.376448944391640339e+01
1.682600000000000096e+00	4.248410542005562007e+01
1.686199999999999921e+00	4.233954657792170906e+01
1.689799999999999969e+00	4.037682040455315047e+01
1.693400000000000016e+00	3.655545154724136836e+01
1.697000000000000064e+00	3.328272390193231445e+01
1.700599999999999890e+00	3.249117045361382594e+01
1.704199999999999937e+00	3.336792501262920752e+01
1.707799999999999985e+00	3.408009090719481549e+01
1.711400000000000032e+00	3.642941318372441373e+01
1.715000000000000080e+00	3.638003594069332536e+01
1.718599999999999905e+00	3.403765392686025848e+01
1.722199999999999953e+00	3.080664141217170027e+01
1.725899999999999990e+00	2.659425255975979852e+01
1.729500000000000037e+00	2.379876738020102778e+01
1.733100000000000085e+00	2.175547643075623583e+01
1.736699999999999910e+00	2.181020257438619936e+01
1.740299999999999958e+00	2.189440128026515353e+01
1.743900000000000006e+00	2.242243067287641978e+01
1.747500000000000053e+00	2.254902154157859329e+01
1.751100000000000101e+00	2.396688209274537229e+01
1.754699999999999926e+00	2.307281460685783259e+01
1.758299999999999974e+00	2.214218783541160462e+01
1.761900000000000022e+00	2.223246292245103817e+01
1.765500000000000069e+00	2.283422268329674765e+01
1.769099999999999895e+00	2.400396857230710168e+01
1.772699999999999942e+00	2.434858124696001624e+01
1.776399999999999979e+00	2.516026756945944953e+01
1.780000000000000027e+00	2.326755204937174781e+01
1.783600000000000074e+00	2.228234875671193649e+01
1.787199999999999900e+00	2.206366518615485717e+01
1.790799999999999947e+00	2.024498681291423097e+01
1.794399999999999995e+00	2.041519139654409543e+01
1.798000000000000043e+00	1.968643734784479093e+01
1.801600000000000090e+00	2.065158568367056446e+01
1.805199999999999916e+00	2.169557104642759882e+01
1.808799999999999963e+00	2.346086751638376100e+01
1.812400000000000011e+00	2.523912977489311515e+01
1.816000000000000059e+00	2.656589159296512292e+01
1.819600000000000106e+00	2.657055807577192041e+01
1.823199999999999932e+00	2.829849363759258907e+01
1.826899999999999968e+00	2.750805844992160587e+01
1.830500000000000016e+00	2.562168469130104853e+01
1.834100000000000064e+00	2.493972702924689600e+01
1.837699999999999889e+00	2.468196010242962402e+01
1.841299999999999937e+00	2.336789411070891020e+01
1.844899999999999984e+00	2.405324003661276677e+01
1.848500000000000032e+00	2.396190074736525588e+01
1.852100000000000080e+00	2.392232772023598741e+01
1.855699999999999905e+00	2.473545711581095219e+01
1.859299999999999953e+00	2.502575529744948213e+01
1.862900000000000000e+00	2.594639319703324531e+01
1.866500000000000048e+00	2.560899863540376842e+01
1.870100000000000096e+00	2.548107325261372935e+01
1.873699999999999921e+00	2.469823664824447107e+01
1.877399999999999958e+00	2.644876572885209853e+01
1.881000000000000005e+00	2.720486264723579239e+01
1.884600000000000053e+00	2.733994330570409659e+01
1.888200000000000101e+00	2.719613918400822428e+01
1.891799999999999926e+00	2.784716328620656967e+01
1.895399999999999974e+00	2.840600871219691115e+01
1.899000000000000021e+00	2.709628346456427295e+01
1.902600000000000069e+00	2.769078665320123633e+01
1.906199999999999894e+00	2.699411379858392124e+01
1.909799999999999942e+00	2.686788025677684644e+01
1.913399999999999990e+00	2.548681216840034836e+01
1.917000000000000037e+00	2.510476961331723444e+01
1.920600000000000085e+00	2.483642290850715284e+01
1.924199999999999910e+00	2.576015805141638637e+01
1.927899999999999947e+00	2.483911982472184476e+01
1.931499999999999995e+00	2.676980473883214984e+01
1.935100000000000042e+00	2.824004016745067247e+01
1.938700000000000090e+00	2.801417572684710322e+01
1.942299999999999915e+00	2.891450772433215732e+01
1.945899999999999963e+00	2.914106560802700940e+01
1.949500000000000011e+00	2.900636983282280212e+01
1.953100000000000058e+00	2.934145467413391728e+01
1.956700000000000106e+00	2.900561901406970122e+01
1.960299999999999931e+00	2.907448290781361422e+01
1.963899999999999979e+00	2.919465247839929489e+01
1.967500000000000027e+00	2.904417158926581166e+01
1.971100000000000074e+00	2.912645372579421377e+01
1.974699999999999900e+00	2.900073793844921255e+01
1.978399999999999936e+00	2.931367680642400941e+01
1.981999999999999984e+00	2.915975161413322070e+01
1.985600000000000032e+00	2.845667523975163959e+01
1.989200000000000079e+00	2.963599112438503980e+01
1.992799999999999905e+00	3.016556047205411772e+01
1.996399999999999952e+00	2.938076184620271292e+01
2.000000000000000000e+00	3.177538161486944190e+01
