2.000000000000000111e-01	-1.858000000000000096e+00
2.036000000000000032e-01	-2.512100000000000222e+00
2.071999999999999953e-01	-2.914499999999999869e+00
2.107999999999999874e-01	-3.093999999999999861e+00
2.144000000000000072e-01	-3.079200000000000159e+00
2.179999999999999993e-01	-2.899000000000000021e+00
2.215999999999999914e-01	-2.581999999999999851e+00
2.253000000000000003e-01	-2.157000000000000028e+00
2.288999999999999924e-01	-1.652600000000000069e+00
2.325000000000000122e-01	-1.100200000000000067e+00
2.361000000000000043e-01	-5.587999999999999634e-01
2.396999999999999964e-01	-1.047000000000000014e-01
2.432999999999999885e-01	1.855999999999999872e-01
2.469000000000000083e-01	2.388000000000000123e-01
2.505000000000000004e-01	4.630000000000000088e-02
2.540999999999999925e-01	-3.397999999999999909e-01
2.576999999999999846e-01	-8.650999999999999801e-01
2.612999999999999767e-01	-1.475000000000000089e+00
2.649000000000000243e-01	-2.110100000000000087e+00
2.685000000000000164e-01	-2.704299999999999926e+00
2.721000000000000085e-01	-3.190999999999999837e+00
2.757999999999999896e-01	-3.503600000000000048e+00
2.793999999999999817e-01	-3.600200000000000067e+00
2.829999999999999738e-01	-3.492999999999999883e+00
2.866000000000000214e-01	-3.201400000000000023e+00
2.902000000000000135e-01	-2.744499999999999940e+00
2.938000000000000056e-01	-2.152400000000000091e+00
2.973999999999999977e-01	-1.491800000000000015e+00
3.009999999999999898e-01	-8.374000000000000332e-01
3.045999999999999819e-01	-2.641000000000000014e-01
3.081999999999999740e-01	1.620000000000000051e-01
3.118000000000000216e-01	4.210999999999999743e-01
3.154000000000000137e-01	5.098000000000000309e-01
3.190000000000000058e-01	4.245999999999999774e-01
3.225999999999999979e-01	1.655000000000000082e-01
3.262999999999999790e-01	-2.341000000000000025e-01
3.299000000000000266e-01	-7.230999999999999650e-01
3.335000000000000187e-01	-1.250099999999999989e+00
3.371000000000000107e-01	-1.763600000000000056e+00
3.407000000000000028e-01	-2.209400000000000031e+00
3.442999999999999949e-01	-2.530899999999999928e+00
3.478999999999999870e-01	-2.671800000000000175e+00
3.514999999999999791e-01	-2.576799999999999979e+00
3.551000000000000267e-01	-2.241499999999999826e+00
3.587000000000000188e-01	-1.724299999999999944e+00
3.623000000000000109e-01	-1.087599999999999900e+00
3.659000000000000030e-01	-3.936999999999999944e-01
3.694999999999999951e-01	2.978999999999999981e-01
3.730999999999999872e-01	9.335999999999999854e-01
3.768000000000000238e-01	1.460599999999999898e+00
3.804000000000000159e-01	1.825700000000000101e+00
3.840000000000000080e-01	1.993500000000000050e+00
3.876000000000000001e-01	1.979500000000000037e+00
3.911999999999999922e-01	1.808999999999999941e+00
3.947999999999999843e-01	1.507100000000000106e+00
3.983999999999999764e-01	1.103099999999999969e+00
4.020000000000000240e-01	6.442999999999999838e-01
4.056000000000000161e-01	1.837999999999999912e-01
4.092000000000000082e-01	-2.253000000000000003e-01
4.128000000000000003e-01	-5.325999999999999623e-01
4.163999999999999924e-01	-7.068999999999999728e-01
4.199999999999999845e-01	-7.262999999999999456e-01
4.235999999999999766e-01	-5.689999999999999503e-01
4.273000000000000131e-01	-2.169999999999999984e-01
4.309000000000000052e-01	2.942000000000000171e-01
4.344999999999999973e-01	8.902999999999999803e-01
4.380999999999999894e-01	1.496499999999999941e+00
4.416999999999999815e-01	2.038699999999999957e+00
4.452999999999999736e-01	2.469399999999999817e+00
4.489000000000000212e-01	2.770099999999999785e+00
4.525000000000000133e-01	2.923700000000000188e+00
4.561000000000000054e-01	2.913499999999999979e+00
4.596999999999999975e-01	2.738900000000000112e+00
4.632999999999999896e-01	2.427099999999999813e+00
4.668999999999999817e-01	2.007400000000000073e+00
4.704999999999999738e-01	1.509500000000000064e+00
4.741000000000000214e-01	9.744000000000000439e-01
4.778000000000000025e-01	4.723999999999999866e-01
4.813999999999999946e-01	7.889999999999999791e-02
4.849999999999999867e-01	-1.312000000000000111e-01
4.885999999999999788e-01	-1.050999999999999990e-01
4.922000000000000264e-01	1.183000000000000024e-01
4.958000000000000185e-01	4.763000000000000012e-01
4.994000000000000106e-01	9.066999999999999504e-01
5.030000000000000027e-01	1.350100000000000078e+00
5.066000000000000503e-01	1.770199999999999996e+00
5.101999999999999869e-01	2.140000000000000124e+00
5.138000000000000345e-01	2.432199999999999918e+00
5.173999999999999710e-01	2.620899999999999785e+00
5.210000000000000187e-01	2.690999999999999837e+00
5.245999999999999552e-01	2.634700000000000042e+00
5.282999999999999918e-01	2.444399999999999906e+00
5.319000000000000394e-01	2.113700000000000134e+00
5.354999999999999760e-01	1.668099999999999916e+00
5.391000000000000236e-01	1.163599999999999968e+00
5.426999999999999602e-01	6.572999999999999954e-01
5.463000000000000078e-01	2.061999999999999944e-01
5.499000000000000554e-01	-1.433999999999999997e-01
5.534999999999999920e-01	-3.598999999999999977e-01
5.571000000000000396e-01	-4.132000000000000117e-01
5.606999999999999762e-01	-2.731999999999999984e-01
5.643000000000000238e-01	6.099999999999999867e-02
5.678999999999999604e-01	5.248000000000000442e-01
5.715000000000000080e-01	1.045199999999999907e+00
5.752000000000000446e-01	1.548699999999999966e+00
5.787999999999999812e-01	1.975700000000000012e+00
5.824000000000000288e-01	2.314099999999999824e+00
5.859999999999999654e-01	2.562300000000000022e+00
5.896000000000000130e-01	2.718799999999999883e+00
5.931999999999999496e-01	2.780400000000000205e+00
5.967999999999999972e-01	2.735100000000000087e+00
6.004000000000000448e-01	2.567600000000000104e+00
6.039999999999999813e-01	2.262900000000000134e+00
6.076000000000000290e-01	1.811600000000000099e+00
6.111999999999999655e-01	1.260099999999999998e+00
6.148000000000000131e-01	6.856999999999999762e-01
6.183999999999999497e-01	1.658000000000000029e-01
6.219999999999999973e-01	-2.242999999999999994e-01
6.257000000000000339e-01	-4.487999999999999767e-01
6.292999999999999705e-01	-5.050000000000000044e-01
6.329000000000000181e-01	-3.911000000000000032e-01
6.364999999999999547e-01	-1.062000000000000027e-01
6.401000000000000023e-01	3.245999999999999996e-01
6.437000000000000499e-01	8.427000000000000046e-01
6.472999999999999865e-01	1.387399999999999967e+00
6.509000000000000341e-01	1.898300000000000098e+00
6.544999999999999707e-01	2.324500000000000011e+00
6.581000000000000183e-01	2.635099999999999998e+00
6.616999999999999549e-01	2.801000000000000156e+00
6.653000000000000025e-01	2.793299999999999894e+00
6.689000000000000501e-01	2.600000000000000089e+00
6.724999999999999867e-01	2.260299999999999976e+00
6.762000000000000233e-01	1.823600000000000110e+00
6.797999999999999599e-01	1.338799999999999990e+00
6.834000000000000075e-01	8.547000000000000153e-01
6.870000000000000551e-01	4.177000000000000157e-01
6.905999999999999917e-01	7.340000000000000691e-02
6.942000000000000393e-01	-1.323999999999999899e-01
6.977999999999999758e-01	-1.602000000000000091e-01
7.014000000000000234e-01	-1.940000000000000058e-02
7.049999999999999600e-01	2.574000000000000177e-01
7.086000000000000076e-01	6.370999999999999996e-01
7.122000000000000552e-01	1.086000000000000076e+00
7.157999999999999918e-01	1.560200000000000031e+00
7.194000000000000394e-01	2.008399999999999963e+00
7.229999999999999760e-01	2.378899999999999793e+00
7.267000000000000126e-01	2.621500000000000163e+00
7.302999999999999492e-01	2.719300000000000050e+00
7.338999999999999968e-01	2.692899999999999849e+00
7.375000000000000444e-01	2.564900000000000180e+00
7.410999999999999810e-01	2.358000000000000096e+00
7.447000000000000286e-01	2.095699999999999896e+00
7.482999999999999652e-01	1.803399999999999892e+00
7.519000000000000128e-01	1.506699999999999928e+00
7.554999999999999494e-01	1.231200000000000072e+00
7.590999999999999970e-01	1.004499999999999948e+00
7.627000000000000446e-01	8.596000000000000307e-01
7.662999999999999812e-01	8.303000000000000380e-01
7.699000000000000288e-01	9.505000000000000115e-01
7.734999999999999654e-01	1.239200000000000079e+00
7.772000000000000020e-01	1.651999999999999913e+00
7.808000000000000496e-01	2.128299999999999859e+00
7.843999999999999861e-01	2.607400000000000162e+00
7.880000000000000338e-01	3.031800000000000050e+00
7.915999999999999703e-01	3.366299999999999848e+00
7.952000000000000179e-01	3.585199999999999942e+00
7.987999999999999545e-01	3.662900000000000045e+00
8.024000000000000021e-01	3.577100000000000168e+00
8.060000000000000497e-01	3.346200000000000063e+00
8.095999999999999863e-01	3.014800000000000146e+00
8.132000000000000339e-01	2.627899999999999903e+00
8.167999999999999705e-01	2.230500000000000149e+00
8.204000000000000181e-01	1.867199999999999971e+00
8.239999999999999547e-01	1.582300000000000040e+00
8.276999999999999913e-01	1.419899999999999940e+00
8.313000000000000389e-01	1.423599999999999977e+00
8.348999999999999755e-01	1.601900000000000102e+00
8.385000000000000231e-01	1.911299999999999999e+00
8.420999999999999597e-01	2.304199999999999804e+00
8.457000000000000073e-01	2.732699999999999907e+00
8.493000000000000549e-01	3.156000000000000139e+00
8.528999999999999915e-01	3.548399999999999999e+00
8.565000000000000391e-01	3.886299999999999866e+00
8.600999999999999757e-01	4.146200000000000330e+00
8.637000000000000233e-01	4.308600000000000207e+00
8.672999999999999599e-01	4.369100000000000428e+00
8.709000000000000075e-01	4.326500000000000234e+00
8.745000000000000551e-01	4.179700000000000415e+00
8.781999999999999806e-01	3.931999999999999940e+00
8.818000000000000282e-01	3.612899999999999778e+00
8.853999999999999648e-01	3.261000000000000121e+00
8.890000000000000124e-01	2.915399999999999991e+00
8.925999999999999490e-01	2.614399999999999835e+00
8.961999999999999966e-01	2.392300000000000093e+00
8.998000000000000442e-01	2.281099999999999905e+00
9.033999999999999808e-01	2.312500000000000000e+00
9.070000000000000284e-01	2.515699999999999825e+00
9.105999999999999650e-01	2.871700000000000141e+00
9.142000000000000126e-01	3.320199999999999818e+00
9.177999999999999492e-01	3.799399999999999888e+00
9.213999999999999968e-01	4.248000000000000220e+00
9.251000000000000334e-01	4.620899999999999785e+00
9.286999999999999700e-01	4.894400000000000084e+00
9.323000000000000176e-01	5.046000000000000263e+00
9.358999999999999542e-01	5.053499999999999659e+00
9.395000000000000018e-01	4.915499999999999758e+00
9.431000000000000494e-01	4.672500000000000320e+00
9.466999999999999860e-01	4.369600000000000151e+00
9.503000000000000336e-01	4.052100000000000257e+00
9.538999999999999702e-01	3.762599999999999945e+00
9.575000000000000178e-01	3.535800000000000054e+00
9.610999999999999543e-01	3.404599999999999849e+00
9.647000000000000020e-01	3.402099999999999902e+00
9.683000000000000496e-01	3.551400000000000112e+00
9.718999999999999861e-01	3.826600000000000001e+00
9.756000000000000227e-01	4.186600000000000321e+00
9.791999999999999593e-01	4.589999999999999858e+00
9.828000000000000069e-01	4.997099999999999653e+00
9.864000000000000545e-01	5.379800000000000360e+00
9.899999999999999911e-01	5.715600000000000236e+00
9.936000000000000387e-01	5.982300000000000395e+00
9.971999999999999753e-01	6.158100000000000129e+00
1.000799999999999912e+00	6.231700000000000017e+00
1.004399999999999959e+00	6.199099999999999611e+00
1.008000000000000007e+00	6.056600000000000428e+00
1.011600000000000055e+00	5.801599999999999646e+00
1.015200000000000102e+00	5.465600000000000236e+00
1.018799999999999928e+00	5.118699999999999584e+00
1.022399999999999975e+00	4.832900000000000418e+00
1.026100000000000012e+00	4.680100000000000371e+00
1.029700000000000060e+00	4.694099999999999717e+00
1.033300000000000107e+00	4.842800000000000438e+00
1.036899999999999933e+00	5.087699999999999889e+00
1.040499999999999980e+00	5.390299999999999869e+00
1.044100000000000028e+00	5.717399999999999594e+00
1.047700000000000076e+00	6.050200000000000244e+00
1.051299999999999901e+00	6.372300000000000075e+00
1.054899999999999949e+00	6.667099999999999582e+00
1.058499999999999996e+00	6.914500000000000313e+00
1.062100000000000044e+00	7.078100000000000058e+00
1.065700000000000092e+00	7.116999999999999993e+00
1.069299999999999917e+00	6.990400000000000169e+00
1.072899999999999965e+00	6.672399999999999665e+00
1.076600000000000001e+00	6.241999999999999993e+00
1.080200000000000049e+00	5.822899999999999743e+00
1.083800000000000097e+00	5.538899999999999935e+00
1.087399999999999922e+00	5.503199999999999648e+00
1.090999999999999970e+00	5.699900000000000411e+00
1.094600000000000017e+00	6.028100000000000236e+00
1.098200000000000065e+00	6.385399999999999743e+00
1.101799999999999891e+00	6.672200000000000131e+00
1.105399999999999938e+00	6.851300000000000168e+00
1.108999999999999986e+00	6.948500000000000121e+00
1.112600000000000033e+00	6.991999999999999993e+00
1.116200000000000081e+00	7.009900000000000020e+00
1.119799999999999907e+00	7.019000000000000128e+00
1.123399999999999954e+00	7.018500000000000405e+00
1.127099999999999991e+00	7.006300000000000416e+00
1.130700000000000038e+00	6.980100000000000193e+00
1.134300000000000086e+00	6.945199999999999818e+00
1.137899999999999912e+00	6.924199999999999910e+00
1.141499999999999959e+00	6.942199999999999704e+00
1.145100000000000007e+00	7.024000000000000021e+00
1.148700000000000054e+00	7.182000000000000384e+00
1.152300000000000102e+00	7.380600000000000271e+00
1.155899999999999928e+00	7.573400000000000354e+00
1.159499999999999975e+00	7.713700000000000223e+00
1.163100000000000023e+00	7.764999999999999680e+00
1.166700000000000070e+00	7.749200000000000088e+00
1.170299999999999896e+00	7.710300000000000153e+00
1.173899999999999944e+00	7.692099999999999937e+00
1.177599999999999980e+00	7.735400000000000276e+00
1.181200000000000028e+00	7.850100000000000300e+00
1.184800000000000075e+00	8.028000000000000469e+00
1.188399999999999901e+00	8.260600000000000165e+00
1.191999999999999948e+00	8.538700000000000401e+00
1.195599999999999996e+00	8.832800000000000651e+00
1.199200000000000044e+00	9.096000000000000085e+00
1.202800000000000091e+00	9.281000000000000583e+00
1.206399999999999917e+00	9.341100000000000847e+00
1.209999999999999964e+00	9.269299999999999429e+00
1.213600000000000012e+00	9.110400000000000276e+00
1.217200000000000060e+00	8.913100000000000023e+00
1.220800000000000107e+00	8.725699999999999790e+00
1.224399999999999933e+00	8.591599999999999682e+00
1.228099999999999969e+00	8.542899999999999494e+00
1.231700000000000017e+00	8.610699999999999577e+00
1.235300000000000065e+00	8.825900000000000745e+00
1.238899999999999890e+00	9.191499999999999559e+00
1.242499999999999938e+00	9.620400000000000063e+00
1.246099999999999985e+00	1.000779999999999959e+01
1.249700000000000033e+00	1.024879999999999924e+01
1.253300000000000081e+00	1.026430000000000042e+01
1.256899999999999906e+00	1.010839999999999961e+01
1.260499999999999954e+00	9.877599999999999270e+00
1.264100000000000001e+00	9.668400000000000105e+00
1.267700000000000049e+00	9.568199999999999150e+00
1.271300000000000097e+00	9.584400000000000475e+00
1.274899999999999922e+00	9.684300000000000352e+00
1.278599999999999959e+00	9.834899999999999309e+00
1.282200000000000006e+00	1.000549999999999962e+01
1.285800000000000054e+00	1.019730000000000025e+01
1.289400000000000102e+00	1.043619999999999948e+01
1.292999999999999927e+00	1.074859999999999971e+01
1.296599999999999975e+00	1.115980000000000061e+01
1.300200000000000022e+00	1.164659999999999940e+01
1.303800000000000070e+00	1.213069999999999915e+01
1.307399999999999896e+00	1.253020000000000067e+01
1.310999999999999943e+00	1.276399999999999935e+01
1.314599999999999991e+00	1.280230000000000068e+01
1.318200000000000038e+00	1.270579999999999998e+01
1.321800000000000086e+00	1.254480000000000040e+01
1.325499999999999901e+00	1.238920000000000066e+01
1.329099999999999948e+00	1.229229999999999912e+01
1.332699999999999996e+00	1.225929999999999964e+01
1.336300000000000043e+00	1.228780000000000072e+01
1.339900000000000091e+00	1.237509999999999977e+01
1.343499999999999917e+00	1.251960000000000051e+01
1.347099999999999964e+00	1.272390000000000043e+01
1.350700000000000012e+00	1.299189999999999934e+01
1.354300000000000059e+00	1.332760000000000034e+01
1.357900000000000107e+00	1.373109999999999964e+01
1.361499999999999932e+00	1.417549999999999955e+01
1.365099999999999980e+00	1.462240000000000073e+01
1.368700000000000028e+00	1.503299999999999947e+01
1.372300000000000075e+00	1.537100000000000044e+01
1.375999999999999890e+00	1.562780000000000058e+01
1.379599999999999937e+00	1.581339999999999968e+01
1.383199999999999985e+00	1.593839999999999968e+01
1.386800000000000033e+00	1.601370000000000005e+01
1.390400000000000080e+00	1.606299999999999883e+01
1.393999999999999906e+00	1.612320000000000064e+01
1.397599999999999953e+00	1.623160000000000025e+01
1.401200000000000001e+00	1.642510000000000048e+01
1.404800000000000049e+00	1.672370000000000090e+01
1.408400000000000096e+00	1.712000000000000099e+01
1.411999999999999922e+00	1.760460000000000136e+01
1.415599999999999969e+00	1.816779999999999973e+01
1.419200000000000017e+00	1.879220000000000113e+01
1.422800000000000065e+00	1.944089999999999918e+01
1.426500000000000101e+00	2.007440000000000069e+01
1.430099999999999927e+00	2.065299999999999869e+01
1.433699999999999974e+00	2.114730000000000132e+01
1.437300000000000022e+00	2.156729999999999947e+01
1.440900000000000070e+00	2.193189999999999884e+01
1.444499999999999895e+00	2.226030000000000086e+01
1.448099999999999943e+00	2.257270000000000110e+01
1.451699999999999990e+00	2.289600000000000080e+01
1.455300000000000038e+00	2.325959999999999894e+01
1.458900000000000086e+00	2.369300000000000139e+01
1.462499999999999911e+00	2.422329999999999828e+01
1.466099999999999959e+00	2.485510000000000019e+01
1.469700000000000006e+00	2.557929999999999993e+01
1.473300000000000054e+00	2.638670000000000115e+01
1.477000000000000091e+00	2.726980000000000004e+01
1.480599999999999916e+00	2.825509999999999877e+01
1.484199999999999964e+00	2.939939999999999998e+01
1.487800000000000011e+00	3.076050000000000040e+01
1.491400000000000059e+00	3.239399999999999835e+01
1.495000000000000107e+00	3.426120000000000232e+01
1.498599999999999932e+00	3.619519999999999982e+01
1.502199999999999980e+00	3.801989999999999981e+01
1.505800000000000027e+00	3.956029999999999802e+01
1.509400000000000075e+00	4.077069999999999794e+01
1.512999999999999901e+00	4.187539999999999907e+01
1.516599999999999948e+00	4.313259999999999650e+01
1.520199999999999996e+00	4.480010000000000048e+01
1.523800000000000043e+00	4.705069999999999908e+01
1.527500000000000080e+00	4.977779999999999916e+01
1.531099999999999905e+00	5.281750000000000256e+01
1.534699999999999953e+00	5.600600000000000023e+01
1.538300000000000001e+00	5.918509999999999849e+01
1.541900000000000048e+00	6.222659999999999769e+01
1.545500000000000096e+00	6.501200000000000045e+01
1.549099999999999921e+00	6.742270000000000607e+01
1.552699999999999969e+00	6.933750000000000568e+01
1.556300000000000017e+00	7.061020000000000607e+01
1.559900000000000064e+00	7.108159999999999457e+01
1.563499999999999890e+00	7.059260000000000446e+01
1.567099999999999937e+00	6.901409999999999911e+01
1.570699999999999985e+00	6.668269999999999698e+01
1.574300000000000033e+00	6.430150000000000432e+01
1.578000000000000069e+00	6.258339999999999748e+01
1.581599999999999895e+00	6.222299999999999898e+01
1.585199999999999942e+00	6.332019999999999982e+01
1.588799999999999990e+00	6.526730000000000587e+01
1.592400000000000038e+00	6.741540000000000532e+01
1.596000000000000085e+00	6.911809999999999832e+01
1.599599999999999911e+00	6.995409999999999684e+01
1.603199999999999958e+00	6.991140000000000043e+01
1.606800000000000006e+00	6.902089999999999748e+01
1.610400000000000054e+00	6.731390000000000384e+01
1.614000000000000101e+00	6.494459999999999411e+01
1.617599999999999927e+00	6.241559999999999775e+01
1.621199999999999974e+00	6.029110000000000014e+01
1.624800000000000022e+00	5.913479999999999848e+01
1.628500000000000059e+00	5.932639999999999958e+01
1.632100000000000106e+00	6.040939999999999799e+01
1.635699999999999932e+00	6.169069999999999965e+01
1.639299999999999979e+00	6.247710000000000008e+01
1.642900000000000027e+00	6.215639999999999787e+01
1.646500000000000075e+00	6.071470000000000056e+01
1.650099999999999900e+00	5.840610000000000213e+01
1.653699999999999948e+00	5.548619999999999663e+01
1.657299999999999995e+00	5.221430000000000149e+01
1.660900000000000043e+00	4.889860000000000184e+01
1.664500000000000091e+00	4.588170000000000215e+01
1.668099999999999916e+00	4.350619999999999976e+01
1.671699999999999964e+00	4.209839999999999804e+01
1.675400000000000000e+00	4.156470000000000198e+01
1.679000000000000048e+00	4.137339999999999662e+01
1.682600000000000096e+00	4.097200000000000131e+01
1.686199999999999921e+00	3.981530000000000058e+01
1.689799999999999969e+00	3.779970000000000141e+01
1.693400000000000016e+00	3.552219999999999800e+01
1.697000000000000064e+00	3.364189999999999969e+01
1.700599999999999890e+00	3.281689999999999685e+01
1.704199999999999937e+00	3.334049999999999869e+01
1.707799999999999985e+00	3.461189999999999856e+01
1.711400000000000032e+00	3.589600000000000080e+01
1.715000000000000080e+00	3.645770000000000266e+01
1.718599999999999905e+00	3.577660000000000196e+01
1.722199999999999953e+00	3.417110000000000269e+01
1.725899999999999990e+00	3.216369999999999862e+01
1.729500000000000037e+00	3.027720000000000056e+01
1.733100000000000085e+00	2.896999999999999886e+01
1.736699999999999910e+00	2.829400000000000048e+01
1.740299999999999958e+00	2.814369999999999905e+01
1.743900000000000006e+00	2.841290000000000049e+01
1.747500000000000053e+00	2.898870000000000147e+01
1.751100000000000101e+00	2.968819999999999837e+01
1.754699999999999926e+00	3.028590000000000160e+01
1.758299999999999974e+00	3.055580000000000140e+01
1.761900000000000022e+00	3.028729999999999833e+01
1.765500000000000069e+00	2.957389999999999830e+01
1.769099999999999895e+00	2.878819999999999979e+01
1.772699999999999942e+00	2.831309999999999860e+01
1.776399999999999979e+00	2.852359999999999829e+01
1.780000000000000027e+00	2.944020000000000081e+01
1.783600000000000074e+00	3.059100000000000108e+01
1.787199999999999900e+00	3.146819999999999951e+01
1.790799999999999947e+00	3.156550000000000011e+01
1.794399999999999995e+00	3.068909999999999982e+01
1.798000000000000043e+00	2.930959999999999965e+01
1.801600000000000090e+00	2.798310000000000031e+01
1.805199999999999916e+00	2.726569999999999894e+01
1.808799999999999963e+00	2.751000000000000156e+01
1.812400000000000011e+00	2.838500000000000156e+01
1.816000000000000059e+00	2.941659999999999897e+01
1.819600000000000106e+00	3.013040000000000163e+01
1.823199999999999932e+00	3.014829999999999899e+01
1.826899999999999968e+00	2.961260000000000048e+01
1.830500000000000016e+00	2.884059999999999846e+01
1.834100000000000064e+00	2.814949999999999974e+01
1.837699999999999889e+00	2.782440000000000069e+01
1.841299999999999937e+00	2.785979999999999990e+01
1.844899999999999984e+00	2.809680000000000177e+01
1.848500000000000032e+00	2.837559999999999860e+01
1.852100000000000080e+00	2.854370000000000118e+01
1.855699999999999905e+00	2.857130000000000081e+01
1.859299999999999953e+00	2.852680000000000149e+01
1.862900000000000000e+00	2.848160000000000025e+01
1.866500000000000048e+00	2.850600000000000023e+01
1.870100000000000096e+00	2.863660000000000139e+01
1.873699999999999921e+00	2.886870000000000047e+01
1.877399999999999958e+00	2.919539999999999935e+01
1.881000000000000005e+00	2.960910000000000153e+01
1.884600000000000053e+00	3.004720000000000013e+01
1.888200000000000101e+00	3.034519999999999840e+01
1.891799999999999926e+00	3.032760000000000034e+01
1.895399999999999974e+00	2.981889999999999930e+01
1.899000000000000021e+00	2.878969999999999985e+01
1.902600000000000069e+00	2.763319999999999865e+01
1.906199999999999894e+00	2.681919999999999860e+01
1.909799999999999942e+00	2.681729999999999947e+01
1.913399999999999990e+00	2.793769999999999953e+01
1.917000000000000037e+00	2.974820000000000064e+01
1.920600000000000085e+00	3.160150000000000148e+01
1.924199999999999910e+00	3.285000000000000142e+01
1.927899999999999947e+00	3.294279999999999831e+01
1.931499999999999995e+00	3.206139999999999901e+01
1.935100000000000042e+00	3.072340000000000160e+01
1.938700000000000090e+00	2.944819999999999993e+01
1.942299999999999915e+00	2.872409999999999997e+01
1.945899999999999963e+00	2.863060000000000116e+01
1.949500000000000011e+00	2.895929999999999893e+01
1.953100000000000058e+00	2.949559999999999960e+01
1.956700000000000106e+00	3.003079999999999927e+01
1.960299999999999931e+00	3.050649999999999906e+01
1.963899999999999979e+00	3.102509999999999835e+01
1.967500000000000027e+00	3.169660000000000011e+01
1.971100000000000074e+00	3.262930000000000064e+01
1.974699999999999900e+00	3.380919999999999703e+01
1.978399999999999936e+00	3.502459999999999951e+01
1.981999999999999984e+00	3.604540000000000077e+01
1.985600000000000032e+00	3.664170000000000016e+01
1.989200000000000079e+00	3.658350000000000080e+01
1.992799999999999905e+00	3.564079999999999870e+01
1.996399999999999952e+00	3.358359999999999701e+01
2.000000000000000000e+00	3.018199999999999861e+01
