2.000000000000000111e-01	-1.333509199563225778e+00
2.036000000000000032e-01	-1.065526943223447764e+00
2.071999999999999953e-01	-8.828385215653067331e-01
2.107999999999999874e-01	-1.108862947833657575e+00
2.144000000000000072e-01	-4.305013266504014169e-01
2.179999999999999993e-01	4.403651305577891417e-01
2.215999999999999914e-01	1.514884744199272992e+00
2.253000000000000003e-01	5.386831426653175825e-01
2.288999999999999924e-01	1.210200109204015329e+00
2.325000000000000122e-01	2.422584941962967253e+00
2.361000000000000043e-01	2.102932429363463473e+00
2.396999999999999964e-01	3.266484141752679093e+00
2.432999999999999885e-01	2.611342144157054346e+00
2.469000000000000083e-01	1.359056026556354269e+00
2.505000000000000004e-01	2.664302034526877527e+00
2.540999999999999925e-01	3.385491482750960124e+00
2.576999999999999846e-01	2.367625853297410821e+00
2.612999999999999767e-01	2.217686109515250692e+00
2.649000000000000243e-01	7.459183223027981979e-02
2.685000000000000164e-01	-1.791630171850577269e-01
2.721000000000000085e-01	-3.441817517322250386e-01
2.757999999999999896e-01	-6.657712698364761650e-01
2.793999999999999817e-01	-8.941128664894892886e-02
2.829999999999999738e-01	1.587616511282591514e+00
2.866000000000000214e-01	2.817245792138466376e-01
2.902000000000000135e-01	4.734914133656366597e-01
2.938000000000000056e-01	1.503193029474973574e+00
2.973999999999999977e-01	1.818807653770718069e+00
3.009999999999999898e-01	1.716135052198335842e+00
3.045999999999999819e-01	2.601696037587871935e+00
3.081999999999999740e-01	4.763600404953013623e+00
3.118000000000000216e-01	4.223514051382598389e+00
3.154000000000000137e-01	4.720432944342248582e+00
3.190000000000000058e-01	3.748158847049412046e+00
3.225999999999999979e-01	3.546757561570918593e+00
3.262999999999999790e-01	1.993639137896934255e+00
3.299000000000000266e-01	2.070154156212952845e+00
3.335000000000000187e-01	2.230471505999969573e+00
3.371000000000000107e-01	2.585050070726878868e+00
3.407000000000000028e-01	1.418548352134357593e+00
3.442999999999999949e-01	-1.869479322136385901e-01
3.478999999999999870e-01	-5.029351368714059245e-02
3.514999999999999791e-01	4.813944407639011436e-01
3.551000000000000267e-01	1.016141359940651911e+00
3.587000000000000188e-01	1.295766381288800506e+00
3.623000000000000109e-01	2.125863119406040447e+00
3.659000000000000030e-01	2.967914454915998590e+00
3.694999999999999951e-01	2.769049575450548417e+00
3.730999999999999872e-01	3.749489474085659246e+00
3.768000000000000238e-01	3.914924121891763864e+00
3.804000000000000159e-01	5.315940456836870887e+00
3.840000000000000080e-01	4.831090493689173648e+00
3.876000000000000001e-01	4.977023430105826485e+00
3.911999999999999922e-01	3.653212976854772087e+00
3.947999999999999843e-01	4.983180544520818600e+00
3.983999999999999764e-01	3.120171253222245866e+00
4.020000000000000240e-01	3.395441207032663833e+00
4.056000000000000161e-01	3.254829921162996520e+00
4.092000000000000082e-01	1.399834710435098550e+00
4.128000000000000003e-01	1.089244749401129475e+00
4.163999999999999924e-01	2.745450585291963286e+00
4.199999999999999845e-01	1.932648685129744415e+00
4.235999999999999766e-01	2.162497766222145845e+00
4.273000000000000131e-01	1.664768219246545389e+00
4.309000000000000052e-01	2.432968617388528987e+00
4.344999999999999973e-01	3.216534266540247433e+00
4.380999999999999894e-01	3.853423356233483421e+00
4.416999999999999815e-01	2.567373972231632884e+00
4.452999999999999736e-01	5.405260757421975981e+00
4.489000000000000212e-01	4.960041149395967963e+00
4.525000000000000133e-01	3.484098781125636979e+00
4.561000000000000054e-01	4.127325298016291555e+00
4.596999999999999975e-01	4.061830685511196748e+00
4.632999999999999896e-01	4.038293007906489152e+00
4.668999999999999817e-01	2.785684566822195229e+00
4.704999999999999738e-01	2.203367738366787787e+00
4.741000000000000214e-01	3.031189579300606951e+00
4.778000000000000025e-01	2.008059532620593224e+00
4.813999999999999946e-01	1.389481142660629498e+00
4.849999999999999867e-01	2.097682381453300771e+00
4.885999999999999788e-01	1.552570153857828483e+00
4.922000000000000264e-01	1.913731841205668971e+00
4.958000000000000185e-01	1.115409485523034760e+00
4.994000000000000106e-01	2.407051261280121590e+00
5.030000000000000027e-01	3.373834303533242540e+00
5.066000000000000503e-01	3.978781651690232124e+00
5.101999999999999869e-01	3.720527352519513720e+00
5.138000000000000345e-01	5.658235092282762224e+00
5.173999999999999710e-01	3.935616511817677576e+00
5.210000000000000187e-01	3.578708997367729516e+00
5.245999999999999552e-01	3.417766741103283490e+00
5.282999999999999918e-01	4.132322939412877538e+00
5.319000000000000394e-01	3.231814625135772445e+00
5.354999999999999760e-01	3.343232108179568840e+00
5.391000000000000236e-01	2.410902973473300737e+00
5.426999999999999602e-01	1.972484771405648818e+00
5.463000000000000078e-01	2.603314961164708841e+00
5.499000000000000554e-01	9.944230094634098904e-01
5.534999999999999920e-01	5.855638388247921267e-01
5.571000000000000396e-01	9.654622741128876529e-01
5.606999999999999762e-01	9.241652557477110230e-01
5.643000000000000238e-01	1.905688651635268460e+00
5.678999999999999604e-01	1.838825066621666116e+00
5.715000000000000080e-01	1.998367516461169613e+00
5.752000000000000446e-01	2.918519285588131673e+00
5.787999999999999812e-01	3.578796487951720451e+00
5.824000000000000288e-01	4.189481357645728821e+00
5.859999999999999654e-01	3.769515627042226757e+00
5.896000000000000130e-01	4.097216333163375523e+00
5.931999999999999496e-01	4.659868138347233568e+00
5.967999999999999972e-01	4.262190583110928799e+00
6.004000000000000448e-01	2.348891279573461777e+00
6.039999999999999813e-01	2.798393835667014162e+00
6.076000000000000290e-01	2.771180191313717067e+00
6.111999999999999655e-01	3.048295646742710918e+00
6.148000000000000131e-01	2.432621797892139170e+00
6.183999999999999497e-01	1.415961721535459628e+00
6.219999999999999973e-01	1.363127775703054656e+00
6.257000000000000339e-01	1.325141345785076474e+00
6.292999999999999705e-01	1.687154708814049719e+00
6.329000000000000181e-01	2.206153476585541728e+00
6.364999999999999547e-01	2.108187918346957623e+00
6.401000000000000023e-01	2.582555778339077790e+00
6.437000000000000499e-01	2.197203316823015395e+00
6.472999999999999865e-01	3.627901362846057687e+00
6.509000000000000341e-01	3.443834556656728552e+00
6.544999999999999707e-01	3.932418241581841389e+00
6.581000000000000183e-01	4.212888428041842381e+00
6.616999999999999549e-01	3.137441922976243802e+00
6.653000000000000025e-01	3.609972978919520514e+00
6.689000000000000501e-01	3.466537507369013227e+00
6.724999999999999867e-01	2.920443809437316851e+00
6.762000000000000233e-01	2.759109978851439493e+00
6.797999999999999599e-01	2.462841970606534758e+00
6.834000000000000075e-01	1.297662212528167824e+00
6.870000000000000551e-01	1.640711558191770614e+00
6.905999999999999917e-01	1.046170838528684977e+00
6.942000000000000393e-01	1.763423202344255980e+00
6.977999999999999758e-01	2.153783701344024415e+00
7.014000000000000234e-01	1.575941602965817534e+00
7.049999999999999600e-01	2.138255289181239860e+00
7.086000000000000076e-01	2.287347199442259615e+00
7.122000000000000552e-01	3.510649026726452959e+00
7.157999999999999918e-01	3.931871485846278880e+00
7.194000000000000394e-01	3.319014405423546421e+00
7.229999999999999760e-01	4.154527663133859683e+00
7.267000000000000126e-01	4.002202973852150514e+00
7.302999999999999492e-01	3.935933076499073646e+00
7.338999999999999968e-01	5.007913650343070344e+00
7.375000000000000444e-01	3.669510645032819873e+00
7.410999999999999810e-01	3.398353524838315209e+00
7.447000000000000286e-01	3.404060367005839360e+00
7.482999999999999652e-01	3.707149994994210385e+00
7.519000000000000128e-01	3.005596111083590039e+00
7.554999999999999494e-01	2.801446950244086409e+00
7.590999999999999970e-01	2.150375233715597467e+00
7.627000000000000446e-01	1.111969086017351227e+00
7.662999999999999812e-01	3.342325214312769521e+00
7.699000000000000288e-01	3.457518854279651777e+00
7.734999999999999654e-01	3.582272724866008229e+00
7.772000000000000020e-01	3.787347337158834648e+00
7.808000000000000496e-01	4.805473652149484742e+00
7.843999999999999861e-01	5.423170333769130380e+00
7.880000000000000338e-01	4.381059384932356693e+00
7.915999999999999703e-01	5.183836239858694128e+00
7.952000000000000179e-01	4.985149734990669934e+00
7.987999999999999545e-01	6.206402253907883804e+00
8.024000000000000021e-01	5.252182049519641183e+00
8.060000000000000497e-01	4.695233587073157189e+00
8.095999999999999863e-01	5.115347990049166960e+00
8.132000000000000339e-01	4.069088374558067045e+00
8.167999999999999705e-01	3.966874388092345605e+00
8.204000000000000181e-01	4.206999547500804404e+00
8.239999999999999547e-01	3.201705802811384505e+00
8.276999999999999913e-01	4.326552101592903377e+00
8.313000000000000389e-01	2.786695346518938798e+00
8.348999999999999755e-01	4.128412326757239903e+00
8.385000000000000231e-01	3.393652238631606810e+00
8.420999999999999597e-01	5.074710985464232493e+00
8.457000000000000073e-01	4.372010295667098312e+00
8.493000000000000549e-01	4.533600067115116872e+00
8.528999999999999915e-01	5.432803424215021160e+00
8.565000000000000391e-01	6.402161266827498309e+00
8.600999999999999757e-01	6.660614577682204107e+00
8.637000000000000233e-01	6.171483427268713129e+00
8.672999999999999599e-01	7.284509503018178123e+00
8.709000000000000075e-01	6.585818904376365523e+00
8.745000000000000551e-01	7.056471820059172728e+00
8.781999999999999806e-01	5.295012849842017033e+00
8.818000000000000282e-01	4.784464872026862103e+00
8.853999999999999648e-01	6.062058329969170600e+00
8.890000000000000124e-01	4.862974263689427978e+00
8.925999999999999490e-01	4.266026123491037936e+00
8.961999999999999966e-01	2.202543715930068036e+00
8.998000000000000442e-01	4.783774389381248326e+00
9.033999999999999808e-01	6.197924148143300727e+00
9.070000000000000284e-01	5.698205394818531389e+00
9.105999999999999650e-01	6.103325436295913953e+00
9.142000000000000126e-01	4.535355235818565589e+00
9.177999999999999492e-01	6.716574576621940906e+00
9.213999999999999968e-01	7.612594441474804796e+00
9.251000000000000334e-01	8.428354109529252014e+00
9.286999999999999700e-01	7.338885149746257497e+00
9.323000000000000176e-01	7.292653202584760130e+00
9.358999999999999542e-01	6.715188005804886728e+00
9.395000000000000018e-01	6.802088289108993990e+00
9.431000000000000494e-01	6.519421789847687165e+00
9.466999999999999860e-01	7.105867072315998456e+00
9.503000000000000336e-01	6.010307535006420565e+00
9.538999999999999702e-01	6.759981635866223471e+00
9.575000000000000178e-01	6.737236068155975310e+00
9.610999999999999543e-01	6.813344116616182333e+00
9.647000000000000020e-01	7.030161842826348817e+00
9.683000000000000496e-01	6.256110580310889624e+00
9.718999999999999861e-01	6.685218466613999766e+00
9.756000000000000227e-01	6.944559486214543220e+00
9.791999999999999593e-01	8.030743728654588409e+00
9.828000000000000069e-01	7.593770637476200847e+00
9.864000000000000545e-01	8.275072426714544349e+00
9.899999999999999911e-01	9.135505729098866823e+00
9.936000000000000387e-01	7.745734392206971464e+00
9.971999999999999753e-01	9.018310411238399382e+00
1.000799999999999912e+00	8.759493884607966407e+00
1.004399999999999959e+00	8.414870095455693644e+00
1.008000000000000007e+00	8.383101917456498242e+00
1.011600000000000055e+00	8.044830153830069719e+00
1.015200000000000102e+00	6.853414066092861745e+00
1.018799999999999928e+00	7.255913631956047105e+00
1.022399999999999975e+00	6.496897288902881762e+00
1.026100000000000012e+00	7.972684956747876583e+00
1.029700000000000060e+00	6.570055886516389165e+00
1.033300000000000107e+00	7.567720937890152655e+00
1.036899999999999933e+00	7.053640157834907498e+00
1.040499999999999980e+00	8.422369746645117061e+00
1.044100000000000028e+00	8.784507887255953662e+00
1.047700000000000076e+00	9.488343030559155622e+00
1.051299999999999901e+00	8.356948921719059342e+00
1.054899999999999949e+00	1.032022859669635295e+01
1.058499999999999996e+00	8.228701556845379628e+00
1.062100000000000044e+00	1.006333475481935658e+01
1.065700000000000092e+00	9.709700912705514497e+00
1.069299999999999917e+00	1.018686795357102781e+01
1.072899999999999965e+00	1.004463566279189024e+01
1.076600000000000001e+00	8.435498030288641758e+00
1.080200000000000049e+00	9.214781417170094358e+00
1.083800000000000097e+00	8.897462567557280266e+00
1.087399999999999922e+00	8.957995199206813197e+00
1.090999999999999970e+00	8.762677337958292512e+00
1.094600000000000017e+00	6.967602793330448741e+00
1.098200000000000065e+00	7.278708886689132740e+00
1.101799999999999891e+00	9.135299106430428751e+00
1.105399999999999938e+00	9.964329404042102212e+00
1.108999999999999986e+00	1.013928841645940260e+01
1.112600000000000033e+00	9.488052417441760866e+00
1.116200000000000081e+00	9.727254733988456081e+00
1.119799999999999907e+00	9.694137487386358387e+00
1.123399999999999954e+00	1.123536735082088356e+01
1.127099999999999991e+00	9.738787356351242153e+00
1.130700000000000038e+00	9.732247969540338772e+00
1.134300000000000086e+00	9.035420342510805725e+00
1.137899999999999912e+00	9.800975568865595733e+00
1.141499999999999959e+00	9.603352006682621678e+00
1.145100000000000007e+00	9.827579784938379248e+00
1.148700000000000054e+00	9.172318325767241376e+00
1.152300000000000102e+00	8.945986110897287347e+00
1.155899999999999928e+00	1.033001821398347531e+01
1.159499999999999975e+00	1.004460208651534359e+01
1.163100000000000023e+00	9.308859633727493588e+00
1.166700000000000070e+00	9.537436370782438999e+00
1.170299999999999896e+00	1.029810373923547751e+01
1.173899999999999944e+00	9.441476076578865673e+00
1.177599999999999980e+00	9.836906810443101890e+00
1.181200000000000028e+00	8.109569093093870862e+00
1.184800000000000075e+00	1.124186496762175480e+01
1.188399999999999901e+00	1.008951261381990427e+01
1.191999999999999948e+00	9.669546008936197978e+00
1.195599999999999996e+00	1.054247077711622183e+01
1.199200000000000044e+00	9.931196522673637617e+00
1.202800000000000091e+00	9.619997556553283147e+00
1.206399999999999917e+00	8.452757430296491847e+00
1.209999999999999964e+00	9.956856638463781550e+00
1.213600000000000012e+00	8.026013929180255246e+00
1.217200000000000060e+00	9.188747487375961143e+00
1.220800000000000107e+00	9.344162986359563661e+00
1.224399999999999933e+00	9.990213948299885516e+00
1.228099999999999969e+00	9.602767328509465017e+00
1.231700000000000017e+00	9.357968629174013842e+00
1.235300000000000065e+00	8.507996488774230315e+00
1.238899999999999890e+00	9.162970344073311679e+00
1.242499999999999938e+00	1.018073063066433726e+01
1.246099999999999985e+00	9.249852271745693244e+00
1.249700000000000033e+00	1.030478601822878204e+01
1.253300000000000081e+00	1.044715869658189611e+01
1.256899999999999906e+00	9.086804398754592782e+00
1.260499999999999954e+00	8.602314243279190364e+00
1.264100000000000001e+00	9.322014244538811667e+00
1.267700000000000049e+00	9.494588471062668233e+00
1.271300000000000097e+00	8.088545760315943411e+00
1.274899999999999922e+00	9.872291777365884258e+00
1.278599999999999959e+00	9.748614305640693090e+00
1.282200000000000006e+00	9.521989586646991910e+00
1.285800000000000054e+00	9.048885592706596981e+00
1.289400000000000102e+00	1.012555584156716471e+01
1.292999999999999927e+00	1.054182146032033884e+01
1.296599999999999975e+00	1.028596337334171551e+01
1.300200000000000022e+00	9.890395985764389053e+00
1.303800000000000070e+00	1.003523083269955052e+01
1.307399999999999896e+00	1.112176813399058872e+01
1.310999999999999943e+00	1.121093985625401501e+01
1.314599999999999991e+00	1.121401503625837748e+01
1.318200000000000038e+00	1.067437785390528582e+01
1.321800000000000086e+00	1.081445810584262368e+01
1.325499999999999901e+00	1.043118052797866113e+01
1.329099999999999948e+00	1.012873580884729385e+01
1.332699999999999996e+00	9.287655527463638094e+00
1.336300000000000043e+00	9.847202092364828019e+00
1.339900000000000091e+00	1.164904826359242840e+01
1.343499999999999917e+00	1.077588252641341882e+01
1.347099999999999964e+00	1.201848250965652909e+01
1.350700000000000012e+00	1.223261699563781590e+01
1.354300000000000059e+00	1.224662973464918991e+01
1.357900000000000107e+00	1.328957095845372294e+01
1.361499999999999932e+00	1.259730381147839751e+01
1.365099999999999980e+00	1.326191521203935864e+01
1.368700000000000028e+00	1.400661906448568139e+01
1.372300000000000075e+00	1.363682658914928325e+01
1.375999999999999890e+00	1.362928032925712607e+01
1.379599999999999937e+00	1.395344376843452139e+01
1.383199999999999985e+00	1.450375381606414393e+01
1.386800000000000033e+00	1.285583368522967262e+01
1.390400000000000080e+00	1.522142447996142778e+01
1.393999999999999906e+00	1.396670114870149959e+01
1.397599999999999953e+00	1.483723665418720827e+01
1.401200000000000001e+00	1.525047843815516480e+01
1.404800000000000049e+00	1.500558286841202893e+01
1.408400000000000096e+00	1.552637074900029290e+01
1.411999999999999922e+00	1.494982866604755323e+01
1.415599999999999969e+00	1.755516786666239426e+01
1.419200000000000017e+00	1.729746524514898454e+01
1.422800000000000065e+00	1.827291922509040845e+01
1.426500000000000101e+00	1.864847753485797099e+01
1.430099999999999927e+00	2.156444869880366966e+01
1.433699999999999974e+00	2.050938171338438920e+01
1.437300000000000022e+00	1.983031826479498960e+01
1.440900000000000070e+00	2.063844720933334642e+01
1.444499999999999895e+00	2.131465713792244188e+01
1.448099999999999943e+00	2.066757632337419182e+01
1.451699999999999990e+00	2.268464042719351426e+01
1.455300000000000038e+00	2.267429285016926244e+01
1.458900000000000086e+00	2.385763632817773328e+01
1.462499999999999911e+00	2.558809139294651658e+01
1.466099999999999959e+00	2.428030566118767553e+01
1.469700000000000006e+00	2.482839916718079110e+01
1.473300000000000054e+00	2.612557837135440764e+01
1.477000000000000091e+00	2.634214660680770592e+01
1.480599999999999916e+00	2.826454737102761072e+01
1.484199999999999964e+00	3.010030644390358390e+01
1.487800000000000011e+00	3.207452233103131789e+01
1.491400000000000059e+00	3.279899280791980232e+01
1.495000000000000107e+00	3.618747120979556797e+01
1.498599999999999932e+00	3.777120422686582657e+01
1.502199999999999980e+00	3.955719311086939172e+01
1.505800000000000027e+00	4.068919900715148685e+01
1.509400000000000075e+00	4.214546746465233440e+01
1.512999999999999901e+00	4.337582471417331220e+01
1.516599999999999948e+00	4.412055965317942707e+01
1.520199999999999996e+00	4.481648044382914264e+01
1.523800000000000043e+00	4.676969801509210356e+01
1.527500000000000080e+00	4.877992887125920163e+01
1.531099999999999905e+00	5.180743770639678303e+01
1.534699999999999953e+00	5.622625238462160269e+01
1.538300000000000001e+00	5.903561900057776057e+01
1.541900000000000048e+00	6.068040191025424690e+01
1.545500000000000096e+00	6.247489189909445173e+01
1.549099999999999921e+00	6.340968820804696549e+01
1.552699999999999969e+00	6.031169293675482379e+01
1.556300000000000017e+00	5.583053679234875943e+01
1.559900000000000064e+00	5.183499256351323936e+01
1.563499999999999890e+00	4.851915969665134298e+01
1.567099999999999937e+00	4.650799633003099842e+01
1.570699999999999985e+00	4.845491811981200669e+01
1.574300000000000033e+00	4.956453028379724657e+01
1.578000000000000069e+00	5.087182084434682849e+01
1.581599999999999895e+00	4.927457723449224858e+01
1.585199999999999942e+00	4.538660250243874827e+01
1.588799999999999990e+00	4.131041020328860469e+01
1.592400000000000038e+00	3.715991556132919271e+01
1.596000000000000085e+00	3.841758955376342044e+01
1.599599999999999911e+00	4.035051589625705049e+01
1.603199999999999958e+00	4.539008458698913984e+01
1.606800000000000006e+00	5.074223059133336733e+01
1.610400000000000054e+00	5.375776842851558257e+01
1.614000000000000101e+00	5.205397702931740866e+01
1.617599999999999927e+00	5.121666385926588561e+01
1.621199999999999974e+00	4.905535769961701220e+01
1.624800000000000022e+00	5.034108715050020777e+01
1.628500000000000059e+00	5.653880138848274584e+01
1.632100000000000106e+00	6.484693093243390649e+01
1.635699999999999932e+00	7.090485840945100904e+01
1.639299999999999979e+00	7.637374484059036206e+01
1.642900000000000027e+00	7.260290072347848422e+01
1.646500000000000075e+00	6.481355373316310420e+01
1.650099999999999900e+00	5.491254590530175506e+01
1.653699999999999948e+00	4.452617150622184994e+01
1.657299999999999995e+00	3.915492884466377177e+01
1.660900000000000043e+00	3.753642344623162330e+01
1.664500000000000091e+00	3.710352850502211197e+01
1.668099999999999916e+00	3.811341485041732824e+01
1.671699999999999964e+00	3.853036531032906709e+01
1.675400000000000000e+00	3.725830352053551309e+01
1.679000000000000048e+00	3.932867326434920585e+01
1.682600000000000096e+00	3.557108269492761821e+01
1.686199999999999921e+00	3.635823408641307708e+01
1.689799999999999969e+00	3.609631383033887175e+01
1.693400000000000016e+00	3.602250028797510595e+01
1.697000000000000064e+00	3.478526510428450536e+01
1.700599999999999890e+00	3.599826153689872399e+01
1.704199999999999937e+00	3.348271969630063438e+01
1.707799999999999985e+00	3.233309851254313116e+01
1.711400000000000032e+00	2.952327477942262490e+01
1.715000000000000080e+00	2.847590346836120290e+01
1.718599999999999905e+00	2.679082649491556367e+01
1.722199999999999953e+00	2.822418268507452410e+01
1.725899999999999990e+00	2.607436593726357899e+01
1.729500000000000037e+00	2.471618109050238843e+01
1.733100000000000085e+00	2.538540627462612775e+01
1.736699999999999910e+00	2.535573509182812657e+01
1.740299999999999958e+00	2.402807005270011587e+01
1.743900000000000006e+00	2.357026164086686393e+01
1.747500000000000053e+00	2.350302478264919515e+01
1.751100000000000101e+00	2.370135551321091683e+01
1.754699999999999926e+00	2.341501213639206114e+01
1.758299999999999974e+00	2.282989736640885425e+01
1.761900000000000022e+00	2.234303760970546193e+01
1.765500000000000069e+00	2.155958525910117274e+01
1.769099999999999895e+00	2.371173424435686883e+01
1.772699999999999942e+00	2.270112424530401185e+01
1.776399999999999979e+00	2.355055956954817020e+01
1.780000000000000027e+00	2.406839407046588164e+01
1.783600000000000074e+00	2.333889947236040641e+01
1.787199999999999900e+00	2.350250919517568349e+01
1.790799999999999947e+00	2.320437326997527450e+01
1.794399999999999995e+00	2.301398286387577130e+01
1.798000000000000043e+00	2.368626854339744270e+01
1.801600000000000090e+00	2.277346671536680844e+01
1.805199999999999916e+00	2.236339088647097739e+01
1.808799999999999963e+00	2.346457230073650990e+01
1.812400000000000011e+00	2.230825875849732753e+01
1.816000000000000059e+00	2.313771249555108156e+01
1.819600000000000106e+00	2.291105155264026294e+01
1.823199999999999932e+00	2.296870056496224777e+01
1.826899999999999968e+00	2.098837802710858824e+01
1.830500000000000016e+00	2.149286736109325702e+01
1.834100000000000064e+00	2.156839275400369971e+01
1.837699999999999889e+00	2.167006352736879293e+01
1.841299999999999937e+00	2.158251776218837037e+01
1.844899999999999984e+00	2.181795464834653941e+01
1.848500000000000032e+00	2.146905812884503106e+01
1.852100000000000080e+00	2.230819591560732462e+01
1.855699999999999905e+00	2.215389416719774474e+01
1.859299999999999953e+00	2.399723434678097789e+01
1.862900000000000000e+00	2.430697838259617072e+01
1.866500000000000048e+00	2.253639158540499210e+01
1.870100000000000096e+00	2.421185597759240338e+01
1.873699999999999921e+00	2.259157135591851784e+01
1.877399999999999958e+00	2.422622639372207942e+01
1.881000000000000005e+00	2.399784171603031524e+01
1.884600000000000053e+00	2.502210961412395918e+01
1.888200000000000101e+00	2.606513343990733134e+01
1.891799999999999926e+00	2.795869533819171693e+01
1.895399999999999974e+00	2.827355580405401270e+01
1.899000000000000021e+00	2.830424226335603421e+01
1.902600000000000069e+00	2.820217188684435072e+01
1.906199999999999894e+00	2.695423748634694761e+01
1.909799999999999942e+00	2.599229394544633109e+01
1.913399999999999990e+00	2.669168790439679739e+01
1.917000000000000037e+00	2.666567940645730062e+01
1.920600000000000085e+00	2.798449109819641478e+01
1.924199999999999910e+00	2.860606675569528790e+01
1.927899999999999947e+00	2.802815634082448071e+01
1.931499999999999995e+00	2.809602070978089472e+01
1.935100000000000042e+00	2.730434568545032548e+01
1.938700000000000090e+00	2.642824345514879525e+01
1.942299999999999915e+00	2.751872292661701991e+01
1.945899999999999963e+00	2.762686177994416781e+01
1.949500000000000011e+00	2.747702354004500691e+01
1.953100000000000058e+00	2.921334637390821953e+01
1.956700000000000106e+00	3.058416129595086730e+01
1.960299999999999931e+00	2.938305688929910175e+01
1.963899999999999979e+00	3.046354817484600375e+01
1.967500000000000027e+00	3.020263584554939484e+01
1.971100000000000074e+00	2.924457042052971190e+01
1.974699999999999900e+00	2.944479902700959784e+01
1.978399999999999936e+00	2.906016030358991742e+01
1.981999999999999984e+00	2.788157630560805700e+01
1.985600000000000032e+00	2.877504237759807992e+01
1.989200000000000079e+00	3.057975573143331260e+01
1.992799999999999905e+00	3.153375586674634690e+01
1.996399999999999952e+00	3.591859904552068627e+01
2.000000000000000000e+00	4.036522677069030607e+01
