2.000000000000000111e-01	-2.007000000000000117e+00
2.036000000000000032e-01	-1.997000000000000108e+00
2.071999999999999953e-01	-1.921899999999999942e+00
2.107999999999999874e-01	-1.797600000000000087e+00
2.144000000000000072e-01	-1.639999999999999902e+00
2.179999999999999993e-01	-1.465000000000000080e+00
2.215999999999999914e-01	-1.288499999999999979e+00
2.253000000000000003e-01	-1.126500000000000057e+00
2.288999999999999924e-01	-9.948000000000000176e-01
2.325000000000000122e-01	-9.082999999999999963e-01
2.361000000000000043e-01	-8.697000000000000286e-01
2.396999999999999964e-01	-8.745000000000000551e-01
2.432999999999999885e-01	-9.181000000000000272e-01
2.469000000000000083e-01	-9.955000000000000515e-01
2.505000000000000004e-01	-1.098400000000000043e+00
2.540999999999999925e-01	-1.214800000000000102e+00
2.576999999999999846e-01	-1.332799999999999985e+00
2.612999999999999767e-01	-1.440499999999999892e+00
2.649000000000000243e-01	-1.525800000000000045e+00
2.685000000000000164e-01	-1.576100000000000056e+00
2.721000000000000085e-01	-1.579199999999999937e+00
2.757999999999999896e-01	-1.522699999999999942e+00
2.793999999999999817e-01	-1.403399999999999981e+00
2.829999999999999738e-01	-1.237700000000000022e+00
2.866000000000000214e-01	-1.044899999999999940e+00
2.902000000000000135e-01	-8.440999999999999615e-01
2.938000000000000056e-01	-6.530000000000000249e-01
2.973999999999999977e-01	-4.842000000000000193e-01
3.009999999999999898e-01	-3.492000000000000104e-01
3.045999999999999819e-01	-2.595000000000000084e-01
3.081999999999999740e-01	-2.250000000000000056e-01
3.118000000000000216e-01	-2.464000000000000079e-01
3.154000000000000137e-01	-3.216999999999999860e-01
3.190000000000000058e-01	-4.486999999999999877e-01
3.225999999999999979e-01	-6.232999999999999652e-01
3.262999999999999790e-01	-8.247999999999999776e-01
3.299000000000000266e-01	-1.023800000000000043e+00
3.335000000000000187e-01	-1.190299999999999914e+00
3.371000000000000107e-01	-1.296000000000000041e+00
3.407000000000000028e-01	-1.332899999999999974e+00
3.442999999999999949e-01	-1.309700000000000086e+00
3.478999999999999870e-01	-1.235800000000000010e+00
3.514999999999999791e-01	-1.120600000000000041e+00
3.551000000000000267e-01	-9.747999999999999998e-01
3.587000000000000188e-01	-8.111000000000000432e-01
3.623000000000000109e-01	-6.421999999999999931e-01
3.659000000000000030e-01	-4.807000000000000162e-01
3.694999999999999951e-01	-3.392999999999999905e-01
3.730999999999999872e-01	-2.300999999999999990e-01
3.768000000000000238e-01	-1.653000000000000025e-01
3.804000000000000159e-01	-1.570999999999999897e-01
3.840000000000000080e-01	-2.111000000000000099e-01
3.876000000000000001e-01	-3.138000000000000234e-01
3.911999999999999922e-01	-4.479000000000000203e-01
3.947999999999999843e-01	-5.963000000000000522e-01
3.983999999999999764e-01	-7.418000000000000149e-01
4.020000000000000240e-01	-8.685000000000000497e-01
4.056000000000000161e-01	-9.603000000000000425e-01
4.092000000000000082e-01	-1.001300000000000079e+00
4.128000000000000003e-01	-9.784000000000000474e-01
4.163999999999999924e-01	-8.981000000000000094e-01
4.199999999999999845e-01	-7.769000000000000350e-01
4.235999999999999766e-01	-6.308000000000000274e-01
4.273000000000000131e-01	-4.761000000000000232e-01
4.309000000000000052e-01	-3.261000000000000010e-01
4.344999999999999973e-01	-1.922999999999999987e-01
4.380999999999999894e-01	-8.630000000000000171e-02
4.416999999999999815e-01	-1.919999999999999832e-02
4.452999999999999736e-01	5.100000000000000366e-03
4.489000000000000212e-01	-9.499999999999999764e-03
4.525000000000000133e-01	-5.840000000000000052e-02
4.561000000000000054e-01	-1.371999999999999886e-01
4.596999999999999975e-01	-2.358999999999999986e-01
4.632999999999999896e-01	-3.361000000000000099e-01
4.668999999999999817e-01	-4.181000000000000272e-01
4.704999999999999738e-01	-4.625000000000000222e-01
4.741000000000000214e-01	-4.561999999999999944e-01
4.778000000000000025e-01	-4.018999999999999795e-01
4.813999999999999946e-01	-3.050999999999999823e-01
4.849999999999999867e-01	-1.713000000000000078e-01
4.885999999999999788e-01	-7.799999999999999642e-03
4.922000000000000264e-01	1.696000000000000008e-01
4.958000000000000185e-01	3.428999999999999826e-01
4.994000000000000106e-01	4.941999999999999726e-01
5.030000000000000027e-01	6.068999999999999950e-01
5.066000000000000503e-01	6.737999999999999545e-01
5.101999999999999869e-01	6.912000000000000366e-01
5.138000000000000345e-01	6.555999999999999606e-01
5.173999999999999710e-01	5.648999999999999577e-01
5.210000000000000187e-01	4.350999999999999868e-01
5.245999999999999552e-01	2.933999999999999941e-01
5.282999999999999918e-01	1.673000000000000043e-01
5.319000000000000394e-01	8.350000000000000477e-02
5.354999999999999760e-01	5.739999999999999963e-02
5.391000000000000236e-01	9.289999999999999647e-02
5.426999999999999602e-01	1.935000000000000053e-01
5.463000000000000078e-01	3.624999999999999889e-01
5.499000000000000554e-01	5.905000000000000249e-01
5.534999999999999920e-01	8.491999999999999549e-01
5.571000000000000396e-01	1.109099999999999975e+00
5.606999999999999762e-01	1.340600000000000014e+00
5.643000000000000238e-01	1.522199999999999998e+00
5.678999999999999604e-01	1.649599999999999955e+00
5.715000000000000080e-01	1.721300000000000052e+00
5.752000000000000446e-01	1.735400000000000054e+00
5.787999999999999812e-01	1.693300000000000027e+00
5.824000000000000288e-01	1.606200000000000072e+00
5.859999999999999654e-01	1.487999999999999989e+00
5.896000000000000130e-01	1.352300000000000058e+00
5.931999999999999496e-01	1.213400000000000034e+00
5.967999999999999972e-01	1.088300000000000045e+00
6.004000000000000448e-01	9.952999999999999625e-01
6.039999999999999813e-01	9.525000000000000133e-01
6.076000000000000290e-01	9.765000000000000346e-01
6.111999999999999655e-01	1.067499999999999893e+00
6.148000000000000131e-01	1.216399999999999926e+00
6.183999999999999497e-01	1.414299999999999891e+00
6.219999999999999973e-01	1.651599999999999957e+00
6.257000000000000339e-01	1.909000000000000030e+00
6.292999999999999705e-01	2.158500000000000085e+00
6.329000000000000181e-01	2.371999999999999886e+00
6.364999999999999547e-01	2.521999999999999797e+00
6.401000000000000023e-01	2.596900000000000208e+00
6.437000000000000499e-01	2.606199999999999850e+00
6.472999999999999865e-01	2.560299999999999798e+00
6.509000000000000341e-01	2.469800000000000217e+00
6.544999999999999707e-01	2.347199999999999953e+00
6.581000000000000183e-01	2.208299999999999930e+00
6.616999999999999549e-01	2.069399999999999906e+00
6.653000000000000025e-01	1.946900000000000075e+00
6.689000000000000501e-01	1.855399999999999938e+00
6.724999999999999867e-01	1.805099999999999927e+00
6.762000000000000233e-01	1.805099999999999927e+00
6.797999999999999599e-01	1.864700000000000024e+00
6.834000000000000075e-01	1.989300000000000068e+00
6.870000000000000551e-01	2.166399999999999881e+00
6.905999999999999917e-01	2.378099999999999881e+00
6.942000000000000393e-01	2.606199999999999850e+00
6.977999999999999758e-01	2.833200000000000163e+00
7.014000000000000234e-01	3.043600000000000083e+00
7.049999999999999600e-01	3.223300000000000054e+00
7.086000000000000076e-01	3.358200000000000074e+00
7.122000000000000552e-01	3.435200000000000031e+00
7.157999999999999918e-01	3.457599999999999785e+00
7.194000000000000394e-01	3.440799999999999859e+00
7.229999999999999760e-01	3.400300000000000100e+00
7.267000000000000126e-01	3.351799999999999891e+00
7.302999999999999492e-01	3.312899999999999956e+00
7.338999999999999968e-01	3.303700000000000081e+00
7.375000000000000444e-01	3.344300000000000050e+00
7.410999999999999810e-01	3.454400000000000137e+00
7.447000000000000286e-01	3.635499999999999954e+00
7.482999999999999652e-01	3.857800000000000118e+00
7.519000000000000128e-01	4.088400000000000034e+00
7.554999999999999494e-01	4.294500000000000206e+00
7.590999999999999970e-01	4.452799999999999869e+00
7.627000000000000446e-01	4.565999999999999837e+00
7.662999999999999812e-01	4.640699999999999825e+00
7.699000000000000288e-01	4.683500000000000441e+00
7.734999999999999654e-01	4.699699999999999989e+00
7.772000000000000020e-01	4.688600000000000101e+00
7.808000000000000496e-01	4.647800000000000153e+00
7.843999999999999861e-01	4.575199999999999712e+00
7.880000000000000338e-01	4.470200000000000173e+00
7.915999999999999703e-01	4.345699999999999896e+00
7.952000000000000179e-01	4.219699999999999562e+00
7.987999999999999545e-01	4.110500000000000043e+00
8.024000000000000021e-01	4.035499999999999865e+00
8.060000000000000497e-01	4.001999999999999780e+00
8.095999999999999863e-01	4.011099999999999888e+00
8.132000000000000339e-01	4.063799999999999635e+00
8.167999999999999705e-01	4.160599999999999632e+00
8.204000000000000181e-01	4.292099999999999582e+00
8.239999999999999547e-01	4.439300000000000246e+00
8.276999999999999913e-01	4.582900000000000418e+00
8.313000000000000389e-01	4.703400000000000247e+00
8.348999999999999755e-01	4.788100000000000023e+00
8.385000000000000231e-01	4.833199999999999719e+00
8.420999999999999597e-01	4.835799999999999876e+00
8.457000000000000073e-01	4.793199999999999683e+00
8.493000000000000549e-01	4.711999999999999744e+00
8.528999999999999915e-01	4.620400000000000063e+00
8.565000000000000391e-01	4.549500000000000099e+00
8.600999999999999757e-01	4.530499999999999972e+00
8.637000000000000233e-01	4.583300000000000374e+00
8.672999999999999599e-01	4.685900000000000176e+00
8.709000000000000075e-01	4.807100000000000151e+00
8.745000000000000551e-01	4.915799999999999947e+00
8.781999999999999806e-01	4.985199999999999854e+00
8.818000000000000282e-01	5.013600000000000279e+00
8.853999999999999648e-01	5.008700000000000152e+00
8.890000000000000124e-01	4.978200000000000180e+00
8.925999999999999490e-01	4.929499999999999993e+00
8.961999999999999966e-01	4.867700000000000138e+00
8.998000000000000442e-01	4.796499999999999986e+00
9.033999999999999808e-01	4.719699999999999562e+00
9.070000000000000284e-01	4.640900000000000247e+00
9.105999999999999650e-01	4.559999999999999609e+00
9.142000000000000126e-01	4.473499999999999588e+00
9.177999999999999492e-01	4.378000000000000114e+00
9.213999999999999968e-01	4.270299999999999763e+00
9.251000000000000334e-01	4.155700000000000394e+00
9.286999999999999700e-01	4.050099999999999589e+00
9.323000000000000176e-01	3.970600000000000129e+00
9.358999999999999542e-01	3.933899999999999952e+00
9.395000000000000018e-01	3.945199999999999818e+00
9.431000000000000494e-01	3.986400000000000166e+00
9.466999999999999860e-01	4.036599999999999966e+00
9.503000000000000336e-01	4.075300000000000367e+00
9.538999999999999702e-01	4.090099999999999625e+00
9.575000000000000178e-01	4.096199999999999619e+00
9.610999999999999543e-01	4.113900000000000112e+00
9.647000000000000020e-01	4.163400000000000212e+00
9.683000000000000496e-01	4.258899999999999686e+00
9.718999999999999861e-01	4.383099999999999774e+00
9.756000000000000227e-01	4.509100000000000108e+00
9.791999999999999593e-01	4.610000000000000320e+00
9.828000000000000069e-01	4.661599999999999966e+00
9.864000000000000545e-01	4.663999999999999702e+00
9.899999999999999911e-01	4.628899999999999793e+00
9.936000000000000387e-01	4.568200000000000038e+00
9.971999999999999753e-01	4.493199999999999861e+00
1.000799999999999912e+00	4.408000000000000362e+00
1.004399999999999959e+00	4.310699999999999754e+00
1.008000000000000007e+00	4.199600000000000222e+00
1.011600000000000055e+00	4.073199999999999932e+00
1.015200000000000102e+00	3.938699999999999868e+00
1.018799999999999928e+00	3.813299999999999912e+00
1.022399999999999975e+00	3.714799999999999880e+00
1.026100000000000012e+00	3.660800000000000054e+00
1.029700000000000060e+00	3.658300000000000107e+00
1.033300000000000107e+00	3.695600000000000218e+00
1.036899999999999933e+00	3.759100000000000108e+00
1.040499999999999980e+00	3.835399999999999920e+00
1.044100000000000028e+00	3.914800000000000058e+00
1.047700000000000076e+00	3.998200000000000198e+00
1.051299999999999901e+00	4.088199999999999612e+00
1.054899999999999949e+00	4.187400000000000233e+00
1.058499999999999996e+00	4.294599999999999973e+00
1.062100000000000044e+00	4.391899999999999693e+00
1.065700000000000092e+00	4.457099999999999618e+00
1.069299999999999917e+00	4.467699999999999783e+00
1.072899999999999965e+00	4.407600000000000406e+00
1.076600000000000001e+00	4.303399999999999892e+00
1.080200000000000049e+00	4.199900000000000411e+00
1.083800000000000097e+00	4.142199999999999882e+00
1.087399999999999922e+00	4.171000000000000263e+00
1.090999999999999970e+00	4.277199999999999669e+00
1.094600000000000017e+00	4.418999999999999595e+00
1.098200000000000065e+00	4.553600000000000314e+00
1.101799999999999891e+00	4.639899999999999913e+00
1.105399999999999938e+00	4.666500000000000092e+00
1.108999999999999986e+00	4.651699999999999946e+00
1.112600000000000033e+00	4.615300000000000402e+00
1.116200000000000081e+00	4.576699999999999768e+00
1.119799999999999907e+00	4.542300000000000004e+00
1.123399999999999954e+00	4.498700000000000365e+00
1.127099999999999991e+00	4.430799999999999628e+00
1.130700000000000038e+00	4.323800000000000310e+00
1.134300000000000086e+00	4.182800000000000296e+00
1.137899999999999912e+00	4.059999999999999609e+00
1.141499999999999959e+00	4.014499999999999957e+00
1.145100000000000007e+00	4.105400000000000382e+00
1.148700000000000054e+00	4.363299999999999734e+00
1.152300000000000102e+00	4.713400000000000034e+00
1.155899999999999928e+00	5.056700000000000195e+00
1.159499999999999975e+00	5.293700000000000294e+00
1.163100000000000023e+00	5.345399999999999707e+00
1.166700000000000070e+00	5.251699999999999591e+00
1.170299999999999896e+00	5.096799999999999997e+00
1.173899999999999944e+00	4.964999999999999858e+00
1.177599999999999980e+00	4.933399999999999785e+00
1.181200000000000028e+00	5.006800000000000139e+00
1.184800000000000075e+00	5.148500000000000298e+00
1.188399999999999901e+00	5.321200000000000152e+00
1.191999999999999948e+00	5.487800000000000011e+00
1.195599999999999996e+00	5.619299999999999962e+00
1.199200000000000044e+00	5.692800000000000082e+00
1.202800000000000091e+00	5.685999999999999943e+00
1.206399999999999917e+00	5.577200000000000379e+00
1.209999999999999964e+00	5.376000000000000334e+00
1.213600000000000012e+00	5.133499999999999730e+00
1.217200000000000060e+00	4.903400000000000425e+00
1.220800000000000107e+00	4.739399999999999835e+00
1.224399999999999933e+00	4.671000000000000263e+00
1.228099999999999969e+00	4.678600000000000314e+00
1.231700000000000017e+00	4.736299999999999955e+00
1.235300000000000065e+00	4.818399999999999572e+00
1.238899999999999890e+00	4.904600000000000293e+00
1.242499999999999938e+00	4.991100000000000314e+00
1.246099999999999985e+00	5.077600000000000335e+00
1.249700000000000033e+00	5.163800000000000168e+00
1.253300000000000081e+00	5.248599999999999710e+00
1.256899999999999906e+00	5.326200000000000045e+00
1.260499999999999954e+00	5.389599999999999724e+00
1.264100000000000001e+00	5.431799999999999962e+00
1.267700000000000049e+00	5.446299999999999919e+00
1.271300000000000097e+00	5.432000000000000384e+00
1.274899999999999922e+00	5.390799999999999592e+00
1.278599999999999959e+00	5.324300000000000033e+00
1.282200000000000006e+00	5.235100000000000087e+00
1.285800000000000054e+00	5.137500000000000178e+00
1.289400000000000102e+00	5.054899999999999949e+00
1.292999999999999927e+00	5.011000000000000121e+00
1.296599999999999975e+00	5.028599999999999959e+00
1.300200000000000022e+00	5.108299999999999841e+00
1.303800000000000070e+00	5.224899999999999878e+00
1.307399999999999896e+00	5.351300000000000168e+00
1.310999999999999943e+00	5.460899999999999643e+00
1.314599999999999991e+00	5.538499999999999979e+00
1.318200000000000038e+00	5.589900000000000091e+00
1.321800000000000086e+00	5.622600000000000264e+00
1.325499999999999901e+00	5.644400000000000084e+00
1.329099999999999948e+00	5.659900000000000375e+00
1.332699999999999996e+00	5.665399999999999991e+00
1.336300000000000043e+00	5.655599999999999739e+00
1.339900000000000091e+00	5.625399999999999956e+00
1.343499999999999917e+00	5.573000000000000398e+00
1.347099999999999964e+00	5.511199999999999655e+00
1.350700000000000012e+00	5.457300000000000040e+00
1.354300000000000059e+00	5.428300000000000125e+00
1.357900000000000107e+00	5.439300000000000246e+00
1.361499999999999932e+00	5.491600000000000037e+00
1.365099999999999980e+00	5.580000000000000071e+00
1.368700000000000028e+00	5.699699999999999989e+00
1.372300000000000075e+00	5.845100000000000406e+00
1.375999999999999890e+00	6.006499999999999950e+00
1.379599999999999937e+00	6.170899999999999608e+00
1.383199999999999985e+00	6.325400000000000134e+00
1.386800000000000033e+00	6.457499999999999574e+00
1.390400000000000080e+00	6.565699999999999648e+00
1.393999999999999906e+00	6.659900000000000375e+00
1.397599999999999953e+00	6.750499999999999723e+00
1.401200000000000001e+00	6.847599999999999909e+00
1.404800000000000049e+00	6.949099999999999611e+00
1.408400000000000096e+00	7.033599999999999852e+00
1.411999999999999922e+00	7.078000000000000291e+00
1.415599999999999969e+00	7.059199999999999697e+00
1.419200000000000017e+00	6.969699999999999562e+00
1.422800000000000065e+00	6.839000000000000412e+00
1.426500000000000101e+00	6.701699999999999768e+00
1.430099999999999927e+00	6.592600000000000016e+00
1.433699999999999974e+00	6.539600000000000080e+00
1.437300000000000022e+00	6.544299999999999784e+00
1.440900000000000070e+00	6.601799999999999891e+00
1.444499999999999895e+00	6.707399999999999807e+00
1.448099999999999943e+00	6.854099999999999859e+00
1.451699999999999990e+00	7.020900000000000141e+00
1.455300000000000038e+00	7.181300000000000239e+00
1.458900000000000086e+00	7.309000000000000163e+00
1.462499999999999911e+00	7.380700000000000038e+00
1.466099999999999959e+00	7.405599999999999739e+00
1.469700000000000006e+00	7.411999999999999922e+00
1.473300000000000054e+00	7.428300000000000125e+00
1.477000000000000091e+00	7.481099999999999639e+00
1.480599999999999916e+00	7.554599999999999760e+00
1.484199999999999964e+00	7.596199999999999619e+00
1.487800000000000011e+00	7.551300000000000345e+00
1.491400000000000059e+00	7.367200000000000415e+00
1.495000000000000107e+00	7.050200000000000244e+00
1.498599999999999932e+00	6.687100000000000044e+00
1.502199999999999980e+00	6.370499999999999829e+00
1.505800000000000027e+00	6.192599999999999660e+00
1.509400000000000075e+00	6.197199999999999598e+00
1.512999999999999901e+00	6.326600000000000001e+00
1.516599999999999948e+00	6.510699999999999932e+00
1.520199999999999996e+00	6.679400000000000226e+00
1.523800000000000043e+00	6.781900000000000261e+00
1.527500000000000080e+00	6.831699999999999662e+00
1.531099999999999905e+00	6.855500000000000149e+00
1.534699999999999953e+00	6.879800000000000360e+00
1.538300000000000001e+00	6.925300000000000011e+00
1.541900000000000048e+00	6.981300000000000061e+00
1.545500000000000096e+00	7.027099999999999902e+00
1.549099999999999921e+00	7.041699999999999626e+00
1.552699999999999969e+00	7.008200000000000429e+00
1.556300000000000017e+00	6.944600000000000328e+00
1.559900000000000064e+00	6.886400000000000077e+00
1.563499999999999890e+00	6.869699999999999918e+00
1.567099999999999937e+00	6.927900000000000169e+00
1.570699999999999985e+00	7.060299999999999798e+00
1.574300000000000033e+00	7.238900000000000112e+00
1.578000000000000069e+00	7.434999999999999609e+00
1.581599999999999895e+00	7.620499999999999829e+00
1.585199999999999942e+00	7.786400000000000432e+00
1.588799999999999990e+00	7.946500000000000341e+00
1.592400000000000038e+00	8.115899999999999892e+00
1.596000000000000085e+00	8.309400000000000119e+00
1.599599999999999911e+00	8.529999999999999361e+00
1.603199999999999958e+00	8.758200000000000429e+00
1.606800000000000006e+00	8.972500000000000142e+00
1.610400000000000054e+00	9.151300000000000878e+00
1.614000000000000101e+00	9.285000000000000142e+00
1.617599999999999927e+00	9.397700000000000387e+00
1.621199999999999974e+00	9.519700000000000273e+00
1.624800000000000022e+00	9.680999999999999162e+00
1.628500000000000059e+00	9.900600000000000733e+00
1.632100000000000106e+00	1.014630000000000010e+01
1.635699999999999932e+00	1.037149999999999928e+01
1.639299999999999979e+00	1.052950000000000053e+01
1.642900000000000027e+00	1.058919999999999995e+01
1.646500000000000075e+00	1.063279999999999959e+01
1.650099999999999900e+00	1.079310000000000080e+01
1.653699999999999948e+00	1.120359999999999978e+01
1.657299999999999995e+00	1.197899999999999920e+01
1.660900000000000043e+00	1.299990000000000023e+01
1.664500000000000091e+00	1.398509999999999920e+01
1.668099999999999916e+00	1.465019999999999989e+01
1.671699999999999964e+00	1.472109999999999985e+01
1.675400000000000000e+00	1.417859999999999943e+01
1.679000000000000048e+00	1.326950000000000074e+01
1.682600000000000096e+00	1.225350000000000072e+01
1.686199999999999921e+00	1.138829999999999920e+01
1.689799999999999969e+00	1.082269999999999932e+01
1.693400000000000016e+00	1.053340000000000032e+01
1.697000000000000064e+00	1.048119999999999941e+01
1.700599999999999890e+00	1.062739999999999974e+01
1.704199999999999937e+00	1.090010000000000012e+01
1.707799999999999985e+00	1.114700000000000024e+01
1.711400000000000032e+00	1.120400000000000063e+01
1.715000000000000080e+00	1.090659999999999918e+01
1.718599999999999905e+00	1.016259999999999941e+01
1.722199999999999953e+00	9.160399999999999210e+00
1.725899999999999990e+00	8.157000000000000028e+00
1.729500000000000037e+00	7.409200000000000230e+00
1.733100000000000085e+00	7.125799999999999912e+00
1.736699999999999910e+00	7.210899999999999643e+00
1.740299999999999958e+00	7.450199999999999712e+00
1.743900000000000006e+00	7.629299999999999748e+00
1.747500000000000053e+00	7.552800000000000402e+00
1.751100000000000101e+00	7.232099999999999973e+00
1.754699999999999926e+00	6.802900000000000169e+00
1.758299999999999974e+00	6.402400000000000091e+00
1.761900000000000022e+00	6.162600000000000300e+00
1.765500000000000069e+00	6.108299999999999841e+00
1.769099999999999895e+00	6.165700000000000180e+00
1.772699999999999942e+00	6.257500000000000284e+00
1.776399999999999979e+00	6.307299999999999685e+00
1.780000000000000027e+00	6.281200000000000117e+00
1.783600000000000074e+00	6.204399999999999693e+00
1.787199999999999900e+00	6.106399999999999828e+00
1.790799999999999947e+00	6.016700000000000159e+00
1.794399999999999995e+00	5.955899999999999750e+00
1.798000000000000043e+00	5.926199999999999690e+00
1.801600000000000090e+00	5.927200000000000024e+00
1.805199999999999916e+00	5.958700000000000330e+00
1.808799999999999963e+00	6.011099999999999888e+00
1.812400000000000011e+00	6.044200000000000017e+00
1.816000000000000059e+00	6.011199999999999655e+00
1.819600000000000106e+00	5.865599999999999703e+00
1.823199999999999932e+00	5.577600000000000335e+00
1.826899999999999968e+00	5.211000000000000298e+00
1.830500000000000016e+00	4.860599999999999810e+00
1.834100000000000064e+00	4.621199999999999974e+00
1.837699999999999889e+00	4.575499999999999901e+00
1.841299999999999937e+00	4.696900000000000297e+00
1.844899999999999984e+00	4.900900000000000034e+00
1.848500000000000032e+00	5.102699999999999569e+00
1.852100000000000080e+00	5.221099999999999852e+00
1.855699999999999905e+00	5.232899999999999885e+00
1.859299999999999953e+00	5.161599999999999966e+00
1.862900000000000000e+00	5.032099999999999795e+00
1.866500000000000048e+00	4.869200000000000195e+00
1.870100000000000096e+00	4.692099999999999937e+00
1.873699999999999921e+00	4.513399999999999856e+00
1.877399999999999958e+00	4.345399999999999707e+00
1.881000000000000005e+00	4.200199999999999712e+00
1.884600000000000053e+00	4.087399999999999700e+00
1.888200000000000101e+00	4.011599999999999611e+00
1.891799999999999926e+00	3.976999999999999869e+00
1.895399999999999974e+00	3.987400000000000055e+00
1.899000000000000021e+00	4.039100000000000357e+00
1.902600000000000069e+00	4.105000000000000426e+00
1.906199999999999894e+00	4.153599999999999959e+00
1.909799999999999942e+00	4.153800000000000381e+00
1.913399999999999990e+00	4.082900000000000418e+00
1.917000000000000037e+00	3.958400000000000141e+00
1.920600000000000085e+00	3.809600000000000097e+00
1.924199999999999910e+00	3.665700000000000180e+00
1.927899999999999947e+00	3.554499999999999993e+00
1.931499999999999995e+00	3.494000000000000217e+00
1.935100000000000042e+00	3.497100000000000097e+00
1.938700000000000090e+00	3.576900000000000190e+00
1.942299999999999915e+00	3.744400000000000173e+00
1.945899999999999963e+00	3.981700000000000017e+00
1.949500000000000011e+00	4.250799999999999912e+00
1.953100000000000058e+00	4.512999999999999901e+00
1.956700000000000106e+00	4.730599999999999916e+00
1.960299999999999931e+00	4.882100000000000328e+00
1.963899999999999979e+00	4.963799999999999990e+00
1.967500000000000027e+00	4.972900000000000098e+00
1.971100000000000074e+00	4.906900000000000261e+00
1.974699999999999900e+00	4.779700000000000060e+00
1.978399999999999936e+00	4.631999999999999673e+00
1.981999999999999984e+00	4.506899999999999906e+00
1.985600000000000032e+00	4.447799999999999976e+00
1.989200000000000079e+00	4.497700000000000031e+00
1.992799999999999905e+00	4.700000000000000178e+00
1.996399999999999952e+00	5.097699999999999676e+00
2.000000000000000000e+00	5.733999999999999986e+00
