2.000000000000000111e-01	1.156764627914457222e-01
2.036000000000000032e-01	-4.040635549413732486e-01
2.071999999999999953e-01	-1.000784808501984147e+00
2.107999999999999874e-01	-9.151509526507870529e-01
2.144000000000000072e-01	-2.265687023295548830e+00
2.179999999999999993e-01	-1.368220592617605869e+00
2.215999999999999914e-01	-8.805634475906495284e-01
2.253000000000000003e-01	-3.751783651462656799e-01
2.288999999999999924e-01	1.400049557713205495e-01
2.325000000000000122e-01	-2.219369070776269215e+00
2.361000000000000043e-01	-6.156608049696248308e-01
2.396999999999999964e-01	-1.518654167114184883e+00
2.432999999999999885e-01	-2.081128804591619641e+00
2.469000000000000083e-01	-1.801906720541935236e+00
2.505000000000000004e-01	-1.850766689859988601e+00
2.540999999999999925e-01	-2.280180065681232104e+00
2.576999999999999846e-01	2.174270738217289889e-01
2.612999999999999767e-01	-1.023747680810672911e+00
2.649000000000000243e-01	-9.399581916249913904e-01
2.685000000000000164e-01	1.086967287861706488e-01
2.721000000000000085e-01	2.125705660663120833e-01
2.757999999999999896e-01	2.669918770033041344e+00
2.793999999999999817e-01	2.890232006437978840e-01
2.829999999999999738e-01	8.712707084128676893e-01
2.866000000000000214e-01	1.324211954392454205e+00
2.902000000000000135e-01	-4.083182925111522588e-02
2.938000000000000056e-01	-7.077382541994748921e-01
2.973999999999999977e-01	1.474099595929567741e-02
3.009999999999999898e-01	-1.082856307217421543e+00
3.045999999999999819e-01	5.235841229065938407e-01
3.081999999999999740e-01	1.495098441396215394e+00
3.118000000000000216e-01	-2.639402478177352851e-01
3.154000000000000137e-01	-8.656311399611823498e-01
3.190000000000000058e-01	-8.501212473951508253e-01
3.225999999999999979e-01	-1.931289423100009284e+00
3.262999999999999790e-01	-1.447733986760855185e+00
3.299000000000000266e-01	-1.907284211600751345e+00
3.335000000000000187e-01	1.138904411142313666e+00
3.371000000000000107e-01	-6.792807693978306638e-01
3.407000000000000028e-01	-4.008362245167028659e-01
3.442999999999999949e-01	-1.482697367745974271e+00
3.478999999999999870e-01	-1.236574635911519282e-01
3.514999999999999791e-01	-1.117249964985206123e+00
3.551000000000000267e-01	3.945942757458900663e-01
3.587000000000000188e-01	3.708934385604105155e-01
3.623000000000000109e-01	-4.125456261540484393e-01
3.659000000000000030e-01	7.924373967961304555e-01
3.694999999999999951e-01	1.184366161339858170e-01
3.730999999999999872e-01	1.006827828203590292e-01
3.768000000000000238e-01	4.587171837809260744e-01
3.804000000000000159e-01	-5.085396035204592380e-02
3.840000000000000080e-01	-1.377602484597939769e+00
3.876000000000000001e-01	8.087856876667682826e-01
3.911999999999999922e-01	-1.028697795916266866e+00
3.947999999999999843e-01	-2.163513081511216907e-01
3.983999999999999764e-01	-6.285935592079053835e-01
4.020000000000000240e-01	-1.064637703754168108e+00
4.056000000000000161e-01	-5.002364176581394206e-01
4.092000000000000082e-01	6.732763083742132615e-02
4.128000000000000003e-01	4.003676139654019916e-01
4.163999999999999924e-01	8.488930375131554795e-01
4.199999999999999845e-01	-3.075288080358359877e-01
4.235999999999999766e-01	1.476791930784682627e+00
4.273000000000000131e-01	-6.501120929968348117e-01
4.309000000000000052e-01	1.535180051270065960e+00
4.344999999999999973e-01	1.345501312747481526e+00
4.380999999999999894e-01	1.517569768329613544e-01
4.416999999999999815e-01	1.950233412647754516e+00
4.452999999999999736e-01	8.735639599619704487e-01
4.489000000000000212e-01	6.232580098717507289e-01
4.525000000000000133e-01	1.459327104200170311e+00
4.561000000000000054e-01	2.086055124347125922e+00
4.596999999999999975e-01	-8.765732497401038659e-01
4.632999999999999896e-01	-1.595101276172469218e-01
4.668999999999999817e-01	-1.540795646918399431e+00
4.704999999999999738e-01	-1.420497766019948926e+00
4.741000000000000214e-01	-4.181760355291007647e-01
4.778000000000000025e-01	-3.759441112811493513e-01
4.813999999999999946e-01	-5.839864821453002453e-01
4.849999999999999867e-01	6.061786939202564728e-01
4.885999999999999788e-01	-2.170320095632886359e-01
4.922000000000000264e-01	2.855033048836931986e+00
4.958000000000000185e-01	-3.774784230959952191e-01
4.994000000000000106e-01	3.505380480807959831e+00
5.030000000000000027e-01	2.419998552899826905e+00
5.066000000000000503e-01	3.735094503036094915e-01
5.101999999999999869e-01	1.488121650241107652e+00
5.138000000000000345e-01	4.749077680950323233e-01
5.173999999999999710e-01	2.200887654811404914e+00
5.210000000000000187e-01	1.627574067691438309e+00
5.245999999999999552e-01	1.671286894694037795e+00
5.282999999999999918e-01	2.192644111657029438e-01
5.319000000000000394e-01	3.769492012916085821e-01
5.354999999999999760e-01	1.263287518629931494e+00
5.391000000000000236e-01	8.432114541133545194e-01
5.426999999999999602e-01	1.536760569717618985e+00
5.463000000000000078e-01	3.773030966117842944e-01
5.499000000000000554e-01	1.134846449935652535e+00
5.534999999999999920e-01	1.588255445591120418e+00
5.571000000000000396e-01	1.115968455182234864e+00
5.606999999999999762e-01	5.650894742241465707e-01
5.643000000000000238e-01	2.033684806003744683e+00
5.678999999999999604e-01	1.944952487478534442e+00
5.715000000000000080e-01	2.138870333793472245e+00
5.752000000000000446e-01	2.026666223492284313e+00
5.787999999999999812e-01	1.998153358973877358e+00
5.824000000000000288e-01	1.920820240212505858e+00
5.859999999999999654e-01	2.781121664556408746e+00
5.896000000000000130e-01	1.090517387659401205e+00
5.931999999999999496e-01	3.570801241654035785e+00
5.967999999999999972e-01	1.545850964910474357e+00
6.004000000000000448e-01	1.444125654014392079e+00
6.039999999999999813e-01	3.304487432750806697e+00
6.076000000000000290e-01	2.693735027104556590e+00
6.111999999999999655e-01	2.223950804880291621e+00
6.148000000000000131e-01	1.938677544997685853e+00
6.183999999999999497e-01	3.146542334066812163e+00
6.219999999999999973e-01	2.842966478828647503e+00
6.257000000000000339e-01	1.851992692963631448e+00
6.292999999999999705e-01	1.162651370919338456e+00
6.329000000000000181e-01	3.532430162597093304e+00
6.364999999999999547e-01	1.468555106039327818e+00
6.401000000000000023e-01	9.516341639851201295e-01
6.437000000000000499e-01	3.043846068636145041e+00
6.472999999999999865e-01	1.607604804018962774e+00
6.509000000000000341e-01	1.337496982142395652e+00
6.544999999999999707e-01	1.369363609976941287e+00
6.581000000000000183e-01	2.199676601576165069e+00
6.616999999999999549e-01	2.642621455699524002e+00
6.653000000000000025e-01	3.390883283418552274e+00
6.689000000000000501e-01	4.917044206756900238e+00
6.724999999999999867e-01	4.082063326965917227e+00
6.762000000000000233e-01	3.377635056731796315e+00
6.797999999999999599e-01	4.040137580638666570e+00
6.834000000000000075e-01	3.815615035582340386e+00
6.870000000000000551e-01	3.086895336176282090e+00
6.905999999999999917e-01	3.963835172837329779e+00
6.942000000000000393e-01	4.072566601648376583e+00
6.977999999999999758e-01	4.077622019654372210e+00
7.014000000000000234e-01	4.069305393387020686e+00
7.049999999999999600e-01	3.719967916451611067e+00
7.086000000000000076e-01	4.630132952035340033e+00
7.122000000000000552e-01	2.961459352555031010e+00
7.157999999999999918e-01	4.364375994671825687e+00
7.194000000000000394e-01	1.568332597167144904e+00
7.229999999999999760e-01	4.144868171778124832e+00
7.267000000000000126e-01	4.285641442459692918e+00
7.302999999999999492e-01	2.983380685943095134e+00
7.338999999999999968e-01	4.748252221825040920e+00
7.375000000000000444e-01	3.753023451274775990e+00
7.410999999999999810e-01	3.268919427161629976e+00
7.447000000000000286e-01	4.050342408250472204e+00
7.482999999999999652e-01	4.615947909402748905e+00
7.519000000000000128e-01	5.720060030429484854e+00
7.554999999999999494e-01	5.072240394339639913e+00
7.590999999999999970e-01	3.927252390959947270e+00
7.627000000000000446e-01	5.263023292161450151e+00
7.662999999999999812e-01	3.993901533387362868e+00
7.699000000000000288e-01	4.453584913200144157e+00
7.734999999999999654e-01	5.762522330099832502e+00
7.772000000000000020e-01	4.282701486318650552e+00
7.808000000000000496e-01	2.756440536725257573e+00
7.843999999999999861e-01	3.484347689487462763e+00
7.880000000000000338e-01	2.786850689168823170e+00
7.915999999999999703e-01	3.878202920662853437e+00
7.952000000000000179e-01	3.771904931965376129e+00
7.987999999999999545e-01	3.461282132438635362e+00
8.024000000000000021e-01	4.074018885953890390e+00
8.060000000000000497e-01	4.080356170940023119e+00
8.095999999999999863e-01	3.182516172232495943e+00
8.132000000000000339e-01	3.147240252280260275e+00
8.167999999999999705e-01	3.906216304856858557e+00
8.204000000000000181e-01	3.792591902807146198e+00
8.239999999999999547e-01	4.081031321639038367e+00
8.276999999999999913e-01	3.246324685881182948e+00
8.313000000000000389e-01	2.726302463615474458e+00
8.348999999999999755e-01	4.621532869563679036e+00
8.385000000000000231e-01	3.703904861421484007e+00
8.420999999999999597e-01	3.666584722292717480e+00
8.457000000000000073e-01	4.338760387793449524e+00
8.493000000000000549e-01	3.582549870018767457e+00
8.528999999999999915e-01	3.272682879241941123e+00
8.565000000000000391e-01	2.324014224500487558e+00
8.600999999999999757e-01	3.691195048998391126e+00
8.637000000000000233e-01	3.176578174103851460e+00
8.672999999999999599e-01	3.864813140229648170e+00
8.709000000000000075e-01	2.433338395648870556e+00
8.745000000000000551e-01	2.804034207900871767e+00
8.781999999999999806e-01	2.123676299132709389e+00
8.818000000000000282e-01	2.255627111812643637e+00
8.853999999999999648e-01	2.135818283524136163e+00
8.890000000000000124e-01	3.663255103671710700e+00
8.925999999999999490e-01	2.623913348994321826e+00
8.961999999999999966e-01	3.466474617647123946e-01
8.998000000000000442e-01	3.986285934982292556e+00
9.033999999999999808e-01	2.168203242696674415e+00
9.070000000000000284e-01	2.803909806570340724e+00
9.105999999999999650e-01	2.847843948309567885e+00
9.142000000000000126e-01	1.962178298928227482e+00
9.177999999999999492e-01	1.700760387907957139e+00
9.213999999999999968e-01	3.338339849101678691e+00
9.251000000000000334e-01	2.691403510515669950e+00
9.286999999999999700e-01	2.245062435859105143e+00
9.323000000000000176e-01	2.277662240153499162e+00
9.358999999999999542e-01	3.587105352748828579e+00
9.395000000000000018e-01	3.039768516630196871e+00
9.431000000000000494e-01	2.440344619075622834e+00
9.466999999999999860e-01	1.818968283933582786e+00
9.503000000000000336e-01	2.891735690720407259e+00
9.538999999999999702e-01	2.377174462574904723e+00
9.575000000000000178e-01	2.062293974739822122e+00
9.610999999999999543e-01	1.177250410763377886e+00
9.647000000000000020e-01	1.479592400785997963e+00
9.683000000000000496e-01	3.306951596858782150e+00
9.718999999999999861e-01	2.989799210103553762e+00
9.756000000000000227e-01	2.605627875172864982e+00
9.791999999999999593e-01	1.066177736154741762e+00
9.828000000000000069e-01	1.283312519380209515e+00
9.864000000000000545e-01	2.133161072398138014e+00
9.899999999999999911e-01	3.673408970013376962e+00
9.936000000000000387e-01	2.896719858564265948e+00
9.971999999999999753e-01	2.969842065230864137e+00
1.000799999999999912e+00	3.777438902129620857e+00
1.004399999999999959e+00	2.681280092354420219e+00
1.008000000000000007e+00	3.168604357435195862e+00
1.011600000000000055e+00	2.275489864777304305e+00
1.015200000000000102e+00	1.720631502620239006e+00
1.018799999999999928e+00	2.122294880973441433e+00
1.022399999999999975e+00	3.163478778147936765e+00
1.026100000000000012e+00	1.468063050222019328e-01
1.029700000000000060e+00	2.523665924263652549e+00
1.033300000000000107e+00	1.275899715118778754e+00
1.036899999999999933e+00	1.610295937434229385e+00
1.040499999999999980e+00	2.160228476983022894e+00
1.044100000000000028e+00	8.696179529773516714e-01
1.047700000000000076e+00	1.220852508034994788e+00
1.051299999999999901e+00	9.281048214502490845e-01
1.054899999999999949e+00	1.627378893227054757e+00
1.058499999999999996e+00	2.004834375395393664e+00
1.062100000000000044e+00	2.203911189349155642e+00
1.065700000000000092e+00	2.075823503691819116e+00
1.069299999999999917e+00	1.976660881874830356e+00
1.072899999999999965e+00	1.593785306512822242e+00
1.076600000000000001e+00	2.244535604722316613e+00
1.080200000000000049e+00	1.782130898739891389e+00
1.083800000000000097e+00	3.307923491592408283e+00
1.087399999999999922e+00	2.837841187158522960e+00
1.090999999999999970e+00	4.932367274196778340e+00
1.094600000000000017e+00	2.895668802000757047e+00
1.098200000000000065e+00	5.921191024429345973e+00
1.101799999999999891e+00	5.197439530138115771e+00
1.105399999999999938e+00	4.369370862384950094e+00
1.108999999999999986e+00	2.493811027955895376e+00
1.112600000000000033e+00	4.253305320174513682e+00
1.116200000000000081e+00	3.636226864716856966e+00
1.119799999999999907e+00	3.711010758671532184e+00
1.123399999999999954e+00	3.367704662778500335e+00
1.127099999999999991e+00	2.732608058766680781e+00
1.130700000000000038e+00	2.755507580570876414e+00
1.134300000000000086e+00	3.240970349742744894e+00
1.137899999999999912e+00	4.027039240098140738e+00
1.141499999999999959e+00	1.638600857546975043e+00
1.145100000000000007e+00	3.743843554886478131e+00
1.148700000000000054e+00	4.770709303280925795e+00
1.152300000000000102e+00	6.172008854030766045e+00
1.155899999999999928e+00	5.603912400790610704e+00
1.159499999999999975e+00	7.546420536371115872e+00
1.163100000000000023e+00	4.742219692461421943e+00
1.166700000000000070e+00	5.456086844278029702e+00
1.170299999999999896e+00	4.732514695553664552e+00
1.173899999999999944e+00	5.452500901249570653e+00
1.177599999999999980e+00	4.341027954265276989e+00
1.181200000000000028e+00	5.095542359541093802e+00
1.184800000000000075e+00	3.401400574562085222e+00
1.188399999999999901e+00	4.982311998983895762e+00
1.191999999999999948e+00	3.889527497571186210e+00
1.195599999999999996e+00	5.058681692871354940e+00
1.199200000000000044e+00	4.291082935034004286e+00
1.202800000000000091e+00	6.582606328504198245e+00
1.206399999999999917e+00	4.624995378666817203e+00
1.209999999999999964e+00	4.690917578328315685e+00
1.213600000000000012e+00	4.474417480597175256e+00
1.217200000000000060e+00	4.315201506766612738e+00
1.220800000000000107e+00	5.275862940703747839e+00
1.224399999999999933e+00	3.632195025095596552e+00
1.228099999999999969e+00	4.339297655671695786e+00
1.231700000000000017e+00	5.934888738217832582e+00
1.235300000000000065e+00	4.003366034148934993e+00
1.238899999999999890e+00	4.077938497661538264e+00
1.242499999999999938e+00	5.567271815138409075e+00
1.246099999999999985e+00	4.212508176092235601e+00
1.249700000000000033e+00	4.799008107841096660e+00
1.253300000000000081e+00	5.866789572254871743e+00
1.256899999999999906e+00	3.653022493279908467e+00
1.260499999999999954e+00	4.625285278012337464e+00
1.264100000000000001e+00	3.721254380663308492e+00
1.267700000000000049e+00	4.634855877488448073e+00
1.271300000000000097e+00	3.116794562147101821e+00
1.274899999999999922e+00	3.588722872060226887e+00
1.278599999999999959e+00	4.112060552431286986e+00
1.282200000000000006e+00	5.663065705892229573e+00
1.285800000000000054e+00	2.856539800739680057e+00
1.289400000000000102e+00	4.406162016983468099e+00
1.292999999999999927e+00	4.159341079421954745e+00
1.296599999999999975e+00	4.170436485212419164e+00
1.300200000000000022e+00	6.642936788182820962e+00
1.303800000000000070e+00	3.520650273646821926e+00
1.307399999999999896e+00	5.436633375926376743e+00
1.310999999999999943e+00	5.645108897259805580e+00
1.314599999999999991e+00	5.762857313605840304e+00
1.318200000000000038e+00	4.241470411335004798e+00
1.321800000000000086e+00	5.340077634323172617e+00
1.325499999999999901e+00	4.927086395081649250e+00
1.329099999999999948e+00	4.408212136980455220e+00
1.332699999999999996e+00	6.199286315960153892e+00
1.336300000000000043e+00	4.541547824344734252e+00
1.339900000000000091e+00	5.057173316257814299e+00
1.343499999999999917e+00	4.091778661111546533e+00
1.347099999999999964e+00	4.004341506561659436e+00
1.350700000000000012e+00	5.288070609032705427e+00
1.354300000000000059e+00	5.310358185543416099e+00
1.357900000000000107e+00	4.852247691525088058e+00
1.361499999999999932e+00	4.633940934466965089e+00
1.365099999999999980e+00	6.228014820458826151e+00
1.368700000000000028e+00	5.030595769468263256e+00
1.372300000000000075e+00	5.651777740566131136e+00
1.375999999999999890e+00	5.688130581719670786e+00
1.379599999999999937e+00	6.948649373120147743e+00
1.383199999999999985e+00	3.390432210803667523e+00
1.386800000000000033e+00	6.722321465711937449e+00
1.390400000000000080e+00	5.683899935809840542e+00
1.393999999999999906e+00	6.155355075523022634e+00
1.397599999999999953e+00	5.581873226580180258e+00
1.401200000000000001e+00	5.582334745738274151e+00
1.404800000000000049e+00	7.101939350569017151e+00
1.408400000000000096e+00	7.450326747874785660e+00
1.411999999999999922e+00	6.624848118132900865e+00
1.415599999999999969e+00	7.463057387383257080e+00
1.419200000000000017e+00	7.805129606218255134e+00
1.422800000000000065e+00	6.492059024693223712e+00
1.426500000000000101e+00	7.534973042313684033e+00
1.430099999999999927e+00	5.594777497687240420e+00
1.433699999999999974e+00	6.892790397264244362e+00
1.437300000000000022e+00	6.348429145723574862e+00
1.440900000000000070e+00	5.134670271908970740e+00
1.444499999999999895e+00	4.948963391860566219e+00
1.448099999999999943e+00	6.711868791210227059e+00
1.451699999999999990e+00	6.411692305774170819e+00
1.455300000000000038e+00	6.601577757183574313e+00
1.458900000000000086e+00	6.951982132499074041e+00
1.462499999999999911e+00	7.208687071312885664e+00
1.466099999999999959e+00	7.335477973802191798e+00
1.469700000000000006e+00	7.595479642176651502e+00
1.473300000000000054e+00	8.594446804157234610e+00
1.477000000000000091e+00	7.261408486494554282e+00
1.480599999999999916e+00	6.586044754898230380e+00
1.484199999999999964e+00	7.796593832428833082e+00
1.487800000000000011e+00	6.241996814358516943e+00
1.491400000000000059e+00	6.877640493324186366e+00
1.495000000000000107e+00	7.898694243150885086e+00
1.498599999999999932e+00	6.127633916734776420e+00
1.502199999999999980e+00	7.033926201680239743e+00
1.505800000000000027e+00	8.664433825780978538e+00
1.509400000000000075e+00	7.320004845645814662e+00
1.512999999999999901e+00	7.270122075493962832e+00
1.516599999999999948e+00	7.751994297282823077e+00
1.520199999999999996e+00	8.489153842291013774e+00
1.523800000000000043e+00	7.481269370720578848e+00
1.527500000000000080e+00	8.144727633630216346e+00
1.531099999999999905e+00	7.603617754708028365e+00
1.534699999999999953e+00	7.279463180668283684e+00
1.538300000000000001e+00	9.173146086332740978e+00
1.541900000000000048e+00	6.957228579349629349e+00
1.545500000000000096e+00	8.771378834265085800e+00
1.549099999999999921e+00	7.916655051460184112e+00
1.552699999999999969e+00	7.690204304298349669e+00
1.556300000000000017e+00	8.930405901916142142e+00
1.559900000000000064e+00	9.104695793686630623e+00
1.563499999999999890e+00	9.740544984186941591e+00
1.567099999999999937e+00	7.786112602676307226e+00
1.570699999999999985e+00	1.051902605055670215e+01
1.574300000000000033e+00	1.012536754737311462e+01
1.578000000000000069e+00	8.067070487217899100e+00
1.581599999999999895e+00	7.436680405107321867e+00
1.585199999999999942e+00	9.436439216497674920e+00
1.588799999999999990e+00	8.391848208551568433e+00
1.592400000000000038e+00	1.016892634057574618e+01
1.596000000000000085e+00	1.035180905378081384e+01
1.599599999999999911e+00	9.717268666567781210e+00
1.603199999999999958e+00	1.014604766578689521e+01
1.606800000000000006e+00	1.061074553140274546e+01
1.610400000000000054e+00	1.243338001748983146e+01
1.614000000000000101e+00	1.238824320684018154e+01
1.617599999999999927e+00	1.141239234205977660e+01
1.621199999999999974e+00	1.001314973667569319e+01
1.624800000000000022e+00	1.286035807966517197e+01
1.628500000000000059e+00	1.230090544379832629e+01
1.632100000000000106e+00	1.317726734242930853e+01
1.635699999999999932e+00	1.233431825210663391e+01
1.639299999999999979e+00	1.368119192790430283e+01
1.642900000000000027e+00	1.624941025959902063e+01
1.646500000000000075e+00	1.491957065938014360e+01
1.650099999999999900e+00	1.558622027239545460e+01
1.653699999999999948e+00	1.626012274998381457e+01
1.657299999999999995e+00	1.899466737983355813e+01
1.660900000000000043e+00	1.975336035320158956e+01
1.664500000000000091e+00	2.233088082440438882e+01
1.668099999999999916e+00	2.407655386678085918e+01
1.671699999999999964e+00	2.337224961925172906e+01
1.675400000000000000e+00	2.169709248562202575e+01
1.679000000000000048e+00	2.146791275488479656e+01
1.682600000000000096e+00	1.775783611077818946e+01
1.686199999999999921e+00	1.551748025961373401e+01
1.689799999999999969e+00	1.450931379803878585e+01
1.693400000000000016e+00	1.516206864374710506e+01
1.697000000000000064e+00	1.597230609875290419e+01
1.700599999999999890e+00	1.491962535217325936e+01
1.704199999999999937e+00	1.746698086518485482e+01
1.707799999999999985e+00	1.825275777514437436e+01
1.711400000000000032e+00	1.990050634148278164e+01
1.715000000000000080e+00	2.029555376191648364e+01
1.718599999999999905e+00	1.933063925665274496e+01
1.722199999999999953e+00	1.719934204823039536e+01
1.725899999999999990e+00	1.456645732008391114e+01
1.729500000000000037e+00	1.281970731304767774e+01
1.733100000000000085e+00	1.182970223699212831e+01
1.736699999999999910e+00	1.092037385940962935e+01
1.740299999999999958e+00	1.097915986272122169e+01
1.743900000000000006e+00	1.122410834254547751e+01
1.747500000000000053e+00	8.865461233403360453e+00
1.751100000000000101e+00	9.080332286451776369e+00
1.754699999999999926e+00	9.190015571692480734e+00
1.758299999999999974e+00	1.043597517288691634e+01
1.761900000000000022e+00	9.178096142076960007e+00
1.765500000000000069e+00	1.080444050471295370e+01
1.769099999999999895e+00	1.197002238297645427e+01
1.772699999999999942e+00	1.007608113726234933e+01
1.776399999999999979e+00	1.124190762597172011e+01
1.780000000000000027e+00	9.479676603425268411e+00
1.783600000000000074e+00	1.047620073983557809e+01
1.787199999999999900e+00	9.776807079839439751e+00
1.790799999999999947e+00	9.908135012978821266e+00
1.794399999999999995e+00	9.601905039540419295e+00
1.798000000000000043e+00	1.006952852143615829e+01
1.801600000000000090e+00	1.229739541906433331e+01
1.805199999999999916e+00	1.040798255440534170e+01
1.808799999999999963e+00	1.146190610504727658e+01
1.812400000000000011e+00	9.797073492272280859e+00
1.816000000000000059e+00	1.120838479321812997e+01
1.819600000000000106e+00	1.052791535509895127e+01
1.823199999999999932e+00	9.195705837532578641e+00
1.826899999999999968e+00	1.058071006187048901e+01
1.830500000000000016e+00	1.153069218911652527e+01
1.834100000000000064e+00	1.000928084875908652e+01
1.837699999999999889e+00	1.007181565943794332e+01
1.841299999999999937e+00	1.060249453691990418e+01
1.844899999999999984e+00	1.037127567395432770e+01
1.848500000000000032e+00	9.366079933922200951e+00
1.852100000000000080e+00	1.037079702068165687e+01
1.855699999999999905e+00	1.100579997018675193e+01
1.859299999999999953e+00	1.315146711165325755e+01
1.862900000000000000e+00	1.217575996434203667e+01
1.866500000000000048e+00	1.396979810491721530e+01
1.870100000000000096e+00	1.263124834965717191e+01
1.873699999999999921e+00	1.332028246230041191e+01
1.877399999999999958e+00	1.106781895136671423e+01
1.881000000000000005e+00	1.087064440515792185e+01
1.884600000000000053e+00	1.101936788524122690e+01
1.888200000000000101e+00	1.115493721898192625e+01
1.891799999999999926e+00	1.169768160171010507e+01
1.895399999999999974e+00	1.318881838455553002e+01
1.899000000000000021e+00	1.323951539319473980e+01
1.902600000000000069e+00	1.214111200440511595e+01
1.906199999999999894e+00	1.254783527686812761e+01
1.909799999999999942e+00	1.175181964793824108e+01
1.913399999999999990e+00	1.255902752790197319e+01
1.917000000000000037e+00	1.220256858045932624e+01
1.920600000000000085e+00	1.278287728188066552e+01
1.924199999999999910e+00	1.223609523614156736e+01
1.927899999999999947e+00	1.388808930584860235e+01
1.931499999999999995e+00	1.371667960255459207e+01
1.935100000000000042e+00	1.348951133685019421e+01
1.938700000000000090e+00	1.298154034979996574e+01
1.942299999999999915e+00	1.306053333221630375e+01
1.945899999999999963e+00	1.410096439219114473e+01
1.949500000000000011e+00	1.594108016087199609e+01
1.953100000000000058e+00	1.471659667554596673e+01
1.956700000000000106e+00	1.537322944973366567e+01
1.960299999999999931e+00	1.439327870070679261e+01
1.963899999999999979e+00	1.560828461931939160e+01
1.967500000000000027e+00	1.576178930040955350e+01
1.971100000000000074e+00	1.637920565279535268e+01
1.974699999999999900e+00	1.591984495454354409e+01
1.978399999999999936e+00	1.591276576552696653e+01
1.981999999999999984e+00	1.605935544228204392e+01
1.985600000000000032e+00	1.442264040745476805e+01
1.989200000000000079e+00	1.403952149000237704e+01
1.992799999999999905e+00	1.528242161830936396e+01
1.996399999999999952e+00	1.593672285446007741e+01
2.000000000000000000e+00	1.835460740756802522e+01
