2.000000000000000111e-01	-1.411535461408729653e+00
2.036000000000000032e-01	-7.352679526787866404e-01
2.071999999999999953e-01	-1.611910252805334176e+00
2.107999999999999874e-01	-1.782868124082870986e+00
2.144000000000000072e-01	-5.687898851246295795e-01
2.179999999999999993e-01	-1.464802229553261004e+00
2.215999999999999914e-01	-1.359626892361119443e+00
2.253000000000000003e-01	-5.120754496063513184e-01
2.288999999999999924e-01	1.792837064853788354e-01
2.325000000000000122e-01	5.027396854803112269e-02
2.361000000000000043e-01	4.328465500295951562e-01
2.396999999999999964e-01	2.810292629945405629e-01
2.432999999999999885e-01	-1.777665766969217520e-01
2.469000000000000083e-01	-9.300490822971460014e-01
2.505000000000000004e-01	-2.165175779703609749e-01
2.540999999999999925e-01	1.003160141297516628e-01
2.576999999999999846e-01	-1.252383794466058742e-01
2.612999999999999767e-01	-1.375896762968017217e+00
2.649000000000000243e-01	-1.587141995349546697e+00
2.685000000000000164e-01	1.685008351049914754e-01
2.721000000000000085e-01	-7.156562445959785412e-01
2.757999999999999896e-01	-1.237110929498259182e+00
2.793999999999999817e-01	-5.436381970238938210e-01
2.829999999999999738e-01	-1.004157248633825716e+00
2.866000000000000214e-01	4.475172011750812029e-01
2.902000000000000135e-01	9.402402074254383457e-01
2.938000000000000056e-01	-1.235827182560080617e+00
2.973999999999999977e-01	1.801777674946669627e-02
3.009999999999999898e-01	6.801958821306748337e-01
3.045999999999999819e-01	1.733724434521060731e+00
3.081999999999999740e-01	1.557387516695907248e+00
3.118000000000000216e-01	9.762094816097549588e-01
3.154000000000000137e-01	-3.576168061835084400e-01
3.190000000000000058e-01	1.128063301771510707e+00
3.225999999999999979e-01	-5.288724064099055155e-01
3.262999999999999790e-01	1.302605630439758855e+00
3.299000000000000266e-01	-4.165371727872517749e-01
3.335000000000000187e-01	-1.342244449600797918e+00
3.371000000000000107e-01	-5.857461706967426185e-01
3.407000000000000028e-01	-9.636712615612341715e-02
3.442999999999999949e-01	-4.063526776617225611e-01
3.478999999999999870e-01	-6.227677303443291956e-01
3.514999999999999791e-01	-1.017023379585577203e+00
3.551000000000000267e-01	-2.997819119661127019e-04
3.587000000000000188e-01	-1.083252312631537428e-01
3.623000000000000109e-01	-5.652266020946646874e-01
3.659000000000000030e-01	3.140854546104266398e-01
3.694999999999999951e-01	1.160949741443992655e+00
3.730999999999999872e-01	8.815373956500947017e-01
3.768000000000000238e-01	3.895802678915195050e-01
3.804000000000000159e-01	1.882412352897179508e-01
3.840000000000000080e-01	7.358872886276719427e-01
3.876000000000000001e-01	2.407997097258451902e-01
3.911999999999999922e-01	2.382590719413939961e+00
3.947999999999999843e-01	-6.105417981553631357e-01
3.983999999999999764e-01	6.478530111975691064e-01
4.020000000000000240e-01	3.388211578274801239e-01
4.056000000000000161e-01	1.585233552473199747e-01
4.092000000000000082e-01	-3.163736244077162141e-01
4.128000000000000003e-01	5.604246647270659798e-01
4.163999999999999924e-01	-6.588638398453368072e-01
4.199999999999999845e-01	-4.020465134741636470e-01
4.235999999999999766e-01	8.945726013925134890e-01
4.273000000000000131e-01	1.371783846550402863e+00
4.309000000000000052e-01	2.404563930958811269e-01
4.344999999999999973e-01	-4.212644465640551228e-02
4.380999999999999894e-01	4.044699333972386346e-01
4.416999999999999815e-01	1.542293521534541245e+00
4.452999999999999736e-01	-1.293392892162805174e-01
4.489000000000000212e-01	1.298847382844650622e-01
4.525000000000000133e-01	8.445540795631915065e-01
4.561000000000000054e-01	-2.041822941922969425e-01
4.596999999999999975e-01	1.126114118263158437e+00
4.632999999999999896e-01	3.238392374105316662e-01
4.668999999999999817e-01	1.629371719196159862e+00
4.704999999999999738e-01	1.740180465693220713e-01
4.741000000000000214e-01	5.809112157364090256e-01
4.778000000000000025e-01	9.185512476306737506e-01
4.813999999999999946e-01	9.437661619402980540e-01
4.849999999999999867e-01	4.465881281267323755e-01
4.885999999999999788e-01	-1.147133020075091547e+00
4.922000000000000264e-01	2.239318383435786597e-01
4.958000000000000185e-01	1.199219754174219110e+00
4.994000000000000106e-01	2.019331758111352126e+00
5.030000000000000027e-01	7.087261007364001886e-01
5.066000000000000503e-01	9.941228816136317148e-01
5.101999999999999869e-01	1.266690114224876318e+00
5.138000000000000345e-01	7.389735050830608110e-01
5.173999999999999710e-01	6.043561103051009464e-01
5.210000000000000187e-01	1.561786240014454430e-01
5.245999999999999552e-01	-1.752511846464296918e-01
5.282999999999999918e-01	-3.334260486603523033e-01
5.319000000000000394e-01	-1.224348046208705576e-01
5.354999999999999760e-01	1.449010846458227642e+00
5.391000000000000236e-01	1.093601903078972315e+00
5.426999999999999602e-01	-1.786795788293847886e-01
5.463000000000000078e-01	2.000252590859233681e+00
5.499000000000000554e-01	2.332683170088705182e+00
5.534999999999999920e-01	1.641213869359919864e+00
5.571000000000000396e-01	2.353539478833539089e+00
5.606999999999999762e-01	1.436543367278748207e+00
5.643000000000000238e-01	2.765664866995134474e+00
5.678999999999999604e-01	4.331026093497309937e+00
5.715000000000000080e-01	1.034587525719981915e+00
5.752000000000000446e-01	2.899514854399016350e+00
5.787999999999999812e-01	2.262970464166937923e+00
5.824000000000000288e-01	2.165146939096218137e+00
5.859999999999999654e-01	3.033683702614129452e+00
5.896000000000000130e-01	3.476933434678213253e+00
5.931999999999999496e-01	1.404364648210242983e+00
5.967999999999999972e-01	1.529054875865129226e+00
6.004000000000000448e-01	2.109561771693274856e+00
6.039999999999999813e-01	8.250834312901180745e-01
6.076000000000000290e-01	6.501505298444244518e-01
6.111999999999999655e-01	8.338823498389825728e-01
6.148000000000000131e-01	6.210085108534680876e-01
6.183999999999999497e-01	2.250905257877206189e+00
6.219999999999999973e-01	3.185413477293282725e+00
6.257000000000000339e-01	3.002176699134496474e+00
6.292999999999999705e-01	2.569132640125191269e+00
6.329000000000000181e-01	3.445938707823212432e+00
6.364999999999999547e-01	2.585231042558371772e+00
6.401000000000000023e-01	3.391833052868388876e+00
6.437000000000000499e-01	4.647592661991332363e+00
6.472999999999999865e-01	3.753368001896582928e+00
6.509000000000000341e-01	3.086235306352056007e+00
6.544999999999999707e-01	3.503566433753452003e+00
6.581000000000000183e-01	2.417469581816771296e+00
6.616999999999999549e-01	2.734910081303652429e+00
6.653000000000000025e-01	2.013396275148861214e+00
6.689000000000000501e-01	4.585098874898932308e+00
6.724999999999999867e-01	2.618337589400721033e+00
6.762000000000000233e-01	1.494008434196809620e+00
6.797999999999999599e-01	2.361600480606541819e+00
6.834000000000000075e-01	1.965240722792288564e+00
6.870000000000000551e-01	1.730718183675710620e+00
6.905999999999999917e-01	4.045857033506564449e+00
6.942000000000000393e-01	4.634090609389131643e+00
6.977999999999999758e-01	3.726159048995940637e+00
7.014000000000000234e-01	4.247749177499983375e+00
7.049999999999999600e-01	3.980948281849111314e+00
7.086000000000000076e-01	3.682921877251529086e+00
7.122000000000000552e-01	5.035279014219524285e+00
7.157999999999999918e-01	3.107605692031789602e+00
7.194000000000000394e-01	3.881476405853846234e+00
7.229999999999999760e-01	4.395404254907766983e+00
7.267000000000000126e-01	4.578401178013621120e+00
7.302999999999999492e-01	3.230193119141600899e+00
7.338999999999999968e-01	3.106953173363791620e+00
7.375000000000000444e-01	3.087590650264480097e+00
7.410999999999999810e-01	5.341132466699401782e+00
7.447000000000000286e-01	4.913182798084606340e+00
7.482999999999999652e-01	3.328279896207774868e+00
7.519000000000000128e-01	4.453302922382190054e+00
7.554999999999999494e-01	6.298553437492317109e+00
7.590999999999999970e-01	6.774181075449710931e+00
7.627000000000000446e-01	5.392016044526857677e+00
7.662999999999999812e-01	6.920050810186355150e+00
7.699000000000000288e-01	5.089511390865468776e+00
7.734999999999999654e-01	5.727510714639151956e+00
7.772000000000000020e-01	6.446367980924060603e+00
7.808000000000000496e-01	5.662455025154763177e+00
7.843999999999999861e-01	5.006785402226014980e+00
7.880000000000000338e-01	5.109486132277489823e+00
7.915999999999999703e-01	5.067667289661284435e+00
7.952000000000000179e-01	4.996728122458048205e+00
7.987999999999999545e-01	5.872078627443336529e+00
8.024000000000000021e-01	6.025915626573151940e+00
8.060000000000000497e-01	4.168290853481401825e+00
8.095999999999999863e-01	4.323669836252498122e+00
8.132000000000000339e-01	5.254057997184416351e+00
8.167999999999999705e-01	4.620920148436997721e+00
8.204000000000000181e-01	5.868533513092593523e+00
8.239999999999999547e-01	5.845773213089033860e+00
8.276999999999999913e-01	4.984982882851990205e+00
8.313000000000000389e-01	4.845054988589021505e+00
8.348999999999999755e-01	4.920719564824725722e+00
8.385000000000000231e-01	6.144927471221434345e+00
8.420999999999999597e-01	6.603546652744221923e+00
8.457000000000000073e-01	5.621094880783030767e+00
8.493000000000000549e-01	6.080097508663817152e+00
8.528999999999999915e-01	4.550847858259017720e+00
8.565000000000000391e-01	5.939001373789697169e+00
8.600999999999999757e-01	5.633037840843471145e+00
8.637000000000000233e-01	5.707282035311250112e+00
8.672999999999999599e-01	6.883645361899657367e+00
8.709000000000000075e-01	4.914369869766826326e+00
8.745000000000000551e-01	6.085327247597716038e+00
8.781999999999999806e-01	6.202439955818288553e+00
8.818000000000000282e-01	5.618549983066719378e+00
8.853999999999999648e-01	5.485565434770473203e+00
8.890000000000000124e-01	6.224528179642561554e+00
8.925999999999999490e-01	5.595385365642526310e+00
8.961999999999999966e-01	4.384210918957201386e+00
8.998000000000000442e-01	6.141328177215175543e+00
9.033999999999999808e-01	5.762375097456438056e+00
9.070000000000000284e-01	5.408352494510226371e+00
9.105999999999999650e-01	5.099417998606829094e+00
9.142000000000000126e-01	4.174568381538194650e+00
9.177999999999999492e-01	5.793271167699606927e+00
9.213999999999999968e-01	4.723436199613119335e+00
9.251000000000000334e-01	5.163346527833500232e+00
9.286999999999999700e-01	4.958460271071439607e+00
9.323000000000000176e-01	4.623779253913422593e+00
9.358999999999999542e-01	4.363915635820712957e+00
9.395000000000000018e-01	4.003118062167536628e+00
9.431000000000000494e-01	5.081323408863529068e+00
9.466999999999999860e-01	4.670953719381722991e+00
9.503000000000000336e-01	5.339118513719573578e+00
9.538999999999999702e-01	4.445369914878354756e+00
9.575000000000000178e-01	4.886788951876516407e+00
9.610999999999999543e-01	4.485901347354555035e+00
9.647000000000000020e-01	5.618277186845583415e+00
9.683000000000000496e-01	4.515024225136486713e+00
9.718999999999999861e-01	5.187658097974762406e+00
9.756000000000000227e-01	5.867012693012064517e+00
9.791999999999999593e-01	5.457270827974795679e+00
9.828000000000000069e-01	4.653709380231948245e+00
9.864000000000000545e-01	4.829527905678496325e+00
9.899999999999999911e-01	7.295195090666389603e+00
9.936000000000000387e-01	6.271012996117748983e+00
9.971999999999999753e-01	4.682134175841106583e+00
1.000799999999999912e+00	5.318363932827459450e+00
1.004399999999999959e+00	4.804812759269886158e+00
1.008000000000000007e+00	4.857492154370762094e+00
1.011600000000000055e+00	5.214951212075431997e+00
1.015200000000000102e+00	4.958493640680144310e+00
1.018799999999999928e+00	4.843213134038422574e+00
1.022399999999999975e+00	3.675088491388439405e+00
1.026100000000000012e+00	6.272180083124212047e+00
1.029700000000000060e+00	4.372988542054120131e+00
1.033300000000000107e+00	3.397934892359438575e+00
1.036899999999999933e+00	4.288840565685127615e+00
1.040499999999999980e+00	4.959332333952890970e+00
1.044100000000000028e+00	5.114952004407269825e+00
1.047700000000000076e+00	4.951955739789750233e+00
1.051299999999999901e+00	5.539141020503161705e+00
1.054899999999999949e+00	5.142127226648423921e+00
1.058499999999999996e+00	5.183349006561202899e+00
1.062100000000000044e+00	5.696117464574903977e+00
1.065700000000000092e+00	6.182430310185193179e+00
1.069299999999999917e+00	6.587123011414659501e+00
1.072899999999999965e+00	5.166954819752677786e+00
1.076600000000000001e+00	4.872896790175269999e+00
1.080200000000000049e+00	4.465356049758281820e+00
1.083800000000000097e+00	4.207144760957802987e+00
1.087399999999999922e+00	5.552310447251008974e+00
1.090999999999999970e+00	5.945036497892526306e+00
1.094600000000000017e+00	6.440570400444587840e+00
1.098200000000000065e+00	6.997662453624897694e+00
1.101799999999999891e+00	6.780301024609350691e+00
1.105399999999999938e+00	7.761526542673513163e+00
1.108999999999999986e+00	7.688569503604584021e+00
1.112600000000000033e+00	5.616234941475639175e+00
1.116200000000000081e+00	5.933385756616852191e+00
1.119799999999999907e+00	6.701357237042302017e+00
1.123399999999999954e+00	5.597321186733583254e+00
1.127099999999999991e+00	4.875054972280343790e+00
1.130700000000000038e+00	5.276208433148384280e+00
1.134300000000000086e+00	4.452562667097730298e+00
1.137899999999999912e+00	5.022479975838033184e+00
1.141499999999999959e+00	6.073333594852143413e+00
1.145100000000000007e+00	5.871194520648158388e+00
1.148700000000000054e+00	4.433491552178553619e+00
1.152300000000000102e+00	5.525462586433544487e+00
1.155899999999999928e+00	8.510084831567954922e+00
1.159499999999999975e+00	9.114308272463969018e+00
1.163100000000000023e+00	8.253738282015307348e+00
1.166700000000000070e+00	7.084312403906587008e+00
1.170299999999999896e+00	5.745401934269499300e+00
1.173899999999999944e+00	5.986000897558259481e+00
1.177599999999999980e+00	6.123613041681402080e+00
1.181200000000000028e+00	5.742301714634595378e+00
1.184800000000000075e+00	5.797726290457980269e+00
1.188399999999999901e+00	6.103462826581755429e+00
1.191999999999999948e+00	5.974328850054344109e+00
1.195599999999999996e+00	7.128896217859142403e+00
1.199200000000000044e+00	6.833406234207646257e+00
1.202800000000000091e+00	5.762735332338356109e+00
1.206399999999999917e+00	7.694640845826501874e+00
1.209999999999999964e+00	6.213845924918237174e+00
1.213600000000000012e+00	5.690013885425390328e+00
1.217200000000000060e+00	6.621897556244969785e+00
1.220800000000000107e+00	4.784394529173683352e+00
1.224399999999999933e+00	5.795871397291869620e+00
1.228099999999999969e+00	5.256408818804433558e+00
1.231700000000000017e+00	5.532067887987447641e+00
1.235300000000000065e+00	5.891089959805025700e+00
1.238899999999999890e+00	6.056878242946167390e+00
1.242499999999999938e+00	5.966539009138529970e+00
1.246099999999999985e+00	6.669427505772960174e+00
1.249700000000000033e+00	5.936937403747107211e+00
1.253300000000000081e+00	6.743806673755544878e+00
1.256899999999999906e+00	4.105058620304252059e+00
1.260499999999999954e+00	7.074883970634591179e+00
1.264100000000000001e+00	7.562835423258436052e+00
1.267700000000000049e+00	6.417664492362543882e+00
1.271300000000000097e+00	6.059815169121286260e+00
1.274899999999999922e+00	7.609542724096604260e+00
1.278599999999999959e+00	6.675276198759540591e+00
1.282200000000000006e+00	6.689716569184952277e+00
1.285800000000000054e+00	6.357381059651280530e+00
1.289400000000000102e+00	6.068795954416132510e+00
1.292999999999999927e+00	6.695021601386055288e+00
1.296599999999999975e+00	6.479214554773314205e+00
1.300200000000000022e+00	5.129318269480791948e+00
1.303800000000000070e+00	5.274332437061000967e+00
1.307399999999999896e+00	7.110618077731049702e+00
1.310999999999999943e+00	5.962258695202557135e+00
1.314599999999999991e+00	7.657425889913087147e+00
1.318200000000000038e+00	7.364465895655214922e+00
1.321800000000000086e+00	6.138243485403841682e+00
1.325499999999999901e+00	7.233832991156090131e+00
1.329099999999999948e+00	6.838390250499377210e+00
1.332699999999999996e+00	6.817376311883822204e+00
1.336300000000000043e+00	7.356928428681807297e+00
1.339900000000000091e+00	6.845432002962311913e+00
1.343499999999999917e+00	6.117474246095354395e+00
1.347099999999999964e+00	6.730643174223612135e+00
1.350700000000000012e+00	5.393696556435862099e+00
1.354300000000000059e+00	6.523508105838161875e+00
1.357900000000000107e+00	7.155749482070316247e+00
1.361499999999999932e+00	8.012429252032704952e+00
1.365099999999999980e+00	5.963983436325479559e+00
1.368700000000000028e+00	5.942834550025668072e+00
1.372300000000000075e+00	7.227199251441174255e+00
1.375999999999999890e+00	8.139958445550421473e+00
1.379599999999999937e+00	6.521951330233434874e+00
1.383199999999999985e+00	6.347264976493555366e+00
1.386800000000000033e+00	7.762466062440674719e+00
1.390400000000000080e+00	6.690793114528170271e+00
1.393999999999999906e+00	7.126627859613904548e+00
1.397599999999999953e+00	8.184092927649126992e+00
1.401200000000000001e+00	8.832480765375718690e+00
1.404800000000000049e+00	7.512785630101531886e+00
1.408400000000000096e+00	9.476618547611998622e+00
1.411999999999999922e+00	7.167042964308347308e+00
1.415599999999999969e+00	9.955071676332904573e+00
1.419200000000000017e+00	8.436661641921329391e+00
1.422800000000000065e+00	8.506035206632086343e+00
1.426500000000000101e+00	8.405309296574918321e+00
1.430099999999999927e+00	6.695453810059944111e+00
1.433699999999999974e+00	7.309344944338273642e+00
1.437300000000000022e+00	7.991038645720295541e+00
1.440900000000000070e+00	8.036385405160269002e+00
1.444499999999999895e+00	8.451895246288625430e+00
1.448099999999999943e+00	7.630282155953727496e+00
1.451699999999999990e+00	7.882135104050679075e+00
1.455300000000000038e+00	8.310959598888501887e+00
1.458900000000000086e+00	7.949354463847726038e+00
1.462499999999999911e+00	7.391052045775020396e+00
1.466099999999999959e+00	6.544534530804462236e+00
1.469700000000000006e+00	8.737121824553481630e+00
1.473300000000000054e+00	8.641538721394532274e+00
1.477000000000000091e+00	8.515015823560542430e+00
1.480599999999999916e+00	8.568024435432985086e+00
1.484199999999999964e+00	6.949701808891862065e+00
1.487800000000000011e+00	8.151490630854318908e+00
1.491400000000000059e+00	8.173371167156574302e+00
1.495000000000000107e+00	8.357642617921618111e+00
1.498599999999999932e+00	7.694314728921225033e+00
1.502199999999999980e+00	7.906200701627316363e+00
1.505800000000000027e+00	8.564144761023182895e+00
1.509400000000000075e+00	8.204457649044911705e+00
1.512999999999999901e+00	7.753661816170382082e+00
1.516599999999999948e+00	7.646031184782613010e+00
1.520199999999999996e+00	8.386535423409288370e+00
1.523800000000000043e+00	8.935556546269344480e+00
1.527500000000000080e+00	8.352880396589952738e+00
1.531099999999999905e+00	7.975024197247933877e+00
1.534699999999999953e+00	9.499611355629671294e+00
1.538300000000000001e+00	7.072658727743125873e+00
1.541900000000000048e+00	8.249578025874200193e+00
1.545500000000000096e+00	6.420292014053212704e+00
1.549099999999999921e+00	7.144548916715160125e+00
1.552699999999999969e+00	8.104864220920077855e+00
1.556300000000000017e+00	8.248599795135540091e+00
1.559900000000000064e+00	6.747292836934445148e+00
1.563499999999999890e+00	8.071092645231448870e+00
1.567099999999999937e+00	6.966052239572853466e+00
1.570699999999999985e+00	7.763316272077979363e+00
1.574300000000000033e+00	7.845889111068594879e+00
1.578000000000000069e+00	9.047092593845009745e+00
1.581599999999999895e+00	9.465545994190430079e+00
1.585199999999999942e+00	8.883260049458135299e+00
1.588799999999999990e+00	9.165131590781033566e+00
1.592400000000000038e+00	8.246619012982511876e+00
1.596000000000000085e+00	1.008448212786064779e+01
1.599599999999999911e+00	1.116874569924065952e+01
1.603199999999999958e+00	1.071543083259455287e+01
1.606800000000000006e+00	9.984114171615972921e+00
1.610400000000000054e+00	1.095765069815338677e+01
1.614000000000000101e+00	1.075102110339186900e+01
1.617599999999999927e+00	1.037118597969857525e+01
1.621199999999999974e+00	1.019786758431163420e+01
1.624800000000000022e+00	1.092193276413367897e+01
1.628500000000000059e+00	1.102041602934457565e+01
1.632100000000000106e+00	1.031326837718834710e+01
1.635699999999999932e+00	1.135322029437175040e+01
1.639299999999999979e+00	1.154406650481416285e+01
1.642900000000000027e+00	1.223553474968684895e+01
1.646500000000000075e+00	1.095291379500599938e+01
1.650099999999999900e+00	1.153484603368857897e+01
1.653699999999999948e+00	1.392364398470758857e+01
1.657299999999999995e+00	1.549638664874468041e+01
1.660900000000000043e+00	1.699616435578897722e+01
1.664500000000000091e+00	1.830674138384981831e+01
1.668099999999999916e+00	2.106472520950912752e+01
1.671699999999999964e+00	2.050341770430969035e+01
1.675400000000000000e+00	1.983224996071256641e+01
1.679000000000000048e+00	1.720505624041798853e+01
1.682600000000000096e+00	1.524828034494765916e+01
1.686199999999999921e+00	1.279720708645474581e+01
1.689799999999999969e+00	1.111363938572645615e+01
1.693400000000000016e+00	9.220764192966850459e+00
1.697000000000000064e+00	9.129469135993389273e+00
1.700599999999999890e+00	1.022578332124634315e+01
1.704199999999999937e+00	1.266780327595694011e+01
1.707799999999999985e+00	1.562113766872846732e+01
1.711400000000000032e+00	1.530531543822445961e+01
1.715000000000000080e+00	1.681276712555276021e+01
1.718599999999999905e+00	1.555931741622087294e+01
1.722199999999999953e+00	1.275868055585128147e+01
1.725899999999999990e+00	1.115476707105551490e+01
1.729500000000000037e+00	8.505927264253166697e+00
1.733100000000000085e+00	8.062474387644812168e+00
1.736699999999999910e+00	7.608318156864335435e+00
1.740299999999999958e+00	8.164700900841221909e+00
1.743900000000000006e+00	8.972716892283660428e+00
1.747500000000000053e+00	8.299521442495327861e+00
1.751100000000000101e+00	8.296187564828610306e+00
1.754699999999999926e+00	9.468773811209764801e+00
1.758299999999999974e+00	8.898076281618392258e+00
1.761900000000000022e+00	8.027677174070262822e+00
1.765500000000000069e+00	8.100887985582650330e+00
1.769099999999999895e+00	7.755634716550996011e+00
1.772699999999999942e+00	6.780022135801719863e+00
1.776399999999999979e+00	6.186426369456254015e+00
1.780000000000000027e+00	7.066592480663113740e+00
1.783600000000000074e+00	6.865342882831327209e+00
1.787199999999999900e+00	7.725343377356733932e+00
1.790799999999999947e+00	6.594178503271050928e+00
1.794399999999999995e+00	8.060261695884870292e+00
1.798000000000000043e+00	7.177792057001274983e+00
1.801600000000000090e+00	7.720317333623583522e+00
1.805199999999999916e+00	7.960607097937490551e+00
1.808799999999999963e+00	5.986278540971458284e+00
1.812400000000000011e+00	7.689617687742932972e+00
1.816000000000000059e+00	6.304122740658524293e+00
1.819600000000000106e+00	5.658450318601527584e+00
1.823199999999999932e+00	6.928792434228761010e+00
1.826899999999999968e+00	5.665876009591142015e+00
1.830500000000000016e+00	6.457819859079452662e+00
1.834100000000000064e+00	7.379295702083989994e+00
1.837699999999999889e+00	6.138287242392989285e+00
1.841299999999999937e+00	3.639082445430307011e+00
1.844899999999999984e+00	5.131937162397313124e+00
1.848500000000000032e+00	5.942075258212061506e+00
1.852100000000000080e+00	5.699439039121717343e+00
1.855699999999999905e+00	6.775594389516629512e+00
1.859299999999999953e+00	7.548413492607140007e+00
1.862900000000000000e+00	7.936812953224067435e+00
1.866500000000000048e+00	8.801587978109401078e+00
1.870100000000000096e+00	7.591280728573257974e+00
1.873699999999999921e+00	5.828969612881571116e+00
1.877399999999999958e+00	5.323171024775033899e+00
1.881000000000000005e+00	4.544372002059887450e+00
1.884600000000000053e+00	3.856012793431427443e+00
1.888200000000000101e+00	2.456674352725576771e+00
1.891799999999999926e+00	5.628481031763946874e+00
1.895399999999999974e+00	3.990489379948572779e+00
1.899000000000000021e+00	5.789251290029116426e+00
1.902600000000000069e+00	4.111704545181368964e+00
1.906199999999999894e+00	5.532527102370575989e+00
1.909799999999999942e+00	8.198099702797732036e+00
1.913399999999999990e+00	5.743531087715507688e+00
1.917000000000000037e+00	6.411883996285671294e+00
1.920600000000000085e+00	5.218380016284889678e+00
1.924199999999999910e+00	5.616297530581666031e+00
1.927899999999999947e+00	5.945466087299271507e+00
1.931499999999999995e+00	6.136815225717388245e+00
1.935100000000000042e+00	6.195029255300206650e+00
1.938700000000000090e+00	5.410264481148278293e+00
1.942299999999999915e+00	4.788920925430208975e+00
1.945899999999999963e+00	6.387339276807435517e+00
1.949500000000000011e+00	5.184093344562745287e+00
1.953100000000000058e+00	5.259843910683050794e+00
1.956700000000000106e+00	5.056956426064109777e+00
1.960299999999999931e+00	6.215025180198546551e+00
1.963899999999999979e+00	5.378258404790744684e+00
1.967500000000000027e+00	6.120147253779708585e+00
1.971100000000000074e+00	7.131183046142417936e+00
1.974699999999999900e+00	4.867624926733738810e+00
1.978399999999999936e+00	6.139846165586138049e+00
1.981999999999999984e+00	6.217623862456820305e+00
1.985600000000000032e+00	8.167492856382342126e+00
1.989200000000000079e+00	7.679331065993801886e+00
1.992799999999999905e+00	6.600403888401676689e+00
1.996399999999999952e+00	8.292275181703022469e+00
2.000000000000000000e+00	9.180489846840757195e+00
