2.000000000000000111e-01	1.921437960297802228e+00
2.036000000000000032e-01	1.142148642723970209e+00
2.071999999999999953e-01	1.024625112794480764e+00
2.107999999999999874e-01	1.145985302910026871e+00
2.144000000000000072e-01	1.252361258148416701e+00
2.179999999999999993e-01	1.043834122478512372e+00
2.215999999999999914e-01	7.444434984184877813e-01
2.253000000000000003e-01	9.980385708046544124e-01
2.288999999999999924e-01	8.455981951815929598e-01
2.325000000000000122e-01	3.669633034653325132e-01
2.361000000000000043e-01	7.603888184900823299e-01
2.396999999999999964e-01	1.577312167421736522e+00
2.432999999999999885e-01	1.284893853803854125e+00
2.469000000000000083e-01	1.153450375445830733e+00
2.505000000000000004e-01	1.297884474377751562e+00
2.540999999999999925e-01	1.492238483176868913e+00
2.576999999999999846e-01	1.504904417126728067e+00
2.612999999999999767e-01	1.325431234660116697e+00
2.649000000000000243e-01	1.837236054457388468e+00
2.685000000000000164e-01	1.909329531291944271e+00
2.721000000000000085e-01	2.843994902451599582e+00
2.757999999999999896e-01	3.318860893328476003e+00
2.793999999999999817e-01	3.514047485433210216e+00
2.829999999999999738e-01	3.471812180612583010e+00
2.866000000000000214e-01	3.256615287886969412e+00
2.902000000000000135e-01	3.056224913603807991e+00
2.938000000000000056e-01	3.775479964487484352e+00
2.973999999999999977e-01	3.989866329746103446e+00
3.009999999999999898e-01	4.150502774100830017e+00
3.045999999999999819e-01	3.997704461881866234e+00
3.081999999999999740e-01	3.679121239688559530e+00
3.118000000000000216e-01	3.316929975947073395e+00
3.154000000000000137e-01	2.827967032824032501e+00
3.190000000000000058e-01	2.879372037285735875e+00
3.225999999999999979e-01	3.127491393575698275e+00
3.262999999999999790e-01	1.694405642477839979e+00
3.299000000000000266e-01	2.109255010299656341e+00
3.335000000000000187e-01	1.245467253116440132e+00
3.371000000000000107e-01	1.235243135074828968e+00
3.407000000000000028e-01	8.983198635974350976e-01
3.442999999999999949e-01	2.738299829808579222e-01
3.478999999999999870e-01	5.371211985747420536e-01
3.514999999999999791e-01	9.160187354263946702e-01
3.551000000000000267e-01	1.604218675171578123e-01
3.587000000000000188e-01	8.821246972777406770e-01
3.623000000000000109e-01	8.855162347218262786e-01
3.659000000000000030e-01	8.090423422088148797e-01
3.694999999999999951e-01	1.108802822979868541e+00
3.730999999999999872e-01	1.012406740343096079e+00
3.768000000000000238e-01	1.714367465339932561e+00
3.804000000000000159e-01	2.594276547513938880e+00
3.840000000000000080e-01	2.636098569827769911e+00
3.876000000000000001e-01	3.108041864864372172e+00
3.911999999999999922e-01	3.521911252255951474e+00
3.947999999999999843e-01	3.635704805528349404e+00
3.983999999999999764e-01	3.905372815583013413e+00
4.020000000000000240e-01	4.568941294688517729e+00
4.056000000000000161e-01	4.815986423572026887e+00
4.092000000000000082e-01	4.056929130817310103e+00
4.128000000000000003e-01	3.945389638747852423e+00
4.163999999999999924e-01	4.303703845221975577e+00
4.199999999999999845e-01	4.065598759278299390e+00
4.235999999999999766e-01	3.742661863358957230e+00
4.273000000000000131e-01	3.613703719882626952e+00
4.309000000000000052e-01	3.457813885746592319e+00
4.344999999999999973e-01	3.300570624747337867e+00
4.380999999999999894e-01	2.789975225594393038e+00
4.416999999999999815e-01	3.086786400203840319e+00
4.452999999999999736e-01	2.132474470495179464e+00
4.489000000000000212e-01	2.634461665015856990e+00
4.525000000000000133e-01	2.110179222934600585e+00
4.561000000000000054e-01	1.944331530938173236e+00
4.596999999999999975e-01	2.077462994778058292e+00
4.632999999999999896e-01	1.604441525230736687e+00
4.668999999999999817e-01	1.474229019738382274e+00
4.704999999999999738e-01	2.551952482900154973e+00
4.741000000000000214e-01	3.261571086863584323e+00
4.778000000000000025e-01	2.648105114951317951e+00
4.813999999999999946e-01	3.227195192993528750e+00
4.849999999999999867e-01	3.589859254262257604e+00
4.885999999999999788e-01	3.788358727664516756e+00
4.922000000000000264e-01	4.332079813269541724e+00
4.958000000000000185e-01	3.910175746052880097e+00
4.994000000000000106e-01	3.907339526280149578e+00
5.030000000000000027e-01	4.464090328348429004e+00
5.066000000000000503e-01	5.279952331555456624e+00
5.101999999999999869e-01	5.516139065397422492e+00
5.138000000000000345e-01	4.782025195849017862e+00
5.173999999999999710e-01	4.972543735591675507e+00
5.210000000000000187e-01	4.866033243536257658e+00
5.245999999999999552e-01	4.410805765271562429e+00
5.282999999999999918e-01	4.684260848280831446e+00
5.319000000000000394e-01	4.201827905749569325e+00
5.354999999999999760e-01	4.095338946681327030e+00
5.391000000000000236e-01	3.893908599780807833e+00
5.426999999999999602e-01	4.087545177284860998e+00
5.463000000000000078e-01	3.350693545368614412e+00
5.499000000000000554e-01	3.554357360134156707e+00
5.534999999999999920e-01	3.316472443477397558e+00
5.571000000000000396e-01	3.022834703503312070e+00
5.606999999999999762e-01	2.613122292034117500e+00
5.643000000000000238e-01	2.397507747516662846e+00
5.678999999999999604e-01	2.984753020169557125e+00
5.715000000000000080e-01	1.941472084122066510e+00
5.752000000000000446e-01	2.578221284092379939e+00
5.787999999999999812e-01	2.040943383729976635e+00
5.824000000000000288e-01	1.759461303059788539e+00
5.859999999999999654e-01	2.084458037979143086e+00
5.896000000000000130e-01	1.496240034833419053e+00
5.931999999999999496e-01	1.832318069259128102e+00
5.967999999999999972e-01	1.055705522230601545e+00
6.004000000000000448e-01	1.168665001998227426e+00
6.039999999999999813e-01	1.541642908190290706e+00
6.076000000000000290e-01	1.468651517638642767e+00
6.111999999999999655e-01	1.508853636366633388e+00
6.148000000000000131e-01	8.296444824413884422e-01
6.183999999999999497e-01	1.460812984809540804e+00
6.219999999999999973e-01	1.514493807642270706e+00
6.257000000000000339e-01	1.675755422219377788e+00
6.292999999999999705e-01	1.697340917274545058e+00
6.329000000000000181e-01	1.472105471927218412e+00
6.364999999999999547e-01	1.754080084114561844e+00
6.401000000000000023e-01	2.189769602679615623e+00
6.437000000000000499e-01	2.967380122805061582e+00
6.472999999999999865e-01	2.236870589626827943e+00
6.509000000000000341e-01	3.011267101041779526e+00
6.544999999999999707e-01	3.152013347793632292e+00
6.581000000000000183e-01	2.819886520125788110e+00
6.616999999999999549e-01	2.255743266190946894e+00
6.653000000000000025e-01	1.995527103080530829e+00
6.689000000000000501e-01	1.744180700009288376e+00
6.724999999999999867e-01	1.356193548043141295e+00
6.762000000000000233e-01	1.249772472343154028e+00
6.797999999999999599e-01	6.189305357313801270e-01
6.834000000000000075e-01	8.908658055375875406e-01
6.870000000000000551e-01	5.072629469288255644e-01
6.905999999999999917e-01	-2.654349812338077097e-01
6.942000000000000393e-01	1.482101037063931481e-01
6.977999999999999758e-01	-6.983913397149876801e-03
7.014000000000000234e-01	-2.020289680329123705e-02
7.049999999999999600e-01	1.275347396478260231e-01
7.086000000000000076e-01	-2.169653706448038122e-01
7.122000000000000552e-01	-5.020768565074992251e-01
7.157999999999999918e-01	-4.143761964602590830e-01
7.194000000000000394e-01	-2.763909371425982697e-01
7.229999999999999760e-01	1.691723363977261918e-01
7.267000000000000126e-01	2.505551586243503492e-01
7.302999999999999492e-01	3.704173930877036613e-01
7.338999999999999968e-01	6.545367304260192309e-01
7.375000000000000444e-01	7.555855195330654084e-01
7.410999999999999810e-01	1.162371863024442620e+00
7.447000000000000286e-01	1.309333024653653421e+00
7.482999999999999652e-01	1.676796818623104368e+00
7.519000000000000128e-01	2.119822380312781362e+00
7.554999999999999494e-01	2.525841367246971725e+00
7.590999999999999970e-01	2.280245744542848563e+00
7.627000000000000446e-01	1.538853389590463028e+00
7.662999999999999812e-01	1.682496468674874901e+00
7.699000000000000288e-01	2.394847442577593633e+00
7.734999999999999654e-01	2.484651023021589467e+00
7.772000000000000020e-01	2.158068171325118634e+00
7.808000000000000496e-01	2.198127884935710430e+00
7.843999999999999861e-01	1.672986826046186870e+00
7.880000000000000338e-01	1.609871346634138778e+00
7.915999999999999703e-01	2.163663580074321580e+00
7.952000000000000179e-01	2.580958667681819474e+00
7.987999999999999545e-01	2.140893182129867345e+00
8.024000000000000021e-01	2.008845171509686445e+00
8.060000000000000497e-01	1.377312098382296401e+00
8.095999999999999863e-01	1.065468781720632530e+00
8.132000000000000339e-01	6.336734954295986100e-01
8.167999999999999705e-01	4.150641297806456631e-01
8.204000000000000181e-01	1.480084607591587664e+00
8.239999999999999547e-01	1.265021517309548038e+00
8.276999999999999913e-01	8.737228753651408164e-01
8.313000000000000389e-01	1.458858369511524700e+00
8.348999999999999755e-01	1.347886221663495254e+00
8.385000000000000231e-01	1.923108375343379528e+00
8.420999999999999597e-01	1.838354561892116212e+00
8.457000000000000073e-01	2.250368436229942759e+00
8.493000000000000549e-01	2.339949228010300697e+00
8.528999999999999915e-01	2.970689385193907572e+00
8.565000000000000391e-01	3.076908415179353540e+00
8.600999999999999757e-01	3.823724124577648986e+00
8.637000000000000233e-01	3.470789782514548172e+00
8.672999999999999599e-01	4.356568534967661499e+00
8.709000000000000075e-01	3.952468614261846813e+00
8.745000000000000551e-01	4.423435013608072452e+00
8.781999999999999806e-01	4.175583901353524752e+00
8.818000000000000282e-01	5.232457708147270736e+00
8.853999999999999648e-01	4.582352561093059329e+00
8.890000000000000124e-01	4.612564403071877983e+00
8.925999999999999490e-01	4.688185874467322378e+00
8.961999999999999966e-01	4.187275102961411477e+00
8.998000000000000442e-01	4.003673184549751518e+00
9.033999999999999808e-01	3.505773886277284035e+00
9.070000000000000284e-01	3.784282483510089001e+00
9.105999999999999650e-01	3.473302884713181715e+00
9.142000000000000126e-01	3.625098092333395527e+00
9.177999999999999492e-01	3.524877344454191430e+00
9.213999999999999968e-01	3.249093729995122359e+00
9.251000000000000334e-01	2.569046140640820486e+00
9.286999999999999700e-01	3.362015145891164902e+00
9.323000000000000176e-01	3.418471373672732128e+00
9.358999999999999542e-01	3.020622194009040751e+00
9.395000000000000018e-01	2.919761308085346396e+00
9.431000000000000494e-01	3.044798530584625240e+00
9.466999999999999860e-01	3.692438319833684091e+00
9.503000000000000336e-01	3.884844376389674725e+00
9.538999999999999702e-01	3.994119921225615766e+00
9.575000000000000178e-01	4.158644688976674608e+00
9.610999999999999543e-01	4.805225657976114562e+00
9.647000000000000020e-01	4.890084394160871817e+00
9.683000000000000496e-01	5.724072480326592327e+00
9.718999999999999861e-01	5.661918403726721394e+00
9.756000000000000227e-01	5.255717386809792835e+00
9.791999999999999593e-01	6.149574517103451932e+00
9.828000000000000069e-01	6.026452046109145755e+00
9.864000000000000545e-01	5.891639899658990487e+00
9.899999999999999911e-01	6.164864138496148449e+00
9.936000000000000387e-01	6.478768248538152363e+00
9.971999999999999753e-01	6.326265601480403511e+00
1.000799999999999912e+00	6.823990977313639128e+00
1.004399999999999959e+00	6.364459025166922856e+00
1.008000000000000007e+00	5.755474213369415892e+00
1.011600000000000055e+00	5.562989798196651847e+00
1.015200000000000102e+00	5.573382192014381786e+00
1.018799999999999928e+00	5.613104743783376094e+00
1.022399999999999975e+00	5.278758387455006584e+00
1.026100000000000012e+00	4.556306878911914104e+00
1.029700000000000060e+00	4.321831464113857990e+00
1.033300000000000107e+00	4.197849692114639986e+00
1.036899999999999933e+00	3.989013797374336256e+00
1.040499999999999980e+00	3.912211377244770638e+00
1.044100000000000028e+00	4.283582003336394273e+00
1.047700000000000076e+00	4.160510534287415574e+00
1.051299999999999901e+00	3.448033858326930101e+00
1.054899999999999949e+00	3.555769911203970235e+00
1.058499999999999996e+00	4.313123953146985379e+00
1.062100000000000044e+00	4.749151854897093905e+00
1.065700000000000092e+00	5.324459469655821842e+00
1.069299999999999917e+00	4.856429697777404186e+00
1.072899999999999965e+00	4.966220700081318107e+00
1.076600000000000001e+00	4.875346225645595055e+00
1.080200000000000049e+00	4.980095385322260704e+00
1.083800000000000097e+00	5.926542109452324958e+00
1.087399999999999922e+00	6.292680367452860857e+00
1.090999999999999970e+00	6.312196238901038647e+00
1.094600000000000017e+00	6.691123420889253381e+00
1.098200000000000065e+00	6.723931405087994584e+00
1.101799999999999891e+00	6.835801427109009509e+00
1.105399999999999938e+00	6.953699728696276061e+00
1.108999999999999986e+00	7.096401255310259337e+00
1.112600000000000033e+00	6.284100530137377127e+00
1.116200000000000081e+00	5.158069071832213304e+00
1.119799999999999907e+00	5.342143064082688575e+00
1.123399999999999954e+00	4.990904485704239057e+00
1.127099999999999991e+00	5.284969621387019423e+00
1.130700000000000038e+00	4.957771150309135955e+00
1.134300000000000086e+00	4.853439919155173143e+00
1.137899999999999912e+00	5.089338715317502704e+00
1.141499999999999959e+00	4.849204193857405976e+00
1.145100000000000007e+00	4.573214164675453830e+00
1.148700000000000054e+00	5.549468874649150507e+00
1.152300000000000102e+00	6.375647954046351096e+00
1.155899999999999928e+00	6.058135027360759040e+00
1.159499999999999975e+00	6.858628332477707090e+00
1.163100000000000023e+00	5.225069358801164299e+00
1.166700000000000070e+00	5.532064532413186519e+00
1.170299999999999896e+00	5.072397764295855538e+00
1.173899999999999944e+00	5.109758683424860060e+00
1.177599999999999980e+00	5.202189272165926859e+00
1.181200000000000028e+00	4.829708179589976780e+00
1.184800000000000075e+00	4.976992643973133568e+00
1.188399999999999901e+00	4.935123834559311362e+00
1.191999999999999948e+00	5.695923959603311992e+00
1.195599999999999996e+00	5.292809838537156253e+00
1.199200000000000044e+00	4.850859979041235448e+00
1.202800000000000091e+00	5.557784892760169626e+00
1.206399999999999917e+00	5.173284417616244468e+00
1.209999999999999964e+00	4.598373883847064469e+00
1.213600000000000012e+00	5.655449289122513434e+00
1.217200000000000060e+00	4.710284833354007716e+00
1.220800000000000107e+00	4.419632142926570140e+00
1.224399999999999933e+00	4.064846268819506392e+00
1.228099999999999969e+00	4.116298584846822095e+00
1.231700000000000017e+00	2.830932330499927208e+00
1.235300000000000065e+00	3.731672251908893401e+00
1.238899999999999890e+00	2.790401469578251081e+00
1.242499999999999938e+00	3.304807385124787000e+00
1.246099999999999985e+00	2.726931844527740623e+00
1.249700000000000033e+00	1.993311251086197000e+00
1.253300000000000081e+00	1.961883810355393720e+00
1.256899999999999906e+00	2.046004379312945431e+00
1.260499999999999954e+00	1.613620366152117791e+00
1.264100000000000001e+00	1.128956181582015716e+00
1.267700000000000049e+00	7.113370605791140555e-01
1.271300000000000097e+00	1.059508525314645233e+00
1.274899999999999922e+00	1.003056190554271421e+00
1.278599999999999959e+00	7.417458342822371709e-01
1.282200000000000006e+00	2.244083171593160841e-01
1.285800000000000054e+00	7.688839938315416012e-01
1.289400000000000102e+00	9.159893603586313215e-01
1.292999999999999927e+00	1.012526010442701851e+00
1.296599999999999975e+00	1.038538579223170721e+00
1.300200000000000022e+00	1.203954162469252687e+00
1.303800000000000070e+00	1.968154875126822745e+00
1.307399999999999896e+00	2.318412582746061101e+00
1.310999999999999943e+00	1.880484582643220604e+00
1.314599999999999991e+00	1.954091391916993103e+00
1.318200000000000038e+00	2.911514065309602106e+00
1.321800000000000086e+00	2.946503266959511702e+00
1.325499999999999901e+00	2.589947011501511742e+00
1.329099999999999948e+00	2.158433861710382651e+00
1.332699999999999996e+00	2.267869942634272107e+00
1.336300000000000043e+00	2.931640586860274844e+00
1.339900000000000091e+00	3.507267766377787588e+00
1.343499999999999917e+00	2.779675676746814261e+00
1.347099999999999964e+00	3.680871155948112872e+00
1.350700000000000012e+00	3.195831595212076159e+00
1.354300000000000059e+00	3.208836168525659005e+00
1.357900000000000107e+00	3.313779114814650040e+00
1.361499999999999932e+00	2.999299469842608090e+00
1.365099999999999980e+00	2.563637326897619140e+00
1.368700000000000028e+00	2.909786640618334808e+00
1.372300000000000075e+00	2.079617471892497349e+00
1.375999999999999890e+00	2.263189798875412606e+00
1.379599999999999937e+00	2.435883779752436418e+00
1.383199999999999985e+00	3.215788910236803577e+00
1.386800000000000033e+00	2.805903062784113722e+00
1.390400000000000080e+00	2.916845160631584832e+00
1.393999999999999906e+00	3.613364537805735299e+00
1.397599999999999953e+00	4.359455159154665083e+00
1.401200000000000001e+00	3.503876386223056194e+00
1.404800000000000049e+00	4.586133044040050066e+00
1.408400000000000096e+00	4.539801549591802043e+00
1.411999999999999922e+00	4.688195746854191270e+00
1.415599999999999969e+00	5.283935316584208230e+00
1.419200000000000017e+00	5.313873361266156614e+00
1.422800000000000065e+00	5.245478343641887697e+00
1.426500000000000101e+00	5.304626707385333262e+00
1.430099999999999927e+00	5.359753515751286557e+00
1.433699999999999974e+00	5.360831258411596245e+00
1.437300000000000022e+00	5.870058113647219855e+00
1.440900000000000070e+00	5.523391338063524891e+00
1.444499999999999895e+00	5.768979212008256141e+00
1.448099999999999943e+00	6.577521252089077564e+00
1.451699999999999990e+00	5.689023448008101447e+00
1.455300000000000038e+00	6.265470003270626975e+00
1.458900000000000086e+00	6.411047094267798840e+00
1.462499999999999911e+00	6.247763763985014762e+00
1.466099999999999959e+00	5.983554058708500989e+00
1.469700000000000006e+00	6.253728330679872549e+00
1.473300000000000054e+00	7.146334583114990480e+00
1.477000000000000091e+00	6.904134330004406017e+00
1.480599999999999916e+00	7.435840157356125246e+00
1.484199999999999964e+00	7.165469072811307960e+00
1.487800000000000011e+00	7.665870130509139457e+00
1.491400000000000059e+00	8.166084747794950971e+00
1.495000000000000107e+00	7.999164655352556608e+00
1.498599999999999932e+00	8.061381985300663189e+00
1.502199999999999980e+00	7.598646450809865449e+00
1.505800000000000027e+00	7.856032925779462772e+00
1.509400000000000075e+00	8.208701696296909489e+00
1.512999999999999901e+00	8.220499783475357702e+00
1.516599999999999948e+00	8.497233990216567889e+00
1.520199999999999996e+00	8.050019873511624624e+00
1.523800000000000043e+00	8.235574024279776140e+00
1.527500000000000080e+00	7.900084380504163839e+00
1.531099999999999905e+00	8.091929509659529174e+00
1.534699999999999953e+00	8.155528608005779390e+00
1.538300000000000001e+00	8.567315211869990677e+00
1.541900000000000048e+00	8.399224794125714766e+00
1.545500000000000096e+00	8.895323269172727976e+00
1.549099999999999921e+00	8.696662391473045872e+00
1.552699999999999969e+00	8.696805621661251706e+00
1.556300000000000017e+00	9.117325937151903759e+00
1.559900000000000064e+00	8.774628840086348802e+00
1.563499999999999890e+00	7.949356149543713279e+00
1.567099999999999937e+00	8.198276401267738933e+00
1.570699999999999985e+00	7.743142153667917249e+00
1.574300000000000033e+00	7.985770157136521163e+00
1.578000000000000069e+00	7.798872881568904347e+00
1.581599999999999895e+00	7.823593588249635467e+00
1.585199999999999942e+00	7.764068836465622070e+00
1.588799999999999990e+00	8.342085335436234317e+00
1.592400000000000038e+00	8.233059535016032271e+00
1.596000000000000085e+00	8.007308233354567761e+00
1.599599999999999911e+00	8.300504260375591414e+00
1.603199999999999958e+00	9.056281916733937010e+00
1.606800000000000006e+00	9.733910764115320191e+00
1.610400000000000054e+00	9.812334378498018594e+00
1.614000000000000101e+00	1.017033735463845545e+01
1.617599999999999927e+00	1.054296983012051037e+01
1.621199999999999974e+00	1.126609840212362279e+01
1.624800000000000022e+00	1.098711574493509247e+01
1.628500000000000059e+00	1.174795878721976905e+01
1.632100000000000106e+00	1.247606726749664752e+01
1.635699999999999932e+00	1.333994367624540445e+01
1.639299999999999979e+00	1.336377085919301955e+01
1.642900000000000027e+00	1.360570078061201116e+01
1.646500000000000075e+00	1.368827029099155013e+01
1.650099999999999900e+00	1.372965676340911045e+01
1.653699999999999948e+00	1.502184840610982519e+01
1.657299999999999995e+00	1.576079707916296080e+01
1.660900000000000043e+00	1.797032611250396883e+01
1.664500000000000091e+00	1.931658678275716312e+01
1.668099999999999916e+00	2.046635545884488749e+01
1.671699999999999964e+00	2.180712570532567440e+01
1.675400000000000000e+00	2.136442818536785992e+01
1.679000000000000048e+00	2.104414927066600427e+01
1.682600000000000096e+00	1.976991547069760102e+01
1.686199999999999921e+00	1.979257292025526738e+01
1.689799999999999969e+00	1.830703072713115276e+01
1.693400000000000016e+00	1.757358584323609207e+01
1.697000000000000064e+00	1.723528955856900424e+01
1.700599999999999890e+00	1.769637222454246483e+01
1.704199999999999937e+00	1.794442015268548474e+01
1.707799999999999985e+00	1.862495137211537966e+01
1.711400000000000032e+00	1.902865395854011155e+01
1.715000000000000080e+00	1.815828610836872414e+01
1.718599999999999905e+00	1.655141109063493232e+01
1.722199999999999953e+00	1.549301084721269461e+01
1.725899999999999990e+00	1.319618473567907913e+01
1.729500000000000037e+00	1.177767568893576211e+01
1.733100000000000085e+00	9.810628488338505093e+00
1.736699999999999910e+00	8.640979397749878999e+00
1.740299999999999958e+00	8.601205920649769965e+00
1.743900000000000006e+00	7.979934546515861982e+00
1.747500000000000053e+00	8.309682333380493446e+00
1.751100000000000101e+00	8.897724273390622329e+00
1.754699999999999926e+00	8.501046279603293954e+00
1.758299999999999974e+00	8.965550179058771718e+00
1.761900000000000022e+00	8.722426286115554817e+00
1.765500000000000069e+00	8.179791644172466292e+00
1.769099999999999895e+00	8.142210129351063586e+00
1.772699999999999942e+00	6.838770670942062146e+00
1.776399999999999979e+00	7.025711372209345384e+00
1.780000000000000027e+00	7.239080088015423797e+00
1.783600000000000074e+00	6.762277802975414254e+00
1.787199999999999900e+00	7.690275098071221116e+00
1.790799999999999947e+00	8.433403186104053262e+00
1.794399999999999995e+00	8.680054091707626540e+00
1.798000000000000043e+00	1.004325625615691564e+01
1.801600000000000090e+00	1.041083539255549795e+01
1.805199999999999916e+00	9.646402577290400515e+00
1.808799999999999963e+00	1.022838731198376649e+01
1.812400000000000011e+00	9.798463754947594140e+00
1.816000000000000059e+00	1.002002297476817461e+01
1.819600000000000106e+00	9.427561545181822211e+00
1.823199999999999932e+00	1.040259714092940513e+01
1.826899999999999968e+00	9.949657085481709018e+00
1.830500000000000016e+00	1.002406882610865679e+01
1.834100000000000064e+00	9.735961598212744761e+00
1.837699999999999889e+00	1.014035092575110752e+01
1.841299999999999937e+00	9.485996581213715473e+00
1.844899999999999984e+00	9.545883866970587661e+00
1.848500000000000032e+00	9.917637485645895978e+00
1.852100000000000080e+00	9.360872290552778807e+00
1.855699999999999905e+00	1.032738830070984548e+01
1.859299999999999953e+00	9.780326587595613574e+00
1.862900000000000000e+00	1.050871837198104330e+01
1.866500000000000048e+00	1.118753629455795284e+01
1.870100000000000096e+00	1.210690648724607144e+01
1.873699999999999921e+00	1.277921135302679190e+01
1.877399999999999958e+00	1.386070079303183178e+01
1.881000000000000005e+00	1.412214773506100585e+01
1.884600000000000053e+00	1.423951095051139326e+01
1.888200000000000101e+00	1.361448404463452810e+01
1.891799999999999926e+00	1.356280197662076503e+01
1.895399999999999974e+00	1.300675274771785439e+01
1.899000000000000021e+00	1.290995848612140939e+01
1.902600000000000069e+00	1.298106037077563002e+01
1.906199999999999894e+00	1.281203769914730906e+01
1.909799999999999942e+00	1.311420842223195926e+01
1.913399999999999990e+00	1.399012998396092300e+01
1.917000000000000037e+00	1.442965669616902069e+01
1.920600000000000085e+00	1.530540269431580569e+01
1.924199999999999910e+00	1.538903924909201493e+01
1.927899999999999947e+00	1.559699504218967192e+01
1.931499999999999995e+00	1.553058896022620949e+01
1.935100000000000042e+00	1.621987379441901567e+01
1.938700000000000090e+00	1.621688033647740923e+01
1.942299999999999915e+00	1.683583384222361090e+01
1.945899999999999963e+00	1.734929517098449026e+01
1.949500000000000011e+00	1.812400051671100698e+01
1.953100000000000058e+00	1.926887037375094636e+01
1.956700000000000106e+00	1.978534993199782122e+01
1.960299999999999931e+00	2.067329716494555569e+01
1.963899999999999979e+00	2.098851509626824097e+01
1.967500000000000027e+00	2.089471280719632063e+01
1.971100000000000074e+00	2.142820435396831513e+01
1.974699999999999900e+00	2.098508539234011039e+01
1.978399999999999936e+00	2.048815462272815324e+01
1.981999999999999984e+00	2.058718791460479380e+01
1.985600000000000032e+00	2.021226676265569466e+01
1.989200000000000079e+00	1.989190108782592858e+01
1.992799999999999905e+00	2.094791354904711511e+01
1.996399999999999952e+00	2.197975141568964474e+01
2.000000000000000000e+00	2.359930107540936817e+01
