2.000000000000000111e-01	-7.014131012646532826e-01
2.036000000000000032e-01	1.331888923726380902e-01
2.071999999999999953e-01	-8.532509650940360846e-01
2.107999999999999874e-01	-5.635323289399405411e-01
2.144000000000000072e-01	-6.357412908389847850e-01
2.179999999999999993e-01	-3.273498583911793602e-02
2.215999999999999914e-01	-6.741959470391027942e-01
2.253000000000000003e-01	-1.655899912330485391e+00
2.288999999999999924e-01	-1.240821306976611194e+00
2.325000000000000122e-01	-1.549927546823104851e+00
2.361000000000000043e-01	-1.443267223581629066e+00
2.396999999999999964e-01	-1.320785253374806345e+00
2.432999999999999885e-01	-1.577424582510270845e+00
2.469000000000000083e-01	-3.901256658318634774e-01
2.505000000000000004e-01	-1.028122880927102800e+00
2.540999999999999925e-01	-1.357607920501544330e+00
2.576999999999999846e-01	6.172276931381506238e-01
2.612999999999999767e-01	1.376603036841450578e-02
2.649000000000000243e-01	7.880545814989359243e-01
2.685000000000000164e-01	4.528565343596991921e-01
2.721000000000000085e-01	-2.744888168879129897e-01
2.757999999999999896e-01	1.924480743029329810e-01
2.793999999999999817e-01	9.049528342136706760e-01
2.829999999999999738e-01	2.710695961123136266e-01
2.866000000000000214e-01	-1.888663407868972910e-01
2.902000000000000135e-01	8.331639869841755974e-01
2.938000000000000056e-01	3.984708574203609244e-01
2.973999999999999977e-01	4.821816081267716880e-01
3.009999999999999898e-01	-4.989985654529305314e-02
3.045999999999999819e-01	-2.681636762945487362e-01
3.081999999999999740e-01	-1.932355992097229969e-01
3.118000000000000216e-01	-1.118497532245485315e+00
3.154000000000000137e-01	-1.312699103677013035e+00
3.190000000000000058e-01	-1.026340104295143885e+00
3.225999999999999979e-01	-1.157772240744930459e+00
3.262999999999999790e-01	-6.015745955191025285e-01
3.299000000000000266e-01	-1.670188390892037855e+00
3.335000000000000187e-01	1.729325161537897948e-02
3.371000000000000107e-01	2.519371637317929791e-01
3.407000000000000028e-01	-4.756438774583770512e-01
3.442999999999999949e-01	1.555944396450513745e-01
3.478999999999999870e-01	6.573932649851538246e-02
3.514999999999999791e-01	6.487596140490969887e-02
3.551000000000000267e-01	9.550375769255126102e-01
3.587000000000000188e-01	1.609715840079500859e+00
3.623000000000000109e-01	-1.040227823214306735e+00
3.659000000000000030e-01	6.289983350121431949e-01
3.694999999999999951e-01	8.378062789872012806e-01
3.730999999999999872e-01	-7.956079849252954972e-01
3.768000000000000238e-01	-1.325331907802692610e-01
3.804000000000000159e-01	2.656830011709087058e-01
3.840000000000000080e-01	-2.348565672006657223e-01
3.876000000000000001e-01	-1.139190877878863528e+00
3.911999999999999922e-01	-7.423265970810133396e-01
3.947999999999999843e-01	-1.467580855343769031e+00
3.983999999999999764e-01	-9.393788536656927368e-01
4.020000000000000240e-01	3.117372731374428163e-01
4.056000000000000161e-01	-5.348035262549335478e-01
4.092000000000000082e-01	-2.441210291272060129e-01
4.128000000000000003e-01	-7.182108000779499068e-01
4.163999999999999924e-01	-4.897201830733052264e-01
4.199999999999999845e-01	-5.451312717165108790e-01
4.235999999999999766e-01	1.202453239505091531e+00
4.273000000000000131e-01	6.980405547804504618e-01
4.309000000000000052e-01	5.820033879903608875e-01
4.344999999999999973e-01	-8.058584838608495726e-01
4.380999999999999894e-01	7.627088070857286350e-01
4.416999999999999815e-01	8.563782054991571080e-01
4.452999999999999736e-01	1.222203900448421976e+00
4.489000000000000212e-01	1.285182292685869587e+00
4.525000000000000133e-01	5.188645164312847280e-01
4.561000000000000054e-01	1.187030214591815902e+00
4.596999999999999975e-01	8.287906340756927559e-01
4.632999999999999896e-01	1.126697328669652887e+00
4.668999999999999817e-01	9.577831974076363997e-01
4.704999999999999738e-01	2.818459224051604872e-01
4.741000000000000214e-01	-1.002722079154960699e-02
4.778000000000000025e-01	2.403301813792573793e-01
4.813999999999999946e-01	6.639162677160079795e-01
4.849999999999999867e-01	5.621630657357913341e-01
4.885999999999999788e-01	9.362316328935198495e-01
4.922000000000000264e-01	1.684184439940734856e+00
4.958000000000000185e-01	7.601197833162578466e-01
4.994000000000000106e-01	9.519042724531142641e-01
5.030000000000000027e-01	1.244608687989164908e+00
5.066000000000000503e-01	2.124302618789521979e+00
5.101999999999999869e-01	1.917092747088922744e+00
5.138000000000000345e-01	1.293138109498903399e+00
5.173999999999999710e-01	1.632031698467049985e+00
5.210000000000000187e-01	1.726388092065079372e+00
5.245999999999999552e-01	1.642720650021290973e+00
5.282999999999999918e-01	2.003981599265457270e+00
5.319000000000000394e-01	2.449411595308878642e+00
5.354999999999999760e-01	8.942243194658292538e-01
5.391000000000000236e-01	1.238079557975674927e+00
5.426999999999999602e-01	1.100028517463587763e+00
5.463000000000000078e-01	7.900334239859442276e-01
5.499000000000000554e-01	6.070584191605385982e-01
5.534999999999999920e-01	8.840240424848635481e-01
5.571000000000000396e-01	1.088024898440893784e+00
5.606999999999999762e-01	1.492080985745955157e+00
5.643000000000000238e-01	1.185865177007173976e+00
5.678999999999999604e-01	1.160845300511065492e+00
5.715000000000000080e-01	8.232457968265085579e-01
5.752000000000000446e-01	2.808158951217794019e+00
5.787999999999999812e-01	2.387065555842225351e+00
5.824000000000000288e-01	1.485148364372656404e+00
5.859999999999999654e-01	2.476438397083312815e+00
5.896000000000000130e-01	2.304098024803965306e+00
5.931999999999999496e-01	2.842201647652717877e+00
5.967999999999999972e-01	2.286669227894884138e+00
6.004000000000000448e-01	3.002450023720591332e+00
6.039999999999999813e-01	2.789562478419112423e+00
6.076000000000000290e-01	2.397402899753175998e+00
6.111999999999999655e-01	2.838932392208907807e+00
6.148000000000000131e-01	2.220223270817607286e+00
6.183999999999999497e-01	2.062032519660131236e+00
6.219999999999999973e-01	1.533187217378979117e+00
6.257000000000000339e-01	8.978669939242130971e-01
6.292999999999999705e-01	1.720598413284047279e+00
6.329000000000000181e-01	2.576979818064554451e+00
6.364999999999999547e-01	2.557301015715677917e+00
6.401000000000000023e-01	2.107940664031240807e+00
6.437000000000000499e-01	1.771266768028785465e+00
6.472999999999999865e-01	1.446726614840434078e+00
6.509000000000000341e-01	2.485729030317411326e+00
6.544999999999999707e-01	3.629200762560482740e+00
6.581000000000000183e-01	3.577480470112556876e+00
6.616999999999999549e-01	2.860239935037554027e+00
6.653000000000000025e-01	4.233673594807425111e+00
6.689000000000000501e-01	3.319313766906050400e+00
6.724999999999999867e-01	4.351021498914466434e+00
6.762000000000000233e-01	3.606857014400890016e+00
6.797999999999999599e-01	4.172321657049970156e+00
6.834000000000000075e-01	3.974210018166608460e+00
6.870000000000000551e-01	4.000599273083077279e+00
6.905999999999999917e-01	3.650092579720926711e+00
6.942000000000000393e-01	3.919150593385651860e+00
6.977999999999999758e-01	4.048729532466322389e+00
7.014000000000000234e-01	4.030047303120952051e+00
7.049999999999999600e-01	3.316521552241845416e+00
7.086000000000000076e-01	3.289952616220319648e+00
7.122000000000000552e-01	3.454139230198175703e+00
7.157999999999999918e-01	3.313680760921528634e+00
7.194000000000000394e-01	2.944269925869057669e+00
7.229999999999999760e-01	3.129544780693475303e+00
7.267000000000000126e-01	4.729332997852429443e+00
7.302999999999999492e-01	4.346823465427489985e+00
7.338999999999999968e-01	4.122025745596344493e+00
7.375000000000000444e-01	3.738754442899916874e+00
7.410999999999999810e-01	4.222507248513656108e+00
7.447000000000000286e-01	4.380567246649366808e+00
7.482999999999999652e-01	4.116755896954528815e+00
7.519000000000000128e-01	4.470362479197919292e+00
7.554999999999999494e-01	5.711946141503664975e+00
7.590999999999999970e-01	4.736599687248476798e+00
7.627000000000000446e-01	5.287629012277828444e+00
7.662999999999999812e-01	5.001354266851615549e+00
7.699000000000000288e-01	4.073559785463426230e+00
7.734999999999999654e-01	3.780168693528678237e+00
7.772000000000000020e-01	3.934729846059885183e+00
7.808000000000000496e-01	5.693511738716066972e+00
7.843999999999999861e-01	4.535110914451083275e+00
7.880000000000000338e-01	4.063775510167356053e+00
7.915999999999999703e-01	4.043982869265342117e+00
7.952000000000000179e-01	3.513054574492555204e+00
7.987999999999999545e-01	2.734174363958296716e+00
8.024000000000000021e-01	4.444848986859714302e+00
8.060000000000000497e-01	3.474857316006335850e+00
8.095999999999999863e-01	2.885773999700133707e+00
8.132000000000000339e-01	3.764258528342904420e+00
8.167999999999999705e-01	2.957795652149195487e+00
8.204000000000000181e-01	3.981302675386304113e+00
8.239999999999999547e-01	3.935247420225133741e+00
8.276999999999999913e-01	3.650090656144060031e+00
8.313000000000000389e-01	3.944030089841869202e+00
8.348999999999999755e-01	4.614533396675415844e+00
8.385000000000000231e-01	3.661794894622465435e+00
8.420999999999999597e-01	4.378536311240365464e+00
8.457000000000000073e-01	3.365507094951831313e+00
8.493000000000000549e-01	4.010509125081219040e+00
8.528999999999999915e-01	2.476361163884986283e+00
8.565000000000000391e-01	4.204554596758780960e+00
8.600999999999999757e-01	2.141887761842133031e+00
8.637000000000000233e-01	2.115955226656738741e+00
8.672999999999999599e-01	3.597733205604332518e+00
8.709000000000000075e-01	2.398055881087156838e+00
8.745000000000000551e-01	3.481867181425453595e+00
8.781999999999999806e-01	2.881130898722130240e+00
8.818000000000000282e-01	1.898930059915250101e+00
8.853999999999999648e-01	2.831188152031777427e+00
8.890000000000000124e-01	3.191792840768972184e+00
8.925999999999999490e-01	2.722286271573510774e+00
8.961999999999999966e-01	1.411421054138142672e+00
8.998000000000000442e-01	2.996213280096274634e+00
9.033999999999999808e-01	3.369025496572778167e+00
9.070000000000000284e-01	1.828627946304822949e+00
9.105999999999999650e-01	3.091470046754299261e+00
9.142000000000000126e-01	3.217472581295118150e+00
9.177999999999999492e-01	3.384835665374517966e+00
9.213999999999999968e-01	3.070674802478181142e+00
9.251000000000000334e-01	2.751176918438231755e+00
9.286999999999999700e-01	2.213613654885755899e+00
9.323000000000000176e-01	2.209546784238472394e+00
9.358999999999999542e-01	3.173125091717226454e+00
9.395000000000000018e-01	2.402904314568353517e+00
9.431000000000000494e-01	2.963069989798121640e+00
9.466999999999999860e-01	2.173053635878348100e+00
9.503000000000000336e-01	2.412086635521323519e+00
9.538999999999999702e-01	4.056300749701104991e+00
9.575000000000000178e-01	1.821224052019597472e+00
9.610999999999999543e-01	1.944711678617742079e+00
9.647000000000000020e-01	3.063650362465090815e+00
9.683000000000000496e-01	2.827754159548252044e+00
9.718999999999999861e-01	2.819099636361090511e+00
9.756000000000000227e-01	2.492607503745693176e+00
9.791999999999999593e-01	3.690787294062017221e+00
9.828000000000000069e-01	2.474079590617443536e+00
9.864000000000000545e-01	3.190790986056958989e+00
9.899999999999999911e-01	2.656465298017032239e+00
9.936000000000000387e-01	2.620493461403594182e+00
9.971999999999999753e-01	1.360652699663255527e+00
1.000799999999999912e+00	2.231751873715957846e+00
1.004399999999999959e+00	2.658977818340345856e+00
1.008000000000000007e+00	3.426609492782230149e+00
1.011600000000000055e+00	2.176330956691484353e+00
1.015200000000000102e+00	2.867309673599203634e+00
1.018799999999999928e+00	1.828802536196962647e+00
1.022399999999999975e+00	2.952558999602453937e+00
1.026100000000000012e+00	3.164616901501695168e+00
1.029700000000000060e+00	2.187558063962365296e+00
1.033300000000000107e+00	1.842088612778997714e+00
1.036899999999999933e+00	1.826572301302433754e+00
1.040499999999999980e+00	1.531334201611777468e+00
1.044100000000000028e+00	2.281711550968532620e+00
1.047700000000000076e+00	2.286656642788915228e+00
1.051299999999999901e+00	2.368273925542331071e+00
1.054899999999999949e+00	2.052817963664402168e+00
1.058499999999999996e+00	2.206961331483711763e+00
1.062100000000000044e+00	2.127490454897962291e+00
1.065700000000000092e+00	2.479774060555791859e+00
1.069299999999999917e+00	1.115003264314475828e+00
1.072899999999999965e+00	2.731697640754297218e+00
1.076600000000000001e+00	3.447445306672435983e+00
1.080200000000000049e+00	1.846684519846106376e+00
1.083800000000000097e+00	2.930301180913897241e+00
1.087399999999999922e+00	2.981034277566721347e+00
1.090999999999999970e+00	3.408732846995297994e+00
1.094600000000000017e+00	3.723574956622873522e+00
1.098200000000000065e+00	4.495537176990045403e+00
1.101799999999999891e+00	5.046269163444883965e+00
1.105399999999999938e+00	4.032027326060220851e+00
1.108999999999999986e+00	5.328058195869056490e+00
1.112600000000000033e+00	4.566590625098316814e+00
1.116200000000000081e+00	3.101386850470489343e+00
1.119799999999999907e+00	3.342775189507692257e+00
1.123399999999999954e+00	3.073773960767721025e+00
1.127099999999999991e+00	2.922006852938213939e+00
1.130700000000000038e+00	2.126612735723356629e+00
1.134300000000000086e+00	2.816584300095995808e+00
1.137899999999999912e+00	2.282619682565057762e+00
1.141499999999999959e+00	3.513166390387527205e+00
1.145100000000000007e+00	4.282416827075165244e+00
1.148700000000000054e+00	4.932308153178946775e+00
1.152300000000000102e+00	5.317602931041333747e+00
1.155899999999999928e+00	6.113761911483691414e+00
1.159499999999999975e+00	7.194420460628430547e+00
1.163100000000000023e+00	7.284132011469533374e+00
1.166700000000000070e+00	6.959680159861143522e+00
1.170299999999999896e+00	5.835243699593972266e+00
1.173899999999999944e+00	4.940855544429170187e+00
1.177599999999999980e+00	4.396857092472632011e+00
1.181200000000000028e+00	4.969852810986802538e+00
1.184800000000000075e+00	4.380898589812981747e+00
1.188399999999999901e+00	4.619735393614539554e+00
1.191999999999999948e+00	5.894860860214913956e+00
1.195599999999999996e+00	6.775162937237827698e+00
1.199200000000000044e+00	5.867294872961361207e+00
1.202800000000000091e+00	4.675034787711913609e+00
1.206399999999999917e+00	5.305192015504173852e+00
1.209999999999999964e+00	5.877074165694923025e+00
1.213600000000000012e+00	5.641453733874511656e+00
1.217200000000000060e+00	5.041088558573137313e+00
1.220800000000000107e+00	3.817057584189349484e+00
1.224399999999999933e+00	4.163800061423801324e+00
1.228099999999999969e+00	4.907366084068257805e+00
1.231700000000000017e+00	5.300807958393463970e+00
1.235300000000000065e+00	4.278688142282301321e+00
1.238899999999999890e+00	5.252846217479756774e+00
1.242499999999999938e+00	4.660893136192841624e+00
1.246099999999999985e+00	4.504831864829372812e+00
1.249700000000000033e+00	5.312491724718753972e+00
1.253300000000000081e+00	5.892149949793909158e+00
1.256899999999999906e+00	4.500526688373210682e+00
1.260499999999999954e+00	3.947356671325703559e+00
1.264100000000000001e+00	5.121537726887599895e+00
1.267700000000000049e+00	4.969945927793023799e+00
1.271300000000000097e+00	4.808315482876325930e+00
1.274899999999999922e+00	4.852918476706164164e+00
1.278599999999999959e+00	3.933243316482291085e+00
1.282200000000000006e+00	4.722281734549956589e+00
1.285800000000000054e+00	4.788430201394299424e+00
1.289400000000000102e+00	4.634745656196513686e+00
1.292999999999999927e+00	4.534524996238274319e+00
1.296599999999999975e+00	5.160194085427898258e+00
1.300200000000000022e+00	4.169337651578708837e+00
1.303800000000000070e+00	4.505801380951055535e+00
1.307399999999999896e+00	5.524062036520582808e+00
1.310999999999999943e+00	5.103172582351826136e+00
1.314599999999999991e+00	5.662908202876508312e+00
1.318200000000000038e+00	7.285482400502697686e+00
1.321800000000000086e+00	5.738892309966731275e+00
1.325499999999999901e+00	6.110613346949421043e+00
1.329099999999999948e+00	5.462727646529604186e+00
1.332699999999999996e+00	6.164741559449729458e+00
1.336300000000000043e+00	5.297564297770984254e+00
1.339900000000000091e+00	4.188744198128694585e+00
1.343499999999999917e+00	4.930742863089767170e+00
1.347099999999999964e+00	4.886917956646984251e+00
1.350700000000000012e+00	5.189389282879329102e+00
1.354300000000000059e+00	5.237700026687039490e+00
1.357900000000000107e+00	5.448747683346461201e+00
1.361499999999999932e+00	4.856777010266861261e+00
1.365099999999999980e+00	5.631723414567829877e+00
1.368700000000000028e+00	5.085280552956595201e+00
1.372300000000000075e+00	5.873293035412746832e+00
1.375999999999999890e+00	5.564933926556785870e+00
1.379599999999999937e+00	7.014776370339500744e+00
1.383199999999999985e+00	6.215555741151380431e+00
1.386800000000000033e+00	6.063873586040269714e+00
1.390400000000000080e+00	6.563126491098384641e+00
1.393999999999999906e+00	6.024281859728408683e+00
1.397599999999999953e+00	7.408814405166756600e+00
1.401200000000000001e+00	7.425516998159429782e+00
1.404800000000000049e+00	6.994888504342105406e+00
1.408400000000000096e+00	7.021661076082437170e+00
1.411999999999999922e+00	7.492257536946326901e+00
1.415599999999999969e+00	7.348973629710721767e+00
1.419200000000000017e+00	8.034159227373468326e+00
1.422800000000000065e+00	7.482456091594111847e+00
1.426500000000000101e+00	6.153690812337102578e+00
1.430099999999999927e+00	6.487109567749327788e+00
1.433699999999999974e+00	6.092413748656693606e+00
1.437300000000000022e+00	6.107537875760456814e+00
1.440900000000000070e+00	6.266269877285623124e+00
1.444499999999999895e+00	6.761320354069594529e+00
1.448099999999999943e+00	6.350814318873291953e+00
1.451699999999999990e+00	5.771292774757204924e+00
1.455300000000000038e+00	7.290365207121396907e+00
1.458900000000000086e+00	6.254564652977410155e+00
1.462499999999999911e+00	7.408263676754020644e+00
1.466099999999999959e+00	7.802871824240120269e+00
1.469700000000000006e+00	6.832586063329252113e+00
1.473300000000000054e+00	7.910143675616418513e+00
1.477000000000000091e+00	8.016983292769017666e+00
1.480599999999999916e+00	7.976364756974458459e+00
1.484199999999999964e+00	7.700617285080768148e+00
1.487800000000000011e+00	8.128888748116871454e+00
1.491400000000000059e+00	7.591892359260365097e+00
1.495000000000000107e+00	7.527156310754048896e+00
1.498599999999999932e+00	8.783217263878375647e+00
1.502199999999999980e+00	8.014514447627458793e+00
1.505800000000000027e+00	8.155391888053031835e+00
1.509400000000000075e+00	6.517292223890250646e+00
1.512999999999999901e+00	7.466743447239240439e+00
1.516599999999999948e+00	7.623175154136521137e+00
1.520199999999999996e+00	6.953450105831845640e+00
1.523800000000000043e+00	8.043644511052871593e+00
1.527500000000000080e+00	7.378064642281199070e+00
1.531099999999999905e+00	8.727226346023432058e+00
1.534699999999999953e+00	8.041097249683085479e+00
1.538300000000000001e+00	8.906789301209281362e+00
1.541900000000000048e+00	7.722662618859826189e+00
1.545500000000000096e+00	8.718250868172763290e+00
1.549099999999999921e+00	9.240207872680523238e+00
1.552699999999999969e+00	8.475840064669494467e+00
1.556300000000000017e+00	9.078990910961007188e+00
1.559900000000000064e+00	8.310711167097320384e+00
1.563499999999999890e+00	9.482971610781392613e+00
1.567099999999999937e+00	9.275266336451643667e+00
1.570699999999999985e+00	9.717045188269221256e+00
1.574300000000000033e+00	8.719253602483682641e+00
1.578000000000000069e+00	9.590964823775943060e+00
1.581599999999999895e+00	9.104932860452498389e+00
1.585199999999999942e+00	9.424573212842618730e+00
1.588799999999999990e+00	8.328230193517503821e+00
1.592400000000000038e+00	9.994186010783817409e+00
1.596000000000000085e+00	9.497850258663044443e+00
1.599599999999999911e+00	1.018574766371851403e+01
1.603199999999999958e+00	1.007699181669874200e+01
1.606800000000000006e+00	1.162933029963926934e+01
1.610400000000000054e+00	1.139920890140019871e+01
1.614000000000000101e+00	1.068679711309236069e+01
1.617599999999999927e+00	1.162141062927958401e+01
1.621199999999999974e+00	1.195416224162835483e+01
1.624800000000000022e+00	1.218645886099415598e+01
1.628500000000000059e+00	1.273250529376823437e+01
1.632100000000000106e+00	1.283329870039749032e+01
1.635699999999999932e+00	1.415809747790882334e+01
1.639299999999999979e+00	1.488063117608509778e+01
1.642900000000000027e+00	1.534334082007705646e+01
1.646500000000000075e+00	1.509072661921354630e+01
1.650099999999999900e+00	1.523143571398626506e+01
1.653699999999999948e+00	1.713596697735659546e+01
1.657299999999999995e+00	1.809232412324331918e+01
1.660900000000000043e+00	2.139839565079676831e+01
1.664500000000000091e+00	2.334070227722576263e+01
1.668099999999999916e+00	2.467375593504656095e+01
1.671699999999999964e+00	2.543811713572636179e+01
1.675400000000000000e+00	2.422928900570115474e+01
1.679000000000000048e+00	2.299280997308776264e+01
1.682600000000000096e+00	2.055792203318176448e+01
1.686199999999999921e+00	1.867474467486035650e+01
1.689799999999999969e+00	1.649357144223947813e+01
1.693400000000000016e+00	1.668192742651662286e+01
1.697000000000000064e+00	1.619805280816342119e+01
1.700599999999999890e+00	1.688322987957782573e+01
1.704199999999999937e+00	1.812755232195495125e+01
1.707799999999999985e+00	1.983749775885276634e+01
1.711400000000000032e+00	2.253131420014681296e+01
1.715000000000000080e+00	2.224743242938162169e+01
1.718599999999999905e+00	1.916165273752495679e+01
1.722199999999999953e+00	1.791026445959795410e+01
1.725899999999999990e+00	1.454618158377417814e+01
1.729500000000000037e+00	1.282600172497181035e+01
1.733100000000000085e+00	1.136706588724262623e+01
1.736699999999999910e+00	1.161353688585177224e+01
1.740299999999999958e+00	1.127776194810440202e+01
1.743900000000000006e+00	1.206989964409590677e+01
1.747500000000000053e+00	1.289792382117775027e+01
1.751100000000000101e+00	1.227790113351827550e+01
1.754699999999999926e+00	1.167184842553056612e+01
1.758299999999999974e+00	1.107974940436877098e+01
1.761900000000000022e+00	1.054462602425404505e+01
1.765500000000000069e+00	1.217414382302448494e+01
1.769099999999999895e+00	1.094076804813137471e+01
1.772699999999999942e+00	1.135283869369083831e+01
1.776399999999999979e+00	1.128025731682350852e+01
1.780000000000000027e+00	1.070829202902717725e+01
1.783600000000000074e+00	1.112486309506308757e+01
1.787199999999999900e+00	1.114382509575598235e+01
1.790799999999999947e+00	1.101833089518551922e+01
1.794399999999999995e+00	1.179493972499720478e+01
1.798000000000000043e+00	1.147386701442914259e+01
1.801600000000000090e+00	1.007270227792417749e+01
1.805199999999999916e+00	1.030709423052559792e+01
1.808799999999999963e+00	1.027522521290921631e+01
1.812400000000000011e+00	1.024329994633183638e+01
1.816000000000000059e+00	1.021710421475193620e+01
1.819600000000000106e+00	1.023038205418034963e+01
1.823199999999999932e+00	1.069754581347964439e+01
1.826899999999999968e+00	1.123188400561167555e+01
1.830500000000000016e+00	9.414331215358648919e+00
1.834100000000000064e+00	1.136027888913590544e+01
1.837699999999999889e+00	1.039308172415975662e+01
1.841299999999999937e+00	1.080802968141973786e+01
1.844899999999999984e+00	9.232554676295411156e+00
1.848500000000000032e+00	9.636903087252763456e+00
1.852100000000000080e+00	1.036263387838577010e+01
1.855699999999999905e+00	1.132884401695700305e+01
1.859299999999999953e+00	1.302017135217957922e+01
1.862900000000000000e+00	1.360445653740564431e+01
1.866500000000000048e+00	1.484761742100894821e+01
1.870100000000000096e+00	1.382080939539650721e+01
1.873699999999999921e+00	1.237970737138078903e+01
1.877399999999999958e+00	1.136314533914792513e+01
1.881000000000000005e+00	1.050485551624802483e+01
1.884600000000000053e+00	1.088862054460446593e+01
1.888200000000000101e+00	1.300061035459808600e+01
1.891799999999999926e+00	1.245053388697113128e+01
1.895399999999999974e+00	1.331033191995262221e+01
1.899000000000000021e+00	1.267252085836964604e+01
1.902600000000000069e+00	1.377008006986866206e+01
1.906199999999999894e+00	1.262557995564115210e+01
1.909799999999999942e+00	1.369331815328222390e+01
1.913399999999999990e+00	1.333820569488432106e+01
1.917000000000000037e+00	1.428651229582559701e+01
1.920600000000000085e+00	1.262780610084347011e+01
1.924199999999999910e+00	1.446958634775960029e+01
1.927899999999999947e+00	1.466850192233372852e+01
1.931499999999999995e+00	1.488416730543602817e+01
1.935100000000000042e+00	1.461491651776496425e+01
1.938700000000000090e+00	1.512426995947492614e+01
1.942299999999999915e+00	1.463281252781161790e+01
1.945899999999999963e+00	1.465150802778082628e+01
1.949500000000000011e+00	1.335917321699702853e+01
1.953100000000000058e+00	1.423644422848197877e+01
1.956700000000000106e+00	1.384289947338097981e+01
1.960299999999999931e+00	1.453818842329865824e+01
1.963899999999999979e+00	1.626808887971276008e+01
1.967500000000000027e+00	1.602902360570409357e+01
1.971100000000000074e+00	1.603291300087568416e+01
1.974699999999999900e+00	1.557945587903333262e+01
1.978399999999999936e+00	1.470693836378133490e+01
1.981999999999999984e+00	1.480613763215696821e+01
1.985600000000000032e+00	1.522559905391849711e+01
1.989200000000000079e+00	1.470532013833935281e+01
1.992799999999999905e+00	1.585087591418147035e+01
1.996399999999999952e+00	1.691708145057643264e+01
2.000000000000000000e+00	1.681402019719264729e+01
