2.000000000000000111e-01	3.506543040518156129e+00
2.036000000000000032e-01	1.418192153565185354e+00
2.071999999999999953e-01	2.604526840789964659e+00
2.107999999999999874e-01	1.322161217321446092e+00
2.144000000000000072e-01	1.265573077997513174e+00
2.179999999999999993e-01	1.872376748419553483e+00
2.215999999999999914e-01	2.792083675094562345e+00
2.253000000000000003e-01	1.951027379092447944e+00
2.288999999999999924e-01	2.308423575305491138e+00
2.325000000000000122e-01	2.343767058148197968e+00
2.361000000000000043e-01	1.439792117956302464e+00
2.396999999999999964e-01	1.113818013025978493e+00
2.432999999999999885e-01	1.345508890435226590e+00
2.469000000000000083e-01	1.675181399975881114e+00
2.505000000000000004e-01	1.480177731866376023e+00
2.540999999999999925e-01	5.578724615518719787e-01
2.576999999999999846e-01	1.320975524286758018e+00
2.612999999999999767e-01	2.830305394188893597e+00
2.649000000000000243e-01	1.900994287444507158e+00
2.685000000000000164e-01	2.929429625091626743e+00
2.721000000000000085e-01	3.705427075382772273e+00
2.757999999999999896e-01	3.860737293601472775e+00
2.793999999999999817e-01	4.094681960889175798e+00
2.829999999999999738e-01	4.837288517341852057e+00
2.866000000000000214e-01	4.832691176062187566e+00
2.902000000000000135e-01	4.595582886618087670e+00
2.938000000000000056e-01	5.148900457920199791e+00
2.973999999999999977e-01	4.418847160728375911e+00
3.009999999999999898e-01	5.511548385639443381e+00
3.045999999999999819e-01	3.771804757301936206e+00
3.081999999999999740e-01	4.204495322037958616e+00
3.118000000000000216e-01	4.567786220127753261e+00
3.154000000000000137e-01	2.951641371699737171e+00
3.190000000000000058e-01	3.566765402953892661e+00
3.225999999999999979e-01	3.850645138188370176e+00
3.262999999999999790e-01	3.093350293364466985e+00
3.299000000000000266e-01	2.962084955410491549e+00
3.335000000000000187e-01	1.561132251692670891e+00
3.371000000000000107e-01	1.322147590676808981e+00
3.407000000000000028e-01	1.378711875748759530e+00
3.442999999999999949e-01	1.007457137945363623e+00
3.478999999999999870e-01	6.487806319880160544e-01
3.514999999999999791e-01	-2.393292981348951742e-01
3.551000000000000267e-01	1.225102415358892305e+00
3.587000000000000188e-01	1.883199641141044989e+00
3.623000000000000109e-01	3.939957989795082050e-01
3.659000000000000030e-01	2.618207107544010537e+00
3.694999999999999951e-01	8.384878568182840830e-01
3.730999999999999872e-01	2.446395733376416803e+00
3.768000000000000238e-01	2.622313755695599546e+00
3.804000000000000159e-01	3.221064671750092590e+00
3.840000000000000080e-01	3.234118889203601910e+00
3.876000000000000001e-01	3.905800209765630360e+00
3.911999999999999922e-01	3.614405698406222722e+00
3.947999999999999843e-01	4.454466716720514974e+00
3.983999999999999764e-01	5.555103541043904691e+00
4.020000000000000240e-01	4.831380238315252207e+00
4.056000000000000161e-01	4.895407629683048434e+00
4.092000000000000082e-01	4.563780463985304792e+00
4.128000000000000003e-01	4.794234366793725499e+00
4.163999999999999924e-01	5.327939952458075723e+00
4.199999999999999845e-01	5.477841202856001068e+00
4.235999999999999766e-01	3.934321751784993104e+00
4.273000000000000131e-01	3.962250068289620675e+00
4.309000000000000052e-01	3.507320932127341084e+00
4.344999999999999973e-01	3.403542946873119313e+00
4.380999999999999894e-01	3.983559438528233798e+00
4.416999999999999815e-01	3.339800939782689326e+00
4.452999999999999736e-01	3.983427860499821449e+00
4.489000000000000212e-01	2.760187028841557755e+00
4.525000000000000133e-01	3.505799215381521616e+00
4.561000000000000054e-01	2.915746842700733588e+00
4.596999999999999975e-01	2.250972079940643855e+00
4.632999999999999896e-01	2.134858103638476834e+00
4.668999999999999817e-01	3.342871386281581536e+00
4.704999999999999738e-01	3.437970640635668040e+00
4.741000000000000214e-01	3.408895201036726164e+00
4.778000000000000025e-01	3.932892955676896118e+00
4.813999999999999946e-01	4.840086912424338195e+00
4.849999999999999867e-01	4.566192185234566381e+00
4.885999999999999788e-01	4.394991667948395353e+00
4.922000000000000264e-01	4.709287319285839324e+00
4.958000000000000185e-01	4.881132357456633208e+00
4.994000000000000106e-01	4.550842240935804028e+00
5.030000000000000027e-01	4.797740699578249668e+00
5.066000000000000503e-01	5.232994355541029208e+00
5.101999999999999869e-01	4.441619474928017119e+00
5.138000000000000345e-01	5.691663664780834964e+00
5.173999999999999710e-01	5.084897594844779434e+00
5.210000000000000187e-01	4.802770914901397958e+00
5.245999999999999552e-01	4.881520875940777771e+00
5.282999999999999918e-01	6.170891781034510970e+00
5.319000000000000394e-01	5.140429620168328384e+00
5.354999999999999760e-01	5.113712631999820069e+00
5.391000000000000236e-01	4.147899240426763612e+00
5.426999999999999602e-01	3.992967505512680759e+00
5.463000000000000078e-01	3.278860706490545507e+00
5.499000000000000554e-01	3.597179760929333892e+00
5.534999999999999920e-01	3.606458027185372561e+00
5.571000000000000396e-01	4.297754030658595958e+00
5.606999999999999762e-01	3.325173155980142958e+00
5.643000000000000238e-01	3.167008701653334590e+00
5.678999999999999604e-01	2.079733954508398597e+00
5.715000000000000080e-01	4.581726117595144920e+00
5.752000000000000446e-01	2.026216285534049533e+00
5.787999999999999812e-01	2.820790261391511233e+00
5.824000000000000288e-01	2.416586929141562923e+00
5.859999999999999654e-01	2.738307185063936000e+00
5.896000000000000130e-01	1.519069860263325022e+00
5.931999999999999496e-01	2.492583486817910199e+00
5.967999999999999972e-01	2.278045088138745733e+00
6.004000000000000448e-01	2.383747729920610237e+00
6.039999999999999813e-01	1.894109276260249608e+00
6.076000000000000290e-01	2.031654442542708772e+00
6.111999999999999655e-01	1.776857345396451127e+00
6.148000000000000131e-01	1.761182723512211723e+00
6.183999999999999497e-01	2.486774630438303380e+00
6.219999999999999973e-01	2.252111716374014971e+00
6.257000000000000339e-01	1.739222254597183159e+00
6.292999999999999705e-01	2.213810505121696526e+00
6.329000000000000181e-01	3.237906023675765077e+00
6.364999999999999547e-01	3.056373413540494077e+00
6.401000000000000023e-01	2.557894685998306272e+00
6.437000000000000499e-01	3.423608517298523335e+00
6.472999999999999865e-01	3.708413928773893531e+00
6.509000000000000341e-01	3.284596095724376497e+00
6.544999999999999707e-01	3.845512260979872199e+00
6.581000000000000183e-01	2.282955079413693245e+00
6.616999999999999549e-01	3.430637326126698916e+00
6.653000000000000025e-01	3.416007669531829549e+00
6.689000000000000501e-01	2.139101327423158949e+00
6.724999999999999867e-01	2.783807953565472282e+00
6.762000000000000233e-01	1.493234671044716411e+00
6.797999999999999599e-01	1.871422895856571733e+00
6.834000000000000075e-01	2.196382197105124501e-01
6.870000000000000551e-01	1.163277111208978809e+00
6.905999999999999917e-01	1.263605034119905213e+00
6.942000000000000393e-01	6.412348032178882828e-01
6.977999999999999758e-01	5.126571418155356774e-01
7.014000000000000234e-01	1.992262905982669641e-02
7.049999999999999600e-01	9.539310119467104832e-01
7.086000000000000076e-01	1.164819709051830632e+00
7.122000000000000552e-01	-4.387672304007543822e-01
7.157999999999999918e-01	1.446308560031515977e+00
7.194000000000000394e-01	1.366683554459236616e+00
7.229999999999999760e-01	1.231703482698434993e+00
7.267000000000000126e-01	7.143051152836370488e-01
7.302999999999999492e-01	1.938761799323108992e+00
7.338999999999999968e-01	1.593016021234741730e+00
7.375000000000000444e-01	1.396949536822888804e+00
7.410999999999999810e-01	8.717793657218193548e-01
7.447000000000000286e-01	1.941375358575625931e+00
7.482999999999999652e-01	1.940686782371622732e+00
7.519000000000000128e-01	2.432793504179672883e+00
7.554999999999999494e-01	3.203451681441817467e+00
7.590999999999999970e-01	3.374366674737267147e+00
7.627000000000000446e-01	3.130403764878305850e+00
7.662999999999999812e-01	2.572373074910316415e+00
7.699000000000000288e-01	3.241031781310091731e+00
7.734999999999999654e-01	2.721415218808219461e+00
7.772000000000000020e-01	3.689067746392455938e+00
7.808000000000000496e-01	2.921038095990792893e+00
7.843999999999999861e-01	3.222746990241665443e+00
7.880000000000000338e-01	2.380217433705253960e+00
7.915999999999999703e-01	1.874212288707750584e+00
7.952000000000000179e-01	2.471642222561609703e+00
7.987999999999999545e-01	1.275209452590683634e+00
8.024000000000000021e-01	3.388712206718449416e+00
8.060000000000000497e-01	1.480449286874489623e+00
8.095999999999999863e-01	2.032326880182555140e+00
8.132000000000000339e-01	8.929579514895696901e-01
8.167999999999999705e-01	1.485312846793541253e+00
8.204000000000000181e-01	9.913537688148660321e-01
8.239999999999999547e-01	1.726534796579277220e+00
8.276999999999999913e-01	2.288745380358877313e+00
8.313000000000000389e-01	1.430140980396468420e+00
8.348999999999999755e-01	2.426088976323601543e+00
8.385000000000000231e-01	2.941895226592690094e+00
8.420999999999999597e-01	2.224156921803323250e+00
8.457000000000000073e-01	3.213889232078128266e+00
8.493000000000000549e-01	3.136316206789425465e+00
8.528999999999999915e-01	3.806561173854997371e+00
8.565000000000000391e-01	3.878390736416653883e+00
8.600999999999999757e-01	4.092055489760926257e+00
8.637000000000000233e-01	4.475612512073055882e+00
8.672999999999999599e-01	4.576653930986991803e+00
8.709000000000000075e-01	5.560133327023796035e+00
8.745000000000000551e-01	4.258044279082689343e+00
8.781999999999999806e-01	5.948568076977363894e+00
8.818000000000000282e-01	5.231551097185986876e+00
8.853999999999999648e-01	4.378423896701555407e+00
8.890000000000000124e-01	6.197348029807440817e+00
8.925999999999999490e-01	3.925390565436164714e+00
8.961999999999999966e-01	3.361428986532005503e+00
8.998000000000000442e-01	3.461084762552061989e+00
9.033999999999999808e-01	4.344519852980598174e+00
9.070000000000000284e-01	3.972005439681335570e+00
9.105999999999999650e-01	3.575007464296499737e+00
9.142000000000000126e-01	4.004184559279373445e+00
9.177999999999999492e-01	4.376473831055885277e+00
9.213999999999999968e-01	3.697161214154915054e+00
9.251000000000000334e-01	3.232823990367986511e+00
9.286999999999999700e-01	4.551981090023910603e+00
9.323000000000000176e-01	3.003989769295026591e+00
9.358999999999999542e-01	3.423834858132166481e+00
9.395000000000000018e-01	4.623869531022496204e+00
9.431000000000000494e-01	4.562662832338709507e+00
9.466999999999999860e-01	3.800826478639918626e+00
9.503000000000000336e-01	4.215373591010787457e+00
9.538999999999999702e-01	4.661529709918950104e+00
9.575000000000000178e-01	4.826927980586073197e+00
9.610999999999999543e-01	4.603041630818256458e+00
9.647000000000000020e-01	5.222793949045669848e+00
9.683000000000000496e-01	5.512556147095743597e+00
9.718999999999999861e-01	5.250779609149499372e+00
9.756000000000000227e-01	6.331088074423076861e+00
9.791999999999999593e-01	6.882126698152388755e+00
9.828000000000000069e-01	6.785387212481942321e+00
9.864000000000000545e-01	7.060057748318130599e+00
9.899999999999999911e-01	7.096709527523525907e+00
9.936000000000000387e-01	7.057935196995918758e+00
9.971999999999999753e-01	6.732444623012598051e+00
1.000799999999999912e+00	7.894718829880446265e+00
1.004399999999999959e+00	7.488674798718880865e+00
1.008000000000000007e+00	7.251878649572375046e+00
1.011600000000000055e+00	6.510436749204490781e+00
1.015200000000000102e+00	5.210655598889617934e+00
1.018799999999999928e+00	5.186026982595565826e+00
1.022399999999999975e+00	5.421249453570489152e+00
1.026100000000000012e+00	5.926150319224639418e+00
1.029700000000000060e+00	4.957885484358551587e+00
1.033300000000000107e+00	5.759838487073883684e+00
1.036899999999999933e+00	4.738116302238655209e+00
1.040499999999999980e+00	5.008551371364978522e+00
1.044100000000000028e+00	4.782420530916651202e+00
1.047700000000000076e+00	5.005737151469164203e+00
1.051299999999999901e+00	5.098884941969074269e+00
1.054899999999999949e+00	4.555096158124158023e+00
1.058499999999999996e+00	4.517854945060320482e+00
1.062100000000000044e+00	4.286114113952473659e+00
1.065700000000000092e+00	5.377545149561175464e+00
1.069299999999999917e+00	5.972892549300033771e+00
1.072899999999999965e+00	5.635924321993744712e+00
1.076600000000000001e+00	4.816446900700962708e+00
1.080200000000000049e+00	7.247773473879334460e+00
1.083800000000000097e+00	5.962086435736762446e+00
1.087399999999999922e+00	6.758788120129546328e+00
1.090999999999999970e+00	6.973354539921466255e+00
1.094600000000000017e+00	6.400524915074107923e+00
1.098200000000000065e+00	7.411948490058284378e+00
1.101799999999999891e+00	6.399587468329883677e+00
1.105399999999999938e+00	6.982566735745166397e+00
1.108999999999999986e+00	7.985865229794725018e+00
1.112600000000000033e+00	7.140803295768600734e+00
1.116200000000000081e+00	5.484157344787689681e+00
1.119799999999999907e+00	6.021096584935564877e+00
1.123399999999999954e+00	6.319847098141961439e+00
1.127099999999999991e+00	5.197438811712741469e+00
1.130700000000000038e+00	5.710650714667215411e+00
1.134300000000000086e+00	5.976953025917111084e+00
1.137899999999999912e+00	5.732529108649711880e+00
1.141499999999999959e+00	5.520862077397890033e+00
1.145100000000000007e+00	5.682590867853682504e+00
1.148700000000000054e+00	6.260103033544967666e+00
1.152300000000000102e+00	6.046857686897224582e+00
1.155899999999999928e+00	5.705286295597838730e+00
1.159499999999999975e+00	5.876474357272144289e+00
1.163100000000000023e+00	6.973210907493312405e+00
1.166700000000000070e+00	7.017661438558173259e+00
1.170299999999999896e+00	6.618274429439363615e+00
1.173899999999999944e+00	5.300824029357497302e+00
1.177599999999999980e+00	5.363483028034718103e+00
1.181200000000000028e+00	5.167466477116353651e+00
1.184800000000000075e+00	5.200258588911490953e+00
1.188399999999999901e+00	6.394674867281781694e+00
1.191999999999999948e+00	6.856529147269755597e+00
1.195599999999999996e+00	6.357875412407807403e+00
1.199200000000000044e+00	6.665810267833782277e+00
1.202800000000000091e+00	5.745093694325191791e+00
1.206399999999999917e+00	6.526344530450277404e+00
1.209999999999999964e+00	6.172029156710592268e+00
1.213600000000000012e+00	5.229603083275018882e+00
1.217200000000000060e+00	4.642564470413415911e+00
1.220800000000000107e+00	4.140340477999998825e+00
1.224399999999999933e+00	5.322880490122764208e+00
1.228099999999999969e+00	4.784060069832405837e+00
1.231700000000000017e+00	3.638908381369444278e+00
1.235300000000000065e+00	3.130838575935494195e+00
1.238899999999999890e+00	4.010434885539945427e+00
1.242499999999999938e+00	3.337391585729331478e+00
1.246099999999999985e+00	3.160334049791645228e+00
1.249700000000000033e+00	3.690844869162669184e+00
1.253300000000000081e+00	1.724861986807484593e+00
1.256899999999999906e+00	2.584798571257184374e+00
1.260499999999999954e+00	2.483268603920880668e+00
1.264100000000000001e+00	2.626079887281930425e+00
1.267700000000000049e+00	1.716671365781932579e+00
1.271300000000000097e+00	2.007700411485282999e+00
1.274899999999999922e+00	2.993616876626273182e+00
1.278599999999999959e+00	1.497130240722643890e+00
1.282200000000000006e+00	1.470791185399276779e+00
1.285800000000000054e+00	1.514130452997308307e+00
1.289400000000000102e+00	1.633070663587786964e+00
1.292999999999999927e+00	1.991865470389228232e+00
1.296599999999999975e+00	1.824920220769022050e+00
1.300200000000000022e+00	2.596246014969937121e+00
1.303800000000000070e+00	3.522403013240393399e+00
1.307399999999999896e+00	2.884167855562213667e+00
1.310999999999999943e+00	2.762334486104094378e+00
1.314599999999999991e+00	2.227664293664223472e+00
1.318200000000000038e+00	2.162377050470193574e+00
1.321800000000000086e+00	2.527627979902205890e+00
1.325499999999999901e+00	3.008973430943879812e+00
1.329099999999999948e+00	3.188574952292063003e+00
1.332699999999999996e+00	3.220395725774436890e+00
1.336300000000000043e+00	2.523351796976862182e+00
1.339900000000000091e+00	3.766835597111482414e+00
1.343499999999999917e+00	4.527085437210413232e+00
1.347099999999999964e+00	3.760901145259771816e+00
1.350700000000000012e+00	4.074577679076266890e+00
1.354300000000000059e+00	4.511885830937563568e+00
1.357900000000000107e+00	3.650116202764054130e+00
1.361499999999999932e+00	3.529810720459739315e+00
1.365099999999999980e+00	4.599070824517824896e+00
1.368700000000000028e+00	2.891520686815820973e+00
1.372300000000000075e+00	3.016097018906982896e+00
1.375999999999999890e+00	3.390188410512403827e+00
1.379599999999999937e+00	3.387786480942536205e+00
1.383199999999999985e+00	3.226675912315154271e+00
1.386800000000000033e+00	3.124202560589722566e+00
1.390400000000000080e+00	2.941621071030156465e+00
1.393999999999999906e+00	2.858516473895808652e+00
1.397599999999999953e+00	3.933122105093562748e+00
1.401200000000000001e+00	4.993043508261089336e+00
1.404800000000000049e+00	4.992930132806543853e+00
1.408400000000000096e+00	6.361122585916769268e+00
1.411999999999999922e+00	6.328609417252520686e+00
1.415599999999999969e+00	5.771062625760423614e+00
1.419200000000000017e+00	6.397250200936850817e+00
1.422800000000000065e+00	6.157258763198059093e+00
1.426500000000000101e+00	5.699711275684368417e+00
1.430099999999999927e+00	6.451253540364185746e+00
1.433699999999999974e+00	6.337077345986546817e+00
1.437300000000000022e+00	6.154854873060810583e+00
1.440900000000000070e+00	6.109217069347666396e+00
1.444499999999999895e+00	6.666995070408179735e+00
1.448099999999999943e+00	6.817325403246709214e+00
1.451699999999999990e+00	7.271808547936815081e+00
1.455300000000000038e+00	6.664733636701930308e+00
1.458900000000000086e+00	7.068382781342229748e+00
1.462499999999999911e+00	6.646864055043659292e+00
1.466099999999999959e+00	6.076818744912220183e+00
1.469700000000000006e+00	6.994692419571864050e+00
1.473300000000000054e+00	8.390981410252818407e+00
1.477000000000000091e+00	9.046621021792143225e+00
1.480599999999999916e+00	8.142012196052069939e+00
1.484199999999999964e+00	8.096026841415058684e+00
1.487800000000000011e+00	8.351912703769061253e+00
1.491400000000000059e+00	9.239858958762328101e+00
1.495000000000000107e+00	9.680930901851768411e+00
1.498599999999999932e+00	8.570311297302010800e+00
1.502199999999999980e+00	7.680241007562137234e+00
1.505800000000000027e+00	8.432195796286395151e+00
1.509400000000000075e+00	9.898148350805108464e+00
1.512999999999999901e+00	8.621704024364481356e+00
1.516599999999999948e+00	8.296650979166038553e+00
1.520199999999999996e+00	1.133652913764015580e+01
1.523800000000000043e+00	9.336611434654662034e+00
1.527500000000000080e+00	8.636591299731932736e+00
1.531099999999999905e+00	9.061168865834774877e+00
1.534699999999999953e+00	8.783168190924257601e+00
1.538300000000000001e+00	9.053341164207250102e+00
1.541900000000000048e+00	9.300883574162508438e+00
1.545500000000000096e+00	9.938576271150726171e+00
1.549099999999999921e+00	1.071575610368168441e+01
1.552699999999999969e+00	9.597530996383081714e+00
1.556300000000000017e+00	9.740829484870378252e+00
1.559900000000000064e+00	8.835230100197227543e+00
1.563499999999999890e+00	9.165058672013266516e+00
1.567099999999999937e+00	8.520210699763138606e+00
1.570699999999999985e+00	9.731892409621721640e+00
1.574300000000000033e+00	9.006802014500587816e+00
1.578000000000000069e+00	9.853499556855016550e+00
1.581599999999999895e+00	9.165716642232375477e+00
1.585199999999999942e+00	9.849749119078131443e+00
1.588799999999999990e+00	1.010636788146889131e+01
1.592400000000000038e+00	8.905665975134743562e+00
1.596000000000000085e+00	9.967156648061161306e+00
1.599599999999999911e+00	1.075476149645960433e+01
1.603199999999999958e+00	9.825164105522542712e+00
1.606800000000000006e+00	9.981758997009489320e+00
1.610400000000000054e+00	1.049545311901479749e+01
1.614000000000000101e+00	1.075366975539508552e+01
1.617599999999999927e+00	1.185060327760226073e+01
1.621199999999999974e+00	1.178922033434225725e+01
1.624800000000000022e+00	1.233525343269876728e+01
1.628500000000000059e+00	1.350844314226391774e+01
1.632100000000000106e+00	1.405078432737885485e+01
1.635699999999999932e+00	1.437964934928554506e+01
1.639299999999999979e+00	1.440805647396182287e+01
1.642900000000000027e+00	1.627042063520076454e+01
1.646500000000000075e+00	1.488719448686680380e+01
1.650099999999999900e+00	1.520309037081419490e+01
1.653699999999999948e+00	1.650331257903474125e+01
1.657299999999999995e+00	1.804319678907343061e+01
1.660900000000000043e+00	2.031346083539664704e+01
1.664500000000000091e+00	2.087165356678187678e+01
1.668099999999999916e+00	2.290743924963148359e+01
1.671699999999999964e+00	2.340987340432382169e+01
1.675400000000000000e+00	2.374656720919540831e+01
1.679000000000000048e+00	2.362019336437707651e+01
1.682600000000000096e+00	2.213621349574976804e+01
1.686199999999999921e+00	2.195155562706720787e+01
1.689799999999999969e+00	2.024381833623922589e+01
1.693400000000000016e+00	1.947599271939580134e+01
1.697000000000000064e+00	1.876155191547338319e+01
1.700599999999999890e+00	1.833808725453567945e+01
1.704199999999999937e+00	1.682120551661879659e+01
1.707799999999999985e+00	1.773102744501741768e+01
1.711400000000000032e+00	1.650368929023045794e+01
1.715000000000000080e+00	1.728835668931650460e+01
1.718599999999999905e+00	1.679873741976801682e+01
1.722199999999999953e+00	1.471403173011634458e+01
1.725899999999999990e+00	1.419937656803479697e+01
1.729500000000000037e+00	1.314092621911349568e+01
1.733100000000000085e+00	1.315732310466585808e+01
1.736699999999999910e+00	1.132439312438854095e+01
1.740299999999999958e+00	1.044419418788967846e+01
1.743900000000000006e+00	9.314584666693995985e+00
1.747500000000000053e+00	9.697890574185597856e+00
1.751100000000000101e+00	1.034546630109405818e+01
1.754699999999999926e+00	9.009388867846054083e+00
1.758299999999999974e+00	8.697677934541349742e+00
1.761900000000000022e+00	8.525131667929160884e+00
1.765500000000000069e+00	9.185371772162346460e+00
1.769099999999999895e+00	8.794809085910909374e+00
1.772699999999999942e+00	8.917075603169113407e+00
1.776399999999999979e+00	7.053433820176154612e+00
1.780000000000000027e+00	8.949722611226711422e+00
1.783600000000000074e+00	9.112768476348241720e+00
1.787199999999999900e+00	9.015230642562032770e+00
1.790799999999999947e+00	9.933680269293207132e+00
1.794399999999999995e+00	1.123984254713914943e+01
1.798000000000000043e+00	1.145875106721551795e+01
1.801600000000000090e+00	1.180999565410296270e+01
1.805199999999999916e+00	1.220545007572299667e+01
1.808799999999999963e+00	1.235576344541004268e+01
1.812400000000000011e+00	1.125558174034940251e+01
1.816000000000000059e+00	1.059103280298138117e+01
1.819600000000000106e+00	1.158930747628364344e+01
1.823199999999999932e+00	1.049177202078374904e+01
1.826899999999999968e+00	1.079965373558592212e+01
1.830500000000000016e+00	1.047331036404270144e+01
1.834100000000000064e+00	1.064940197397939592e+01
1.837699999999999889e+00	1.052898993701199792e+01
1.841299999999999937e+00	1.126153701629841208e+01
1.844899999999999984e+00	9.856954040108794501e+00
1.848500000000000032e+00	1.040011009279123755e+01
1.852100000000000080e+00	1.032172117609604989e+01
1.855699999999999905e+00	1.084318768193463178e+01
1.859299999999999953e+00	1.178070053093193259e+01
1.862900000000000000e+00	1.267081022369317367e+01
1.866500000000000048e+00	1.349875419354428452e+01
1.870100000000000096e+00	1.333132639591051571e+01
1.873699999999999921e+00	1.344916892390538976e+01
1.877399999999999958e+00	1.367936018253084640e+01
1.881000000000000005e+00	1.486091709445818410e+01
1.884600000000000053e+00	1.521632942208201378e+01
1.888200000000000101e+00	1.540590730674115427e+01
1.891799999999999926e+00	1.565752828818092013e+01
1.895399999999999974e+00	1.674578392647073599e+01
1.899000000000000021e+00	1.535429698501633489e+01
1.902600000000000069e+00	1.501793936609012370e+01
1.906199999999999894e+00	1.408473392626776111e+01
1.909799999999999942e+00	1.344435141961709768e+01
1.913399999999999990e+00	1.465263354094094339e+01
1.917000000000000037e+00	1.428569074734772926e+01
1.920600000000000085e+00	1.582636817894224990e+01
1.924199999999999910e+00	1.602987565997261754e+01
1.927899999999999947e+00	1.689166067077778166e+01
1.931499999999999995e+00	1.781414129694739756e+01
1.935100000000000042e+00	1.868782879834452615e+01
1.938700000000000090e+00	1.983027985673146176e+01
1.942299999999999915e+00	1.821461934553204998e+01
1.945899999999999963e+00	1.859606687226816391e+01
1.949500000000000011e+00	1.903639673968164914e+01
1.953100000000000058e+00	1.974764845346298614e+01
1.956700000000000106e+00	2.116760042436401434e+01
1.960299999999999931e+00	2.126869904578872550e+01
1.963899999999999979e+00	2.218210069766158199e+01
1.967500000000000027e+00	2.231621783876520482e+01
1.971100000000000074e+00	2.325913155508559171e+01
1.974699999999999900e+00	2.262579955982820579e+01
1.978399999999999936e+00	2.153524238812047997e+01
1.981999999999999984e+00	2.200687316070036914e+01
1.985600000000000032e+00	2.194445585274844035e+01
1.989200000000000079e+00	2.076177846618480416e+01
1.992799999999999905e+00	2.109587358331093299e+01
1.996399999999999952e+00	2.129299293280963923e+01
2.000000000000000000e+00	2.372833841653896059e+01
