2.000000000000000111e-01	2.409762428313584781e+00
2.036000000000000032e-01	1.554651673117823041e+00
2.071999999999999953e-01	1.134598235854035853e+00
2.107999999999999874e-01	1.352772406888115730e+00
2.144000000000000072e-01	7.431398748044992786e-01
2.179999999999999993e-01	9.736102350814720419e-01
2.215999999999999914e-01	7.360718748634500486e-01
2.253000000000000003e-01	6.413728405354872653e-01
2.288999999999999924e-01	9.175256623378634790e-01
2.325000000000000122e-01	3.214126682547611691e-01
2.361000000000000043e-01	7.438102397119019660e-01
2.396999999999999964e-01	1.033900245546382157e+00
2.432999999999999885e-01	7.904606691705775567e-01
2.469000000000000083e-01	1.116936827506217256e+00
2.505000000000000004e-01	1.105698771898381061e+00
2.540999999999999925e-01	1.519349692682739894e+00
2.576999999999999846e-01	1.382918870328013305e+00
2.612999999999999767e-01	2.132402262330601150e+00
2.649000000000000243e-01	1.889537257595519826e+00
2.685000000000000164e-01	2.416436050354535681e+00
2.721000000000000085e-01	2.404240463548168005e+00
2.757999999999999896e-01	2.954750007589700633e+00
2.793999999999999817e-01	3.453073786307748971e+00
2.829999999999999738e-01	4.043833232337606276e+00
2.866000000000000214e-01	3.586844971193964060e+00
2.902000000000000135e-01	3.654192446267970684e+00
2.938000000000000056e-01	4.221620028373379796e+00
2.973999999999999977e-01	3.963800649668247633e+00
3.009999999999999898e-01	4.046077376886975330e+00
3.045999999999999819e-01	4.161864807266484334e+00
3.081999999999999740e-01	3.858263248742363594e+00
3.118000000000000216e-01	3.667911101034865062e+00
3.154000000000000137e-01	3.211720656464684964e+00
3.190000000000000058e-01	3.026951582405172925e+00
3.225999999999999979e-01	2.650375247414266333e+00
3.262999999999999790e-01	2.335932835193935464e+00
3.299000000000000266e-01	2.043995959429530274e+00
3.335000000000000187e-01	1.515448193254119502e+00
3.371000000000000107e-01	1.174663158050021083e+00
3.407000000000000028e-01	1.146774081304495096e+00
3.442999999999999949e-01	2.326562582844299842e-01
3.478999999999999870e-01	9.663172090272141856e-01
3.514999999999999791e-01	4.237516719614525113e-02
3.551000000000000267e-01	6.103533212363342342e-01
3.587000000000000188e-01	8.079488327779866808e-01
3.623000000000000109e-01	7.461956696610696493e-01
3.659000000000000030e-01	1.127975112196458962e+00
3.694999999999999951e-01	1.713510096967314267e+00
3.730999999999999872e-01	1.113019586968799324e+00
3.768000000000000238e-01	2.184175533055519036e+00
3.804000000000000159e-01	2.777482253895307451e+00
3.840000000000000080e-01	3.422616161167059801e+00
3.876000000000000001e-01	3.504699045541744606e+00
3.911999999999999922e-01	3.609098888088900114e+00
3.947999999999999843e-01	3.910592682356225591e+00
3.983999999999999764e-01	4.436285046396887033e+00
4.020000000000000240e-01	4.629618747978646809e+00
4.056000000000000161e-01	3.904805568317477160e+00
4.092000000000000082e-01	4.230362642727189204e+00
4.128000000000000003e-01	4.064964491447129902e+00
4.163999999999999924e-01	3.944903074128376375e+00
4.199999999999999845e-01	4.026390043873980140e+00
4.235999999999999766e-01	4.071949499660031613e+00
4.273000000000000131e-01	3.778063978802650880e+00
4.309000000000000052e-01	3.622764180222170172e+00
4.344999999999999973e-01	3.079281799652850538e+00
4.380999999999999894e-01	3.040481529922447024e+00
4.416999999999999815e-01	2.485244687616413373e+00
4.452999999999999736e-01	2.625708062272280596e+00
4.489000000000000212e-01	2.487815229711892506e+00
4.525000000000000133e-01	2.494081145143987044e+00
4.561000000000000054e-01	2.478584301386829836e+00
4.596999999999999975e-01	1.855651480190200431e+00
4.632999999999999896e-01	2.480456399993193894e+00
4.668999999999999817e-01	2.168790025928058363e+00
4.704999999999999738e-01	2.784079485792069875e+00
4.741000000000000214e-01	3.235909511275480988e+00
4.778000000000000025e-01	3.059272382538094082e+00
4.813999999999999946e-01	3.607424894984110786e+00
4.849999999999999867e-01	3.850277998743903751e+00
4.885999999999999788e-01	3.515665426770417490e+00
4.922000000000000264e-01	4.154200214522396628e+00
4.958000000000000185e-01	4.450249783712445506e+00
4.994000000000000106e-01	4.500228791570914488e+00
5.030000000000000027e-01	4.244835574536580225e+00
5.066000000000000503e-01	3.958929969680228034e+00
5.101999999999999869e-01	4.817235110128541109e+00
5.138000000000000345e-01	4.841888807105365622e+00
5.173999999999999710e-01	5.618231800811930299e+00
5.210000000000000187e-01	5.097356249439833675e+00
5.245999999999999552e-01	4.490026972143664530e+00
5.282999999999999918e-01	4.614155137431318110e+00
5.319000000000000394e-01	4.192093901470990147e+00
5.354999999999999760e-01	4.352523412905872746e+00
5.391000000000000236e-01	4.610934769501175978e+00
5.426999999999999602e-01	3.752864085305218200e+00
5.463000000000000078e-01	3.675045575760870431e+00
5.499000000000000554e-01	3.162233232668356209e+00
5.534999999999999920e-01	2.809243193776524539e+00
5.571000000000000396e-01	3.308288543308161689e+00
5.606999999999999762e-01	2.417661219117498650e+00
5.643000000000000238e-01	2.322367564363437609e+00
5.678999999999999604e-01	2.067136423939891721e+00
5.715000000000000080e-01	2.141305898947716280e+00
5.752000000000000446e-01	2.190103787346701303e+00
5.787999999999999812e-01	1.704296535017355785e+00
5.824000000000000288e-01	1.224524189791049933e+00
5.859999999999999654e-01	1.933911960958231147e+00
5.896000000000000130e-01	1.537428018251423278e+00
5.931999999999999496e-01	1.247872568886252864e+00
5.967999999999999972e-01	1.391438217339535433e+00
6.004000000000000448e-01	1.081631191480844523e+00
6.039999999999999813e-01	2.011271701664382849e+00
6.076000000000000290e-01	1.241834590484554024e+00
6.111999999999999655e-01	1.524696823178033345e+00
6.148000000000000131e-01	1.201681004594151503e+00
6.183999999999999497e-01	1.762264585539723871e+00
6.219999999999999973e-01	7.193091930336448225e-01
6.257000000000000339e-01	2.044725248260494954e+00
6.292999999999999705e-01	1.698346791887288543e+00
6.329000000000000181e-01	1.702428727845517242e+00
6.364999999999999547e-01	2.414160720685826877e+00
6.401000000000000023e-01	2.515438359296253701e+00
6.437000000000000499e-01	2.809930318224190593e+00
6.472999999999999865e-01	2.596030578994701354e+00
6.509000000000000341e-01	2.818199022871181292e+00
6.544999999999999707e-01	2.981819524271752009e+00
6.581000000000000183e-01	2.894935283499048051e+00
6.616999999999999549e-01	2.505177459025746955e+00
6.653000000000000025e-01	2.700422853658899669e+00
6.689000000000000501e-01	1.778803560482987489e+00
6.724999999999999867e-01	2.243151270155768096e+00
6.762000000000000233e-01	9.049183461569465514e-01
6.797999999999999599e-01	8.002713251006484674e-01
6.834000000000000075e-01	4.982979956692137335e-01
6.870000000000000551e-01	2.380097722388003767e-01
6.905999999999999917e-01	2.005773172744984567e-01
6.942000000000000393e-01	4.355086491487747402e-01
6.977999999999999758e-01	2.770584537496623145e-03
7.014000000000000234e-01	4.227499766092043254e-01
7.049999999999999600e-01	7.360324196636286453e-02
7.086000000000000076e-01	-1.723100897911657992e-01
7.122000000000000552e-01	2.189118829395637067e-01
7.157999999999999918e-01	4.429970618859077058e-01
7.194000000000000394e-01	1.429973885081355922e-01
7.229999999999999760e-01	7.048975625017507296e-01
7.267000000000000126e-01	4.046861006338964284e-01
7.302999999999999492e-01	9.373963982847202114e-01
7.338999999999999968e-01	1.195738107149912022e+00
7.375000000000000444e-01	1.425809685179696862e+00
7.410999999999999810e-01	1.288546537243393963e+00
7.447000000000000286e-01	1.600056748168502185e+00
7.482999999999999652e-01	1.547135968292279617e+00
7.519000000000000128e-01	2.079595940382986896e+00
7.554999999999999494e-01	2.155653287464206258e+00
7.590999999999999970e-01	1.914087387355955183e+00
7.627000000000000446e-01	2.382691483525060772e+00
7.662999999999999812e-01	2.537731545645284914e+00
7.699000000000000288e-01	2.893954025116267204e+00
7.734999999999999654e-01	2.454138658564047226e+00
7.772000000000000020e-01	2.230839886620145318e+00
7.808000000000000496e-01	2.200381105302978035e+00
7.843999999999999861e-01	2.393298265397268310e+00
7.880000000000000338e-01	2.163471575550196313e+00
7.915999999999999703e-01	3.006740396851613539e+00
7.952000000000000179e-01	2.401891896376197710e+00
7.987999999999999545e-01	1.943572644895479318e+00
8.024000000000000021e-01	2.129077056421501801e+00
8.060000000000000497e-01	1.654262967892971004e+00
8.095999999999999863e-01	1.346928146464648091e+00
8.132000000000000339e-01	9.760744683056983284e-01
8.167999999999999705e-01	1.275517340612159600e+00
8.204000000000000181e-01	6.206983353127635272e-01
8.239999999999999547e-01	1.143257564912686819e+00
8.276999999999999913e-01	1.174392166851889074e+00
8.313000000000000389e-01	1.190147356075627050e+00
8.348999999999999755e-01	1.351081610742993044e+00
8.385000000000000231e-01	1.644035083362247240e+00
8.420999999999999597e-01	2.393499089713842842e+00
8.457000000000000073e-01	3.039600246002395423e+00
8.493000000000000549e-01	2.829107265597077259e+00
8.528999999999999915e-01	2.590451335790233234e+00
8.565000000000000391e-01	3.500218210450560363e+00
8.600999999999999757e-01	3.622476505696787807e+00
8.637000000000000233e-01	4.238210902486918563e+00
8.672999999999999599e-01	4.246485625627857807e+00
8.709000000000000075e-01	4.437937752236819300e+00
8.745000000000000551e-01	4.549632713341042134e+00
8.781999999999999806e-01	4.543765485126205483e+00
8.818000000000000282e-01	5.099823365405788067e+00
8.853999999999999648e-01	4.666114654998210654e+00
8.890000000000000124e-01	4.656064312521110971e+00
8.925999999999999490e-01	4.573385096794963189e+00
8.961999999999999966e-01	4.261680223660942346e+00
8.998000000000000442e-01	3.613748930486430755e+00
9.033999999999999808e-01	2.945137335551408331e+00
9.070000000000000284e-01	3.358653340625823436e+00
9.105999999999999650e-01	3.269014432469267817e+00
9.142000000000000126e-01	3.135269915765945825e+00
9.177999999999999492e-01	3.325840474874496078e+00
9.213999999999999968e-01	2.586186921969437336e+00
9.251000000000000334e-01	3.306519180054577678e+00
9.286999999999999700e-01	2.802375679816065723e+00
9.323000000000000176e-01	2.780646934540247806e+00
9.358999999999999542e-01	3.274545343157380550e+00
9.395000000000000018e-01	2.946339092252519887e+00
9.431000000000000494e-01	3.068280130790923987e+00
9.466999999999999860e-01	3.651728537505035455e+00
9.503000000000000336e-01	3.326186437649186978e+00
9.538999999999999702e-01	3.864775319636027273e+00
9.575000000000000178e-01	4.207690100329345206e+00
9.610999999999999543e-01	4.463409164222283287e+00
9.647000000000000020e-01	4.593659069605652512e+00
9.683000000000000496e-01	4.792385064732235023e+00
9.718999999999999861e-01	5.291910853342512766e+00
9.756000000000000227e-01	5.604177048278182305e+00
9.791999999999999593e-01	5.749392808965046342e+00
9.828000000000000069e-01	5.982224343514127796e+00
9.864000000000000545e-01	5.700077351791716040e+00
9.899999999999999911e-01	5.980839615056509295e+00
9.936000000000000387e-01	5.883105016224201123e+00
9.971999999999999753e-01	6.665101110599900736e+00
1.000799999999999912e+00	6.792016467285320047e+00
1.004399999999999959e+00	6.290826306103274312e+00
1.008000000000000007e+00	6.675388655143811079e+00
1.011600000000000055e+00	6.128805649725619809e+00
1.015200000000000102e+00	6.122130584412766474e+00
1.018799999999999928e+00	5.489162799210168586e+00
1.022399999999999975e+00	5.086822103929953265e+00
1.026100000000000012e+00	4.748587214640348719e+00
1.029700000000000060e+00	4.047971363684039758e+00
1.033300000000000107e+00	4.222254455159110798e+00
1.036899999999999933e+00	3.860809570441031013e+00
1.040499999999999980e+00	4.062564627543499896e+00
1.044100000000000028e+00	3.883201119074792373e+00
1.047700000000000076e+00	3.923510481549306927e+00
1.051299999999999901e+00	4.261290292638050481e+00
1.054899999999999949e+00	4.188902990179659724e+00
1.058499999999999996e+00	4.205878161473090238e+00
1.062100000000000044e+00	3.856913976932272003e+00
1.065700000000000092e+00	4.574715040602235661e+00
1.069299999999999917e+00	4.654957240362426418e+00
1.072899999999999965e+00	5.271295668877144180e+00
1.076600000000000001e+00	5.357769473597095100e+00
1.080200000000000049e+00	5.105114039504210055e+00
1.083800000000000097e+00	5.313701068858053489e+00
1.087399999999999922e+00	5.407278955030894174e+00
1.090999999999999970e+00	6.202788926182785545e+00
1.094600000000000017e+00	6.983291457432187599e+00
1.098200000000000065e+00	6.853210909422709385e+00
1.101799999999999891e+00	6.927310458987279596e+00
1.105399999999999938e+00	7.142848706720593022e+00
1.108999999999999986e+00	6.809293671890083388e+00
1.112600000000000033e+00	6.343220613004883823e+00
1.116200000000000081e+00	6.187074032442925642e+00
1.119799999999999907e+00	5.426563823132384279e+00
1.123399999999999954e+00	5.487353823432838063e+00
1.127099999999999991e+00	5.111574958594306217e+00
1.130700000000000038e+00	5.305883448305168670e+00
1.134300000000000086e+00	4.844238406893620841e+00
1.137899999999999912e+00	4.662691916490365962e+00
1.141499999999999959e+00	4.891139851411018036e+00
1.145100000000000007e+00	4.916380981656392812e+00
1.148700000000000054e+00	5.708293831568838073e+00
1.152300000000000102e+00	6.297654197765333528e+00
1.155899999999999928e+00	5.714798750061265586e+00
1.159499999999999975e+00	6.567160416735751127e+00
1.163100000000000023e+00	6.117919977724172398e+00
1.166700000000000070e+00	6.181312964407475796e+00
1.170299999999999896e+00	5.893758221590927882e+00
1.173899999999999944e+00	5.126076078691486515e+00
1.177599999999999980e+00	4.737262753879954325e+00
1.181200000000000028e+00	4.889132197553132997e+00
1.184800000000000075e+00	5.376687207221205078e+00
1.188399999999999901e+00	4.910962197068760027e+00
1.191999999999999948e+00	5.290384871501792041e+00
1.195599999999999996e+00	5.712343143483742836e+00
1.199200000000000044e+00	5.247832086263088947e+00
1.202800000000000091e+00	5.205950994712345015e+00
1.206399999999999917e+00	5.264323166825015221e+00
1.209999999999999964e+00	5.000241838213765000e+00
1.213600000000000012e+00	5.067180558343236108e+00
1.217200000000000060e+00	5.037057703522708429e+00
1.220800000000000107e+00	4.852042554476862612e+00
1.224399999999999933e+00	4.149658192138069523e+00
1.228099999999999969e+00	3.798844182265801894e+00
1.231700000000000017e+00	3.441926723006031530e+00
1.235300000000000065e+00	3.562582985890658804e+00
1.238899999999999890e+00	2.573767576868939866e+00
1.242499999999999938e+00	2.164346212378148060e+00
1.246099999999999985e+00	2.239701217337279004e+00
1.249700000000000033e+00	2.463854340341637972e+00
1.253300000000000081e+00	2.634723290234077364e+00
1.256899999999999906e+00	1.872077787342404154e+00
1.260499999999999954e+00	1.510939006286067698e+00
1.264100000000000001e+00	1.142167219878830409e+00
1.267700000000000049e+00	1.182436031067668258e+00
1.271300000000000097e+00	1.280149824791664948e+00
1.274899999999999922e+00	1.364388512020616950e+00
1.278599999999999959e+00	3.030157388282677111e-01
1.282200000000000006e+00	7.073922079663199636e-01
1.285800000000000054e+00	1.064562430622850275e+00
1.289400000000000102e+00	1.267821070792337412e+00
1.292999999999999927e+00	1.154445657072112219e+00
1.296599999999999975e+00	1.257770091375563393e+00
1.300200000000000022e+00	1.340191130296340738e+00
1.303800000000000070e+00	1.452069077285001120e+00
1.307399999999999896e+00	1.685018731932284020e+00
1.310999999999999943e+00	2.011807395314023417e+00
1.314599999999999991e+00	2.161464193419743829e+00
1.318200000000000038e+00	2.279979300543175658e+00
1.321800000000000086e+00	2.293139317160068469e+00
1.325499999999999901e+00	2.432992608610029528e+00
1.329099999999999948e+00	2.419429387316281321e+00
1.332699999999999996e+00	2.822202989653855632e+00
1.336300000000000043e+00	2.403961692290410124e+00
1.339900000000000091e+00	2.911213577670946240e+00
1.343499999999999917e+00	3.342732359376948015e+00
1.347099999999999964e+00	3.274445993059178939e+00
1.350700000000000012e+00	2.960106946649124549e+00
1.354300000000000059e+00	3.016084649768611570e+00
1.357900000000000107e+00	3.700993732094807864e+00
1.361499999999999932e+00	3.416684486528545062e+00
1.365099999999999980e+00	3.126649895909496379e+00
1.368700000000000028e+00	3.044113824538471569e+00
1.372300000000000075e+00	3.132398708162885015e+00
1.375999999999999890e+00	3.086101569943816791e+00
1.379599999999999937e+00	2.961409987763328644e+00
1.383199999999999985e+00	3.275444555443616679e+00
1.386800000000000033e+00	2.898673045727565789e+00
1.390400000000000080e+00	3.117108844708519122e+00
1.393999999999999906e+00	3.581567795962370848e+00
1.397599999999999953e+00	3.553410773273887990e+00
1.401200000000000001e+00	3.582829567634064460e+00
1.404800000000000049e+00	4.348467592610335331e+00
1.408400000000000096e+00	5.232903780849675002e+00
1.411999999999999922e+00	5.399641006905958385e+00
1.415599999999999969e+00	6.068759457946456770e+00
1.419200000000000017e+00	6.029795626590352065e+00
1.422800000000000065e+00	6.255926729882017590e+00
1.426500000000000101e+00	6.391790309173657647e+00
1.430099999999999927e+00	5.970719362893131432e+00
1.433699999999999974e+00	5.629225045944489914e+00
1.437300000000000022e+00	5.725290091496097133e+00
1.440900000000000070e+00	6.378524879621660482e+00
1.444499999999999895e+00	5.993134508751076339e+00
1.448099999999999943e+00	6.268281990670121928e+00
1.451699999999999990e+00	6.829857467991394593e+00
1.455300000000000038e+00	6.539482506313199828e+00
1.458900000000000086e+00	7.012215912624750302e+00
1.462499999999999911e+00	7.337701302982280183e+00
1.466099999999999959e+00	7.087608643842109757e+00
1.469700000000000006e+00	6.889201401399379421e+00
1.473300000000000054e+00	7.739147257968131299e+00
1.477000000000000091e+00	7.095357502679849659e+00
1.480599999999999916e+00	7.727034378199168607e+00
1.484199999999999964e+00	7.468843091443198468e+00
1.487800000000000011e+00	7.891849227597719896e+00
1.491400000000000059e+00	7.991902943732335451e+00
1.495000000000000107e+00	7.886196532484815336e+00
1.498599999999999932e+00	7.545866599186392243e+00
1.502199999999999980e+00	7.750226295543167332e+00
1.505800000000000027e+00	7.791813409636795917e+00
1.509400000000000075e+00	7.833389655897413206e+00
1.512999999999999901e+00	9.002801190344131399e+00
1.516599999999999948e+00	8.730021093008643263e+00
1.520199999999999996e+00	8.226448845020204459e+00
1.523800000000000043e+00	8.461922705318373872e+00
1.527500000000000080e+00	7.882332245629328327e+00
1.531099999999999905e+00	8.049409351115050626e+00
1.534699999999999953e+00	7.987714577102852154e+00
1.538300000000000001e+00	8.059975401789712279e+00
1.541900000000000048e+00	8.508726711353883587e+00
1.545500000000000096e+00	8.763874630271116573e+00
1.549099999999999921e+00	9.113200742850075642e+00
1.552699999999999969e+00	8.724267497413574546e+00
1.556300000000000017e+00	8.101980295103658136e+00
1.559900000000000064e+00	7.704507045511518548e+00
1.563499999999999890e+00	7.351922758977961436e+00
1.567099999999999937e+00	7.430914438142453449e+00
1.570699999999999985e+00	7.650757627739928068e+00
1.574300000000000033e+00	8.115396257832301785e+00
1.578000000000000069e+00	8.093751871832530753e+00
1.581599999999999895e+00	8.550462510133986171e+00
1.585199999999999942e+00	9.359549624749512020e+00
1.588799999999999990e+00	8.342812806502314160e+00
1.592400000000000038e+00	8.877960942483030138e+00
1.596000000000000085e+00	9.511678305935891586e+00
1.599599999999999911e+00	9.359885514948739882e+00
1.603199999999999958e+00	9.592240649662217677e+00
1.606800000000000006e+00	1.027820203534620980e+01
1.610400000000000054e+00	9.980630079915155051e+00
1.614000000000000101e+00	1.043907113180198643e+01
1.617599999999999927e+00	1.037184633405271228e+01
1.621199999999999974e+00	1.059491356165737308e+01
1.624800000000000022e+00	1.098356589391543103e+01
1.628500000000000059e+00	1.082456916898907551e+01
1.632100000000000106e+00	1.125498677589486718e+01
1.635699999999999932e+00	1.236497484321539986e+01
1.639299999999999979e+00	1.338829395987318627e+01
1.642900000000000027e+00	1.381822482191705248e+01
1.646500000000000075e+00	1.475977905767748766e+01
1.650099999999999900e+00	1.519636395033336207e+01
1.653699999999999948e+00	1.616555802694241351e+01
1.657299999999999995e+00	1.753946799352908670e+01
1.660900000000000043e+00	1.786803553688135793e+01
1.664500000000000091e+00	1.950614774053429912e+01
1.668099999999999916e+00	1.997987836248686477e+01
1.671699999999999964e+00	2.082763482671615307e+01
1.675400000000000000e+00	2.149301186614454551e+01
1.679000000000000048e+00	2.101172881568440687e+01
1.682600000000000096e+00	2.151314246736091107e+01
1.686199999999999921e+00	2.089176139742958682e+01
1.689799999999999969e+00	1.945503219330779388e+01
1.693400000000000016e+00	1.810245534927659961e+01
1.697000000000000064e+00	1.739012684162532096e+01
1.700599999999999890e+00	1.638586740494377025e+01
1.704199999999999937e+00	1.597496452954025337e+01
1.707799999999999985e+00	1.607922511306076174e+01
1.711400000000000032e+00	1.557953279416921255e+01
1.715000000000000080e+00	1.521461811368683215e+01
1.718599999999999905e+00	1.503650466806164943e+01
1.722199999999999953e+00	1.475353316988987373e+01
1.725899999999999990e+00	1.378702913804249519e+01
1.729500000000000037e+00	1.237307000965519066e+01
1.733100000000000085e+00	1.175648977752085322e+01
1.736699999999999910e+00	9.948460265428833438e+00
1.740299999999999958e+00	8.651786853732470917e+00
1.743900000000000006e+00	7.065904813605285995e+00
1.747500000000000053e+00	6.924659125287560002e+00
1.751100000000000101e+00	7.667452002459187455e+00
1.754699999999999926e+00	7.529819635782947884e+00
1.758299999999999974e+00	7.902858868994520947e+00
1.761900000000000022e+00	8.587844065202590471e+00
1.765500000000000069e+00	8.859763339297249019e+00
1.769099999999999895e+00	8.383003729321583108e+00
1.772699999999999942e+00	7.599920751349727333e+00
1.776399999999999979e+00	7.476168545867578175e+00
1.780000000000000027e+00	7.171708158124572741e+00
1.783600000000000074e+00	7.256416257789665814e+00
1.787199999999999900e+00	8.006333578837088183e+00
1.790799999999999947e+00	8.204511862200888572e+00
1.794399999999999995e+00	8.670382023541352012e+00
1.798000000000000043e+00	9.351175338230412137e+00
1.801600000000000090e+00	1.122276849389050923e+01
1.805199999999999916e+00	1.110740360524720316e+01
1.808799999999999963e+00	1.094472918561135799e+01
1.812400000000000011e+00	1.043210976048904470e+01
1.816000000000000059e+00	9.650871425664707459e+00
1.819600000000000106e+00	9.644632028923659561e+00
1.823199999999999932e+00	1.000677531017413457e+01
1.826899999999999968e+00	9.443310671273154711e+00
1.830500000000000016e+00	9.966444854122878283e+00
1.834100000000000064e+00	1.015711316142289000e+01
1.837699999999999889e+00	1.036748161519671996e+01
1.841299999999999937e+00	1.005690098257386111e+01
1.844899999999999984e+00	9.974531088936901213e+00
1.848500000000000032e+00	1.046278528735939872e+01
1.852100000000000080e+00	1.040811331852741084e+01
1.855699999999999905e+00	1.111099166504568281e+01
1.859299999999999953e+00	1.116088189169425604e+01
1.862900000000000000e+00	1.233825452540941114e+01
1.866500000000000048e+00	1.192004356016732736e+01
1.870100000000000096e+00	1.317678414419788879e+01
1.873699999999999921e+00	1.305987705505766172e+01
1.877399999999999958e+00	1.327143673961250769e+01
1.881000000000000005e+00	1.307393265670476801e+01
1.884600000000000053e+00	1.326922094892781878e+01
1.888200000000000101e+00	1.313703601603618587e+01
1.891799999999999926e+00	1.315129840821099805e+01
1.895399999999999974e+00	1.301437673482024415e+01
1.899000000000000021e+00	1.267192178138410341e+01
1.902600000000000069e+00	1.295848349649420150e+01
1.906199999999999894e+00	1.282074658311707438e+01
1.909799999999999942e+00	1.339130234726166080e+01
1.913399999999999990e+00	1.431442727087461364e+01
1.917000000000000037e+00	1.509553888694997958e+01
1.920600000000000085e+00	1.534889296641889800e+01
1.924199999999999910e+00	1.629542478871068312e+01
1.927899999999999947e+00	1.694762270005180582e+01
1.931499999999999995e+00	1.660991472094731236e+01
1.935100000000000042e+00	1.698882113301275254e+01
1.938700000000000090e+00	1.675173466571623493e+01
1.942299999999999915e+00	1.824691390880463260e+01
1.945899999999999963e+00	1.913103541078355363e+01
1.949500000000000011e+00	2.041336540884709549e+01
1.953100000000000058e+00	2.112445874173714344e+01
1.956700000000000106e+00	2.132168060999803672e+01
1.960299999999999931e+00	2.032093090223747112e+01
1.963899999999999979e+00	1.908021018775705002e+01
1.967500000000000027e+00	1.865203255455672604e+01
1.971100000000000074e+00	1.820331576606069390e+01
1.974699999999999900e+00	1.948018114125213529e+01
1.978399999999999936e+00	2.022211062242844193e+01
1.981999999999999984e+00	2.120213997776565407e+01
1.985600000000000032e+00	2.232058692840117331e+01
1.989200000000000079e+00	2.358062375947708489e+01
1.992799999999999905e+00	2.378925330376876701e+01
1.996399999999999952e+00	2.349145866596053267e+01
2.000000000000000000e+00	2.214722964849790898e+01
