2.000000000000000111e-01	-5.287280514791911079e-01
2.036000000000000032e-01	-6.344065572817041421e-01
2.071999999999999953e-01	-1.208679450371544339e+00
2.107999999999999874e-01	-1.015269337958676577e+00
2.144000000000000072e-01	-8.454753338956375597e-01
2.179999999999999993e-01	-1.312369095822994103e+00
2.215999999999999914e-01	-1.381675185112129611e+00
2.253000000000000003e-01	-1.023804907545337262e+00
2.288999999999999924e-01	-1.867728765299967453e+00
2.325000000000000122e-01	-2.129396659874567721e+00
2.361000000000000043e-01	-2.205594436645645473e+00
2.396999999999999964e-01	-1.922565782004267643e+00
2.432999999999999885e-01	-1.871168460530303390e+00
2.469000000000000083e-01	-1.748935076921419807e+00
2.505000000000000004e-01	-1.279396328242743852e+00
2.540999999999999925e-01	-1.573368252492929109e+00
2.576999999999999846e-01	-6.920185476734578289e-01
2.612999999999999767e-01	-3.347343018103569046e-01
2.649000000000000243e-01	-2.802403416917463863e-01
2.685000000000000164e-01	-2.560609131072357769e-01
2.721000000000000085e-01	2.334510151027124336e-01
2.757999999999999896e-01	3.340506626878297913e-02
2.793999999999999817e-01	3.784501880657342721e-01
2.829999999999999738e-01	3.592851759509080312e-01
2.866000000000000214e-01	7.070850818738519949e-01
2.902000000000000135e-01	-8.737065248874290591e-01
2.938000000000000056e-01	-2.412558491191058863e-01
2.973999999999999977e-01	-3.820450733040463009e-01
3.009999999999999898e-01	-3.687331472098992480e-01
3.045999999999999819e-01	-1.075212406149848476e+00
3.081999999999999740e-01	-5.897060160930135408e-01
3.118000000000000216e-01	-1.397534441852059217e+00
3.154000000000000137e-01	-1.594493921556139782e+00
3.190000000000000058e-01	-1.239474836776100375e+00
3.225999999999999979e-01	-1.348183677356238119e+00
3.262999999999999790e-01	-1.392127867723597090e+00
3.299000000000000266e-01	-1.235612272378604048e+00
3.335000000000000187e-01	-1.013608939665428643e+00
3.371000000000000107e-01	-4.237629808682941146e-01
3.407000000000000028e-01	-3.510143209797236263e-01
3.442999999999999949e-01	-5.366880533305340428e-02
3.478999999999999870e-01	-3.146537632170587351e-01
3.514999999999999791e-01	-1.932037883092286301e-01
3.551000000000000267e-01	-1.591845456792992386e-02
3.587000000000000188e-01	-3.133474646953549048e-01
3.623000000000000109e-01	-2.147434504058406413e-01
3.659000000000000030e-01	2.798415248676811018e-01
3.694999999999999951e-01	-2.888225130003015950e-01
3.730999999999999872e-01	-4.676789723283902855e-02
3.768000000000000238e-01	-8.129946015623246147e-02
3.804000000000000159e-01	-7.653779219100219633e-01
3.840000000000000080e-01	-6.664593874676407737e-01
3.876000000000000001e-01	-3.129469122229749933e-01
3.911999999999999922e-01	-1.332987476546043881e+00
3.947999999999999843e-01	-8.254563802322022470e-01
3.983999999999999764e-01	-1.346182992140425805e+00
4.020000000000000240e-01	-9.955656537299455433e-01
4.056000000000000161e-01	-9.450213516801666547e-01
4.092000000000000082e-01	-1.103666664972931422e+00
4.128000000000000003e-01	-1.771838031745625042e-01
4.163999999999999924e-01	-5.028782085526121159e-01
4.199999999999999845e-01	-4.377418203199334723e-01
4.235999999999999766e-01	1.627870334413214493e-01
4.273000000000000131e-01	-1.422401993616495830e-01
4.309000000000000052e-01	5.371145852765253359e-01
4.344999999999999973e-01	5.460184684092750373e-01
4.380999999999999894e-01	4.514870764434028572e-01
4.416999999999999815e-01	1.419949317490477148e+00
4.452999999999999736e-01	5.174666221792978416e-01
4.489000000000000212e-01	8.242067502280444602e-01
4.525000000000000133e-01	9.727158783823671717e-01
4.561000000000000054e-01	5.730153236683851459e-01
4.596999999999999975e-01	8.903240176828124131e-02
4.632999999999999896e-01	-2.649240477635105839e-01
4.668999999999999817e-01	1.205752960185122458e-01
4.704999999999999738e-01	-7.406838127219206314e-02
4.741000000000000214e-01	-6.547113977506088256e-01
4.778000000000000025e-01	-3.380970259812578482e-01
4.813999999999999946e-01	3.573720121652640414e-02
4.849999999999999867e-01	-3.599999298972689221e-02
4.885999999999999788e-01	4.839330920878405218e-01
4.922000000000000264e-01	4.972243288520171722e-01
4.958000000000000185e-01	5.382961939749757452e-01
4.994000000000000106e-01	7.534465022390708366e-01
5.030000000000000027e-01	1.168892046701045295e+00
5.066000000000000503e-01	8.821911701624575164e-01
5.101999999999999869e-01	1.674742825093943788e+00
5.138000000000000345e-01	1.690658288082774963e+00
5.173999999999999710e-01	1.607373135843461087e+00
5.210000000000000187e-01	1.019798631805382882e+00
5.245999999999999552e-01	1.127151818189328525e+00
5.282999999999999918e-01	9.874922126725738103e-01
5.319000000000000394e-01	1.234201654353683786e+00
5.354999999999999760e-01	8.579058741193099635e-01
5.391000000000000236e-01	9.942170324465421372e-01
5.426999999999999602e-01	6.731981750389398611e-01
5.463000000000000078e-01	1.492448704976284124e-01
5.499000000000000554e-01	3.369357460678973903e-01
5.534999999999999920e-01	8.238856286770623871e-01
5.571000000000000396e-01	4.507754187797111123e-01
5.606999999999999762e-01	5.284342897086812263e-01
5.643000000000000238e-01	1.297632023548575431e+00
5.678999999999999604e-01	1.381321369222403117e+00
5.715000000000000080e-01	1.332545956986481039e+00
5.752000000000000446e-01	1.760255320726602957e+00
5.787999999999999812e-01	1.719591149774299943e+00
5.824000000000000288e-01	1.827081979478507368e+00
5.859999999999999654e-01	1.486456655148688855e+00
5.896000000000000130e-01	1.727600596292173218e+00
5.931999999999999496e-01	2.176080133320989152e+00
5.967999999999999972e-01	2.393434308210353745e+00
6.004000000000000448e-01	2.574958267344030105e+00
6.039999999999999813e-01	2.386181186884985372e+00
6.076000000000000290e-01	1.964993223004990908e+00
6.111999999999999655e-01	2.572016363512840798e+00
6.148000000000000131e-01	1.512758451087040212e+00
6.183999999999999497e-01	2.365871660427633749e+00
6.219999999999999973e-01	1.416885479405541881e+00
6.257000000000000339e-01	1.183589189333721592e+00
6.292999999999999705e-01	1.444391322372438946e+00
6.329000000000000181e-01	1.040882096859626627e+00
6.364999999999999547e-01	1.338598272809581990e+00
6.401000000000000023e-01	1.915627834423690334e+00
6.437000000000000499e-01	1.802421810683758618e+00
6.472999999999999865e-01	1.628790195737484181e+00
6.509000000000000341e-01	2.388593318272707933e+00
6.544999999999999707e-01	2.233291842618720047e+00
6.581000000000000183e-01	2.420942227149514459e+00
6.616999999999999549e-01	3.310928496560428425e+00
6.653000000000000025e-01	2.954536921735731791e+00
6.689000000000000501e-01	3.213366227636016870e+00
6.724999999999999867e-01	3.095606984799645023e+00
6.762000000000000233e-01	3.785423957145733098e+00
6.797999999999999599e-01	3.817537976612674910e+00
6.834000000000000075e-01	3.187631101367382147e+00
6.870000000000000551e-01	3.723742588330634540e+00
6.905999999999999917e-01	3.128647968875682750e+00
6.942000000000000393e-01	3.857301133229232182e+00
6.977999999999999758e-01	2.976501585237216307e+00
7.014000000000000234e-01	3.372472816858060884e+00
7.049999999999999600e-01	3.194275577423181023e+00
7.086000000000000076e-01	2.766881260027505451e+00
7.122000000000000552e-01	3.257013373946210599e+00
7.157999999999999918e-01	3.252290406886703344e+00
7.194000000000000394e-01	2.999482201896487066e+00
7.229999999999999760e-01	3.097121080344004351e+00
7.267000000000000126e-01	2.776675147443385061e+00
7.302999999999999492e-01	2.903309345545498132e+00
7.338999999999999968e-01	3.102238624403980793e+00
7.375000000000000444e-01	3.460600461073754630e+00
7.410999999999999810e-01	3.895925723364032756e+00
7.447000000000000286e-01	3.633418135206958777e+00
7.482999999999999652e-01	4.120920571891340423e+00
7.519000000000000128e-01	4.383129239339612404e+00
7.554999999999999494e-01	5.095890566101454411e+00
7.590999999999999970e-01	4.644891682564384006e+00
7.627000000000000446e-01	4.875808318951683873e+00
7.662999999999999812e-01	3.824988678817753840e+00
7.699000000000000288e-01	4.486396111762951833e+00
7.734999999999999654e-01	3.756061995516217333e+00
7.772000000000000020e-01	3.124533669793286172e+00
7.808000000000000496e-01	3.708281145686249669e+00
7.843999999999999861e-01	4.460668481818290232e+00
7.880000000000000338e-01	4.051985608534644179e+00
7.915999999999999703e-01	3.317030243863709593e+00
7.952000000000000179e-01	3.382356327592864975e+00
7.987999999999999545e-01	3.053657066111337581e+00
8.024000000000000021e-01	3.414200693692718502e+00
8.060000000000000497e-01	3.331427512511521360e+00
8.095999999999999863e-01	3.564824258307546678e+00
8.132000000000000339e-01	3.478964042032597792e+00
8.167999999999999705e-01	3.219137032562745304e+00
8.204000000000000181e-01	3.390930492375012761e+00
8.239999999999999547e-01	3.570136887046833074e+00
8.276999999999999913e-01	3.871212848579858701e+00
8.313000000000000389e-01	3.133251534415254724e+00
8.348999999999999755e-01	3.461632783369747113e+00
8.385000000000000231e-01	3.135668917209963880e+00
8.420999999999999597e-01	3.703797116398423572e+00
8.457000000000000073e-01	2.919750495155936321e+00
8.493000000000000549e-01	2.670467005740805089e+00
8.528999999999999915e-01	2.767348971115237699e+00
8.565000000000000391e-01	2.063639867253577620e+00
8.600999999999999757e-01	2.686637016806147304e+00
8.637000000000000233e-01	2.963138097038205743e+00
8.672999999999999599e-01	2.657165103299867770e+00
8.709000000000000075e-01	2.368043869934775003e+00
8.745000000000000551e-01	2.732248347294194524e+00
8.781999999999999806e-01	3.001787999588671596e+00
8.818000000000000282e-01	2.626997711038680627e+00
8.853999999999999648e-01	2.782240884536293812e+00
8.890000000000000124e-01	2.169724270981486569e+00
8.925999999999999490e-01	2.445339592961601749e+00
8.961999999999999966e-01	1.944266770523197740e+00
8.998000000000000442e-01	2.100102451607958720e+00
9.033999999999999808e-01	2.168884656292514368e+00
9.070000000000000284e-01	2.245017852088323274e+00
9.105999999999999650e-01	2.214823818074271866e+00
9.142000000000000126e-01	2.115248992168727860e+00
9.177999999999999492e-01	2.477208216502256199e+00
9.213999999999999968e-01	2.066942838505879010e+00
9.251000000000000334e-01	2.342623351801502718e+00
9.286999999999999700e-01	3.016102570510510894e+00
9.323000000000000176e-01	2.357639134588060514e+00
9.358999999999999542e-01	2.079929637502556883e+00
9.395000000000000018e-01	1.957014303711631431e+00
9.431000000000000494e-01	2.438801806392601357e+00
9.466999999999999860e-01	2.366481534588925406e+00
9.503000000000000336e-01	2.535004566282545113e+00
9.538999999999999702e-01	2.389844190756529319e+00
9.575000000000000178e-01	2.463238802215027334e+00
9.610999999999999543e-01	2.196873413759921512e+00
9.647000000000000020e-01	1.870557101831798574e+00
9.683000000000000496e-01	2.114034162204012635e+00
9.718999999999999861e-01	2.420677640043913392e+00
9.756000000000000227e-01	1.751143853310274112e+00
9.791999999999999593e-01	2.114609328195712123e+00
9.828000000000000069e-01	2.124723159511140658e+00
9.864000000000000545e-01	2.146613349323603259e+00
9.899999999999999911e-01	2.159469289347861753e+00
9.936000000000000387e-01	1.916894206767886910e+00
9.971999999999999753e-01	2.235431945932991660e+00
1.000799999999999912e+00	1.953442180667268824e+00
1.004399999999999959e+00	2.196549359158531445e+00
1.008000000000000007e+00	1.982645753426149682e+00
1.011600000000000055e+00	1.860341442433413039e+00
1.015200000000000102e+00	1.424190099987704405e+00
1.018799999999999928e+00	2.269560034766671119e+00
1.022399999999999975e+00	1.750436827889974234e+00
1.026100000000000012e+00	1.461053816343476086e+00
1.029700000000000060e+00	1.831205434418406330e+00
1.033300000000000107e+00	1.661814402356315723e+00
1.036899999999999933e+00	1.211909572677470681e+00
1.040499999999999980e+00	9.415364934043933820e-01
1.044100000000000028e+00	1.419876091370510185e+00
1.047700000000000076e+00	1.307660214592927250e+00
1.051299999999999901e+00	1.813441217961254015e+00
1.054899999999999949e+00	1.111856981923995180e+00
1.058499999999999996e+00	1.575621126903945513e+00
1.062100000000000044e+00	1.547825159292684605e+00
1.065700000000000092e+00	1.614329205115547783e+00
1.069299999999999917e+00	2.337730748739814235e+00
1.072899999999999965e+00	2.414763963566270988e+00
1.076600000000000001e+00	1.643057247142452715e+00
1.080200000000000049e+00	2.305620001338289704e+00
1.083800000000000097e+00	2.913365808588928907e+00
1.087399999999999922e+00	2.918848361250100609e+00
1.090999999999999970e+00	3.134137788836035554e+00
1.094600000000000017e+00	3.393016575642224364e+00
1.098200000000000065e+00	4.054058108303691732e+00
1.101799999999999891e+00	3.591500382042433159e+00
1.105399999999999938e+00	3.752218474371749046e+00
1.108999999999999986e+00	3.376499452021371361e+00
1.112600000000000033e+00	2.588702474614119620e+00
1.116200000000000081e+00	3.007920882765764414e+00
1.119799999999999907e+00	1.780634836653689712e+00
1.123399999999999954e+00	2.692108344131267650e+00
1.127099999999999991e+00	2.436897178407108733e+00
1.130700000000000038e+00	2.291644723963098151e+00
1.134300000000000086e+00	2.514599729903284064e+00
1.137899999999999912e+00	2.304585845575711112e+00
1.141499999999999959e+00	2.333493632476343560e+00
1.145100000000000007e+00	3.059527546610873117e+00
1.148700000000000054e+00	3.633904482165654315e+00
1.152300000000000102e+00	4.691673154908972521e+00
1.155899999999999928e+00	5.765178367963800454e+00
1.159499999999999975e+00	6.009877953403799822e+00
1.163100000000000023e+00	5.931099136415886264e+00
1.166700000000000070e+00	4.921450625540161106e+00
1.170299999999999896e+00	4.135295486324702452e+00
1.173899999999999944e+00	3.881414809556332113e+00
1.177599999999999980e+00	4.302795609481566252e+00
1.181200000000000028e+00	3.793549637802567265e+00
1.184800000000000075e+00	3.967232364051067162e+00
1.188399999999999901e+00	4.699844438912267108e+00
1.191999999999999948e+00	4.948524164680683235e+00
1.195599999999999996e+00	4.721071830432169492e+00
1.199200000000000044e+00	4.875915524014644120e+00
1.202800000000000091e+00	4.361344192854666346e+00
1.206399999999999917e+00	4.272724290783634693e+00
1.209999999999999964e+00	4.118552246281111273e+00
1.213600000000000012e+00	4.119984541163375091e+00
1.217200000000000060e+00	4.148956687146450939e+00
1.220800000000000107e+00	3.646346117744320381e+00
1.224399999999999933e+00	4.167423550562852519e+00
1.228099999999999969e+00	4.593268562483305395e+00
1.231700000000000017e+00	4.223402580250033900e+00
1.235300000000000065e+00	4.195770752714116369e+00
1.238899999999999890e+00	4.213972030596345064e+00
1.242499999999999938e+00	4.566318451849833870e+00
1.246099999999999985e+00	4.558169052051527004e+00
1.249700000000000033e+00	4.182558179835377032e+00
1.253300000000000081e+00	4.158974213590623137e+00
1.256899999999999906e+00	4.167320649444284264e+00
1.260499999999999954e+00	4.187010153526173006e+00
1.264100000000000001e+00	4.203314546129774065e+00
1.267700000000000049e+00	3.291611341912596966e+00
1.271300000000000097e+00	2.954357795914321905e+00
1.274899999999999922e+00	3.369206933431956763e+00
1.278599999999999959e+00	3.273548540982722077e+00
1.282200000000000006e+00	4.424315969757389055e+00
1.285800000000000054e+00	4.287612061444393774e+00
1.289400000000000102e+00	4.020835857704351923e+00
1.292999999999999927e+00	4.316832553113838955e+00
1.296599999999999975e+00	4.003069771626403650e+00
1.300200000000000022e+00	4.397410882062022353e+00
1.303800000000000070e+00	4.926711932040376496e+00
1.307399999999999896e+00	4.331977912115610785e+00
1.310999999999999943e+00	5.422322489803590884e+00
1.314599999999999991e+00	5.361785820879071629e+00
1.318200000000000038e+00	5.381003091973561858e+00
1.321800000000000086e+00	5.345608614831602878e+00
1.325499999999999901e+00	5.182720315663525312e+00
1.329099999999999948e+00	5.014693326565185849e+00
1.332699999999999996e+00	4.924261490684642695e+00
1.336300000000000043e+00	5.170872104562073801e+00
1.339900000000000091e+00	4.924685652306707517e+00
1.343499999999999917e+00	4.801195529383202931e+00
1.347099999999999964e+00	4.565832090686323674e+00
1.350700000000000012e+00	4.830185299605790128e+00
1.354300000000000059e+00	4.622551451090656016e+00
1.357900000000000107e+00	4.405495389856126209e+00
1.361499999999999932e+00	4.993049992411730642e+00
1.365099999999999980e+00	4.441434856080737070e+00
1.368700000000000028e+00	5.027654717658657013e+00
1.372300000000000075e+00	4.908165809928596524e+00
1.375999999999999890e+00	4.449332962728572483e+00
1.379599999999999937e+00	5.540214074039858438e+00
1.383199999999999985e+00	5.161782219453404430e+00
1.386800000000000033e+00	5.363593750312863229e+00
1.390400000000000080e+00	6.061112365020206560e+00
1.393999999999999906e+00	6.069420813496084754e+00
1.397599999999999953e+00	6.671724239619080343e+00
1.401200000000000001e+00	5.970823235897817938e+00
1.404800000000000049e+00	6.123601876918600695e+00
1.408400000000000096e+00	6.229459623822481973e+00
1.411999999999999922e+00	6.971749390362836252e+00
1.415599999999999969e+00	6.835897709157477742e+00
1.419200000000000017e+00	6.655611648557115956e+00
1.422800000000000065e+00	6.729160961679650832e+00
1.426500000000000101e+00	5.929285116627017516e+00
1.430099999999999927e+00	5.574613867035299819e+00
1.433699999999999974e+00	5.565207476719614910e+00
1.437300000000000022e+00	5.299587213428839760e+00
1.440900000000000070e+00	5.522025513219668724e+00
1.444499999999999895e+00	5.835766673929015269e+00
1.448099999999999943e+00	5.702528887759718224e+00
1.451699999999999990e+00	6.299059529453908901e+00
1.455300000000000038e+00	5.623872682406555690e+00
1.458900000000000086e+00	6.130980593673550416e+00
1.462499999999999911e+00	6.644918535389547465e+00
1.466099999999999959e+00	6.637940421665128099e+00
1.469700000000000006e+00	6.719204945542138319e+00
1.473300000000000054e+00	6.276692545489304997e+00
1.477000000000000091e+00	7.124609263967720985e+00
1.480599999999999916e+00	7.259518848436390392e+00
1.484199999999999964e+00	7.132348604858119501e+00
1.487800000000000011e+00	7.330556032248431997e+00
1.491400000000000059e+00	7.484519873424739345e+00
1.495000000000000107e+00	7.184078598110602343e+00
1.498599999999999932e+00	6.677894491590791404e+00
1.502199999999999980e+00	6.792969849259278270e+00
1.505800000000000027e+00	6.429004825807473011e+00
1.509400000000000075e+00	6.623045017301118165e+00
1.512999999999999901e+00	7.385846874454587763e+00
1.516599999999999948e+00	6.923942773401181583e+00
1.520199999999999996e+00	6.868164453017398863e+00
1.523800000000000043e+00	7.534538078059918931e+00
1.527500000000000080e+00	7.255291107291727215e+00
1.531099999999999905e+00	7.734108611145150469e+00
1.534699999999999953e+00	7.930292437828904362e+00
1.538300000000000001e+00	7.677880359913528352e+00
1.541900000000000048e+00	8.441146201992529186e+00
1.545500000000000096e+00	7.836441621608480013e+00
1.549099999999999921e+00	8.041179386619296210e+00
1.552699999999999969e+00	8.748801407071013614e+00
1.556300000000000017e+00	7.991330947996981848e+00
1.559900000000000064e+00	8.323393691291649077e+00
1.563499999999999890e+00	8.272688357638507739e+00
1.567099999999999937e+00	7.606094727315889870e+00
1.570699999999999985e+00	8.146394618588907122e+00
1.574300000000000033e+00	8.159880331820630772e+00
1.578000000000000069e+00	7.143022526641511938e+00
1.581599999999999895e+00	8.435287152764267660e+00
1.585199999999999942e+00	8.500411846483835632e+00
1.588799999999999990e+00	9.167967164945986625e+00
1.592400000000000038e+00	9.443410941183397966e+00
1.596000000000000085e+00	9.057203780836363904e+00
1.599599999999999911e+00	1.023375815016254720e+01
1.603199999999999958e+00	1.033194259488495170e+01
1.606800000000000006e+00	1.091647737547637576e+01
1.610400000000000054e+00	1.117093814078596736e+01
1.614000000000000101e+00	1.106433610389359501e+01
1.617599999999999927e+00	1.142129432056020377e+01
1.621199999999999974e+00	1.184027788977301299e+01
1.624800000000000022e+00	1.214287925097575283e+01
1.628500000000000059e+00	1.220848449360917876e+01
1.632100000000000106e+00	1.224064579960159271e+01
1.635699999999999932e+00	1.263728562723919957e+01
1.639299999999999979e+00	1.345490904454300285e+01
1.642900000000000027e+00	1.384090189655923098e+01
1.646500000000000075e+00	1.405471373307272920e+01
1.650099999999999900e+00	1.537819766729768212e+01
1.653699999999999948e+00	1.592609832205707221e+01
1.657299999999999995e+00	1.793755220780433746e+01
1.660900000000000043e+00	1.925120351158339460e+01
1.664500000000000091e+00	2.040935926168433667e+01
1.668099999999999916e+00	2.171632713802033976e+01
1.671699999999999964e+00	2.099881216439756315e+01
1.675400000000000000e+00	1.990722276037508109e+01
1.679000000000000048e+00	1.924685849945886673e+01
1.682600000000000096e+00	1.756674770917181405e+01
1.686199999999999921e+00	1.642163486837711162e+01
1.689799999999999969e+00	1.513567461992287555e+01
1.693400000000000016e+00	1.478710914997700421e+01
1.697000000000000064e+00	1.500176827268645319e+01
1.700599999999999890e+00	1.545103405977503641e+01
1.704199999999999937e+00	1.667109494669881542e+01
1.707799999999999985e+00	1.783050471605862342e+01
1.711400000000000032e+00	1.821796538315389569e+01
1.715000000000000080e+00	1.851135951028102511e+01
1.718599999999999905e+00	1.689579591617145127e+01
1.722199999999999953e+00	1.523863524439192396e+01
1.725899999999999990e+00	1.330599543721591438e+01
1.729500000000000037e+00	1.195685768353849099e+01
1.733100000000000085e+00	1.108346040685089662e+01
1.736699999999999910e+00	1.074764821548281724e+01
1.740299999999999958e+00	1.097718277006875276e+01
1.743900000000000006e+00	1.133880142566676419e+01
1.747500000000000053e+00	1.152601721570929527e+01
1.751100000000000101e+00	1.116504231329834695e+01
1.754699999999999926e+00	1.062885163201850602e+01
1.758299999999999974e+00	1.064501720430671128e+01
1.761900000000000022e+00	1.071109706697483155e+01
1.765500000000000069e+00	1.047499183858481508e+01
1.769099999999999895e+00	1.001973603098303478e+01
1.772699999999999942e+00	9.980385471641179507e+00
1.776399999999999979e+00	1.011001625922837732e+01
1.780000000000000027e+00	1.002070776057167123e+01
1.783600000000000074e+00	9.702599023040983539e+00
1.787199999999999900e+00	9.681486670571400666e+00
1.790799999999999947e+00	9.624885225453002846e+00
1.794399999999999995e+00	9.517190871059565183e+00
1.798000000000000043e+00	9.441629992666383586e+00
1.801600000000000090e+00	9.519888264126796784e+00
1.805199999999999916e+00	9.947582930289366132e+00
1.808799999999999963e+00	9.611991070629247957e+00
1.812400000000000011e+00	9.596526775154909927e+00
1.816000000000000059e+00	9.246215318054321841e+00
1.819600000000000106e+00	9.399667590736644485e+00
1.823199999999999932e+00	9.361093010772775003e+00
1.826899999999999968e+00	9.536372272799159333e+00
1.830500000000000016e+00	9.609404764367020846e+00
1.834100000000000064e+00	1.021014374433769589e+01
1.837699999999999889e+00	9.136020924591619519e+00
1.841299999999999937e+00	9.539152564026563752e+00
1.844899999999999984e+00	8.924076021929716163e+00
1.848500000000000032e+00	9.389076351068757376e+00
1.852100000000000080e+00	1.032229549392222090e+01
1.855699999999999905e+00	1.165117354836368690e+01
1.859299999999999953e+00	1.265696819159914988e+01
1.862900000000000000e+00	1.336430951912749876e+01
1.866500000000000048e+00	1.293035549297889908e+01
1.870100000000000096e+00	1.247860538750919623e+01
1.873699999999999921e+00	1.114059761453664699e+01
1.877399999999999958e+00	1.065109265551605588e+01
1.881000000000000005e+00	1.008552734348672431e+01
1.884600000000000053e+00	1.028727323817839334e+01
1.888200000000000101e+00	1.117972868093889538e+01
1.891799999999999926e+00	1.112212007944602554e+01
1.895399999999999974e+00	1.167943401764871147e+01
1.899000000000000021e+00	1.174872781499394137e+01
1.902600000000000069e+00	1.141994244514718382e+01
1.906199999999999894e+00	1.138985943828510372e+01
1.909799999999999942e+00	1.082736611143770844e+01
1.913399999999999990e+00	1.087661912541973486e+01
1.917000000000000037e+00	1.152204376971085331e+01
1.920600000000000085e+00	1.178127700450765225e+01
1.924199999999999910e+00	1.206232575259489792e+01
1.927899999999999947e+00	1.180942746967201984e+01
1.931499999999999995e+00	1.207439888671300388e+01
1.935100000000000042e+00	1.181197497005616270e+01
1.938700000000000090e+00	1.151378860648314628e+01
1.942299999999999915e+00	1.212626452583423031e+01
1.945899999999999963e+00	1.240964535495032273e+01
1.949500000000000011e+00	1.382888981025169706e+01
1.953100000000000058e+00	1.418592217264014010e+01
1.956700000000000106e+00	1.514326854697687352e+01
1.960299999999999931e+00	1.437979194546073991e+01
1.963899999999999979e+00	1.527017016553041273e+01
1.967500000000000027e+00	1.480295241349206670e+01
1.971100000000000074e+00	1.450394330917023034e+01
1.974699999999999900e+00	1.425023651579973460e+01
1.978399999999999936e+00	1.422819972077548023e+01
1.981999999999999984e+00	1.420119893109088594e+01
1.985600000000000032e+00	1.381596972913926891e+01
1.989200000000000079e+00	1.396909633812842344e+01
1.992799999999999905e+00	1.469654873126510530e+01
1.996399999999999952e+00	1.565121547166953064e+01
2.000000000000000000e+00	1.721582857181242332e+01
