2.000000000000000111e-01	-4.716568834505372454e-01
2.036000000000000032e-01	-4.626585145690660372e-01
2.071999999999999953e-01	-3.286426579735113318e-01
2.107999999999999874e-01	7.928248006055049757e-02
2.144000000000000072e-01	6.986260379861188863e-01
2.179999999999999993e-01	-1.133037814586656644e+00
2.215999999999999914e-01	-1.323462052479340123e+00
2.253000000000000003e-01	-1.606065213011991455e+00
2.288999999999999924e-01	-1.101285411995557295e+00
2.325000000000000122e-01	-1.638304994330036291e+00
2.361000000000000043e-01	-2.069858853015493771e+00
2.396999999999999964e-01	-1.440896426570898115e+00
2.432999999999999885e-01	-5.722400940460303786e-02
2.469000000000000083e-01	2.441231133611960757e-01
2.505000000000000004e-01	-1.328576914292197042e+00
2.540999999999999925e-01	-1.583350955735526533e+00
2.576999999999999846e-01	-6.347317826318554790e-01
2.612999999999999767e-01	4.390377732119785659e-01
2.649000000000000243e-01	1.227845801312132945e+00
2.685000000000000164e-01	4.094356620368185817e-01
2.721000000000000085e-01	1.257279569477960157e+00
2.757999999999999896e-01	3.147237456215947193e-01
2.793999999999999817e-01	6.243492085995350216e-01
2.829999999999999738e-01	1.458591103856974769e+00
2.866000000000000214e-01	4.053826833890568637e-01
2.902000000000000135e-01	1.248642078607073991e+00
2.938000000000000056e-01	9.205648445383023404e-01
2.973999999999999977e-01	1.252969285042264680e-01
3.009999999999999898e-01	-5.444618393096984921e-01
3.045999999999999819e-01	-7.138607121631510566e-01
3.081999999999999740e-01	-2.472358272889230602e+00
3.118000000000000216e-01	-1.211926083435630019e+00
3.154000000000000137e-01	-1.612047662670479165e+00
3.190000000000000058e-01	-1.808406898308637878e+00
3.225999999999999979e-01	-6.515464864544650014e-01
3.262999999999999790e-01	-1.431721830543475793e+00
3.299000000000000266e-01	2.374387535497362034e-01
3.335000000000000187e-01	5.977143391919137461e-01
3.371000000000000107e-01	-2.647077845982637623e+00
3.407000000000000028e-01	-5.383624416687680103e-01
3.442999999999999949e-01	-6.998022197802711286e-01
3.478999999999999870e-01	4.940387093320914857e-01
3.514999999999999791e-01	1.175934012879752188e+00
3.551000000000000267e-01	8.406709375299964426e-02
3.587000000000000188e-01	3.632777844355930541e-02
3.623000000000000109e-01	-8.169860231720649235e-01
3.659000000000000030e-01	6.795807780623290828e-01
3.694999999999999951e-01	-6.904023229022459018e-01
3.730999999999999872e-01	-8.977221554877610199e-01
3.768000000000000238e-01	2.148920741146145286e-01
3.804000000000000159e-01	4.231152165937781540e-01
3.840000000000000080e-01	-2.883197799575055731e-01
3.876000000000000001e-01	-1.359944031551161725e+00
3.911999999999999922e-01	-1.904597249059632347e+00
3.947999999999999843e-01	-2.606167546970432625e-01
3.983999999999999764e-01	-4.053466343075806666e-01
4.020000000000000240e-01	-6.851758540355246119e-01
4.056000000000000161e-01	-1.365073529990590284e-01
4.092000000000000082e-01	-7.785325594826613127e-01
4.128000000000000003e-01	1.924633407049198830e+00
4.163999999999999924e-01	4.707645913739400001e-03
4.199999999999999845e-01	5.578550443915135659e-01
4.235999999999999766e-01	2.221927679154703794e-01
4.273000000000000131e-01	-6.783750065717768230e-02
4.309000000000000052e-01	-2.987984800468852509e-01
4.344999999999999973e-01	5.939602690997501933e-01
4.380999999999999894e-01	8.982977778198508734e-01
4.416999999999999815e-01	2.442345855520155151e+00
4.452999999999999736e-01	9.782913449742020040e-01
4.489000000000000212e-01	9.415105354730577414e-01
4.525000000000000133e-01	1.792072972097560335e+00
4.561000000000000054e-01	6.626026127345586714e-01
4.596999999999999975e-01	1.510239117051066060e+00
4.632999999999999896e-01	2.847990843557621221e-01
4.668999999999999817e-01	1.077473435798942836e+00
4.704999999999999738e-01	3.486370136916918661e-01
4.741000000000000214e-01	-7.046521512890930872e-01
4.778000000000000025e-01	-7.097127362682568164e-01
4.813999999999999946e-01	6.152008720815063114e-01
4.849999999999999867e-01	1.521638727767671506e+00
4.885999999999999788e-01	1.248742907025403248e+00
4.922000000000000264e-01	3.471616969059674318e-01
4.958000000000000185e-01	4.724490088429006418e-02
4.994000000000000106e-01	2.035019537279885160e+00
5.030000000000000027e-01	2.669293208862801414e+00
5.066000000000000503e-01	2.015705355064666637e+00
5.101999999999999869e-01	1.837966579830982772e+00
5.138000000000000345e-01	1.561600232334195759e+00
5.173999999999999710e-01	1.423504315672205589e+00
5.210000000000000187e-01	1.994053779361855128e+00
5.245999999999999552e-01	3.184512987403902429e+00
5.282999999999999918e-01	2.706568524260987374e+00
5.319000000000000394e-01	1.915526938670833790e+00
5.354999999999999760e-01	9.919391810446623881e-01
5.391000000000000236e-01	1.266788600953240973e+00
5.426999999999999602e-01	1.161803170675389518e-01
5.463000000000000078e-01	2.867533125248745485e+00
5.499000000000000554e-01	7.952609477036270968e-02
5.534999999999999920e-01	6.324740625107945213e-01
5.571000000000000396e-01	2.397965726122547991e+00
5.606999999999999762e-01	2.029281938057145851e+00
5.643000000000000238e-01	2.278454530653755139e+00
5.678999999999999604e-01	2.004067539570837830e+00
5.715000000000000080e-01	3.508412756451440906e+00
5.752000000000000446e-01	1.694485086009112074e+00
5.787999999999999812e-01	2.190823142369104470e+00
5.824000000000000288e-01	1.779005045558162523e+00
5.859999999999999654e-01	3.256376311915028410e+00
5.896000000000000130e-01	2.893462968885249342e+00
5.931999999999999496e-01	2.147818164620301395e+00
5.967999999999999972e-01	5.937810577589246464e-01
6.004000000000000448e-01	2.055438413542512333e+00
6.039999999999999813e-01	2.955525785416647011e+00
6.076000000000000290e-01	2.792408744686300182e+00
6.111999999999999655e-01	2.699986607728333432e+00
6.148000000000000131e-01	3.135913495929973926e+00
6.183999999999999497e-01	1.833564704280143509e+00
6.219999999999999973e-01	2.198408879594259346e+00
6.257000000000000339e-01	1.719406941026388136e+00
6.292999999999999705e-01	1.162770446416406145e+00
6.329000000000000181e-01	2.727280566564374897e+00
6.364999999999999547e-01	2.187857405078009521e+00
6.401000000000000023e-01	3.618499534836844944e+00
6.437000000000000499e-01	1.527752877823276734e+00
6.472999999999999865e-01	2.690182154654166879e+00
6.509000000000000341e-01	1.996765790971324117e+00
6.544999999999999707e-01	1.936686899193079903e+00
6.581000000000000183e-01	2.298645152130643687e+00
6.616999999999999549e-01	2.071186017366576593e+00
6.653000000000000025e-01	4.346872594327895634e+00
6.689000000000000501e-01	3.430934632638407145e+00
6.724999999999999867e-01	3.987293367039409731e+00
6.762000000000000233e-01	3.898414487472329881e+00
6.797999999999999599e-01	4.620997431123726074e+00
6.834000000000000075e-01	4.551475209820105228e+00
6.870000000000000551e-01	2.504494480652338595e+00
6.905999999999999917e-01	4.534724495776634612e+00
6.942000000000000393e-01	3.800424526287319527e+00
6.977999999999999758e-01	3.898212347082917528e+00
7.014000000000000234e-01	4.016317365589436861e+00
7.049999999999999600e-01	2.959770416728256137e+00
7.086000000000000076e-01	4.421442870479157961e+00
7.122000000000000552e-01	3.995934836539466684e+00
7.157999999999999918e-01	3.855091200297986465e+00
7.194000000000000394e-01	2.450925622953041838e+00
7.229999999999999760e-01	2.925771871693848780e+00
7.267000000000000126e-01	3.420693812205083617e+00
7.302999999999999492e-01	3.592245830714819288e+00
7.338999999999999968e-01	4.421969788661797907e+00
7.375000000000000444e-01	4.320967822507713052e+00
7.410999999999999810e-01	3.278608944120777302e+00
7.447000000000000286e-01	3.969856908725950095e+00
7.482999999999999652e-01	5.057687546416945068e+00
7.519000000000000128e-01	5.305402738122172224e+00
7.554999999999999494e-01	5.170712933528466060e+00
7.590999999999999970e-01	5.949806865465592232e+00
7.627000000000000446e-01	5.784888116590463980e+00
7.662999999999999812e-01	5.647315319902400432e+00
7.699000000000000288e-01	4.877401201574773637e+00
7.734999999999999654e-01	4.619343847968546690e+00
7.772000000000000020e-01	2.745784158119752849e+00
7.808000000000000496e-01	3.471738715206746928e+00
7.843999999999999861e-01	5.044854263985881992e+00
7.880000000000000338e-01	4.833074811895542666e+00
7.915999999999999703e-01	4.701566118484192813e+00
7.952000000000000179e-01	3.869536098836413807e+00
7.987999999999999545e-01	3.452694744307607699e+00
8.024000000000000021e-01	4.448977730249968232e+00
8.060000000000000497e-01	3.083173300398032612e+00
8.095999999999999863e-01	2.323338564692744246e+00
8.132000000000000339e-01	3.932019636621260972e+00
8.167999999999999705e-01	3.914246300037744764e+00
8.204000000000000181e-01	4.156894052459537470e+00
8.239999999999999547e-01	3.888137400239216390e+00
8.276999999999999913e-01	4.349002654517452271e+00
8.313000000000000389e-01	4.823040846424987649e+00
8.348999999999999755e-01	3.067530942706788721e+00
8.385000000000000231e-01	3.702116615833966229e+00
8.420999999999999597e-01	4.675096285577595268e+00
8.457000000000000073e-01	3.217886304328530400e+00
8.493000000000000549e-01	4.350409776761580360e+00
8.528999999999999915e-01	1.907361840505652495e+00
8.565000000000000391e-01	3.225808831937413856e+00
8.600999999999999757e-01	2.212265770901578499e+00
8.637000000000000233e-01	1.851508232389870834e+00
8.672999999999999599e-01	2.532572731492122475e+00
8.709000000000000075e-01	2.764133798277619292e+00
8.745000000000000551e-01	3.378204705492342086e+00
8.781999999999999806e-01	3.049928680346149612e+00
8.818000000000000282e-01	3.986499900206780023e+00
8.853999999999999648e-01	3.645004747864841743e+00
8.890000000000000124e-01	3.992600064059847575e+00
8.925999999999999490e-01	2.789450139813926199e+00
8.961999999999999966e-01	1.510657913186596701e+00
8.998000000000000442e-01	3.171948140575297614e+00
9.033999999999999808e-01	3.248174888818613493e+00
9.070000000000000284e-01	2.734174071136481921e+00
9.105999999999999650e-01	4.007525965513744737e+00
9.142000000000000126e-01	3.155016220696739815e+00
9.177999999999999492e-01	4.134475665174313974e+00
9.213999999999999968e-01	2.504830298273398981e+00
9.251000000000000334e-01	3.125777048156960891e+00
9.286999999999999700e-01	3.772249550918098215e+00
9.323000000000000176e-01	3.051288578254571782e+00
9.358999999999999542e-01	2.275440543054466414e+00
9.395000000000000018e-01	2.183849248347381256e+00
9.431000000000000494e-01	2.404585604972387269e+00
9.466999999999999860e-01	2.699490590113966082e+00
9.503000000000000336e-01	2.298796873535555285e+00
9.538999999999999702e-01	2.257597928826294620e+00
9.575000000000000178e-01	2.399781474582916019e+00
9.610999999999999543e-01	3.066561689749602415e+00
9.647000000000000020e-01	2.989330796158956360e+00
9.683000000000000496e-01	2.688843798263316209e+00
9.718999999999999861e-01	2.222894997403324524e+00
9.756000000000000227e-01	3.230162460395110458e+00
9.791999999999999593e-01	4.422995736387639987e+00
9.828000000000000069e-01	1.522930346185855655e+00
9.864000000000000545e-01	2.203144690939098815e+00
9.899999999999999911e-01	1.572212359601305565e+00
9.936000000000000387e-01	1.998350070052499206e+00
9.971999999999999753e-01	2.557097449869414341e+00
1.000799999999999912e+00	3.545713566949763695e+00
1.004399999999999959e+00	3.042227317766922567e+00
1.008000000000000007e+00	1.173870446561812386e+00
1.011600000000000055e+00	2.682973725529479658e+00
1.015200000000000102e+00	3.033175306048731645e+00
1.018799999999999928e+00	1.701686639369040410e+00
1.022399999999999975e+00	2.122600180876466958e+00
1.026100000000000012e+00	2.206549570086157264e+00
1.029700000000000060e+00	1.581564627402987977e+00
1.033300000000000107e+00	1.308040112522916187e+00
1.036899999999999933e+00	1.422443414121731253e+00
1.040499999999999980e+00	2.742568391314910592e+00
1.044100000000000028e+00	1.820451126780335160e+00
1.047700000000000076e+00	8.818036181934355566e-01
1.051299999999999901e+00	2.359441695687608309e+00
1.054899999999999949e+00	1.313061439806396891e+00
1.058499999999999996e+00	2.351956030897533800e+00
1.062100000000000044e+00	2.800006936075005282e+00
1.065700000000000092e+00	6.839733076576784976e-01
1.069299999999999917e+00	2.123495200256670046e+00
1.072899999999999965e+00	3.258870460649448297e+00
1.076600000000000001e+00	1.865701697640878898e+00
1.080200000000000049e+00	2.425864326056489162e+00
1.083800000000000097e+00	3.002016244832857339e+00
1.087399999999999922e+00	1.889967985397891681e+00
1.090999999999999970e+00	3.961386635134750200e+00
1.094600000000000017e+00	5.133361742228990110e+00
1.098200000000000065e+00	5.487751233814488927e+00
1.101799999999999891e+00	6.287285410491980642e+00
1.105399999999999938e+00	4.941296978123411954e+00
1.108999999999999986e+00	5.713897539240460510e+00
1.112600000000000033e+00	4.650802847115828698e+00
1.116200000000000081e+00	3.556815412933609366e+00
1.119799999999999907e+00	3.056841770621382182e+00
1.123399999999999954e+00	2.445633810474860059e+00
1.127099999999999991e+00	1.563996577260244880e+00
1.130700000000000038e+00	3.883854625984403341e+00
1.134300000000000086e+00	2.315508427473746522e+00
1.137899999999999912e+00	1.677468582363106808e+00
1.141499999999999959e+00	2.755380687213852209e+00
1.145100000000000007e+00	3.299017067217665744e+00
1.148700000000000054e+00	4.521272921523593169e+00
1.152300000000000102e+00	7.701225280726061939e+00
1.155899999999999928e+00	7.340348269141559356e+00
1.159499999999999975e+00	8.014796540807143543e+00
1.163100000000000023e+00	9.646750702154506030e+00
1.166700000000000070e+00	6.374433598737792472e+00
1.170299999999999896e+00	7.013711102838973588e+00
1.173899999999999944e+00	4.525192953476899760e+00
1.177599999999999980e+00	2.565793281663999892e+00
1.181200000000000028e+00	3.814740289096868686e+00
1.184800000000000075e+00	4.032063914634306023e+00
1.188399999999999901e+00	4.071990943497120874e+00
1.191999999999999948e+00	4.779529201096599067e+00
1.195599999999999996e+00	4.617688250452696153e+00
1.199200000000000044e+00	5.834844891971476599e+00
1.202800000000000091e+00	6.599369680984668918e+00
1.206399999999999917e+00	4.908110267052333775e+00
1.209999999999999964e+00	5.819589211306376519e+00
1.213600000000000012e+00	5.305130551793349802e+00
1.217200000000000060e+00	3.426689216866354748e+00
1.220800000000000107e+00	4.620250226213274303e+00
1.224399999999999933e+00	3.886058630446770135e+00
1.228099999999999969e+00	4.020713285598615627e+00
1.231700000000000017e+00	4.637493679645406708e+00
1.235300000000000065e+00	5.218069729692262015e+00
1.238899999999999890e+00	4.749028571717807345e+00
1.242499999999999938e+00	6.321647761451167469e+00
1.246099999999999985e+00	4.622524893574661675e+00
1.249700000000000033e+00	3.465476099229065632e+00
1.253300000000000081e+00	4.697149765010988354e+00
1.256899999999999906e+00	4.748042328181121263e+00
1.260499999999999954e+00	3.834115573224111451e+00
1.264100000000000001e+00	3.383668612606072656e+00
1.267700000000000049e+00	3.790816689864465516e+00
1.271300000000000097e+00	3.468962391692356650e+00
1.274899999999999922e+00	3.437455029724724387e+00
1.278599999999999959e+00	3.480678947615056362e+00
1.282200000000000006e+00	4.401920671842295185e+00
1.285800000000000054e+00	5.018623814481908418e+00
1.289400000000000102e+00	4.262468540329472866e+00
1.292999999999999927e+00	5.363043241031062891e+00
1.296599999999999975e+00	5.737523916522038192e+00
1.300200000000000022e+00	5.250398976309869958e+00
1.303800000000000070e+00	6.350142282218389056e+00
1.307399999999999896e+00	5.349176284302054718e+00
1.310999999999999943e+00	5.427008006216680336e+00
1.314599999999999991e+00	5.338145870736700438e+00
1.318200000000000038e+00	5.575258888325244300e+00
1.321800000000000086e+00	4.828984103968972263e+00
1.325499999999999901e+00	6.743154378325762366e+00
1.329099999999999948e+00	5.716000239085438750e+00
1.332699999999999996e+00	5.828544310264447859e+00
1.336300000000000043e+00	5.717704371445778477e+00
1.339900000000000091e+00	5.348478547876296396e+00
1.343499999999999917e+00	5.896000479860288301e+00
1.347099999999999964e+00	5.446684077149898329e+00
1.350700000000000012e+00	4.920243148287489987e+00
1.354300000000000059e+00	4.810835955372464667e+00
1.357900000000000107e+00	5.689053863961110125e+00
1.361499999999999932e+00	4.629915740558790738e+00
1.365099999999999980e+00	3.046687417260773412e+00
1.368700000000000028e+00	3.878959167634292715e+00
1.372300000000000075e+00	4.931541416447524639e+00
1.375999999999999890e+00	5.381329344602131748e+00
1.379599999999999937e+00	4.786970444087859100e+00
1.383199999999999985e+00	4.442774011769036413e+00
1.386800000000000033e+00	7.463460706196567429e+00
1.390400000000000080e+00	6.871900080468390293e+00
1.393999999999999906e+00	5.800091678889589986e+00
1.397599999999999953e+00	7.625012103855764778e+00
1.401200000000000001e+00	6.811462382735973264e+00
1.404800000000000049e+00	6.059002386624102066e+00
1.408400000000000096e+00	8.843393668644083050e+00
1.411999999999999922e+00	7.743415487827885357e+00
1.415599999999999969e+00	8.632544899419320572e+00
1.419200000000000017e+00	7.635314317768878922e+00
1.422800000000000065e+00	7.467066971699837019e+00
1.426500000000000101e+00	6.294637844008557970e+00
1.430099999999999927e+00	7.920529547410176896e+00
1.433699999999999974e+00	6.376069272553211320e+00
1.437300000000000022e+00	6.692419019952414061e+00
1.440900000000000070e+00	5.721351462440548374e+00
1.444499999999999895e+00	4.985597611716200639e+00
1.448099999999999943e+00	5.773398956892832778e+00
1.451699999999999990e+00	6.638948079227199095e+00
1.455300000000000038e+00	7.897019545482958591e+00
1.458900000000000086e+00	7.932257078299123521e+00
1.462499999999999911e+00	9.148891817619274391e+00
1.466099999999999959e+00	6.281325377085754447e+00
1.469700000000000006e+00	6.889084125157719285e+00
1.473300000000000054e+00	7.256852028615274008e+00
1.477000000000000091e+00	6.967634265320889142e+00
1.480599999999999916e+00	7.661787171534824914e+00
1.484199999999999964e+00	7.847619346341957680e+00
1.487800000000000011e+00	8.048039230410527267e+00
1.491400000000000059e+00	7.415990878764483263e+00
1.495000000000000107e+00	5.784365885693071974e+00
1.498599999999999932e+00	8.116766255626489013e+00
1.502199999999999980e+00	7.685302265987194126e+00
1.505800000000000027e+00	6.275315577924621024e+00
1.509400000000000075e+00	6.353393677339592038e+00
1.512999999999999901e+00	8.263366949854246357e+00
1.516599999999999948e+00	6.224290073435350124e+00
1.520199999999999996e+00	8.448671890029190834e+00
1.523800000000000043e+00	8.027194362203877276e+00
1.527500000000000080e+00	7.359698508224052915e+00
1.531099999999999905e+00	9.093540001137018436e+00
1.534699999999999953e+00	7.867744656736813447e+00
1.538300000000000001e+00	1.018137022375401024e+01
1.541900000000000048e+00	1.033802836026903904e+01
1.545500000000000096e+00	9.668789803956620688e+00
1.549099999999999921e+00	8.642063555911539297e+00
1.552699999999999969e+00	1.048219023337722788e+01
1.556300000000000017e+00	7.896895335192304799e+00
1.559900000000000064e+00	9.521862323872277045e+00
1.563499999999999890e+00	9.725044929462303145e+00
1.567099999999999937e+00	8.959760434845527755e+00
1.570699999999999985e+00	9.802115307436952918e+00
1.574300000000000033e+00	9.404844491063334644e+00
1.578000000000000069e+00	7.947139022524841501e+00
1.581599999999999895e+00	9.845253633644233560e+00
1.585199999999999942e+00	1.121252827013528020e+01
1.588799999999999990e+00	9.791293493862935904e+00
1.592400000000000038e+00	9.873259273046311790e+00
1.596000000000000085e+00	9.853414804719797360e+00
1.599599999999999911e+00	9.770622987526989434e+00
1.603199999999999958e+00	1.042522737167541003e+01
1.606800000000000006e+00	1.281189024076419258e+01
1.610400000000000054e+00	1.191750065850441409e+01
1.614000000000000101e+00	1.274711877623619749e+01
1.617599999999999927e+00	1.120236065787114299e+01
1.621199999999999974e+00	1.267226435131938267e+01
1.624800000000000022e+00	1.167005824468335717e+01
1.628500000000000059e+00	1.201768768002856547e+01
1.632100000000000106e+00	1.335533944958187469e+01
1.635699999999999932e+00	1.364013601195620851e+01
1.639299999999999979e+00	1.298392722177689151e+01
1.642900000000000027e+00	1.483691414336654724e+01
1.646500000000000075e+00	1.575757161430681386e+01
1.650099999999999900e+00	1.626813000760944306e+01
1.653699999999999948e+00	1.759412912733525047e+01
1.657299999999999995e+00	2.101559652160266722e+01
1.660900000000000043e+00	2.145719907009454630e+01
1.664500000000000091e+00	2.480066677242921358e+01
1.668099999999999916e+00	2.479724644014727986e+01
1.671699999999999964e+00	2.567934769463675693e+01
1.675400000000000000e+00	2.394025885194918146e+01
1.679000000000000048e+00	2.136361690859982687e+01
1.682600000000000096e+00	1.793026979219728645e+01
1.686199999999999921e+00	1.724263600766869331e+01
1.689799999999999969e+00	1.526909116190615023e+01
1.693400000000000016e+00	1.515179266554192417e+01
1.697000000000000064e+00	1.585509096572993748e+01
1.700599999999999890e+00	1.454110702805735400e+01
1.704199999999999937e+00	1.790469852955993346e+01
1.707799999999999985e+00	2.035819883258725227e+01
1.711400000000000032e+00	2.167043900809514767e+01
1.715000000000000080e+00	2.290933583512984839e+01
1.718599999999999905e+00	2.055110893423804086e+01
1.722199999999999953e+00	1.855901017083652960e+01
1.725899999999999990e+00	1.474078117093230844e+01
1.729500000000000037e+00	1.381339046886536437e+01
1.733100000000000085e+00	1.071159400952384289e+01
1.736699999999999910e+00	9.686031576009526134e+00
1.740299999999999958e+00	1.097945820083269197e+01
1.743900000000000006e+00	1.077453172307492224e+01
1.747500000000000053e+00	1.032085697747629993e+01
1.751100000000000101e+00	1.126473320099538178e+01
1.754699999999999926e+00	1.045426072936284356e+01
1.758299999999999974e+00	1.100613334978690183e+01
1.761900000000000022e+00	9.708995643143477849e+00
1.765500000000000069e+00	1.092941018352328975e+01
1.769099999999999895e+00	9.588627948130653778e+00
1.772699999999999942e+00	1.020608693859024996e+01
1.776399999999999979e+00	9.932759985763789601e+00
1.780000000000000027e+00	1.118157300804040055e+01
1.783600000000000074e+00	1.220124060235959540e+01
1.787199999999999900e+00	1.092920628194344879e+01
1.790799999999999947e+00	1.145308311322613903e+01
1.794399999999999995e+00	1.073799340256689838e+01
1.798000000000000043e+00	1.057798647153869709e+01
1.801600000000000090e+00	9.353493476593625289e+00
1.805199999999999916e+00	8.851616266977394787e+00
1.808799999999999963e+00	9.702929922896766257e+00
1.812400000000000011e+00	9.679914168339713854e+00
1.816000000000000059e+00	8.507183087509362807e+00
1.819600000000000106e+00	1.022660886075815512e+01
1.823199999999999932e+00	9.827703134189297529e+00
1.826899999999999968e+00	9.699994738659560412e+00
1.830500000000000016e+00	1.043760352000240843e+01
1.834100000000000064e+00	9.101551628485248457e+00
1.837699999999999889e+00	9.155294287027126998e+00
1.841299999999999937e+00	8.369909975550656966e+00
1.844899999999999984e+00	8.783710571898650343e+00
1.848500000000000032e+00	9.666500380269923198e+00
1.852100000000000080e+00	1.017477844455768476e+01
1.855699999999999905e+00	1.150620976139803098e+01
1.859299999999999953e+00	1.199612125347202074e+01
1.862900000000000000e+00	1.400281236684906538e+01
1.866500000000000048e+00	1.548829224123807080e+01
1.870100000000000096e+00	1.371509430727142842e+01
1.873699999999999921e+00	1.234323099097374943e+01
1.877399999999999958e+00	1.213098512867860457e+01
1.881000000000000005e+00	1.124575580410458642e+01
1.884600000000000053e+00	1.079150365081841656e+01
1.888200000000000101e+00	1.071806514971728497e+01
1.891799999999999926e+00	1.304421818636447128e+01
1.895399999999999974e+00	1.254787883810944038e+01
1.899000000000000021e+00	1.429164282776128658e+01
1.902600000000000069e+00	1.306643912456602052e+01
1.906199999999999894e+00	1.346594455461966611e+01
1.909799999999999942e+00	1.284525383934126275e+01
1.913399999999999990e+00	1.433634864834309042e+01
1.917000000000000037e+00	1.279524644806765288e+01
1.920600000000000085e+00	1.538440759693571813e+01
1.924199999999999910e+00	1.308683727629990123e+01
1.927899999999999947e+00	1.354068716245571302e+01
1.931499999999999995e+00	1.213092673761699913e+01
1.935100000000000042e+00	1.431841808788389692e+01
1.938700000000000090e+00	1.194807772771191523e+01
1.942299999999999915e+00	1.325873482494348998e+01
1.945899999999999963e+00	1.377928232774612560e+01
1.949500000000000011e+00	1.235341486309491366e+01
1.953100000000000058e+00	1.340909907348882690e+01
1.956700000000000106e+00	1.543361226083973747e+01
1.960299999999999931e+00	1.520616640665718222e+01
1.963899999999999979e+00	1.392187212534016538e+01
1.967500000000000027e+00	1.524496212715197352e+01
1.971100000000000074e+00	1.664558215510940897e+01
1.974699999999999900e+00	1.577448797681707582e+01
1.978399999999999936e+00	1.563211055937494365e+01
1.981999999999999984e+00	1.446574342931376123e+01
1.985600000000000032e+00	1.653425109412366467e+01
1.989200000000000079e+00	1.644831141303687261e+01
1.992799999999999905e+00	1.532944205374329272e+01
1.996399999999999952e+00	1.654550107906527501e+01
2.000000000000000000e+00	1.557976872582982253e+01
