2.000000000000000111e-01	-9.761227952903881455e-01
2.036000000000000032e-01	3.547965487916404648e-01
2.071999999999999953e-01	-1.550626241985541665e+00
2.107999999999999874e-01	-1.486026529596557122e+00
2.144000000000000072e-01	-4.270315862219097314e-01
2.179999999999999993e-01	4.156736011645107975e-01
2.215999999999999914e-01	-2.026781399828731178e+00
2.253000000000000003e-01	-1.423302179915969301e+00
2.288999999999999924e-01	-2.119977455411987233e+00
2.325000000000000122e-01	-1.626823793353856074e+00
2.361000000000000043e-01	-7.083233550721079741e-01
2.396999999999999964e-01	-1.433366172788482551e+00
2.432999999999999885e-01	1.960577882968355112e-01
2.469000000000000083e-01	-9.719470489592642037e-01
2.505000000000000004e-01	-2.596393047202294468e-02
2.540999999999999925e-01	1.022612386861609934e-02
2.576999999999999846e-01	-1.299197870542233346e+00
2.612999999999999767e-01	-1.413935073035890166e+00
2.649000000000000243e-01	4.022697253483907831e-01
2.685000000000000164e-01	8.000765836784092810e-01
2.721000000000000085e-01	-5.385150481757836616e-01
2.757999999999999896e-01	-2.365536066128589299e-01
2.793999999999999817e-01	-2.627756229158033641e-01
2.829999999999999738e-01	1.373439819225992231e+00
2.866000000000000214e-01	1.324640912225577338e+00
2.902000000000000135e-01	8.262855381586478032e-01
2.938000000000000056e-01	5.272928450696623415e-01
2.973999999999999977e-01	-1.946515691239961043e+00
3.009999999999999898e-01	-5.155201183260516018e-01
3.045999999999999819e-01	-2.722945021920945230e+00
3.081999999999999740e-01	2.701546745250462678e-01
3.118000000000000216e-01	-6.872174224304435919e-01
3.154000000000000137e-01	-3.271584440892483236e-01
3.190000000000000058e-01	-8.652218133613167605e-01
3.225999999999999979e-01	-1.082666850844482553e+00
3.262999999999999790e-01	6.284900189779631940e-01
3.299000000000000266e-01	-1.689461819252746189e+00
3.335000000000000187e-01	-3.349609811697850104e-01
3.371000000000000107e-01	6.183710771712377374e-01
3.407000000000000028e-01	9.288872222747471818e-01
3.442999999999999949e-01	4.666555306259408953e-01
3.478999999999999870e-01	-7.759765039026611522e-02
3.514999999999999791e-01	-2.883650383807437878e-01
3.551000000000000267e-01	1.289050397305779416e+00
3.587000000000000188e-01	4.425387521320541806e-01
3.623000000000000109e-01	4.049391239214441551e-01
3.659000000000000030e-01	2.203946461903900200e+00
3.694999999999999951e-01	1.352748627290894623e+00
3.730999999999999872e-01	1.607340314901880785e+00
3.768000000000000238e-01	8.612689759268620238e-01
3.804000000000000159e-01	-3.699521520898286786e-01
3.840000000000000080e-01	8.564806362168355669e-01
3.876000000000000001e-01	-3.690706933619658514e-02
3.911999999999999922e-01	-7.773863670061214037e-01
3.947999999999999843e-01	7.291281873211774567e-02
3.983999999999999764e-01	-3.058768795546813468e-01
4.020000000000000240e-01	-6.408707060847450565e-01
4.056000000000000161e-01	-1.344572839002012188e+00
4.092000000000000082e-01	-1.135021779345324333e-01
4.128000000000000003e-01	1.240909200130239753e+00
4.163999999999999924e-01	2.164360028496945976e+00
4.199999999999999845e-01	4.403506815462355783e-01
4.235999999999999766e-01	9.410818375824604454e-01
4.273000000000000131e-01	-1.254196856606197563e-01
4.309000000000000052e-01	8.150210943889655280e-01
4.344999999999999973e-01	2.305079689924301789e+00
4.380999999999999894e-01	1.921740675899657358e+00
4.416999999999999815e-01	1.421602467047668572e+00
4.452999999999999736e-01	1.692475619221537109e+00
4.489000000000000212e-01	1.780682917778988461e+00
4.525000000000000133e-01	1.420857276992255391e+00
4.561000000000000054e-01	1.281155725834986825e+00
4.596999999999999975e-01	1.171368748606211652e+00
4.632999999999999896e-01	6.470927165450881535e-01
4.668999999999999817e-01	1.054280331141060234e+00
4.704999999999999738e-01	-1.097537658003930439e+00
4.741000000000000214e-01	1.659096580703020019e-01
4.778000000000000025e-01	1.968735887501218640e+00
4.813999999999999946e-01	2.227758021398451582e+00
4.849999999999999867e-01	-1.092428358892741924e+00
4.885999999999999788e-01	1.405274024226645935e+00
4.922000000000000264e-01	3.437097750904107851e-01
4.958000000000000185e-01	2.304471478008425223e+00
4.994000000000000106e-01	1.632083704862250295e+00
5.030000000000000027e-01	2.537808614569466936e+00
5.066000000000000503e-01	7.153821280725821685e-01
5.101999999999999869e-01	3.613165355944542689e+00
5.138000000000000345e-01	2.185653207314864677e+00
5.173999999999999710e-01	2.968705923028591265e+00
5.210000000000000187e-01	2.256434095799611850e+00
5.245999999999999552e-01	5.658650170599933693e-01
5.282999999999999918e-01	3.291858489313589153e+00
5.319000000000000394e-01	6.915822031867095987e-01
5.354999999999999760e-01	2.202923139517913853e+00
5.391000000000000236e-01	4.098221682860537785e-01
5.426999999999999602e-01	1.811973810329484236e+00
5.463000000000000078e-01	1.611072474432637680e-01
5.499000000000000554e-01	4.214739867875798573e-01
5.534999999999999920e-01	1.765892991352876029e+00
5.571000000000000396e-01	9.336710717812535254e-01
5.606999999999999762e-01	1.857928845925274075e+00
5.643000000000000238e-01	2.107298084638113522e+00
5.678999999999999604e-01	1.387344761595069365e+00
5.715000000000000080e-01	1.441144459449642534e+00
5.752000000000000446e-01	1.423305806053960509e+00
5.787999999999999812e-01	2.388872717701926440e+00
5.824000000000000288e-01	2.267874211415720875e+00
5.859999999999999654e-01	1.869713917558722738e+00
5.896000000000000130e-01	2.328733160729423268e+00
5.931999999999999496e-01	1.987543927494106910e+00
5.967999999999999972e-01	2.332019207253468007e+00
6.004000000000000448e-01	3.018710551138609421e+00
6.039999999999999813e-01	3.518775891009421120e+00
6.076000000000000290e-01	3.891170488893290091e+00
6.111999999999999655e-01	3.173452448855949015e+00
6.148000000000000131e-01	2.385617504698814617e+00
6.183999999999999497e-01	2.934333236272991474e+00
6.219999999999999973e-01	1.274951305320350503e+00
6.257000000000000339e-01	2.707330917282419591e+00
6.292999999999999705e-01	-5.801786394245067591e-02
6.329000000000000181e-01	2.271711362459660322e+00
6.364999999999999547e-01	2.109636787966142180e+00
6.401000000000000023e-01	2.405791751562735392e+00
6.437000000000000499e-01	1.911748754625333113e+00
6.472999999999999865e-01	1.961519366226917027e+00
6.509000000000000341e-01	2.143426120218126840e+00
6.544999999999999707e-01	3.467578397553738867e+00
6.581000000000000183e-01	3.063749435968613266e+00
6.616999999999999549e-01	4.108203590985436193e+00
6.653000000000000025e-01	3.061673470959194177e+00
6.689000000000000501e-01	2.776103402223365268e+00
6.724999999999999867e-01	3.334663585299569188e+00
6.762000000000000233e-01	4.414315209678696839e+00
6.797999999999999599e-01	4.598109676971466442e+00
6.834000000000000075e-01	4.324943426724176199e+00
6.870000000000000551e-01	3.210418076475383575e+00
6.905999999999999917e-01	3.258434818195125704e+00
6.942000000000000393e-01	4.067285730722439041e+00
6.977999999999999758e-01	4.465302735101481346e+00
7.014000000000000234e-01	4.294385806487321489e+00
7.049999999999999600e-01	3.319684807608986876e+00
7.086000000000000076e-01	2.938140402040655186e+00
7.122000000000000552e-01	3.485632394797444356e+00
7.157999999999999918e-01	3.650178651075332681e+00
7.194000000000000394e-01	2.490572247354518876e+00
7.229999999999999760e-01	3.813289099923147241e+00
7.267000000000000126e-01	5.531461912797029257e+00
7.302999999999999492e-01	4.140010907114996641e+00
7.338999999999999968e-01	4.356413403513592186e+00
7.375000000000000444e-01	1.995753562570340645e+00
7.410999999999999810e-01	5.446998148493349845e+00
7.447000000000000286e-01	5.327912733646962273e+00
7.482999999999999652e-01	5.102554542665798998e+00
7.519000000000000128e-01	5.681123660415019927e+00
7.554999999999999494e-01	5.623164462110230133e+00
7.590999999999999970e-01	3.807684275039091570e+00
7.627000000000000446e-01	4.657262220337651470e+00
7.662999999999999812e-01	4.396608099577457907e+00
7.699000000000000288e-01	4.432767823040744126e+00
7.734999999999999654e-01	5.964267781541453317e+00
7.772000000000000020e-01	4.486838044900567368e+00
7.808000000000000496e-01	4.902371371935120514e+00
7.843999999999999861e-01	3.872938756539708649e+00
7.880000000000000338e-01	4.919177471985348049e+00
7.915999999999999703e-01	4.182207181551854447e+00
7.952000000000000179e-01	3.914550973853534899e+00
7.987999999999999545e-01	4.913555035398713855e+00
8.024000000000000021e-01	3.475398514855291943e+00
8.060000000000000497e-01	2.365302503114209642e+00
8.095999999999999863e-01	3.964804309356695367e+00
8.132000000000000339e-01	5.408153068404159214e+00
8.167999999999999705e-01	3.192284656509345453e+00
8.204000000000000181e-01	3.627836085049852333e+00
8.239999999999999547e-01	3.183988445567695891e+00
8.276999999999999913e-01	2.915351187433276259e+00
8.313000000000000389e-01	4.264988957474260545e+00
8.348999999999999755e-01	3.911707120952667260e+00
8.385000000000000231e-01	4.198354646536401447e+00
8.420999999999999597e-01	5.519294495081200402e+00
8.457000000000000073e-01	2.330725414844097454e+00
8.493000000000000549e-01	4.973889096796153986e+00
8.528999999999999915e-01	3.099809079546569812e+00
8.565000000000000391e-01	2.358025873096524450e+00
8.600999999999999757e-01	2.861021308490309778e+00
8.637000000000000233e-01	3.173366626256156842e+00
8.672999999999999599e-01	3.777578243968151561e+00
8.709000000000000075e-01	2.367789157589176074e+00
8.745000000000000551e-01	3.718533183453302193e+00
8.781999999999999806e-01	3.284074779125755850e+00
8.818000000000000282e-01	3.347949172511210492e+00
8.853999999999999648e-01	3.224121463007076471e+00
8.890000000000000124e-01	3.003712844016361405e+00
8.925999999999999490e-01	2.609519742632374406e+00
8.961999999999999966e-01	3.308636342401457320e+00
8.998000000000000442e-01	1.532386748785079078e+00
9.033999999999999808e-01	4.197079374748119207e+00
9.070000000000000284e-01	2.390796258749687375e+00
9.105999999999999650e-01	4.069408886185335028e+00
9.142000000000000126e-01	1.186607062806064761e+00
9.177999999999999492e-01	3.341727442941502702e+00
9.213999999999999968e-01	3.221272744634795515e+00
9.251000000000000334e-01	3.639174533620792573e+00
9.286999999999999700e-01	2.207564947491792218e+00
9.323000000000000176e-01	2.948497436047322839e+00
9.358999999999999542e-01	1.940450486983592793e+00
9.395000000000000018e-01	3.553790223504192713e+00
9.431000000000000494e-01	3.196102304470362920e+00
9.466999999999999860e-01	1.667742950315986850e+00
9.503000000000000336e-01	1.116804672363895357e+00
9.538999999999999702e-01	3.219824411616413862e+00
9.575000000000000178e-01	1.930684477876715377e+00
9.610999999999999543e-01	2.183379972724798002e+00
9.647000000000000020e-01	1.806155531407604320e+00
9.683000000000000496e-01	2.211568578292804954e+00
9.718999999999999861e-01	2.073893921933738671e+00
9.756000000000000227e-01	2.808048302234756655e+00
9.791999999999999593e-01	3.815421048791379555e+00
9.828000000000000069e-01	2.919278759544092772e+00
9.864000000000000545e-01	2.659208268669285502e+00
9.899999999999999911e-01	2.298463492750140169e+00
9.936000000000000387e-01	2.554835600340550794e+00
9.971999999999999753e-01	2.587384428313097118e+00
1.000799999999999912e+00	3.370408848957440195e+00
1.004399999999999959e+00	2.647741863978498866e+00
1.008000000000000007e+00	3.808853782699801904e+00
1.011600000000000055e+00	1.028065344157656380e+00
1.015200000000000102e+00	2.117963423085979180e+00
1.018799999999999928e+00	2.438327713040489453e+00
1.022399999999999975e+00	2.210258514961685794e+00
1.026100000000000012e+00	2.014853484533858818e+00
1.029700000000000060e+00	2.618219821523269708e+00
1.033300000000000107e+00	1.958030341283614195e+00
1.036899999999999933e+00	3.265751293449832282e+00
1.040499999999999980e+00	2.765464964516676893e+00
1.044100000000000028e+00	1.677401480935222011e+00
1.047700000000000076e+00	2.059754531935984900e+00
1.051299999999999901e+00	2.245083813536013384e+00
1.054899999999999949e+00	2.089903227964398091e+00
1.058499999999999996e+00	1.681503715386815534e+00
1.062100000000000044e+00	-4.631817000379467864e-02
1.065700000000000092e+00	2.196057378026028850e+00
1.069299999999999917e+00	1.378098318524153765e+00
1.072899999999999965e+00	2.296992412203345602e+00
1.076600000000000001e+00	3.514336765730178946e+00
1.080200000000000049e+00	1.511926150155198822e+00
1.083800000000000097e+00	2.423000307991267199e+00
1.087399999999999922e+00	4.271409007980864203e+00
1.090999999999999970e+00	4.039413828498366499e+00
1.094600000000000017e+00	4.447134501135321827e+00
1.098200000000000065e+00	4.806245264417324137e+00
1.101799999999999891e+00	4.686589885517541632e+00
1.105399999999999938e+00	3.748494082778172753e+00
1.108999999999999986e+00	3.034650669076085272e+00
1.112600000000000033e+00	3.158063941266697761e+00
1.116200000000000081e+00	2.360656872130298289e+00
1.119799999999999907e+00	1.751093351876979565e+00
1.123399999999999954e+00	3.944404851566156278e+00
1.127099999999999991e+00	2.703480433244814130e+00
1.130700000000000038e+00	1.980349140991243484e+00
1.134300000000000086e+00	3.995495517381045136e+00
1.137899999999999912e+00	2.161697839272964661e+00
1.141499999999999959e+00	2.022715699016883750e+00
1.145100000000000007e+00	3.761101253531187183e+00
1.148700000000000054e+00	4.938080095683217152e+00
1.152300000000000102e+00	4.396570953474267185e+00
1.155899999999999928e+00	6.342407757042385796e+00
1.159499999999999975e+00	6.450814969974097757e+00
1.163100000000000023e+00	6.390365925861033247e+00
1.166700000000000070e+00	5.809058669374077333e+00
1.170299999999999896e+00	5.923850074300952784e+00
1.173899999999999944e+00	4.428273793304668970e+00
1.177599999999999980e+00	4.974516934159795234e+00
1.181200000000000028e+00	5.060686461699424044e+00
1.184800000000000075e+00	4.505226328743758835e+00
1.188399999999999901e+00	6.161050131465740876e+00
1.191999999999999948e+00	6.400904783760952732e+00
1.195599999999999996e+00	5.190046855429151229e+00
1.199200000000000044e+00	5.614807999220449375e+00
1.202800000000000091e+00	6.146217139629486681e+00
1.206399999999999917e+00	6.182787268002241987e+00
1.209999999999999964e+00	5.988437641730648409e+00
1.213600000000000012e+00	5.013328319820114842e+00
1.217200000000000060e+00	4.823183906723108372e+00
1.220800000000000107e+00	3.986234648675513803e+00
1.224399999999999933e+00	4.561264673312692253e+00
1.228099999999999969e+00	5.699612980528584671e+00
1.231700000000000017e+00	3.865393740846307935e+00
1.235300000000000065e+00	5.817266188565407781e+00
1.238899999999999890e+00	5.772914189005405206e+00
1.242499999999999938e+00	3.524720681641202447e+00
1.246099999999999985e+00	6.170999347564584347e+00
1.249700000000000033e+00	4.941634060431766784e+00
1.253300000000000081e+00	4.431975119109766936e+00
1.256899999999999906e+00	6.569377036342798348e+00
1.260499999999999954e+00	2.633932223368469661e+00
1.264100000000000001e+00	3.929251404325130981e+00
1.267700000000000049e+00	3.735593877514724603e+00
1.271300000000000097e+00	4.849904413747643694e+00
1.274899999999999922e+00	4.209615356594409441e+00
1.278599999999999959e+00	3.237722951286693629e+00
1.282200000000000006e+00	5.597066086467906487e+00
1.285800000000000054e+00	5.899166525671553529e+00
1.289400000000000102e+00	3.220029272266508258e+00
1.292999999999999927e+00	2.917873088417602290e+00
1.296599999999999975e+00	4.897013090112109168e+00
1.300200000000000022e+00	4.811633814963216516e+00
1.303800000000000070e+00	5.572893946818031630e+00
1.307399999999999896e+00	4.641813018056352824e+00
1.310999999999999943e+00	6.512818423184246086e+00
1.314599999999999991e+00	7.026928895460430979e+00
1.318200000000000038e+00	6.013111236081963185e+00
1.321800000000000086e+00	5.228207195767884841e+00
1.325499999999999901e+00	5.670587147587678345e+00
1.329099999999999948e+00	7.678411427123677413e+00
1.332699999999999996e+00	6.750898317461713205e+00
1.336300000000000043e+00	5.653339882864633736e+00
1.339900000000000091e+00	5.330307416872759774e+00
1.343499999999999917e+00	4.730544347604988431e+00
1.347099999999999964e+00	5.838873382813925872e+00
1.350700000000000012e+00	6.607971608085075665e+00
1.354300000000000059e+00	5.723401489100515604e+00
1.357900000000000107e+00	5.378052566948683832e+00
1.361499999999999932e+00	4.785827332174779514e+00
1.365099999999999980e+00	5.253917734098601855e+00
1.368700000000000028e+00	4.536859855507619166e+00
1.372300000000000075e+00	5.636209232223865939e+00
1.375999999999999890e+00	5.833289028240995933e+00
1.379599999999999937e+00	4.096989619477446887e+00
1.383199999999999985e+00	5.901283506049397332e+00
1.386800000000000033e+00	4.842925836622536728e+00
1.390400000000000080e+00	6.515333111054365745e+00
1.393999999999999906e+00	5.922146958839482167e+00
1.397599999999999953e+00	7.014342328455438924e+00
1.401200000000000001e+00	6.335712968620436314e+00
1.404800000000000049e+00	7.883310172936202065e+00
1.408400000000000096e+00	6.968442598250646824e+00
1.411999999999999922e+00	7.290250108612664093e+00
1.415599999999999969e+00	6.712309734037606113e+00
1.419200000000000017e+00	7.014676528261460042e+00
1.422800000000000065e+00	6.308327548083623171e+00
1.426500000000000101e+00	6.786739748629560864e+00
1.430099999999999927e+00	5.302205470744207005e+00
1.433699999999999974e+00	7.406611844384930698e+00
1.437300000000000022e+00	6.054524881560563010e+00
1.440900000000000070e+00	6.299234297271238958e+00
1.444499999999999895e+00	6.698276054115627431e+00
1.448099999999999943e+00	6.519709438288177950e+00
1.451699999999999990e+00	8.643592954399323958e+00
1.455300000000000038e+00	7.311512412388766258e+00
1.458900000000000086e+00	6.627781315189333888e+00
1.462499999999999911e+00	5.922677649161690816e+00
1.466099999999999959e+00	5.757696001323847845e+00
1.469700000000000006e+00	7.887918141862821919e+00
1.473300000000000054e+00	7.295603984476094261e+00
1.477000000000000091e+00	8.567067509023441829e+00
1.480599999999999916e+00	6.875480949677281295e+00
1.484199999999999964e+00	7.759182694858462348e+00
1.487800000000000011e+00	8.345389880873575805e+00
1.491400000000000059e+00	7.560957622193579475e+00
1.495000000000000107e+00	6.444884330917417081e+00
1.498599999999999932e+00	8.256716609902674975e+00
1.502199999999999980e+00	7.251613437647669080e+00
1.505800000000000027e+00	6.801858892329139650e+00
1.509400000000000075e+00	8.961748215367336456e+00
1.512999999999999901e+00	6.948136124561981930e+00
1.516599999999999948e+00	7.798951319437440688e+00
1.520199999999999996e+00	7.890803260674098318e+00
1.523800000000000043e+00	7.664681713387356154e+00
1.527500000000000080e+00	7.684522963513228611e+00
1.531099999999999905e+00	8.478917701029658360e+00
1.534699999999999953e+00	9.219521130364181971e+00
1.538300000000000001e+00	7.418310330298094613e+00
1.541900000000000048e+00	8.649207726500453219e+00
1.545500000000000096e+00	9.023153549689769903e+00
1.549099999999999921e+00	8.409162276913354717e+00
1.552699999999999969e+00	9.982410642523419142e+00
1.556300000000000017e+00	8.347625200884666086e+00
1.559900000000000064e+00	9.316074632349423013e+00
1.563499999999999890e+00	8.446601458404028762e+00
1.567099999999999937e+00	9.497510008009165006e+00
1.570699999999999985e+00	9.733654666300646241e+00
1.574300000000000033e+00	9.034590836904973443e+00
1.578000000000000069e+00	9.088848678101976830e+00
1.581599999999999895e+00	8.390972105514812540e+00
1.585199999999999942e+00	9.176567651066489972e+00
1.588799999999999990e+00	1.095360658317090952e+01
1.592400000000000038e+00	9.562689057450567631e+00
1.596000000000000085e+00	8.991438291339060029e+00
1.599599999999999911e+00	9.750060948783982440e+00
1.603199999999999958e+00	9.644142753137085577e+00
1.606800000000000006e+00	1.215840145951458595e+01
1.610400000000000054e+00	1.271043232815777912e+01
1.614000000000000101e+00	1.287019039523928576e+01
1.617599999999999927e+00	1.130172504479552131e+01
1.621199999999999974e+00	1.381805956888513798e+01
1.624800000000000022e+00	1.333300474751602849e+01
1.628500000000000059e+00	1.234897938123323691e+01
1.632100000000000106e+00	1.330224288010756872e+01
1.635699999999999932e+00	1.321971643031016264e+01
1.639299999999999979e+00	1.279394693844167108e+01
1.642900000000000027e+00	1.333900348928551516e+01
1.646500000000000075e+00	1.460331132981175806e+01
1.650099999999999900e+00	1.612099896555130130e+01
1.653699999999999948e+00	1.585637713727463272e+01
1.657299999999999995e+00	1.887660472475265294e+01
1.660900000000000043e+00	2.094665616873119518e+01
1.664500000000000091e+00	2.244503656666012148e+01
1.668099999999999916e+00	2.270321654519826637e+01
1.671699999999999964e+00	2.232682475509351150e+01
1.675400000000000000e+00	2.095837811794183736e+01
1.679000000000000048e+00	1.989440103374765911e+01
1.682600000000000096e+00	1.860701044507339930e+01
1.686199999999999921e+00	1.666237026678288657e+01
1.689799999999999969e+00	1.670383158542228230e+01
1.693400000000000016e+00	1.366265009990700463e+01
1.697000000000000064e+00	1.662561696247280096e+01
1.700599999999999890e+00	1.622988801690751259e+01
1.704199999999999937e+00	1.605220763929725436e+01
1.707799999999999985e+00	1.917887637005011214e+01
1.711400000000000032e+00	1.957738199166746185e+01
1.715000000000000080e+00	1.892564196462531001e+01
1.718599999999999905e+00	1.800392847138337515e+01
1.722199999999999953e+00	1.607073479008252903e+01
1.725899999999999990e+00	1.476796495584400759e+01
1.729500000000000037e+00	1.168975532258544980e+01
1.733100000000000085e+00	1.122804734906472035e+01
1.736699999999999910e+00	1.050313445607707408e+01
1.740299999999999958e+00	1.046209173850209773e+01
1.743900000000000006e+00	1.005335302836246925e+01
1.747500000000000053e+00	1.082279759431095378e+01
1.751100000000000101e+00	9.817580980680062908e+00
1.754699999999999926e+00	1.092736241078427462e+01
1.758299999999999974e+00	1.195567577135747683e+01
1.761900000000000022e+00	1.146811509113482686e+01
1.765500000000000069e+00	1.231021881222926240e+01
1.769099999999999895e+00	1.034623314773468650e+01
1.772699999999999942e+00	1.222680636587802283e+01
1.776399999999999979e+00	1.123189097285146865e+01
1.780000000000000027e+00	1.203065973546086909e+01
1.783600000000000074e+00	1.093704648169569715e+01
1.787199999999999900e+00	1.046192959094431885e+01
1.790799999999999947e+00	1.058614142705032179e+01
1.794399999999999995e+00	9.435742528290045783e+00
1.798000000000000043e+00	1.025180463175352230e+01
1.801600000000000090e+00	1.110935808743797359e+01
1.805199999999999916e+00	9.770236960000209692e+00
1.808799999999999963e+00	1.087306232173459364e+01
1.812400000000000011e+00	1.087539440017807202e+01
1.816000000000000059e+00	1.141894626000064150e+01
1.819600000000000106e+00	9.654982456270262858e+00
1.823199999999999932e+00	9.702182858690862943e+00
1.826899999999999968e+00	8.934563088756679150e+00
1.830500000000000016e+00	8.116678367960510343e+00
1.834100000000000064e+00	8.303317986209705737e+00
1.837699999999999889e+00	9.298394849067040724e+00
1.841299999999999937e+00	1.013724544618752788e+01
1.844899999999999984e+00	1.008749478618099893e+01
1.848500000000000032e+00	9.034000615793067013e+00
1.852100000000000080e+00	1.161306979739491574e+01
1.855699999999999905e+00	1.029668526229690961e+01
1.859299999999999953e+00	1.205597341460315519e+01
1.862900000000000000e+00	1.302253367526281025e+01
1.866500000000000048e+00	1.301839799517617813e+01
1.870100000000000096e+00	1.211466278588373413e+01
1.873699999999999921e+00	1.145982379042266075e+01
1.877399999999999958e+00	1.158732407699984712e+01
1.881000000000000005e+00	1.182678071114796303e+01
1.884600000000000053e+00	9.258930969376889308e+00
1.888200000000000101e+00	1.092008839128131825e+01
1.891799999999999926e+00	1.212199693240955334e+01
1.895399999999999974e+00	1.363983416864783571e+01
1.899000000000000021e+00	1.111747831666336417e+01
1.902600000000000069e+00	1.188691407770359021e+01
1.906199999999999894e+00	1.319261159027636587e+01
1.909799999999999942e+00	1.339228991612372255e+01
1.913399999999999990e+00	1.405882928204542992e+01
1.917000000000000037e+00	1.302356917926378266e+01
1.920600000000000085e+00	1.263304141735465969e+01
1.924199999999999910e+00	1.174700777668039642e+01
1.927899999999999947e+00	1.276451179566194583e+01
1.931499999999999995e+00	1.383153376026404047e+01
1.935100000000000042e+00	1.259932733410742145e+01
1.938700000000000090e+00	1.195848150510862418e+01
1.942299999999999915e+00	1.358758162027313077e+01
1.945899999999999963e+00	1.417887943280014973e+01
1.949500000000000011e+00	1.589803139364270734e+01
1.953100000000000058e+00	1.602116297606598749e+01
1.956700000000000106e+00	1.744162107157687558e+01
1.960299999999999931e+00	1.604149094823440791e+01
1.963899999999999979e+00	1.730278846256516445e+01
1.967500000000000027e+00	1.715173823277014975e+01
1.971100000000000074e+00	1.570874089330081880e+01
1.974699999999999900e+00	1.595017655501324683e+01
1.978399999999999936e+00	1.455251302389066481e+01
1.981999999999999984e+00	1.623156378118956766e+01
1.985600000000000032e+00	1.518803765377041515e+01
1.989200000000000079e+00	1.643352209281212950e+01
1.992799999999999905e+00	1.590673181118698487e+01
1.996399999999999952e+00	1.841015451978083206e+01
2.000000000000000000e+00	1.995928644266831142e+01
