2.000000000000000111e-01	1.972876292267687237e+00
2.036000000000000032e-01	1.736577693980041914e+00
2.071999999999999953e-01	1.458506985178642301e+00
2.107999999999999874e-01	1.514825471786385380e+00
2.144000000000000072e-01	1.230137211544631182e+00
2.179999999999999993e-01	1.046345073073764453e+00
2.215999999999999914e-01	1.002116629921362412e+00
2.253000000000000003e-01	7.502260462558039134e-01
2.288999999999999924e-01	1.033705677932130751e+00
2.325000000000000122e-01	7.889583775492029494e-01
2.361000000000000043e-01	1.026656633595171009e+00
2.396999999999999964e-01	5.013496223484092962e-01
2.432999999999999885e-01	8.573278813774147800e-01
2.469000000000000083e-01	1.052737551104338865e+00
2.505000000000000004e-01	1.019082668739817121e+00
2.540999999999999925e-01	1.254789204034219674e+00
2.576999999999999846e-01	1.647827794520052347e+00
2.612999999999999767e-01	2.001826853919535854e+00
2.649000000000000243e-01	2.108627666242919307e+00
2.685000000000000164e-01	2.328295072390976550e+00
2.721000000000000085e-01	3.025731262856872217e+00
2.757999999999999896e-01	3.071033530612400142e+00
2.793999999999999817e-01	3.515235961555358113e+00
2.829999999999999738e-01	3.655241832230335053e+00
2.866000000000000214e-01	3.987634324326849722e+00
2.902000000000000135e-01	4.091069388080275537e+00
2.938000000000000056e-01	4.225659661768284003e+00
2.973999999999999977e-01	4.235525032584988914e+00
3.009999999999999898e-01	4.255244026868925999e+00
3.045999999999999819e-01	4.100619087980694744e+00
3.081999999999999740e-01	3.757972080318086050e+00
3.118000000000000216e-01	3.405200093216716795e+00
3.154000000000000137e-01	3.251060755261945268e+00
3.190000000000000058e-01	3.109351018548129009e+00
3.225999999999999979e-01	2.583325955481795777e+00
3.262999999999999790e-01	2.464971747250015000e+00
3.299000000000000266e-01	2.299772671222763076e+00
3.335000000000000187e-01	1.865849856936841356e+00
3.371000000000000107e-01	1.234091797678029012e+00
3.407000000000000028e-01	1.020024188430193046e+00
3.442999999999999949e-01	7.600216012279611411e-01
3.478999999999999870e-01	5.361873639622020127e-01
3.514999999999999791e-01	6.103299837482190071e-01
3.551000000000000267e-01	5.250562953190212045e-01
3.587000000000000188e-01	4.337402738191807883e-01
3.623000000000000109e-01	7.488803939508298368e-01
3.659000000000000030e-01	1.143472879146247623e+00
3.694999999999999951e-01	1.430930358255001700e+00
3.730999999999999872e-01	1.835001705275723483e+00
3.768000000000000238e-01	2.094702430378942548e+00
3.804000000000000159e-01	2.463287143664777190e+00
3.840000000000000080e-01	2.931995954807861349e+00
3.876000000000000001e-01	3.212545415429148843e+00
3.911999999999999922e-01	3.794177629840719490e+00
3.947999999999999843e-01	3.939898653593876254e+00
3.983999999999999764e-01	4.232206159496855413e+00
4.020000000000000240e-01	4.399225021371869992e+00
4.056000000000000161e-01	4.437349632280320755e+00
4.092000000000000082e-01	4.418865728063283704e+00
4.128000000000000003e-01	4.601877428470432463e+00
4.163999999999999924e-01	4.366558360238309788e+00
4.199999999999999845e-01	4.009190688330352081e+00
4.235999999999999766e-01	4.156610237466588309e+00
4.273000000000000131e-01	3.767881316866676489e+00
4.309000000000000052e-01	3.421931321106816526e+00
4.344999999999999973e-01	3.329021227837055008e+00
4.380999999999999894e-01	2.770991238686138836e+00
4.416999999999999815e-01	2.548642321387128540e+00
4.452999999999999736e-01	2.688817660444744906e+00
4.489000000000000212e-01	2.514547515428796398e+00
4.525000000000000133e-01	2.180599091770667020e+00
4.561000000000000054e-01	2.253167254790175544e+00
4.596999999999999975e-01	2.163048784698743621e+00
4.632999999999999896e-01	2.052797991857197690e+00
4.668999999999999817e-01	2.385284089316327183e+00
4.704999999999999738e-01	2.536910813531757292e+00
4.741000000000000214e-01	2.828385536670571909e+00
4.778000000000000025e-01	3.105295452616947838e+00
4.813999999999999946e-01	3.753888368786010510e+00
4.849999999999999867e-01	4.238913209998186993e+00
4.885999999999999788e-01	4.057070030646900527e+00
4.922000000000000264e-01	4.512358853068733744e+00
4.958000000000000185e-01	4.303470613125393029e+00
4.994000000000000106e-01	4.520225449864112122e+00
5.030000000000000027e-01	4.389620000045396431e+00
5.066000000000000503e-01	4.845042235325282221e+00
5.101999999999999869e-01	4.863149078130051706e+00
5.138000000000000345e-01	5.086160748412969390e+00
5.173999999999999710e-01	5.021290531500087972e+00
5.210000000000000187e-01	4.921399241171489969e+00
5.245999999999999552e-01	4.854771989793433384e+00
5.282999999999999918e-01	4.756586952356455456e+00
5.319000000000000394e-01	4.754925641263172409e+00
5.354999999999999760e-01	4.335252318470097954e+00
5.391000000000000236e-01	4.236661256639902895e+00
5.426999999999999602e-01	3.764252780206314153e+00
5.463000000000000078e-01	3.844406446304180491e+00
5.499000000000000554e-01	3.266938012678599623e+00
5.534999999999999920e-01	3.294876527529588817e+00
5.571000000000000396e-01	2.735487530084932839e+00
5.606999999999999762e-01	2.610880528364633690e+00
5.643000000000000238e-01	2.510610722472091716e+00
5.678999999999999604e-01	2.136140014503250306e+00
5.715000000000000080e-01	2.335124730931616099e+00
5.752000000000000446e-01	2.010089204122157636e+00
5.787999999999999812e-01	1.821056536977966989e+00
5.824000000000000288e-01	1.747358925812875441e+00
5.859999999999999654e-01	1.938001581233660842e+00
5.896000000000000130e-01	1.703573816409148733e+00
5.931999999999999496e-01	1.695802131645376853e+00
5.967999999999999972e-01	1.724229356246923528e+00
6.004000000000000448e-01	1.481207254378845040e+00
6.039999999999999813e-01	1.388607692214061329e+00
6.076000000000000290e-01	1.638335635138866042e+00
6.111999999999999655e-01	1.421468895858441606e+00
6.148000000000000131e-01	1.617440398755785713e+00
6.183999999999999497e-01	1.377958660983197969e+00
6.219999999999999973e-01	1.441884893024239389e+00
6.257000000000000339e-01	1.797621499068411399e+00
6.292999999999999705e-01	1.985623301320468270e+00
6.329000000000000181e-01	2.071565427098468248e+00
6.364999999999999547e-01	2.198814802326893858e+00
6.401000000000000023e-01	2.602355206741006732e+00
6.437000000000000499e-01	2.792628339074030741e+00
6.472999999999999865e-01	3.007366809352679748e+00
6.509000000000000341e-01	3.046071216287880024e+00
6.544999999999999707e-01	2.599366271284415664e+00
6.581000000000000183e-01	2.629484141494275562e+00
6.616999999999999549e-01	2.494342487417052112e+00
6.653000000000000025e-01	2.080599845697827188e+00
6.689000000000000501e-01	1.982343532515308926e+00
6.724999999999999867e-01	2.079104357422711935e+00
6.762000000000000233e-01	1.395328063582094380e+00
6.797999999999999599e-01	1.052478663051526375e+00
6.834000000000000075e-01	1.112138656481186594e+00
6.870000000000000551e-01	4.781360129304132456e-01
6.905999999999999917e-01	3.217098770992048440e-01
6.942000000000000393e-01	-8.572311983334804375e-02
6.977999999999999758e-01	-2.271537930968297314e-01
7.014000000000000234e-01	-1.929255538680968995e-01
7.049999999999999600e-01	-3.045917672867354264e-01
7.086000000000000076e-01	-2.942371271614316330e-02
7.122000000000000552e-01	-2.312941400020070981e-01
7.157999999999999918e-01	1.280011657952253024e-01
7.194000000000000394e-01	3.136330504884407566e-02
7.229999999999999760e-01	3.557244847923629050e-01
7.267000000000000126e-01	5.978121849963342616e-01
7.302999999999999492e-01	3.960490350107953583e-01
7.338999999999999968e-01	1.004540011484701179e+00
7.375000000000000444e-01	1.161029398279359137e+00
7.410999999999999810e-01	1.139707799348278705e+00
7.447000000000000286e-01	1.398832893992500548e+00
7.482999999999999652e-01	1.597827355422439810e+00
7.519000000000000128e-01	1.840338435544972562e+00
7.554999999999999494e-01	1.956636964535533263e+00
7.590999999999999970e-01	2.499741837931275246e+00
7.627000000000000446e-01	2.361765007578219056e+00
7.662999999999999812e-01	2.291602756551587294e+00
7.699000000000000288e-01	2.517642374312423659e+00
7.734999999999999654e-01	2.649840430505423061e+00
7.772000000000000020e-01	2.589918468311625421e+00
7.808000000000000496e-01	2.213683801293028441e+00
7.843999999999999861e-01	2.197717780069165183e+00
7.880000000000000338e-01	1.984442836255324583e+00
7.915999999999999703e-01	2.403219949748753415e+00
7.952000000000000179e-01	1.969916229985234857e+00
7.987999999999999545e-01	2.005311161082090177e+00
8.024000000000000021e-01	1.757809013563112366e+00
8.060000000000000497e-01	1.461851421687676567e+00
8.095999999999999863e-01	1.499587723049971899e+00
8.132000000000000339e-01	1.226448260008077273e+00
8.167999999999999705e-01	6.641211365349590778e-01
8.204000000000000181e-01	7.964134947260501640e-01
8.239999999999999547e-01	9.944881520304689193e-01
8.276999999999999913e-01	1.119863102314478276e+00
8.313000000000000389e-01	1.305513186483500787e+00
8.348999999999999755e-01	1.569742874494950202e+00
8.385000000000000231e-01	1.581632660888391717e+00
8.420999999999999597e-01	1.948155269550513546e+00
8.457000000000000073e-01	2.528113359755463030e+00
8.493000000000000549e-01	2.588203185117908145e+00
8.528999999999999915e-01	3.225055525125648970e+00
8.565000000000000391e-01	3.647934179388424347e+00
8.600999999999999757e-01	3.864470036478033332e+00
8.637000000000000233e-01	3.814570996866264441e+00
8.672999999999999599e-01	4.311373288581071606e+00
8.709000000000000075e-01	4.220232392493958429e+00
8.745000000000000551e-01	4.401439996215750661e+00
8.781999999999999806e-01	4.712365783797063834e+00
8.818000000000000282e-01	4.822503960217623842e+00
8.853999999999999648e-01	4.866007799216615304e+00
8.890000000000000124e-01	4.354430079830736489e+00
8.925999999999999490e-01	4.417792660787561942e+00
8.961999999999999966e-01	4.357606650931781012e+00
8.998000000000000442e-01	4.229960295674637827e+00
9.033999999999999808e-01	3.907302345415785361e+00
9.070000000000000284e-01	3.555798227095817055e+00
9.105999999999999650e-01	3.735825840801771935e+00
9.142000000000000126e-01	3.341189359654280988e+00
9.177999999999999492e-01	3.530829452873887497e+00
9.213999999999999968e-01	3.299073804296043910e+00
9.251000000000000334e-01	3.183375043417210115e+00
9.286999999999999700e-01	3.020210306074977424e+00
9.323000000000000176e-01	2.652450300397182659e+00
9.358999999999999542e-01	3.099130885149929071e+00
9.395000000000000018e-01	3.110493641947384535e+00
9.431000000000000494e-01	3.317315502044292597e+00
9.466999999999999860e-01	3.332753391815350241e+00
9.503000000000000336e-01	4.106895977911518614e+00
9.538999999999999702e-01	4.211059752836810333e+00
9.575000000000000178e-01	4.274019135598956964e+00
9.610999999999999543e-01	4.580522858880431869e+00
9.647000000000000020e-01	4.896458109749667109e+00
9.683000000000000496e-01	5.012054139214708215e+00
9.718999999999999861e-01	5.802906888517171957e+00
9.756000000000000227e-01	5.752412154658442134e+00
9.791999999999999593e-01	5.864872279114827336e+00
9.828000000000000069e-01	5.848611210665318971e+00
9.864000000000000545e-01	6.301888768599100743e+00
9.899999999999999911e-01	6.248623565283689452e+00
9.936000000000000387e-01	6.458749656627954749e+00
9.971999999999999753e-01	6.353885108314330843e+00
1.000799999999999912e+00	6.421751076629167443e+00
1.004399999999999959e+00	6.399770345603347010e+00
1.008000000000000007e+00	6.440037735041423517e+00
1.011600000000000055e+00	5.801147405933275714e+00
1.015200000000000102e+00	6.038515891806278013e+00
1.018799999999999928e+00	5.607608843328404369e+00
1.022399999999999975e+00	5.033557683687353013e+00
1.026100000000000012e+00	4.820027110030672191e+00
1.029700000000000060e+00	4.503056211997930269e+00
1.033300000000000107e+00	4.452477319771206865e+00
1.036899999999999933e+00	4.264302812110661201e+00
1.040499999999999980e+00	4.088367363138078581e+00
1.044100000000000028e+00	4.130722216636166344e+00
1.047700000000000076e+00	3.971597053985393089e+00
1.051299999999999901e+00	4.246418884442142883e+00
1.054899999999999949e+00	4.157035140875889212e+00
1.058499999999999996e+00	4.121009421060908728e+00
1.062100000000000044e+00	4.307698934477939723e+00
1.065700000000000092e+00	4.915556390645837048e+00
1.069299999999999917e+00	4.671030365059548828e+00
1.072899999999999965e+00	4.766805911085551628e+00
1.076600000000000001e+00	5.203483336854469066e+00
1.080200000000000049e+00	5.094468506637799265e+00
1.083800000000000097e+00	5.197790018294376146e+00
1.087399999999999922e+00	5.305793364955509794e+00
1.090999999999999970e+00	5.584895581488526162e+00
1.094600000000000017e+00	5.893192852279937277e+00
1.098200000000000065e+00	5.911937555331828520e+00
1.101799999999999891e+00	6.095986855992610920e+00
1.105399999999999938e+00	5.930855326210861200e+00
1.108999999999999986e+00	5.748716047562190568e+00
1.112600000000000033e+00	5.716210713909673835e+00
1.116200000000000081e+00	5.525077022991662368e+00
1.119799999999999907e+00	5.235984093704140641e+00
1.123399999999999954e+00	5.067543820890218598e+00
1.127099999999999991e+00	5.079220186602074527e+00
1.130700000000000038e+00	4.854337943503363562e+00
1.134300000000000086e+00	5.105494895818046608e+00
1.137899999999999912e+00	5.022494230534504389e+00
1.141499999999999959e+00	5.253022715940532272e+00
1.145100000000000007e+00	5.139552710210442577e+00
1.148700000000000054e+00	5.103916054076208297e+00
1.152300000000000102e+00	5.323744659827490011e+00
1.155899999999999928e+00	5.393472578873622858e+00
1.159499999999999975e+00	5.222013181688727634e+00
1.163100000000000023e+00	5.163236634074673148e+00
1.166700000000000070e+00	5.075804047788524009e+00
1.170299999999999896e+00	4.861806073463175615e+00
1.173899999999999944e+00	4.698894688018997456e+00
1.177599999999999980e+00	4.822594262372803975e+00
1.181200000000000028e+00	4.566541653266706469e+00
1.184800000000000075e+00	4.767815850438616998e+00
1.188399999999999901e+00	4.858043537556179459e+00
1.191999999999999948e+00	5.144168154082793265e+00
1.195599999999999996e+00	4.891295997380303184e+00
1.199200000000000044e+00	5.129773198371511356e+00
1.202800000000000091e+00	5.050577347347850576e+00
1.206399999999999917e+00	4.758736266200061849e+00
1.209999999999999964e+00	4.553037931267343019e+00
1.213600000000000012e+00	4.854675231537963320e+00
1.217200000000000060e+00	4.983485206090326081e+00
1.220800000000000107e+00	4.905292504357382732e+00
1.224399999999999933e+00	4.066332195226837420e+00
1.228099999999999969e+00	3.905322979446203213e+00
1.231700000000000017e+00	3.601973864081224441e+00
1.235300000000000065e+00	3.124019833315428762e+00
1.238899999999999890e+00	2.834400687762089532e+00
1.242499999999999938e+00	2.589586192907806339e+00
1.246099999999999985e+00	2.286339422283344636e+00
1.249700000000000033e+00	2.242148424044007271e+00
1.253300000000000081e+00	1.992634522858319990e+00
1.256899999999999906e+00	2.019381865729129810e+00
1.260499999999999954e+00	1.769358025585964445e+00
1.264100000000000001e+00	1.549678204186381025e+00
1.267700000000000049e+00	1.330624195889335892e+00
1.271300000000000097e+00	1.113929616461819316e+00
1.274899999999999922e+00	9.590896956583125910e-01
1.278599999999999959e+00	7.065406859736961254e-01
1.282200000000000006e+00	8.033999306335903867e-01
1.285800000000000054e+00	1.258640815383596845e+00
1.289400000000000102e+00	1.103099087199271411e+00
1.292999999999999927e+00	1.313361510572644386e+00
1.296599999999999975e+00	1.260485982024734497e+00
1.300200000000000022e+00	1.500960434247838204e+00
1.303800000000000070e+00	1.937996986960278001e+00
1.307399999999999896e+00	2.107888885662231981e+00
1.310999999999999943e+00	1.907767756139883142e+00
1.314599999999999991e+00	2.000108396421293122e+00
1.318200000000000038e+00	2.060315235686926982e+00
1.321800000000000086e+00	1.904422984009784381e+00
1.325499999999999901e+00	1.842649242714964775e+00
1.329099999999999948e+00	2.232882369436488101e+00
1.332699999999999996e+00	2.442227438612904145e+00
1.336300000000000043e+00	2.609765358748823427e+00
1.339900000000000091e+00	2.693599962965445016e+00
1.343499999999999917e+00	3.116834218454602734e+00
1.347099999999999964e+00	3.249411595954208476e+00
1.350700000000000012e+00	3.448592520877642897e+00
1.354300000000000059e+00	3.488860534395004542e+00
1.357900000000000107e+00	3.561129690656562818e+00
1.361499999999999932e+00	3.093120295857678226e+00
1.365099999999999980e+00	3.364980863375968134e+00
1.368700000000000028e+00	3.356162667564888125e+00
1.372300000000000075e+00	3.128068650510192228e+00
1.375999999999999890e+00	3.346553247013209997e+00
1.379599999999999937e+00	3.024455910010103832e+00
1.383199999999999985e+00	3.194640870103398811e+00
1.386800000000000033e+00	3.158609921243058949e+00
1.390400000000000080e+00	3.376320143499853543e+00
1.393999999999999906e+00	3.315898014472209443e+00
1.397599999999999953e+00	3.525495792057752542e+00
1.401200000000000001e+00	3.857294019260014917e+00
1.404800000000000049e+00	3.760916832266746557e+00
1.408400000000000096e+00	4.362948926933971627e+00
1.411999999999999922e+00	4.402729382348748111e+00
1.415599999999999969e+00	5.088929461580302238e+00
1.419200000000000017e+00	5.119417719662960664e+00
1.422800000000000065e+00	5.720421098830084539e+00
1.426500000000000101e+00	5.770061101280499649e+00
1.430099999999999927e+00	6.047331612678814139e+00
1.433699999999999974e+00	6.332392385012703961e+00
1.437300000000000022e+00	6.645437043627003604e+00
1.440900000000000070e+00	6.578381682389004226e+00
1.444499999999999895e+00	6.576557678467793266e+00
1.448099999999999943e+00	6.414300496729502754e+00
1.451699999999999990e+00	6.429677853506824192e+00
1.455300000000000038e+00	6.491665468255872540e+00
1.458900000000000086e+00	6.786894363478681136e+00
1.462499999999999911e+00	6.869646426780076531e+00
1.466099999999999959e+00	6.623407202841876007e+00
1.469700000000000006e+00	7.256120347535192749e+00
1.473300000000000054e+00	7.372549250679780286e+00
1.477000000000000091e+00	7.858744958042057860e+00
1.480599999999999916e+00	8.017161195845908139e+00
1.484199999999999964e+00	8.214148335388390620e+00
1.487800000000000011e+00	8.159793465972612125e+00
1.491400000000000059e+00	8.616958337174327909e+00
1.495000000000000107e+00	8.268979590723558815e+00
1.498599999999999932e+00	8.529920323082567535e+00
1.502199999999999980e+00	8.810268480208449660e+00
1.505800000000000027e+00	8.619488174264850144e+00
1.509400000000000075e+00	8.671832810248814027e+00
1.512999999999999901e+00	8.932629457601375833e+00
1.516599999999999948e+00	8.764935902942152524e+00
1.520199999999999996e+00	8.871167952440417892e+00
1.523800000000000043e+00	8.845172580721079925e+00
1.527500000000000080e+00	8.404922657538453024e+00
1.531099999999999905e+00	8.468610731536330150e+00
1.534699999999999953e+00	8.303311962873918262e+00
1.538300000000000001e+00	8.325782069762601267e+00
1.541900000000000048e+00	8.988822456012073303e+00
1.545500000000000096e+00	9.064337069467855557e+00
1.549099999999999921e+00	9.525003509174526428e+00
1.552699999999999969e+00	9.143202995248696396e+00
1.556300000000000017e+00	8.898151428584641920e+00
1.559900000000000064e+00	8.280943387637899278e+00
1.563499999999999890e+00	8.032930819617444484e+00
1.567099999999999937e+00	7.941487314861812585e+00
1.570699999999999985e+00	8.311506695785382703e+00
1.574300000000000033e+00	8.706765693640688752e+00
1.578000000000000069e+00	8.988574923424456742e+00
1.581599999999999895e+00	9.281229480188512682e+00
1.585199999999999942e+00	9.047306070280839663e+00
1.588799999999999990e+00	8.723694390329354675e+00
1.592400000000000038e+00	8.411391816978724734e+00
1.596000000000000085e+00	8.351822960198779455e+00
1.599599999999999911e+00	9.055276196513789344e+00
1.603199999999999958e+00	9.566554114738595516e+00
1.606800000000000006e+00	1.038739638121798947e+01
1.610400000000000054e+00	1.093515494619397543e+01
1.614000000000000101e+00	1.101632404139489907e+01
1.617599999999999927e+00	1.118856255936297295e+01
1.621199999999999974e+00	1.122042587612301823e+01
1.624800000000000022e+00	1.122308412580156656e+01
1.628500000000000059e+00	1.129257541208135329e+01
1.632100000000000106e+00	1.135018585537199698e+01
1.635699999999999932e+00	1.140057510333010882e+01
1.639299999999999979e+00	1.160516189368751938e+01
1.642900000000000027e+00	1.227870366625184673e+01
1.646500000000000075e+00	1.312787883073726825e+01
1.650099999999999900e+00	1.390841590593509025e+01
1.653699999999999948e+00	1.524564769266911846e+01
1.657299999999999995e+00	1.614325041927742177e+01
1.660900000000000043e+00	1.742650245015938282e+01
1.664500000000000091e+00	1.829273348540306543e+01
1.668099999999999916e+00	1.927440014798096257e+01
1.671699999999999964e+00	2.020176000995399335e+01
1.675400000000000000e+00	2.045917198508498203e+01
1.679000000000000048e+00	2.067475695053079576e+01
1.682600000000000096e+00	2.055742536635194639e+01
1.686199999999999921e+00	1.968685005485196626e+01
1.689799999999999969e+00	1.874655696934115312e+01
1.693400000000000016e+00	1.761696848017498240e+01
1.697000000000000064e+00	1.657332072625857222e+01
1.700599999999999890e+00	1.580923240085429704e+01
1.704199999999999937e+00	1.482543674538994516e+01
1.707799999999999985e+00	1.451558199478228239e+01
1.711400000000000032e+00	1.439403651175594945e+01
1.715000000000000080e+00	1.418313095359260778e+01
1.718599999999999905e+00	1.367273080382102535e+01
1.722199999999999953e+00	1.303745913593098393e+01
1.725899999999999990e+00	1.247224504849060622e+01
1.729500000000000037e+00	1.149980016276550998e+01
1.733100000000000085e+00	1.033190323607727201e+01
1.736699999999999910e+00	9.640730890084144633e+00
1.740299999999999958e+00	8.988994992396092343e+00
1.743900000000000006e+00	8.813614122015584584e+00
1.747500000000000053e+00	8.680974578425587396e+00
1.751100000000000101e+00	9.150374319870282491e+00
1.754699999999999926e+00	9.151878891705251817e+00
1.758299999999999974e+00	9.542338832126244341e+00
1.761900000000000022e+00	9.291657939961327273e+00
1.765500000000000069e+00	7.987298591648543500e+00
1.769099999999999895e+00	7.596218679973310905e+00
1.772699999999999942e+00	6.486564867203902018e+00
1.776399999999999979e+00	6.193900117117773441e+00
1.780000000000000027e+00	6.768807799647753143e+00
1.783600000000000074e+00	7.562962971354048491e+00
1.787199999999999900e+00	8.874542651599186982e+00
1.790799999999999947e+00	9.890472648502392161e+00
1.794399999999999995e+00	1.031826055483431759e+01
1.798000000000000043e+00	1.077938258156962803e+01
1.801600000000000090e+00	1.105855951920492863e+01
1.805199999999999916e+00	1.078658948245002414e+01
1.808799999999999963e+00	1.083912087043918149e+01
1.812400000000000011e+00	1.046418979921119785e+01
1.816000000000000059e+00	1.014796474045522423e+01
1.819600000000000106e+00	9.977619624116874419e+00
1.823199999999999932e+00	9.926184634712878818e+00
1.826899999999999968e+00	1.008619241735968330e+01
1.830500000000000016e+00	1.011180698782928289e+01
1.834100000000000064e+00	1.023325331157913176e+01
1.837699999999999889e+00	1.019059355370554520e+01
1.841299999999999937e+00	1.009257654034579588e+01
1.844899999999999984e+00	1.021486799370779863e+01
1.848500000000000032e+00	1.022044541647220584e+01
1.852100000000000080e+00	9.834618724699314640e+00
1.855699999999999905e+00	1.054657904406924374e+01
1.859299999999999953e+00	1.116803719442674492e+01
1.862900000000000000e+00	1.149640944198365311e+01
1.866500000000000048e+00	1.192227894872137739e+01
1.870100000000000096e+00	1.231161195454505730e+01
1.873699999999999921e+00	1.237041676318825267e+01
1.877399999999999958e+00	1.281485816006594725e+01
1.881000000000000005e+00	1.272634217174600657e+01
1.884600000000000053e+00	1.301863533311115617e+01
1.888200000000000101e+00	1.309818895422031559e+01
1.891799999999999926e+00	1.313823022087615300e+01
1.895399999999999974e+00	1.352477763180977277e+01
1.899000000000000021e+00	1.302751044358348764e+01
1.902600000000000069e+00	1.309048631255049777e+01
1.906199999999999894e+00	1.251040613657441902e+01
1.909799999999999942e+00	1.271918210682994399e+01
1.913399999999999990e+00	1.325861957586341866e+01
1.917000000000000037e+00	1.396877790939884711e+01
1.920600000000000085e+00	1.474550871530208873e+01
1.924199999999999910e+00	1.536926152891317798e+01
1.927899999999999947e+00	1.494398042592162845e+01
1.931499999999999995e+00	1.463755094817565272e+01
1.935100000000000042e+00	1.380204745122259347e+01
1.938700000000000090e+00	1.381488083921360221e+01
1.942299999999999915e+00	1.411993872190018884e+01
1.945899999999999963e+00	1.495583615001234001e+01
1.949500000000000011e+00	1.643254523705750358e+01
1.953100000000000058e+00	1.749197843404150277e+01
1.956700000000000106e+00	1.853848939618939795e+01
1.960299999999999931e+00	1.911739923763758142e+01
1.963899999999999979e+00	1.964370453906163050e+01
1.967500000000000027e+00	1.955553204851354110e+01
1.971100000000000074e+00	1.969980605806885521e+01
1.974699999999999900e+00	1.995013817041922977e+01
1.978399999999999936e+00	2.029255406317303922e+01
1.981999999999999984e+00	2.046400593809315538e+01
1.985600000000000032e+00	2.084002846055960489e+01
1.989200000000000079e+00	2.029197366773482258e+01
1.992799999999999905e+00	2.056492156526236670e+01
1.996399999999999952e+00	2.076362102285164468e+01
2.000000000000000000e+00	2.108437743977498258e+01
