2.000000000000000111e-01	-1.226696501237040104e-01
2.036000000000000032e-01	-7.681764382949476389e-01
2.071999999999999953e-01	-2.806789726991936185e-01
2.107999999999999874e-01	-4.537620209496269208e-01
2.144000000000000072e-01	4.845794052481948722e-01
2.179999999999999993e-01	-1.102259614920358954e+00
2.215999999999999914e-01	-1.253216774442644343e+00
2.253000000000000003e-01	-1.134758226269505066e+00
2.288999999999999924e-01	-1.784222371859800038e+00
2.325000000000000122e-01	-2.023611550077702326e+00
2.361000000000000043e-01	-9.604096404761106598e-01
2.396999999999999964e-01	-1.987102401658343620e+00
2.432999999999999885e-01	-2.605052790412139441e+00
2.469000000000000083e-01	-1.087406366234953126e+00
2.505000000000000004e-01	-6.290838165314587282e-01
2.540999999999999925e-01	-9.586029158471645051e-01
2.576999999999999846e-01	4.524969000586818169e-01
2.612999999999999767e-01	-4.138049013504674911e-01
2.649000000000000243e-01	5.164183772071465617e-01
2.685000000000000164e-01	1.183088381029369529e+00
2.721000000000000085e-01	7.903784222103709123e-01
2.757999999999999896e-01	-2.150222588084868824e-01
2.793999999999999817e-01	-2.059042876500969399e-01
2.829999999999999738e-01	1.329662018172335536e+00
2.866000000000000214e-01	4.983663780169246271e-01
2.902000000000000135e-01	-9.109734180918310775e-01
2.938000000000000056e-01	-6.807827871286784571e-01
2.973999999999999977e-01	-1.427390847668822405e-01
3.009999999999999898e-01	-5.499637406282029684e-01
3.045999999999999819e-01	-3.726416742732890919e-01
3.081999999999999740e-01	-4.752777039727679176e-01
3.118000000000000216e-01	-5.760372465602955350e-01
3.154000000000000137e-01	-3.637467365616875448e-02
3.190000000000000058e-01	-2.074998855819578658e-01
3.225999999999999979e-01	-6.628647459319609858e-01
3.262999999999999790e-01	-6.774678025700702211e-01
3.299000000000000266e-01	-4.190535048564224541e-01
3.335000000000000187e-01	-1.302575377532405154e+00
3.371000000000000107e-01	3.121022858046756943e-01
3.407000000000000028e-01	-5.526932281609491238e-01
3.442999999999999949e-01	1.199094185099268017e+00
3.478999999999999870e-01	-6.703052859621984050e-01
3.514999999999999791e-01	1.366450638130782602e+00
3.551000000000000267e-01	8.864386599948612666e-01
3.587000000000000188e-01	8.004732005994206201e-01
3.623000000000000109e-01	4.160357973224324546e-01
3.659000000000000030e-01	-7.636479924477778125e-01
3.694999999999999951e-01	8.720233370332131084e-01
3.730999999999999872e-01	4.588283572346606998e-01
3.768000000000000238e-01	-3.278133405130408407e-01
3.804000000000000159e-01	4.044765636806938458e-01
3.840000000000000080e-01	-3.869459637611094571e-02
3.876000000000000001e-01	-1.281523636835806279e+00
3.911999999999999922e-01	2.911087201840467653e-01
3.947999999999999843e-01	-1.205184463073369017e+00
3.983999999999999764e-01	5.213472149809539324e-02
4.020000000000000240e-01	-1.126127712049046936e+00
4.056000000000000161e-01	1.762259001192647556e-01
4.092000000000000082e-01	1.152231831420241326e+00
4.128000000000000003e-01	2.851876176026963972e-01
4.163999999999999924e-01	-1.301951577273348981e+00
4.199999999999999845e-01	-5.224115409764701345e-02
4.235999999999999766e-01	1.496253480392447377e-01
4.273000000000000131e-01	1.099906006151553317e+00
4.309000000000000052e-01	6.600524572528509992e-01
4.344999999999999973e-01	3.487620202607922826e-01
4.380999999999999894e-01	1.041238865748925324e+00
4.416999999999999815e-01	3.582677459381811147e-02
4.452999999999999736e-01	1.379025728295333986e+00
4.489000000000000212e-01	6.279814125695246663e-01
4.525000000000000133e-01	3.669198998324046390e-01
4.561000000000000054e-01	-7.205084602512176750e-02
4.596999999999999975e-01	1.442919289813457073e+00
4.632999999999999896e-01	3.504286401864231126e-01
4.668999999999999817e-01	1.110180646863636156e+00
4.704999999999999738e-01	1.501989684285903737e+00
4.741000000000000214e-01	1.622750226257146045e+00
4.778000000000000025e-01	2.879648297402091495e-01
4.813999999999999946e-01	1.189388028296217703e+00
4.849999999999999867e-01	4.881110767512351623e-01
4.885999999999999788e-01	1.592996335117937035e+00
4.922000000000000264e-01	1.570568804781153460e+00
4.958000000000000185e-01	-2.566371020438273920e-01
4.994000000000000106e-01	8.980630305725711970e-03
5.030000000000000027e-01	1.124270024729010498e+00
5.066000000000000503e-01	1.620196517361395694e+00
5.101999999999999869e-01	3.595776076817957190e+00
5.138000000000000345e-01	1.562137735934358007e+00
5.173999999999999710e-01	3.578716256802175089e+00
5.210000000000000187e-01	1.811600276318417357e+00
5.245999999999999552e-01	1.985011365209886414e+00
5.282999999999999918e-01	1.684062920954771503e+00
5.319000000000000394e-01	1.344752482045043163e+00
5.354999999999999760e-01	1.456902863949880889e+00
5.391000000000000236e-01	3.304839604995613023e-01
5.426999999999999602e-01	7.584650642420212030e-01
5.463000000000000078e-01	1.022887935162279938e+00
5.499000000000000554e-01	1.033393892500668043e+00
5.534999999999999920e-01	2.091192937787067496e+00
5.571000000000000396e-01	1.438424675603167557e+00
5.606999999999999762e-01	1.482351897634624160e+00
5.643000000000000238e-01	1.111603153877921635e+00
5.678999999999999604e-01	2.836435719180066428e+00
5.715000000000000080e-01	2.166324949992670224e+00
5.752000000000000446e-01	2.325145421332595497e+00
5.787999999999999812e-01	1.918923029726328888e+00
5.824000000000000288e-01	3.557664262957121792e+00
5.859999999999999654e-01	1.304533838289367864e+00
5.896000000000000130e-01	2.726456850178023750e+00
5.931999999999999496e-01	2.305856745669796481e+00
5.967999999999999972e-01	3.889252903269573292e+00
6.004000000000000448e-01	3.158767990443521967e+00
6.039999999999999813e-01	2.705163148735273637e+00
6.076000000000000290e-01	1.775820379237649460e+00
6.111999999999999655e-01	1.906130448948162748e+00
6.148000000000000131e-01	1.819646530582876398e+00
6.183999999999999497e-01	2.348683179979162094e+00
6.219999999999999973e-01	2.811674154905464906e+00
6.257000000000000339e-01	1.917653006507452407e+00
6.292999999999999705e-01	1.217549498961066234e+00
6.329000000000000181e-01	2.355044350243828077e+00
6.364999999999999547e-01	1.183858766707255095e+00
6.401000000000000023e-01	2.785493402878952196e+00
6.437000000000000499e-01	1.163845800243769268e+00
6.472999999999999865e-01	2.408370611557926200e+00
6.509000000000000341e-01	1.575386825299661009e+00
6.544999999999999707e-01	2.288976966516844236e+00
6.581000000000000183e-01	3.089621243066152267e+00
6.616999999999999549e-01	2.944063473840250023e+00
6.653000000000000025e-01	3.132544040761691129e+00
6.689000000000000501e-01	4.037145005603942849e+00
6.724999999999999867e-01	3.893413851471417608e+00
6.762000000000000233e-01	3.244996792096659810e+00
6.797999999999999599e-01	4.293920229375157049e+00
6.834000000000000075e-01	3.659218600791728893e+00
6.870000000000000551e-01	3.871414947756977476e+00
6.905999999999999917e-01	4.554544865508362683e+00
6.942000000000000393e-01	4.538922021283274155e+00
6.977999999999999758e-01	2.493176361426488796e+00
7.014000000000000234e-01	3.834962648795589235e+00
7.049999999999999600e-01	3.729091012406923422e+00
7.086000000000000076e-01	3.483054511423128830e+00
7.122000000000000552e-01	3.303225853869027784e+00
7.157999999999999918e-01	3.569150026642947449e+00
7.194000000000000394e-01	2.721930367455114297e+00
7.229999999999999760e-01	3.815269300975151268e+00
7.267000000000000126e-01	4.765548292716440315e+00
7.302999999999999492e-01	3.701327285386920352e+00
7.338999999999999968e-01	3.038038775922887513e+00
7.375000000000000444e-01	3.764800504237804546e+00
7.410999999999999810e-01	3.804903770920568640e+00
7.447000000000000286e-01	4.464309351462554254e+00
7.482999999999999652e-01	5.201221004322903241e+00
7.519000000000000128e-01	6.402030674595547310e+00
7.554999999999999494e-01	5.654062113273300660e+00
7.590999999999999970e-01	5.770734203992573086e+00
7.627000000000000446e-01	4.483908971324776616e+00
7.662999999999999812e-01	4.612300708344807987e+00
7.699000000000000288e-01	5.544099814350276212e+00
7.734999999999999654e-01	4.554644322753267360e+00
7.772000000000000020e-01	4.054913135704772742e+00
7.808000000000000496e-01	3.715923335742460587e+00
7.843999999999999861e-01	3.591449005547059148e+00
7.880000000000000338e-01	4.534257035750045794e+00
7.915999999999999703e-01	3.810636534664773478e+00
7.952000000000000179e-01	4.113496732813642254e+00
7.987999999999999545e-01	4.446627173235249586e+00
8.024000000000000021e-01	3.361506447804070152e+00
8.060000000000000497e-01	4.917217215636425109e+00
8.095999999999999863e-01	2.923879745991096346e+00
8.132000000000000339e-01	3.926187466697909301e+00
8.167999999999999705e-01	3.074769717771602906e+00
8.204000000000000181e-01	1.054121011716565359e+00
8.239999999999999547e-01	4.248558001667698036e+00
8.276999999999999913e-01	4.849981980954300553e+00
8.313000000000000389e-01	3.715358188254975769e+00
8.348999999999999755e-01	2.946403278283727278e+00
8.385000000000000231e-01	3.712401126020927755e+00
8.420999999999999597e-01	3.240353974051280339e+00
8.457000000000000073e-01	2.666732996047829207e+00
8.493000000000000549e-01	3.476530752553132153e+00
8.528999999999999915e-01	3.730159400356284127e+00
8.565000000000000391e-01	2.149461909423070693e+00
8.600999999999999757e-01	2.884100228111867281e+00
8.637000000000000233e-01	1.855593167582351821e+00
8.672999999999999599e-01	2.024589300901126876e+00
8.709000000000000075e-01	2.605737747350407751e+00
8.745000000000000551e-01	3.147633593220816373e+00
8.781999999999999806e-01	3.568527242995507276e+00
8.818000000000000282e-01	3.652641103712311654e+00
8.853999999999999648e-01	4.239010326393081840e+00
8.890000000000000124e-01	2.447075404761399398e+00
8.925999999999999490e-01	3.062481134359966717e+00
8.961999999999999966e-01	2.551193189553158991e+00
8.998000000000000442e-01	2.680810161371194322e+00
9.033999999999999808e-01	3.555660843435748397e+00
9.070000000000000284e-01	3.381144035972074136e+00
9.105999999999999650e-01	2.311023841596946404e+00
9.142000000000000126e-01	2.347419341563791839e+00
9.177999999999999492e-01	2.980586070819414957e+00
9.213999999999999968e-01	1.749285457605960215e+00
9.251000000000000334e-01	2.937710902874853147e+00
9.286999999999999700e-01	2.700105783146359073e+00
9.323000000000000176e-01	2.178490065674221654e+00
9.358999999999999542e-01	3.823754003854252126e+00
9.395000000000000018e-01	3.566817541432062200e+00
9.431000000000000494e-01	3.444830880442721011e+00
9.466999999999999860e-01	3.784095493563184753e+00
9.503000000000000336e-01	2.247295291946459272e+00
9.538999999999999702e-01	3.349793839364751946e+00
9.575000000000000178e-01	3.301780529795343533e+00
9.610999999999999543e-01	3.148606670681902919e+00
9.647000000000000020e-01	2.989470005776349470e+00
9.683000000000000496e-01	2.441779479404012410e+00
9.718999999999999861e-01	2.160903898708272486e+00
9.756000000000000227e-01	3.135350938891252603e+00
9.791999999999999593e-01	2.433166547590147388e+00
9.828000000000000069e-01	4.470342014689202337e+00
9.864000000000000545e-01	1.693069954474845762e+00
9.899999999999999911e-01	2.048187084279630366e+00
9.936000000000000387e-01	3.136931894348830241e+00
9.971999999999999753e-01	2.815148490619714394e+00
1.000799999999999912e+00	2.830363367836267408e+00
1.004399999999999959e+00	1.966898281131946202e+00
1.008000000000000007e+00	2.513746602383457596e+00
1.011600000000000055e+00	2.774223572446265607e+00
1.015200000000000102e+00	2.690388934505683949e+00
1.018799999999999928e+00	1.971765800548211267e+00
1.022399999999999975e+00	3.371567350682769248e+00
1.026100000000000012e+00	1.628343893819971244e+00
1.029700000000000060e+00	2.425740074554184389e+00
1.033300000000000107e+00	1.750465937043646170e+00
1.036899999999999933e+00	1.255445231958291830e+00
1.040499999999999980e+00	2.893053885760763944e+00
1.044100000000000028e+00	2.770752440313069886e+00
1.047700000000000076e+00	1.342508407461356690e+00
1.051299999999999901e+00	1.826245157634583283e+00
1.054899999999999949e+00	1.872620844885788394e+00
1.058499999999999996e+00	1.344227585088176857e+00
1.062100000000000044e+00	1.767842977567241736e+00
1.065700000000000092e+00	2.867429013055981635e+00
1.069299999999999917e+00	2.453468142773549854e+00
1.072899999999999965e+00	3.267206613035709140e+00
1.076600000000000001e+00	1.968575085008437586e+00
1.080200000000000049e+00	2.655599849843818916e+00
1.083800000000000097e+00	1.409445077701931393e+00
1.087399999999999922e+00	2.444288791151705276e+00
1.090999999999999970e+00	3.165214976820807546e+00
1.094600000000000017e+00	5.745407356168354518e+00
1.098200000000000065e+00	3.559404101006983012e+00
1.101799999999999891e+00	3.568381940278949394e+00
1.105399999999999938e+00	4.206083507949070821e+00
1.108999999999999986e+00	4.012081017745192213e+00
1.112600000000000033e+00	3.740792481956171311e+00
1.116200000000000081e+00	3.922497382743458161e+00
1.119799999999999907e+00	3.251310465270889072e+00
1.123399999999999954e+00	3.892177417990707600e+00
1.127099999999999991e+00	3.418324688355791174e+00
1.130700000000000038e+00	2.545393710617948724e+00
1.134300000000000086e+00	2.265466799787613894e+00
1.137899999999999912e+00	1.461888844892625716e+00
1.141499999999999959e+00	2.471638221303608773e+00
1.145100000000000007e+00	3.267698750277189923e+00
1.148700000000000054e+00	4.754457417813506837e+00
1.152300000000000102e+00	4.622059981542029128e+00
1.155899999999999928e+00	5.901349113426549664e+00
1.159499999999999975e+00	6.781799191122181547e+00
1.163100000000000023e+00	6.084139998884590561e+00
1.166700000000000070e+00	6.173631384284824719e+00
1.170299999999999896e+00	4.654398398922664271e+00
1.173899999999999944e+00	2.830639752181568713e+00
1.177599999999999980e+00	5.180197687252068306e+00
1.181200000000000028e+00	4.772559531077289918e+00
1.184800000000000075e+00	5.319827608642249572e+00
1.188399999999999901e+00	5.660892342054880899e+00
1.191999999999999948e+00	4.908238842045558492e+00
1.195599999999999996e+00	5.704044267018554493e+00
1.199200000000000044e+00	4.428754406907273733e+00
1.202800000000000091e+00	5.328146049400116269e+00
1.206399999999999917e+00	4.558225763311980927e+00
1.209999999999999964e+00	4.434791836133353371e+00
1.213600000000000012e+00	3.874781059308799236e+00
1.217200000000000060e+00	4.430031605038740494e+00
1.220800000000000107e+00	4.518242960976071032e+00
1.224399999999999933e+00	4.289722720729922223e+00
1.228099999999999969e+00	4.697689621000648685e+00
1.231700000000000017e+00	4.445695485179856021e+00
1.235300000000000065e+00	3.964954348128010952e+00
1.238899999999999890e+00	4.700097738232997813e+00
1.242499999999999938e+00	5.257242857431713823e+00
1.246099999999999985e+00	5.446568838054826500e+00
1.249700000000000033e+00	5.935327438414275569e+00
1.253300000000000081e+00	5.312968819387529074e+00
1.256899999999999906e+00	4.320315143442063466e+00
1.260499999999999954e+00	4.861349350238647560e+00
1.264100000000000001e+00	4.698180619942698755e+00
1.267700000000000049e+00	4.395479838126876260e+00
1.271300000000000097e+00	3.599771967428122554e+00
1.274899999999999922e+00	3.371645314401621185e+00
1.278599999999999959e+00	5.144256304637435662e+00
1.282200000000000006e+00	5.376670173169047828e+00
1.285800000000000054e+00	4.175592453987707842e+00
1.289400000000000102e+00	4.152286756467698403e+00
1.292999999999999927e+00	5.399661709226502460e+00
1.296599999999999975e+00	5.683108514613581796e+00
1.300200000000000022e+00	5.369181578514021780e+00
1.303800000000000070e+00	5.654809459055741172e+00
1.307399999999999896e+00	5.160253257204916899e+00
1.310999999999999943e+00	5.060215697157953940e+00
1.314599999999999991e+00	5.166392987609106591e+00
1.318200000000000038e+00	6.386223368694128766e+00
1.321800000000000086e+00	5.836230273667753821e+00
1.325499999999999901e+00	5.714705749030882131e+00
1.329099999999999948e+00	5.424408542530851030e+00
1.332699999999999996e+00	5.706728279492007339e+00
1.336300000000000043e+00	4.620029258038794495e+00
1.339900000000000091e+00	5.369786700837693161e+00
1.343499999999999917e+00	5.754742235099279846e+00
1.347099999999999964e+00	5.580087187328498288e+00
1.350700000000000012e+00	5.356832821386843690e+00
1.354300000000000059e+00	4.402374826681673348e+00
1.357900000000000107e+00	4.322115265867580547e+00
1.361499999999999932e+00	4.092324767545881592e+00
1.365099999999999980e+00	6.586212226129447345e+00
1.368700000000000028e+00	5.260921493814015193e+00
1.372300000000000075e+00	5.029899347934827958e+00
1.375999999999999890e+00	4.057050906350524677e+00
1.379599999999999937e+00	4.598993801831690931e+00
1.383199999999999985e+00	6.117376082207728771e+00
1.386800000000000033e+00	6.570482159353188578e+00
1.390400000000000080e+00	6.599940979526317086e+00
1.393999999999999906e+00	7.779809958256844737e+00
1.397599999999999953e+00	5.968799935543528612e+00
1.401200000000000001e+00	5.678242573482838118e+00
1.404800000000000049e+00	7.344128439005402242e+00
1.408400000000000096e+00	7.093243527103409107e+00
1.411999999999999922e+00	7.521815002928978089e+00
1.415599999999999969e+00	8.804637520865311373e+00
1.419200000000000017e+00	7.290882666022799441e+00
1.422800000000000065e+00	6.291485898797438914e+00
1.426500000000000101e+00	5.402418857005225838e+00
1.430099999999999927e+00	6.732259250521607896e+00
1.433699999999999974e+00	5.727960620835657046e+00
1.437300000000000022e+00	6.443445779583422350e+00
1.440900000000000070e+00	6.658171054649866250e+00
1.444499999999999895e+00	7.127795245000004165e+00
1.448099999999999943e+00	6.446930262507932774e+00
1.451699999999999990e+00	6.027924464162810025e+00
1.455300000000000038e+00	7.525926709673711912e+00
1.458900000000000086e+00	6.953355015024030195e+00
1.462499999999999911e+00	6.404095308796485142e+00
1.466099999999999959e+00	7.036333786369419308e+00
1.469700000000000006e+00	8.399216207653367405e+00
1.473300000000000054e+00	8.282214347019559497e+00
1.477000000000000091e+00	7.993785768579519058e+00
1.480599999999999916e+00	6.981735805037779130e+00
1.484199999999999964e+00	6.639474987117579552e+00
1.487800000000000011e+00	6.754699105173023632e+00
1.491400000000000059e+00	7.250435255314504168e+00
1.495000000000000107e+00	7.705568885192485951e+00
1.498599999999999932e+00	5.708240257755165636e+00
1.502199999999999980e+00	7.609321010553479425e+00
1.505800000000000027e+00	7.133055962562846908e+00
1.509400000000000075e+00	7.418282276260264929e+00
1.512999999999999901e+00	6.865306084682319288e+00
1.516599999999999948e+00	6.930088509881789705e+00
1.520199999999999996e+00	8.429179105060178756e+00
1.523800000000000043e+00	6.310893430555719164e+00
1.527500000000000080e+00	7.692799478889030595e+00
1.531099999999999905e+00	9.103237733102423235e+00
1.534699999999999953e+00	7.861964873179867475e+00
1.538300000000000001e+00	1.012296090879860699e+01
1.541900000000000048e+00	9.163295492763525729e+00
1.545500000000000096e+00	8.141874613998927757e+00
1.549099999999999921e+00	8.802570202367981267e+00
1.552699999999999969e+00	9.303094318556937026e+00
1.556300000000000017e+00	8.512243326538447619e+00
1.559900000000000064e+00	8.878162285115992702e+00
1.563499999999999890e+00	9.035503213798184774e+00
1.567099999999999937e+00	8.178782570638228222e+00
1.570699999999999985e+00	9.274451611955969454e+00
1.574300000000000033e+00	7.381966952380700775e+00
1.578000000000000069e+00	8.781448757356665524e+00
1.581599999999999895e+00	7.900121840161045128e+00
1.585199999999999942e+00	9.367158127532336565e+00
1.588799999999999990e+00	9.225416043389772724e+00
1.592400000000000038e+00	9.369301194043154979e+00
1.596000000000000085e+00	1.069585367314936875e+01
1.599599999999999911e+00	1.066091031976436199e+01
1.603199999999999958e+00	1.123373752601313136e+01
1.606800000000000006e+00	1.161180835162387126e+01
1.610400000000000054e+00	1.223246131838990181e+01
1.614000000000000101e+00	1.071761004487286684e+01
1.617599999999999927e+00	1.104304614281444330e+01
1.621199999999999974e+00	1.219235132867730265e+01
1.624800000000000022e+00	1.121377574059552273e+01
1.628500000000000059e+00	1.224564599838896406e+01
1.632100000000000106e+00	1.375096525328849140e+01
1.635699999999999932e+00	1.351246569478927917e+01
1.639299999999999979e+00	1.400178138361600944e+01
1.642900000000000027e+00	1.420412822886752657e+01
1.646500000000000075e+00	1.366729524642883931e+01
1.650099999999999900e+00	1.595813876411709842e+01
1.653699999999999948e+00	1.782267299316707465e+01
1.657299999999999995e+00	1.826801111101760711e+01
1.660900000000000043e+00	2.001165961514861991e+01
1.664500000000000091e+00	2.294523082748133902e+01
1.668099999999999916e+00	2.252133420230376615e+01
1.671699999999999964e+00	2.268267017099908500e+01
1.675400000000000000e+00	2.206695515706933008e+01
1.679000000000000048e+00	1.861197908353296526e+01
1.682600000000000096e+00	1.721720324924669754e+01
1.686199999999999921e+00	1.600261107906108293e+01
1.689799999999999969e+00	1.558389819894581763e+01
1.693400000000000016e+00	1.430061417281357450e+01
1.697000000000000064e+00	1.457716596996215941e+01
1.700599999999999890e+00	1.509096088898867549e+01
1.704199999999999937e+00	1.590963135762843095e+01
1.707799999999999985e+00	1.803427633199207492e+01
1.711400000000000032e+00	1.938882707482561329e+01
1.715000000000000080e+00	1.920695105232904609e+01
1.718599999999999905e+00	1.843035015650636410e+01
1.722199999999999953e+00	1.584676650900677508e+01
1.725899999999999990e+00	1.510917097391454433e+01
1.729500000000000037e+00	1.172008889518103558e+01
1.733100000000000085e+00	1.015586879976860502e+01
1.736699999999999910e+00	1.044894490667040010e+01
1.740299999999999958e+00	1.127429542854717681e+01
1.743900000000000006e+00	1.066088981766077026e+01
1.747500000000000053e+00	1.134405176770974677e+01
1.751100000000000101e+00	1.092763550400667505e+01
1.754699999999999926e+00	1.060487343442602004e+01
1.758299999999999974e+00	1.108105055355644986e+01
1.761900000000000022e+00	9.300554801677058947e+00
1.765500000000000069e+00	1.130947419077324945e+01
1.769099999999999895e+00	1.157011192181322556e+01
1.772699999999999942e+00	1.071867749133093106e+01
1.776399999999999979e+00	1.185491071431653332e+01
1.780000000000000027e+00	9.919690982771752985e+00
1.783600000000000074e+00	1.050397404408450974e+01
1.787199999999999900e+00	1.137608350148044778e+01
1.790799999999999947e+00	1.163269222599723562e+01
1.794399999999999995e+00	8.996035977216164881e+00
1.798000000000000043e+00	1.013466254720844439e+01
1.801600000000000090e+00	1.033820256790247605e+01
1.805199999999999916e+00	1.070169006257619060e+01
1.808799999999999963e+00	9.637828866610682610e+00
1.812400000000000011e+00	9.053817951991710800e+00
1.816000000000000059e+00	1.091651514989786342e+01
1.819600000000000106e+00	8.964061288847194220e+00
1.823199999999999932e+00	8.559961983640317129e+00
1.826899999999999968e+00	9.979695433764824486e+00
1.830500000000000016e+00	9.462969783226176546e+00
1.834100000000000064e+00	8.951814634387638137e+00
1.837699999999999889e+00	8.133339943521519899e+00
1.841299999999999937e+00	8.537890281447417351e+00
1.844899999999999984e+00	9.091878019388595078e+00
1.848500000000000032e+00	1.056813551705561771e+01
1.852100000000000080e+00	1.127344445272889573e+01
1.855699999999999905e+00	1.071889122313667997e+01
1.859299999999999953e+00	1.251375303469764155e+01
1.862900000000000000e+00	1.245004262618394186e+01
1.866500000000000048e+00	1.342050523758334180e+01
1.870100000000000096e+00	1.280255052547085093e+01
1.873699999999999921e+00	1.240948894165217098e+01
1.877399999999999958e+00	1.185395023120807956e+01
1.881000000000000005e+00	1.060951332640134304e+01
1.884600000000000053e+00	1.141615691972667790e+01
1.888200000000000101e+00	1.106716781160861629e+01
1.891799999999999926e+00	1.228536085066570926e+01
1.895399999999999974e+00	1.266847387366393818e+01
1.899000000000000021e+00	1.255972627553038024e+01
1.902600000000000069e+00	1.209018209710070835e+01
1.906199999999999894e+00	1.090243327105924109e+01
1.909799999999999942e+00	1.368207184006681487e+01
1.913399999999999990e+00	1.314029987701757207e+01
1.917000000000000037e+00	1.251600086929258460e+01
1.920600000000000085e+00	1.054560914900670099e+01
1.924199999999999910e+00	1.265098073093246356e+01
1.927899999999999947e+00	1.123152712430792555e+01
1.931499999999999995e+00	1.163848531992449153e+01
1.935100000000000042e+00	1.229350497538862719e+01
1.938700000000000090e+00	1.273936292210748178e+01
1.942299999999999915e+00	1.172234711684853892e+01
1.945899999999999963e+00	1.347422333791773852e+01
1.949500000000000011e+00	1.499308184854558235e+01
1.953100000000000058e+00	1.626615926876596063e+01
1.956700000000000106e+00	1.691233171784844558e+01
1.960299999999999931e+00	1.667070162510185227e+01
1.963899999999999979e+00	1.652412367506824964e+01
1.967500000000000027e+00	1.780829917161321063e+01
1.971100000000000074e+00	1.548846557453584794e+01
1.974699999999999900e+00	1.729582350316943007e+01
1.978399999999999936e+00	1.527924700961765581e+01
1.981999999999999984e+00	1.513681199799896682e+01
1.985600000000000032e+00	1.411058848439345148e+01
1.989200000000000079e+00	1.531655468948711984e+01
1.992799999999999905e+00	1.570179393721007344e+01
1.996399999999999952e+00	1.692440201161752356e+01
2.000000000000000000e+00	1.999170248835117647e+01
