2.000000000000000111e-01	-1.266634298090385080e+00
2.036000000000000032e-01	-1.571989896845700674e+00
2.071999999999999953e-01	-1.222528308232293082e+00
2.107999999999999874e-01	-3.066286677617997114e+00
2.144000000000000072e-01	-1.026331658972521765e+00
2.179999999999999993e-01	-9.122932636552267827e-01
2.215999999999999914e-01	-3.492459875903378697e-01
2.253000000000000003e-01	-4.582769303199822897e-01
2.288999999999999924e-01	5.180300186770514514e-03
2.325000000000000122e-01	-3.070417873780878493e-01
2.361000000000000043e-01	-4.708579511009861607e-01
2.396999999999999964e-01	-6.684967042634266665e-01
2.432999999999999885e-01	-4.233600511354592699e-01
2.469000000000000083e-01	3.659790784750871495e-03
2.505000000000000004e-01	-1.455075422814890995e-01
2.540999999999999925e-01	-3.482181109500440686e-01
2.576999999999999846e-01	-2.644742193723634838e-01
2.612999999999999767e-01	-5.297399415317454174e-01
2.649000000000000243e-01	-8.374665563064961349e-01
2.685000000000000164e-01	-1.011460792576056811e+00
2.721000000000000085e-01	-9.643939628936417652e-01
2.757999999999999896e-01	-2.438160319579443236e+00
2.793999999999999817e-01	-2.291632061550038291e+00
2.829999999999999738e-01	-1.211123067465912140e+00
2.866000000000000214e-01	-9.461705110851681422e-01
2.902000000000000135e-01	5.874650451063547774e-01
2.938000000000000056e-01	-1.065428529649908196e+00
2.973999999999999977e-01	1.801427234627769547e+00
3.009999999999999898e-01	4.040472556278967287e-01
3.045999999999999819e-01	4.396736988455732797e-01
3.081999999999999740e-01	3.011331372741951062e-01
3.118000000000000216e-01	3.307377521858297920e-01
3.154000000000000137e-01	9.307331410416397333e-01
3.190000000000000058e-01	-8.821968880098740584e-02
3.225999999999999979e-01	-2.376512939983678185e-01
3.262999999999999790e-01	-8.113990422017420823e-01
3.299000000000000266e-01	-4.237116957510228543e-01
3.335000000000000187e-01	4.623157057474374110e-01
3.371000000000000107e-01	-1.073386992693957431e+00
3.407000000000000028e-01	8.376853453635164648e-01
3.442999999999999949e-01	-1.245184523659972342e+00
3.478999999999999870e-01	4.848836708729309386e-02
3.514999999999999791e-01	-1.873864529378624910e-01
3.551000000000000267e-01	-5.835320005095794293e-01
3.587000000000000188e-01	-4.410140956454214334e-01
3.623000000000000109e-01	-1.365252424412387033e-01
3.659000000000000030e-01	-3.553565008131502334e-01
3.694999999999999951e-01	4.826341439333869943e-02
3.730999999999999872e-01	7.548616845824895893e-01
3.768000000000000238e-01	9.525974767960752043e-01
3.804000000000000159e-01	1.119679586882007527e+00
3.840000000000000080e-01	4.831904235177276741e-01
3.876000000000000001e-01	8.172066198354638322e-01
3.911999999999999922e-01	3.146397667704118883e-01
3.947999999999999843e-01	1.073099694172042540e+00
3.983999999999999764e-01	-1.564816965077324262e+00
4.020000000000000240e-01	-1.998153883193274361e-01
4.056000000000000161e-01	-5.124470799331538595e-01
4.092000000000000082e-01	-1.218878325826342479e+00
4.128000000000000003e-01	2.865919110926096192e-01
4.163999999999999924e-01	-1.540213766560665221e+00
4.199999999999999845e-01	-7.188026671770549880e-01
4.235999999999999766e-01	-1.038691750665999836e-01
4.273000000000000131e-01	1.207019355270112504e-01
4.309000000000000052e-01	-9.041648879514924131e-02
4.344999999999999973e-01	-4.016484388811916162e-01
4.380999999999999894e-01	8.557165851893048236e-01
4.416999999999999815e-01	1.130104908819375753e+00
4.452999999999999736e-01	7.271055899964024016e-01
4.489000000000000212e-01	2.608202083773297209e-01
4.525000000000000133e-01	-1.709493565400274639e-01
4.561000000000000054e-01	1.756041165872925247e-01
4.596999999999999975e-01	8.618966724726353501e-01
4.632999999999999896e-01	1.094989171003303285e+00
4.668999999999999817e-01	1.038937567210728163e+00
4.704999999999999738e-01	7.295154772629702800e-01
4.741000000000000214e-01	-2.730072814412670690e-02
4.778000000000000025e-01	3.750755848859271269e-01
4.813999999999999946e-01	7.381837811340785649e-01
4.849999999999999867e-01	1.274471803660161273e-01
4.885999999999999788e-01	4.289572708451165894e-01
4.922000000000000264e-01	7.807456656606308609e-01
4.958000000000000185e-01	5.991951962666453024e-01
4.994000000000000106e-01	3.178033739864464247e-01
5.030000000000000027e-01	1.010195080935814227e+00
5.066000000000000503e-01	2.220936086329985404e+00
5.101999999999999869e-01	1.237365910915844802e+00
5.138000000000000345e-01	1.498896349284970064e+00
5.173999999999999710e-01	9.367645719839905460e-01
5.210000000000000187e-01	8.646578007959728751e-01
5.245999999999999552e-01	-1.231146849544914601e-01
5.282999999999999918e-01	1.141795655978008917e+00
5.319000000000000394e-01	1.488014715914299124e+00
5.354999999999999760e-01	9.034772205738200723e-01
5.391000000000000236e-01	7.028184127285955762e-01
5.426999999999999602e-01	7.620850292543012161e-01
5.463000000000000078e-01	1.855907682822235172e+00
5.499000000000000554e-01	1.323028945642279908e+00
5.534999999999999920e-01	1.095881010092645269e+00
5.571000000000000396e-01	3.609083523706780205e+00
5.606999999999999762e-01	8.757282741816035943e-01
5.643000000000000238e-01	2.346396957047041987e+00
5.678999999999999604e-01	2.547083171123868617e+00
5.715000000000000080e-01	2.535652503972639416e+00
5.752000000000000446e-01	1.215583695090123761e+00
5.787999999999999812e-01	1.411717512878748249e+00
5.824000000000000288e-01	2.398969893688489563e+00
5.859999999999999654e-01	9.600519200877907222e-01
5.896000000000000130e-01	2.009025829630331828e+00
5.931999999999999496e-01	3.064913899916229312e+00
5.967999999999999972e-01	2.527549873246361045e+00
6.004000000000000448e-01	2.348763462394554580e+00
6.039999999999999813e-01	1.028013169846741848e+00
6.076000000000000290e-01	1.583010245720269049e+00
6.111999999999999655e-01	1.291152767113612043e+00
6.148000000000000131e-01	1.650162657285726642e+00
6.183999999999999497e-01	1.762081532715297438e+00
6.219999999999999973e-01	1.969961526559682152e+00
6.257000000000000339e-01	2.796898637409269472e+00
6.292999999999999705e-01	3.358505762622526980e+00
6.329000000000000181e-01	2.115593056787400172e+00
6.364999999999999547e-01	2.826400060425844796e+00
6.401000000000000023e-01	2.939073807889715173e+00
6.437000000000000499e-01	2.808078758317321899e+00
6.472999999999999865e-01	3.915442322796112151e+00
6.509000000000000341e-01	2.628870180683402946e+00
6.544999999999999707e-01	2.810400602142487436e+00
6.581000000000000183e-01	2.419756682420040494e+00
6.616999999999999549e-01	2.804733498622031362e+00
6.653000000000000025e-01	2.369698606910189298e+00
6.689000000000000501e-01	3.526461181105947418e+00
6.724999999999999867e-01	1.630832556868312633e+00
6.762000000000000233e-01	1.308428060882515620e+00
6.797999999999999599e-01	1.358800331624340441e+00
6.834000000000000075e-01	2.494730211612582238e+00
6.870000000000000551e-01	2.377820392185363119e+00
6.905999999999999917e-01	3.993563705985285317e+00
6.942000000000000393e-01	2.624367371716207487e+00
6.977999999999999758e-01	4.866977555863103433e+00
7.014000000000000234e-01	2.999193683180874093e+00
7.049999999999999600e-01	3.525928078514502850e+00
7.086000000000000076e-01	3.729639131500532390e+00
7.122000000000000552e-01	4.265738742099159708e+00
7.157999999999999918e-01	4.252361691867088567e+00
7.194000000000000394e-01	4.740233778469126413e+00
7.229999999999999760e-01	3.807919519284556742e+00
7.267000000000000126e-01	4.505475367404216058e+00
7.302999999999999492e-01	4.014245267741360479e+00
7.338999999999999968e-01	4.316320446040739611e+00
7.375000000000000444e-01	3.606415301417162933e+00
7.410999999999999810e-01	2.524592389721120878e+00
7.447000000000000286e-01	4.853780549561260926e+00
7.482999999999999652e-01	6.032224910660244355e+00
7.519000000000000128e-01	5.003700853392080816e+00
7.554999999999999494e-01	5.980077650582613202e+00
7.590999999999999970e-01	5.900403071515779807e+00
7.627000000000000446e-01	4.992013723295822381e+00
7.662999999999999812e-01	4.423113077578545216e+00
7.699000000000000288e-01	5.071296892300705572e+00
7.734999999999999654e-01	5.348868164016909788e+00
7.772000000000000020e-01	6.255207188059366707e+00
7.808000000000000496e-01	3.876515522922457269e+00
7.843999999999999861e-01	4.602410675123221218e+00
7.880000000000000338e-01	5.022878782297842015e+00
7.915999999999999703e-01	4.235876256958004404e+00
7.952000000000000179e-01	4.952013633676278559e+00
7.987999999999999545e-01	5.372487271187927682e+00
8.024000000000000021e-01	3.952994269022081397e+00
8.060000000000000497e-01	5.742548111156902557e+00
8.095999999999999863e-01	4.749439054798721749e+00
8.132000000000000339e-01	5.196072929300699528e+00
8.167999999999999705e-01	5.013432917051686033e+00
8.204000000000000181e-01	4.335215830841925744e+00
8.239999999999999547e-01	4.929949760393537161e+00
8.276999999999999913e-01	4.552039450481887073e+00
8.313000000000000389e-01	4.702611561493220016e+00
8.348999999999999755e-01	5.515509339994817850e+00
8.385000000000000231e-01	6.734285690693674553e+00
8.420999999999999597e-01	4.961777971562098877e+00
8.457000000000000073e-01	3.796222581048661837e+00
8.493000000000000549e-01	5.857888147953637770e+00
8.528999999999999915e-01	5.097211097549677383e+00
8.565000000000000391e-01	5.839340213095983501e+00
8.600999999999999757e-01	5.301196282080858246e+00
8.637000000000000233e-01	6.145708846572895290e+00
8.672999999999999599e-01	5.502655770576279970e+00
8.709000000000000075e-01	5.731218971643393445e+00
8.745000000000000551e-01	5.568900325462212919e+00
8.781999999999999806e-01	5.544771659961110544e+00
8.818000000000000282e-01	5.660114678156921819e+00
8.853999999999999648e-01	6.342527606516540573e+00
8.890000000000000124e-01	5.954118672310023008e+00
8.925999999999999490e-01	4.306049819115529864e+00
8.961999999999999966e-01	4.861701531112374575e+00
8.998000000000000442e-01	4.986614133807440119e+00
9.033999999999999808e-01	4.451292146579735487e+00
9.070000000000000284e-01	6.307378908514611027e+00
9.105999999999999650e-01	5.470738474028783216e+00
9.142000000000000126e-01	5.748646370571279363e+00
9.177999999999999492e-01	5.970261251876916475e+00
9.213999999999999968e-01	5.247183553828204339e+00
9.251000000000000334e-01	4.556375863622572631e+00
9.286999999999999700e-01	4.190952118960076689e+00
9.323000000000000176e-01	4.568628402010429745e+00
9.358999999999999542e-01	4.798091247288003736e+00
9.395000000000000018e-01	4.265238466165359732e+00
9.431000000000000494e-01	4.114277182782189790e+00
9.466999999999999860e-01	5.332091599958061146e+00
9.503000000000000336e-01	4.279692182933378497e+00
9.538999999999999702e-01	5.287869194283994823e+00
9.575000000000000178e-01	4.529234677572683943e+00
9.610999999999999543e-01	5.062708407119282050e+00
9.647000000000000020e-01	4.554332282322550718e+00
9.683000000000000496e-01	5.225360927624523200e+00
9.718999999999999861e-01	4.756053506170199618e+00
9.756000000000000227e-01	5.052157765705625359e+00
9.791999999999999593e-01	6.040421387136058584e+00
9.828000000000000069e-01	5.225157790684358261e+00
9.864000000000000545e-01	5.131483473074284873e+00
9.899999999999999911e-01	5.933541727101170338e+00
9.936000000000000387e-01	5.779641019785213274e+00
9.971999999999999753e-01	5.117694903975417375e+00
1.000799999999999912e+00	4.570189027592218345e+00
1.004399999999999959e+00	5.145319298910560946e+00
1.008000000000000007e+00	5.034665716963743876e+00
1.011600000000000055e+00	4.963427480233859157e+00
1.015200000000000102e+00	4.648951749187591354e+00
1.018799999999999928e+00	4.272570491152764660e+00
1.022399999999999975e+00	3.698693290833922287e+00
1.026100000000000012e+00	4.791735998580149314e+00
1.029700000000000060e+00	4.216337206899135381e+00
1.033300000000000107e+00	5.083771022813168727e+00
1.036899999999999933e+00	4.442460730614411268e+00
1.040499999999999980e+00	4.823215994423144970e+00
1.044100000000000028e+00	4.605752079656889819e+00
1.047700000000000076e+00	5.310281470726589070e+00
1.051299999999999901e+00	6.655772155358536502e+00
1.054899999999999949e+00	5.286888172315903134e+00
1.058499999999999996e+00	4.468500488269121718e+00
1.062100000000000044e+00	4.841617381709391488e+00
1.065700000000000092e+00	5.707103833499640011e+00
1.069299999999999917e+00	6.510209760775708787e+00
1.072899999999999965e+00	5.266826193326249239e+00
1.076600000000000001e+00	5.095963645530247277e+00
1.080200000000000049e+00	4.637006766191151819e+00
1.083800000000000097e+00	3.643029861287907067e+00
1.087399999999999922e+00	4.514090635559281139e+00
1.090999999999999970e+00	6.712015988726291127e+00
1.094600000000000017e+00	5.665032085352597946e+00
1.098200000000000065e+00	6.290526708136569667e+00
1.101799999999999891e+00	7.098991552547595063e+00
1.105399999999999938e+00	5.630001712199117492e+00
1.108999999999999986e+00	5.391503085918327720e+00
1.112600000000000033e+00	6.159527036809025802e+00
1.116200000000000081e+00	6.175126608630646885e+00
1.119799999999999907e+00	4.544288535697734943e+00
1.123399999999999954e+00	4.784621726858412138e+00
1.127099999999999991e+00	4.245375772351285271e+00
1.130700000000000038e+00	4.192413283472257390e+00
1.134300000000000086e+00	4.931007015757008283e+00
1.137899999999999912e+00	4.356482967744845780e+00
1.141499999999999959e+00	4.345725579211404010e+00
1.145100000000000007e+00	5.009102646201797349e+00
1.148700000000000054e+00	5.391343455765574610e+00
1.152300000000000102e+00	5.251359400362995977e+00
1.155899999999999928e+00	7.466495347224197054e+00
1.159499999999999975e+00	7.265763537300821362e+00
1.163100000000000023e+00	6.952880577224965108e+00
1.166700000000000070e+00	7.153891590183029336e+00
1.170299999999999896e+00	5.650264403265662594e+00
1.173899999999999944e+00	5.793101866535611322e+00
1.177599999999999980e+00	5.032890126996395708e+00
1.181200000000000028e+00	5.523501102841292365e+00
1.184800000000000075e+00	4.991584636386596330e+00
1.188399999999999901e+00	5.742112703120326067e+00
1.191999999999999948e+00	6.805056826730410791e+00
1.195599999999999996e+00	6.161605589128299698e+00
1.199200000000000044e+00	6.594933613172644371e+00
1.202800000000000091e+00	5.146439608129941945e+00
1.206399999999999917e+00	6.656663274332670355e+00
1.209999999999999964e+00	7.073261278710812228e+00
1.213600000000000012e+00	5.399196108544717987e+00
1.217200000000000060e+00	6.359902689906296480e+00
1.220800000000000107e+00	5.768236054533431023e+00
1.224399999999999933e+00	5.829169744038660284e+00
1.228099999999999969e+00	5.843875356982820790e+00
1.231700000000000017e+00	5.649773229757817816e+00
1.235300000000000065e+00	4.301090411945452274e+00
1.238899999999999890e+00	6.318885345396971331e+00
1.242499999999999938e+00	5.654585353995111419e+00
1.246099999999999985e+00	5.656206006044785184e+00
1.249700000000000033e+00	6.330792415764380010e+00
1.253300000000000081e+00	5.888780407423123364e+00
1.256899999999999906e+00	5.430142357813008580e+00
1.260499999999999954e+00	5.535069845078681716e+00
1.264100000000000001e+00	5.658724627061388013e+00
1.267700000000000049e+00	6.043009728859005669e+00
1.271300000000000097e+00	5.528291932622917848e+00
1.274899999999999922e+00	6.255904450723401844e+00
1.278599999999999959e+00	5.888462520887131291e+00
1.282200000000000006e+00	6.686031211321053824e+00
1.285800000000000054e+00	5.122085023682599214e+00
1.289400000000000102e+00	6.289629934379158627e+00
1.292999999999999927e+00	5.454261820419914919e+00
1.296599999999999975e+00	7.791952342104080387e+00
1.300200000000000022e+00	6.334131158694081165e+00
1.303800000000000070e+00	5.965337615750362588e+00
1.307399999999999896e+00	5.739724282827413759e+00
1.310999999999999943e+00	4.728058541972373519e+00
1.314599999999999991e+00	6.193477801234925195e+00
1.318200000000000038e+00	6.311557584324944514e+00
1.321800000000000086e+00	6.556606900321889420e+00
1.325499999999999901e+00	7.057949121669265580e+00
1.329099999999999948e+00	6.247079151825676746e+00
1.332699999999999996e+00	5.928801438922215006e+00
1.336300000000000043e+00	6.117386335344083825e+00
1.339900000000000091e+00	6.513675209204070171e+00
1.343499999999999917e+00	6.781204414009008197e+00
1.347099999999999964e+00	5.755698572182903483e+00
1.350700000000000012e+00	6.645327084375225013e+00
1.354300000000000059e+00	6.491674005566193451e+00
1.357900000000000107e+00	6.242191930484888296e+00
1.361499999999999932e+00	6.013450113190076607e+00
1.365099999999999980e+00	5.714627336453207640e+00
1.368700000000000028e+00	5.778577035680627638e+00
1.372300000000000075e+00	7.705244400226446189e+00
1.375999999999999890e+00	6.161873717214081836e+00
1.379599999999999937e+00	7.068717438144254572e+00
1.383199999999999985e+00	7.108793421339008489e+00
1.386800000000000033e+00	7.140810541049257942e+00
1.390400000000000080e+00	6.492343895845827717e+00
1.393999999999999906e+00	8.109853630788570911e+00
1.397599999999999953e+00	6.377501613393619095e+00
1.401200000000000001e+00	7.441778170067435916e+00
1.404800000000000049e+00	8.540732986226402090e+00
1.408400000000000096e+00	8.090993236068680261e+00
1.411999999999999922e+00	8.841623963473956849e+00
1.415599999999999969e+00	8.819350622015988961e+00
1.419200000000000017e+00	8.639537498555338146e+00
1.422800000000000065e+00	7.896869373762859468e+00
1.426500000000000101e+00	7.597309724522856023e+00
1.430099999999999927e+00	7.609816777347838013e+00
1.433699999999999974e+00	7.328119587283680403e+00
1.437300000000000022e+00	8.243062913648040890e+00
1.440900000000000070e+00	8.309881927356411069e+00
1.444499999999999895e+00	7.756736676012807585e+00
1.448099999999999943e+00	8.019167858766996559e+00
1.451699999999999990e+00	8.744278245941913497e+00
1.455300000000000038e+00	7.831756911420995060e+00
1.458900000000000086e+00	6.576238496786880106e+00
1.462499999999999911e+00	7.176899996311246532e+00
1.466099999999999959e+00	8.199417381493978141e+00
1.469700000000000006e+00	7.732233587229970340e+00
1.473300000000000054e+00	8.178989887955046001e+00
1.477000000000000091e+00	7.765257903350137880e+00
1.480599999999999916e+00	8.949603458157511682e+00
1.484199999999999964e+00	8.190169737826046514e+00
1.487800000000000011e+00	6.343652646428310504e+00
1.491400000000000059e+00	8.271814142585375507e+00
1.495000000000000107e+00	8.468519878436397974e+00
1.498599999999999932e+00	8.389958106390196235e+00
1.502199999999999980e+00	6.384604074075270752e+00
1.505800000000000027e+00	7.470183733156801509e+00
1.509400000000000075e+00	6.887508161963421749e+00
1.512999999999999901e+00	4.780553880339053485e+00
1.516599999999999948e+00	6.762351867473844536e+00
1.520199999999999996e+00	8.315969874555467101e+00
1.523800000000000043e+00	7.307694145569559652e+00
1.527500000000000080e+00	8.160613671327247687e+00
1.531099999999999905e+00	7.456165991294756878e+00
1.534699999999999953e+00	7.216402739504060193e+00
1.538300000000000001e+00	8.420371143719565410e+00
1.541900000000000048e+00	7.458072100247248315e+00
1.545500000000000096e+00	8.478967579615327210e+00
1.549099999999999921e+00	8.821828697457764434e+00
1.552699999999999969e+00	7.656084631417628295e+00
1.556300000000000017e+00	7.992184149708187135e+00
1.559900000000000064e+00	8.537358373553640689e+00
1.563499999999999890e+00	9.296159123271991120e+00
1.567099999999999937e+00	7.545711127121220052e+00
1.570699999999999985e+00	8.372404463090937554e+00
1.574300000000000033e+00	7.722748808324039871e+00
1.578000000000000069e+00	8.107461194590577236e+00
1.581599999999999895e+00	9.098482552174242954e+00
1.585199999999999942e+00	9.361793757364779367e+00
1.588799999999999990e+00	9.282234260862372466e+00
1.592400000000000038e+00	9.188047250392209264e+00
1.596000000000000085e+00	9.214752274913603713e+00
1.599599999999999911e+00	9.995634747634349893e+00
1.603199999999999958e+00	1.042580548452225386e+01
1.606800000000000006e+00	8.561700715006914209e+00
1.610400000000000054e+00	9.950447514324105569e+00
1.614000000000000101e+00	1.001349503445071498e+01
1.617599999999999927e+00	1.010386778026102661e+01
1.621199999999999974e+00	1.029908802066918305e+01
1.624800000000000022e+00	1.066725271244459528e+01
1.628500000000000059e+00	1.070985065276827264e+01
1.632100000000000106e+00	1.127238991681671898e+01
1.635699999999999932e+00	1.167272205809586794e+01
1.639299999999999979e+00	1.087375740326389995e+01
1.642900000000000027e+00	1.108480411117792386e+01
1.646500000000000075e+00	1.095807531072567542e+01
1.650099999999999900e+00	1.119570265749534776e+01
1.653699999999999948e+00	1.183660607576342372e+01
1.657299999999999995e+00	1.366930910984835101e+01
1.660900000000000043e+00	1.573136623881884333e+01
1.664500000000000091e+00	1.837214433975610106e+01
1.668099999999999916e+00	1.945898771463488686e+01
1.671699999999999964e+00	1.943246934272529813e+01
1.675400000000000000e+00	1.872386411772362891e+01
1.679000000000000048e+00	1.727574580491392453e+01
1.682600000000000096e+00	1.481041555008161659e+01
1.686199999999999921e+00	1.274077413309928453e+01
1.689799999999999969e+00	1.170756758138286457e+01
1.693400000000000016e+00	9.967814059597991161e+00
1.697000000000000064e+00	1.114357348305259165e+01
1.700599999999999890e+00	1.132644979839675869e+01
1.704199999999999937e+00	1.211858197300857398e+01
1.707799999999999985e+00	1.311796879530926141e+01
1.711400000000000032e+00	1.428926516116018952e+01
1.715000000000000080e+00	1.594891249010168011e+01
1.718599999999999905e+00	1.394493672308568755e+01
1.722199999999999953e+00	1.227587040144680586e+01
1.725899999999999990e+00	9.440719014091042638e+00
1.729500000000000037e+00	9.340613766908694160e+00
1.733100000000000085e+00	7.316489465604973041e+00
1.736699999999999910e+00	6.719434520009350820e+00
1.740299999999999958e+00	7.363358545490247486e+00
1.743900000000000006e+00	6.839842605623956295e+00
1.747500000000000053e+00	7.167866149764501316e+00
1.751100000000000101e+00	9.012897654416150317e+00
1.754699999999999926e+00	8.882409218101333437e+00
1.758299999999999974e+00	8.390314844271939521e+00
1.761900000000000022e+00	7.673830516109098276e+00
1.765500000000000069e+00	6.764113920042428063e+00
1.769099999999999895e+00	8.149313886880161562e+00
1.772699999999999942e+00	7.638021438895378878e+00
1.776399999999999979e+00	8.157905309552230477e+00
1.780000000000000027e+00	8.813725145880415113e+00
1.783600000000000074e+00	7.566158838589499780e+00
1.787199999999999900e+00	7.514143008286795933e+00
1.790799999999999947e+00	8.096082326950725161e+00
1.794399999999999995e+00	7.118894144651786604e+00
1.798000000000000043e+00	7.352298197880197783e+00
1.801600000000000090e+00	7.229106885111610481e+00
1.805199999999999916e+00	6.953038357506160061e+00
1.808799999999999963e+00	5.035095874746617461e+00
1.812400000000000011e+00	6.403811694137641730e+00
1.816000000000000059e+00	4.753491057287465793e+00
1.819600000000000106e+00	5.477732602081569979e+00
1.823199999999999932e+00	7.250565995064214064e+00
1.826899999999999968e+00	6.171328289797362920e+00
1.830500000000000016e+00	6.376357320042144394e+00
1.834100000000000064e+00	5.218057276071817796e+00
1.837699999999999889e+00	5.181293567215113249e+00
1.841299999999999937e+00	6.226225460224920738e+00
1.844899999999999984e+00	5.576756668479129431e+00
1.848500000000000032e+00	4.556754669133798785e+00
1.852100000000000080e+00	5.008633079802578436e+00
1.855699999999999905e+00	6.004088952886606378e+00
1.859299999999999953e+00	5.439923467181254857e+00
1.862900000000000000e+00	6.267631354720008652e+00
1.866500000000000048e+00	4.771676826289484197e+00
1.870100000000000096e+00	5.514697962288759747e+00
1.873699999999999921e+00	5.276316843255331790e+00
1.877399999999999958e+00	6.388937800662057853e+00
1.881000000000000005e+00	4.590909411733665735e+00
1.884600000000000053e+00	5.083096368074153659e+00
1.888200000000000101e+00	5.236811715735743000e+00
1.891799999999999926e+00	5.966046834701216994e+00
1.895399999999999974e+00	5.959687658419586143e+00
1.899000000000000021e+00	5.934623035678593617e+00
1.902600000000000069e+00	7.267127930456496188e+00
1.906199999999999894e+00	6.000900099625979145e+00
1.909799999999999942e+00	6.211016648512593719e+00
1.913399999999999990e+00	4.404488640607817196e+00
1.917000000000000037e+00	5.193086301619556977e+00
1.920600000000000085e+00	5.796495473877682159e+00
1.924199999999999910e+00	4.913554998732503343e+00
1.927899999999999947e+00	4.986854464183577917e+00
1.931499999999999995e+00	3.337689101224753596e+00
1.935100000000000042e+00	4.248279638536721414e+00
1.938700000000000090e+00	3.482066275669652988e+00
1.942299999999999915e+00	5.068567096213186574e+00
1.945899999999999963e+00	4.119571931537381104e+00
1.949500000000000011e+00	4.444364570217211430e+00
1.953100000000000058e+00	5.695459049319251399e+00
1.956700000000000106e+00	4.205405573555095700e+00
1.960299999999999931e+00	5.961712756650809908e+00
1.963899999999999979e+00	5.601799320920497927e+00
1.967500000000000027e+00	5.525277098735724479e+00
1.971100000000000074e+00	6.402244956423995603e+00
1.974699999999999900e+00	5.657178176881737741e+00
1.978399999999999936e+00	4.973078866143680443e+00
1.981999999999999984e+00	3.806814648194225992e+00
1.985600000000000032e+00	7.271353013620093009e+00
1.989200000000000079e+00	5.776725951397906123e+00
1.992799999999999905e+00	6.793184941592230963e+00
1.996399999999999952e+00	6.168141026926745596e+00
2.000000000000000000e+00	8.138135048429028018e+00
