2.000000000000000111e-01	-7.266222462080471622e-01
2.036000000000000032e-01	-1.008584683735481047e+00
2.071999999999999953e-01	-8.505456944402532971e-01
2.107999999999999874e-01	-8.652647851773860310e-01
2.144000000000000072e-01	-1.125288501990465040e+00
2.179999999999999993e-01	-1.097300767000853883e+00
2.215999999999999914e-01	-1.310248318851538807e+00
2.253000000000000003e-01	-1.517006720445094103e+00
2.288999999999999924e-01	-1.803719143359989285e+00
2.325000000000000122e-01	-1.878314708481849005e+00
2.361000000000000043e-01	-1.854990740078840128e+00
2.396999999999999964e-01	-2.423438335984679615e+00
2.432999999999999885e-01	-1.877379160892551191e+00
2.469000000000000083e-01	-1.250890110607300931e+00
2.505000000000000004e-01	-1.679805299330493273e+00
2.540999999999999925e-01	-1.211303677663455813e+00
2.576999999999999846e-01	-8.156948999361453012e-01
2.612999999999999767e-01	-4.899102719128646255e-01
2.649000000000000243e-01	-3.087244313646860805e-01
2.685000000000000164e-01	-2.850285242874150970e-01
2.721000000000000085e-01	7.427141167346001938e-02
2.757999999999999896e-01	-6.173640004763153444e-01
2.793999999999999817e-01	-3.858131818793745227e-01
2.829999999999999738e-01	1.288166770371987901e-01
2.866000000000000214e-01	-8.342789911459960739e-02
2.902000000000000135e-01	1.358485326604735033e-01
2.938000000000000056e-01	-3.809578554195779398e-01
2.973999999999999977e-01	-5.512641142061979194e-01
3.009999999999999898e-01	-6.399844688130224002e-01
3.045999999999999819e-01	-7.659822656633069604e-01
3.081999999999999740e-01	-1.093283645090318945e+00
3.118000000000000216e-01	-1.208767063065292691e+00
3.154000000000000137e-01	-1.344894673373773442e+00
3.190000000000000058e-01	-9.026271955319437046e-01
3.225999999999999979e-01	-1.420406710229930036e+00
3.262999999999999790e-01	-1.228138825520316058e+00
3.299000000000000266e-01	-8.626398162924073798e-01
3.335000000000000187e-01	-1.052189595203868899e+00
3.371000000000000107e-01	-6.859309502078954068e-01
3.407000000000000028e-01	-4.181038214955620780e-01
3.442999999999999949e-01	-2.026572818782113039e-02
3.478999999999999870e-01	2.392077308731761498e-01
3.514999999999999791e-01	5.098622096289459615e-02
3.551000000000000267e-01	-3.397154722128842286e-03
3.587000000000000188e-01	1.009744415310351168e-01
3.623000000000000109e-01	-3.878531659681926091e-02
3.659000000000000030e-01	7.241150239352361906e-02
3.694999999999999951e-01	-3.320972162707028774e-01
3.730999999999999872e-01	4.045888362555122297e-02
3.768000000000000238e-01	-1.044646006232373914e+00
3.804000000000000159e-01	-5.468976769598467014e-01
3.840000000000000080e-01	-8.596287682415458820e-01
3.876000000000000001e-01	-8.902231801238682518e-01
3.911999999999999922e-01	-1.069737332969081134e+00
3.947999999999999843e-01	-1.302810141817263512e+00
3.983999999999999764e-01	-8.186221893308344155e-01
4.020000000000000240e-01	-8.818979936288011690e-01
4.056000000000000161e-01	-1.008991429608504076e+00
4.092000000000000082e-01	-4.946555212700972648e-01
4.128000000000000003e-01	-3.558020315076671491e-01
4.163999999999999924e-01	-2.173733943737736762e-01
4.199999999999999845e-01	-2.227617022521524714e-01
4.235999999999999766e-01	2.572712074909948576e-01
4.273000000000000131e-01	5.065831814270908007e-01
4.309000000000000052e-01	3.311213211149369728e-01
4.344999999999999973e-01	6.570113260856631499e-01
4.380999999999999894e-01	5.840308558606087663e-01
4.416999999999999815e-01	7.902512931463985257e-01
4.452999999999999736e-01	5.986197900177601117e-01
4.489000000000000212e-01	5.283430993925085639e-01
4.525000000000000133e-01	7.869315386031088266e-01
4.561000000000000054e-01	6.525884518802302914e-01
4.596999999999999975e-01	5.797751573380047208e-02
4.632999999999999896e-01	7.528828766293871322e-02
4.668999999999999817e-01	-2.645955483630024196e-01
4.704999999999999738e-01	-4.149506041510879761e-01
4.741000000000000214e-01	-2.607157635286154740e-01
4.778000000000000025e-01	-5.439106856924841304e-02
4.813999999999999946e-01	-3.468149285951425687e-01
4.849999999999999867e-01	2.825149313747319924e-01
4.885999999999999788e-01	-3.748776245490853531e-02
4.922000000000000264e-01	4.699827449469484719e-01
4.958000000000000185e-01	5.171476687224658697e-01
4.994000000000000106e-01	8.186296199861294864e-01
5.030000000000000027e-01	9.701913368869210519e-01
5.066000000000000503e-01	7.821598603553748807e-01
5.101999999999999869e-01	1.708000214392292548e+00
5.138000000000000345e-01	1.299773127546941076e+00
5.173999999999999710e-01	1.625367364174106877e+00
5.210000000000000187e-01	1.818190203925477810e+00
5.245999999999999552e-01	1.177619795606970499e+00
5.282999999999999918e-01	1.593142112546927391e+00
5.319000000000000394e-01	1.098868059206004943e+00
5.354999999999999760e-01	9.387644382627686745e-01
5.391000000000000236e-01	6.325451734255176373e-01
5.426999999999999602e-01	4.264181497518893527e-01
5.463000000000000078e-01	1.630076732454119048e-01
5.499000000000000554e-01	5.342873254172402220e-01
5.534999999999999920e-01	1.089049882993282425e+00
5.571000000000000396e-01	8.322585709679101162e-01
5.606999999999999762e-01	9.210621343269693728e-01
5.643000000000000238e-01	1.412664143324843469e+00
5.678999999999999604e-01	1.035355923671472222e+00
5.715000000000000080e-01	1.299230010264908586e+00
5.752000000000000446e-01	1.458787829734660590e+00
5.787999999999999812e-01	1.988187378405950945e+00
5.824000000000000288e-01	1.462629870394991149e+00
5.859999999999999654e-01	1.702934998858418369e+00
5.896000000000000130e-01	2.163875643397861204e+00
5.931999999999999496e-01	2.271137645799285565e+00
5.967999999999999972e-01	2.091756785600196622e+00
6.004000000000000448e-01	2.143779723470586873e+00
6.039999999999999813e-01	2.000861715738908586e+00
6.076000000000000290e-01	1.830245626065951425e+00
6.111999999999999655e-01	2.269516656804474231e+00
6.148000000000000131e-01	1.701573434828687503e+00
6.183999999999999497e-01	1.396590642985971353e+00
6.219999999999999973e-01	1.764000241837099026e+00
6.257000000000000339e-01	1.281890034855613258e+00
6.292999999999999705e-01	1.314148389949499451e+00
6.329000000000000181e-01	1.296085130615731495e+00
6.364999999999999547e-01	1.353441693809890101e+00
6.401000000000000023e-01	1.405547044937108803e+00
6.437000000000000499e-01	1.529266064364412481e+00
6.472999999999999865e-01	1.539979225553604225e+00
6.509000000000000341e-01	1.954697989857544060e+00
6.544999999999999707e-01	2.277258929413870092e+00
6.581000000000000183e-01	2.715460610114662554e+00
6.616999999999999549e-01	2.568147505720566492e+00
6.653000000000000025e-01	3.218932520321543755e+00
6.689000000000000501e-01	3.248620045247560650e+00
6.724999999999999867e-01	3.457113518773307526e+00
6.762000000000000233e-01	3.290152005781675548e+00
6.797999999999999599e-01	3.483276665485516954e+00
6.834000000000000075e-01	3.527047535342833662e+00
6.870000000000000551e-01	3.299051338202867445e+00
6.905999999999999917e-01	3.607532431599574263e+00
6.942000000000000393e-01	3.180725081005377763e+00
6.977999999999999758e-01	3.411540136299352266e+00
7.014000000000000234e-01	3.177406517222614912e+00
7.049999999999999600e-01	2.445020126613293598e+00
7.086000000000000076e-01	2.670663003847492334e+00
7.122000000000000552e-01	2.881320902833930830e+00
7.157999999999999918e-01	2.720325511283280040e+00
7.194000000000000394e-01	3.074787272046670239e+00
7.229999999999999760e-01	3.003813954406213238e+00
7.267000000000000126e-01	3.036898838822640112e+00
7.302999999999999492e-01	2.948072018529870775e+00
7.338999999999999968e-01	3.051131600007723765e+00
7.375000000000000444e-01	3.542414348432751492e+00
7.410999999999999810e-01	3.687384799474036523e+00
7.447000000000000286e-01	3.850537569152062023e+00
7.482999999999999652e-01	4.893186497398522405e+00
7.519000000000000128e-01	4.790290967433179503e+00
7.554999999999999494e-01	4.607761925080688492e+00
7.590999999999999970e-01	4.132517789683302745e+00
7.627000000000000446e-01	4.742932475700676775e+00
7.662999999999999812e-01	4.436772719405107424e+00
7.699000000000000288e-01	4.026721163644452872e+00
7.734999999999999654e-01	3.717942380602841101e+00
7.772000000000000020e-01	3.897136228656259860e+00
7.808000000000000496e-01	3.609122208996297321e+00
7.843999999999999861e-01	3.505854740398530289e+00
7.880000000000000338e-01	3.406104188263901822e+00
7.915999999999999703e-01	3.437547796725853644e+00
7.952000000000000179e-01	3.116366517919124668e+00
7.987999999999999545e-01	3.398764262258721303e+00
8.024000000000000021e-01	2.948733811803900817e+00
8.060000000000000497e-01	3.820930689006814873e+00
8.095999999999999863e-01	3.000176238675869467e+00
8.132000000000000339e-01	3.135416428497386221e+00
8.167999999999999705e-01	3.067073574697245064e+00
8.204000000000000181e-01	3.297849031116249829e+00
8.239999999999999547e-01	2.937102680653780329e+00
8.276999999999999913e-01	3.278276955852056584e+00
8.313000000000000389e-01	3.320142389564886276e+00
8.348999999999999755e-01	3.413402189252141561e+00
8.385000000000000231e-01	3.478324668173722767e+00
8.420999999999999597e-01	3.062935239240819563e+00
8.457000000000000073e-01	3.145487042486867946e+00
8.493000000000000549e-01	2.758827830478203236e+00
8.528999999999999915e-01	2.680630083971034416e+00
8.565000000000000391e-01	2.499913137910267924e+00
8.600999999999999757e-01	2.524364725533135623e+00
8.637000000000000233e-01	2.291344078608581913e+00
8.672999999999999599e-01	2.229427124769348012e+00
8.709000000000000075e-01	2.364164112345946478e+00
8.745000000000000551e-01	2.467514706094662280e+00
8.781999999999999806e-01	2.402858553023155430e+00
8.818000000000000282e-01	2.271332326598048734e+00
8.853999999999999648e-01	2.303599149453659400e+00
8.890000000000000124e-01	2.290385160212492721e+00
8.925999999999999490e-01	2.451069008699505503e+00
8.961999999999999966e-01	2.116010336120243807e+00
8.998000000000000442e-01	2.663230788328453169e+00
9.033999999999999808e-01	2.511958153113869496e+00
9.070000000000000284e-01	2.631595000350232638e+00
9.105999999999999650e-01	2.641386124670604296e+00
9.142000000000000126e-01	2.478260784290267971e+00
9.177999999999999492e-01	2.228505242244841256e+00
9.213999999999999968e-01	2.024706678316624320e+00
9.251000000000000334e-01	2.243507783281719625e+00
9.286999999999999700e-01	1.978255095505113470e+00
9.323000000000000176e-01	2.365396056479899922e+00
9.358999999999999542e-01	2.346790518208207832e+00
9.395000000000000018e-01	2.176944184448323938e+00
9.431000000000000494e-01	2.812645030404849589e+00
9.466999999999999860e-01	2.191711680494218939e+00
9.503000000000000336e-01	2.255472731592838009e+00
9.538999999999999702e-01	2.264625522993505946e+00
9.575000000000000178e-01	2.090576462625736376e+00
9.610999999999999543e-01	2.066349537290523841e+00
9.647000000000000020e-01	2.339842108547853350e+00
9.683000000000000496e-01	1.914099676431606722e+00
9.718999999999999861e-01	2.140747631647487381e+00
9.756000000000000227e-01	1.791961976569130588e+00
9.791999999999999593e-01	1.735582116937183672e+00
9.828000000000000069e-01	1.827185582038153289e+00
9.864000000000000545e-01	1.836869333287305617e+00
9.899999999999999911e-01	1.967980181181880006e+00
9.936000000000000387e-01	2.185457957554209685e+00
9.971999999999999753e-01	2.194146663013032406e+00
1.000799999999999912e+00	2.226342038677445956e+00
1.004399999999999959e+00	2.118036077153857999e+00
1.008000000000000007e+00	1.875874442427192035e+00
1.011600000000000055e+00	1.403227179188913265e+00
1.015200000000000102e+00	1.746809114659884976e+00
1.018799999999999928e+00	1.537446036343435241e+00
1.022399999999999975e+00	1.379208926657881973e+00
1.026100000000000012e+00	1.635053827529446169e+00
1.029700000000000060e+00	1.647074195089983206e+00
1.033300000000000107e+00	1.603844196157728330e+00
1.036899999999999933e+00	1.243087229764032076e+00
1.040499999999999980e+00	1.381879345551339622e+00
1.044100000000000028e+00	1.488623139421279440e+00
1.047700000000000076e+00	1.021235898902106198e+00
1.051299999999999901e+00	1.395018747731413544e+00
1.054899999999999949e+00	1.245759887374166430e+00
1.058499999999999996e+00	1.429351303017680763e+00
1.062100000000000044e+00	1.222121680114049314e+00
1.065700000000000092e+00	1.864513680496233672e+00
1.069299999999999917e+00	1.712722604039584429e+00
1.072899999999999965e+00	2.217076125766371142e+00
1.076600000000000001e+00	1.857009793212287097e+00
1.080200000000000049e+00	1.928897917351815927e+00
1.083800000000000097e+00	1.966826304071842113e+00
1.087399999999999922e+00	2.715415244810996942e+00
1.090999999999999970e+00	3.208479240650738973e+00
1.094600000000000017e+00	3.768610154245086719e+00
1.098200000000000065e+00	3.847084051090057244e+00
1.101799999999999891e+00	4.251772268894081108e+00
1.105399999999999938e+00	3.929273551726167657e+00
1.108999999999999986e+00	3.433484612499930755e+00
1.112600000000000033e+00	2.920025180436823575e+00
1.116200000000000081e+00	2.606496957473143361e+00
1.119799999999999907e+00	2.267111424644085993e+00
1.123399999999999954e+00	2.126414524243875892e+00
1.127099999999999991e+00	2.511800559399348209e+00
1.130700000000000038e+00	1.715520620102450877e+00
1.134300000000000086e+00	2.181523695995339462e+00
1.137899999999999912e+00	2.285232669539356998e+00
1.141499999999999959e+00	2.244427470336938679e+00
1.145100000000000007e+00	2.782901208836583873e+00
1.148700000000000054e+00	3.837389238414230075e+00
1.152300000000000102e+00	4.449128112855240680e+00
1.155899999999999928e+00	5.395579820773311219e+00
1.159499999999999975e+00	5.676642779973879449e+00
1.163100000000000023e+00	6.347605073981700485e+00
1.166700000000000070e+00	5.521357945888056840e+00
1.170299999999999896e+00	5.025638661200846791e+00
1.173899999999999944e+00	4.145947764427186044e+00
1.177599999999999980e+00	4.008068939561578503e+00
1.181200000000000028e+00	3.750305806704187450e+00
1.184800000000000075e+00	4.239256938457160118e+00
1.188399999999999901e+00	4.502136717147481093e+00
1.191999999999999948e+00	4.921133995358971447e+00
1.195599999999999996e+00	4.710000094703908680e+00
1.199200000000000044e+00	4.571070740645010844e+00
1.202800000000000091e+00	4.880221532427974296e+00
1.206399999999999917e+00	4.516323409575531578e+00
1.209999999999999964e+00	4.413691117127773289e+00
1.213600000000000012e+00	4.477820280080853088e+00
1.217200000000000060e+00	3.812964675197573872e+00
1.220800000000000107e+00	4.226543478037234181e+00
1.224399999999999933e+00	3.660978687142037558e+00
1.228099999999999969e+00	4.444427980323713001e+00
1.231700000000000017e+00	3.662700864051130267e+00
1.235300000000000065e+00	4.242708476729142753e+00
1.238899999999999890e+00	4.398792049829010509e+00
1.242499999999999938e+00	4.736697256621586583e+00
1.246099999999999985e+00	4.389253337779501329e+00
1.249700000000000033e+00	4.769456056317762815e+00
1.253300000000000081e+00	4.442158425766191243e+00
1.256899999999999906e+00	4.177691697847560448e+00
1.260499999999999954e+00	3.691793965341408690e+00
1.264100000000000001e+00	3.878560280753880818e+00
1.267700000000000049e+00	3.864601476682580916e+00
1.271300000000000097e+00	3.891259482761676658e+00
1.274899999999999922e+00	3.799870515718577479e+00
1.278599999999999959e+00	3.946939501908056869e+00
1.282200000000000006e+00	4.001022317726393496e+00
1.285800000000000054e+00	3.525812848461434168e+00
1.289400000000000102e+00	3.874981972794818041e+00
1.292999999999999927e+00	4.128913425561608896e+00
1.296599999999999975e+00	4.224048937771586409e+00
1.300200000000000022e+00	4.853808473222860798e+00
1.303800000000000070e+00	4.632003856199372827e+00
1.307399999999999896e+00	4.888089541784692571e+00
1.310999999999999943e+00	4.914634629732278270e+00
1.314599999999999991e+00	5.720664240890893204e+00
1.318200000000000038e+00	5.268648080526718402e+00
1.321800000000000086e+00	5.205573789674208918e+00
1.325499999999999901e+00	5.089142223538279275e+00
1.329099999999999948e+00	5.501857296334195624e+00
1.332699999999999996e+00	4.838564129631225619e+00
1.336300000000000043e+00	4.590980277513778240e+00
1.339900000000000091e+00	4.907840778662403203e+00
1.343499999999999917e+00	4.655466940193006664e+00
1.347099999999999964e+00	4.693073944776442019e+00
1.350700000000000012e+00	4.859914165607334802e+00
1.354300000000000059e+00	4.493988738257575832e+00
1.357900000000000107e+00	4.401743436538964716e+00
1.361499999999999932e+00	4.766542467762158175e+00
1.365099999999999980e+00	4.955144232006615468e+00
1.368700000000000028e+00	4.912938407662080564e+00
1.372300000000000075e+00	4.825105257065173348e+00
1.375999999999999890e+00	4.756038816355625087e+00
1.379599999999999937e+00	5.022260569037979572e+00
1.383199999999999985e+00	5.646476855975100406e+00
1.386800000000000033e+00	5.547227261415930144e+00
1.390400000000000080e+00	5.752461933623497004e+00
1.393999999999999906e+00	6.165124681514661198e+00
1.397599999999999953e+00	6.168524233016720260e+00
1.401200000000000001e+00	6.506740892116531505e+00
1.404800000000000049e+00	7.020776239363572202e+00
1.408400000000000096e+00	6.993391483314036705e+00
1.411999999999999922e+00	7.007952811501537482e+00
1.415599999999999969e+00	7.161606539840738250e+00
1.419200000000000017e+00	6.917632415078353247e+00
1.422800000000000065e+00	6.218596046194287297e+00
1.426500000000000101e+00	6.058783455283847097e+00
1.430099999999999927e+00	5.793680744579274844e+00
1.433699999999999974e+00	5.478554774999939703e+00
1.437300000000000022e+00	5.728617095682112748e+00
1.440900000000000070e+00	5.578490462207903455e+00
1.444499999999999895e+00	6.066480543278585991e+00
1.448099999999999943e+00	5.497851025782999557e+00
1.451699999999999990e+00	5.686753681330958266e+00
1.455300000000000038e+00	5.790483038626733858e+00
1.458900000000000086e+00	5.957586329752971643e+00
1.462499999999999911e+00	6.173410698773294847e+00
1.466099999999999959e+00	6.450946918633517768e+00
1.469700000000000006e+00	6.547759029814931075e+00
1.473300000000000054e+00	7.232526627259241003e+00
1.477000000000000091e+00	7.088637727640164421e+00
1.480599999999999916e+00	6.981570393951587405e+00
1.484199999999999964e+00	7.226274485951541315e+00
1.487800000000000011e+00	7.219713375571263470e+00
1.491400000000000059e+00	6.964038691042737206e+00
1.495000000000000107e+00	6.936057459561581595e+00
1.498599999999999932e+00	6.872822024601927815e+00
1.502199999999999980e+00	7.136134739752631795e+00
1.505800000000000027e+00	6.696246292867377825e+00
1.509400000000000075e+00	6.828789292353446783e+00
1.512999999999999901e+00	6.636041864590848327e+00
1.516599999999999948e+00	7.067256271054922934e+00
1.520199999999999996e+00	7.008741998279737651e+00
1.523800000000000043e+00	7.076395123324329184e+00
1.527500000000000080e+00	7.477742282098478910e+00
1.531099999999999905e+00	8.062550629663913782e+00
1.534699999999999953e+00	8.322948344987189273e+00
1.538300000000000001e+00	8.307886427049705702e+00
1.541900000000000048e+00	8.164938213189518734e+00
1.545500000000000096e+00	8.758850493891976896e+00
1.549099999999999921e+00	8.216892772913697129e+00
1.552699999999999969e+00	8.507276240601147066e+00
1.556300000000000017e+00	8.273535303825019227e+00
1.559900000000000064e+00	8.849702216476716288e+00
1.563499999999999890e+00	8.630364509455564104e+00
1.567099999999999937e+00	8.749721821510657804e+00
1.570699999999999985e+00	8.793384149675585348e+00
1.574300000000000033e+00	8.209641905581234411e+00
1.578000000000000069e+00	8.690223581743245163e+00
1.581599999999999895e+00	8.450293270835508963e+00
1.585199999999999942e+00	8.866656542990213552e+00
1.588799999999999990e+00	8.980805184681960540e+00
1.592400000000000038e+00	9.658150034758950397e+00
1.596000000000000085e+00	9.745937255301607038e+00
1.599599999999999911e+00	1.024097714640246437e+01
1.603199999999999958e+00	1.014408709186456115e+01
1.606800000000000006e+00	1.053226218100607170e+01
1.610400000000000054e+00	1.067009870274758576e+01
1.614000000000000101e+00	1.051962890821112850e+01
1.617599999999999927e+00	1.076310251570893328e+01
1.621199999999999974e+00	1.085289810144876554e+01
1.624800000000000022e+00	1.136267870621947296e+01
1.628500000000000059e+00	1.224449160523851177e+01
1.632100000000000106e+00	1.228667149808184966e+01
1.635699999999999932e+00	1.296750693301780544e+01
1.639299999999999979e+00	1.366727651208376315e+01
1.642900000000000027e+00	1.428418644048318598e+01
1.646500000000000075e+00	1.440968153070755164e+01
1.650099999999999900e+00	1.536219075127088018e+01
1.653699999999999948e+00	1.615211619372495733e+01
1.657299999999999995e+00	1.769331888480340353e+01
1.660900000000000043e+00	1.906616856109411273e+01
1.664500000000000091e+00	2.100496180263199619e+01
1.668099999999999916e+00	2.222126359568656895e+01
1.671699999999999964e+00	2.191027395473899020e+01
1.675400000000000000e+00	2.115118263517848973e+01
1.679000000000000048e+00	1.892217895111488701e+01
1.682600000000000096e+00	1.745834862195576775e+01
1.686199999999999921e+00	1.566715330424622898e+01
1.689799999999999969e+00	1.414162500457353389e+01
1.693400000000000016e+00	1.399509564816219509e+01
1.697000000000000064e+00	1.425238350735421555e+01
1.700599999999999890e+00	1.519635153160384888e+01
1.704199999999999937e+00	1.651717661274879134e+01
1.707799999999999985e+00	1.785723979407861961e+01
1.711400000000000032e+00	1.881344952298767836e+01
1.715000000000000080e+00	1.893862325707256034e+01
1.718599999999999905e+00	1.794474680113318854e+01
1.722199999999999953e+00	1.577305657060522392e+01
1.725899999999999990e+00	1.390398715126183760e+01
1.729500000000000037e+00	1.194404482181225369e+01
1.733100000000000085e+00	1.028635146268785583e+01
1.736699999999999910e+00	1.038647179504672202e+01
1.740299999999999958e+00	1.021896019234581843e+01
1.743900000000000006e+00	1.014529106110589218e+01
1.747500000000000053e+00	1.086243820114965075e+01
1.751100000000000101e+00	1.070173250404326737e+01
1.754699999999999926e+00	1.078320744865664693e+01
1.758299999999999974e+00	1.071432857247308057e+01
1.761900000000000022e+00	1.077919742645248036e+01
1.765500000000000069e+00	1.090235449596975137e+01
1.769099999999999895e+00	1.098240109215650051e+01
1.772699999999999942e+00	1.072348136900849980e+01
1.776399999999999979e+00	1.077271639947362303e+01
1.780000000000000027e+00	1.050482696007110306e+01
1.783600000000000074e+00	1.018295555264663754e+01
1.787199999999999900e+00	1.029783145646692333e+01
1.790799999999999947e+00	1.007487380941527455e+01
1.794399999999999995e+00	1.016930067569639107e+01
1.798000000000000043e+00	9.400805079416819865e+00
1.801600000000000090e+00	1.030951541538392746e+01
1.805199999999999916e+00	9.728018817841334709e+00
1.808799999999999963e+00	9.970183029700178778e+00
1.812400000000000011e+00	9.550737184653007361e+00
1.816000000000000059e+00	9.387645019788521950e+00
1.819600000000000106e+00	9.216396836006010673e+00
1.823199999999999932e+00	9.019666933325844127e+00
1.826899999999999968e+00	9.296657257105293226e+00
1.830500000000000016e+00	9.161594201550032679e+00
1.834100000000000064e+00	8.722323699013657006e+00
1.837699999999999889e+00	8.577439334130824378e+00
1.841299999999999937e+00	9.189338897733298595e+00
1.844899999999999984e+00	9.127569521811233599e+00
1.848500000000000032e+00	9.682109690658670331e+00
1.852100000000000080e+00	1.041679656422319944e+01
1.855699999999999905e+00	1.117895280840729733e+01
1.859299999999999953e+00	1.174279136342582852e+01
1.862900000000000000e+00	1.219476978641489495e+01
1.866500000000000048e+00	1.224987837567372218e+01
1.870100000000000096e+00	1.163838362859902276e+01
1.873699999999999921e+00	1.077038727895759784e+01
1.877399999999999958e+00	1.038550736235219674e+01
1.881000000000000005e+00	1.035477824511690415e+01
1.884600000000000053e+00	1.035820740394738593e+01
1.888200000000000101e+00	1.064336105121892473e+01
1.891799999999999926e+00	1.102627168640034050e+01
1.895399999999999974e+00	1.196720422895477576e+01
1.899000000000000021e+00	1.194998116638655539e+01
1.902600000000000069e+00	1.185293502384909559e+01
1.906199999999999894e+00	1.226888651712579126e+01
1.909799999999999942e+00	1.221580555097310317e+01
1.913399999999999990e+00	1.226245470372260904e+01
1.917000000000000037e+00	1.199813366943203974e+01
1.920600000000000085e+00	1.267875279336499617e+01
1.924199999999999910e+00	1.237250433038940400e+01
1.927899999999999947e+00	1.173084771866679255e+01
1.931499999999999995e+00	1.186977527423291257e+01
1.935100000000000042e+00	1.154184659716335659e+01
1.938700000000000090e+00	1.173390717795743576e+01
1.942299999999999915e+00	1.249045942925439689e+01
1.945899999999999963e+00	1.295025981040855179e+01
1.949500000000000011e+00	1.433178632594728619e+01
1.953100000000000058e+00	1.546620861668802682e+01
1.956700000000000106e+00	1.621728181699898741e+01
1.960299999999999931e+00	1.625224964496672442e+01
1.963899999999999979e+00	1.636761366709342269e+01
1.967500000000000027e+00	1.594893144824037456e+01
1.971100000000000074e+00	1.588469144815153200e+01
1.974699999999999900e+00	1.500517108630058161e+01
1.978399999999999936e+00	1.462150137451865106e+01
1.981999999999999984e+00	1.436473334875201324e+01
1.985600000000000032e+00	1.455403853211663545e+01
1.989200000000000079e+00	1.470073652414364851e+01
1.992799999999999905e+00	1.568491715287792765e+01
1.996399999999999952e+00	1.714559269041093614e+01
2.000000000000000000e+00	1.886676145853702735e+01
