2.000000000000000111e-01	1.781676247382991018e+00
2.036000000000000032e-01	1.737556118735619215e+00
2.071999999999999953e-01	1.455102583703803409e+00
2.107999999999999874e-01	1.399388311136877450e+00
2.144000000000000072e-01	1.743004400315010027e+00
2.179999999999999993e-01	1.016812020414310735e+00
2.215999999999999914e-01	1.374674572455907295e+00
2.253000000000000003e-01	1.088059719062707709e+00
2.288999999999999924e-01	9.057444751669563310e-01
2.325000000000000122e-01	3.715839068469479756e-01
2.361000000000000043e-01	9.865451427557812014e-01
2.396999999999999964e-01	9.424839346563440579e-01
2.432999999999999885e-01	7.461609094551753252e-01
2.469000000000000083e-01	6.953176471384450164e-01
2.505000000000000004e-01	1.440196377455667420e+00
2.540999999999999925e-01	1.634244055789147998e+00
2.576999999999999846e-01	1.921104081939712049e+00
2.612999999999999767e-01	1.944825780359093814e+00
2.649000000000000243e-01	1.830241047830479584e+00
2.685000000000000164e-01	2.409336595975096973e+00
2.721000000000000085e-01	3.447106495183155150e+00
2.757999999999999896e-01	2.838640644990048756e+00
2.793999999999999817e-01	3.748454610796858155e+00
2.829999999999999738e-01	4.135069087476846761e+00
2.866000000000000214e-01	3.790001353143476415e+00
2.902000000000000135e-01	3.838487358709036901e+00
2.938000000000000056e-01	4.813624467803744977e+00
2.973999999999999977e-01	3.543788421461622651e+00
3.009999999999999898e-01	4.167131139451033306e+00
3.045999999999999819e-01	3.986439045174051898e+00
3.081999999999999740e-01	4.615847659350164278e+00
3.118000000000000216e-01	3.884251286647204537e+00
3.154000000000000137e-01	4.018808767438490470e+00
3.190000000000000058e-01	2.881789663370578847e+00
3.225999999999999979e-01	2.628564177485916087e+00
3.262999999999999790e-01	2.709647690442151813e+00
3.299000000000000266e-01	2.377065434954465317e+00
3.335000000000000187e-01	1.113687168089332324e+00
3.371000000000000107e-01	1.256684477149858647e+00
3.407000000000000028e-01	4.848926473920842639e-01
3.442999999999999949e-01	7.880161630229827185e-01
3.478999999999999870e-01	5.938556573229776259e-01
3.514999999999999791e-01	7.690692509025528478e-01
3.551000000000000267e-01	4.643642687246983258e-01
3.587000000000000188e-01	7.521776879649221259e-01
3.623000000000000109e-01	7.226023263741480074e-01
3.659000000000000030e-01	2.174783093219008756e-01
3.694999999999999951e-01	1.530871939846748742e+00
3.730999999999999872e-01	2.082678612102903948e+00
3.768000000000000238e-01	1.793063345654409835e+00
3.804000000000000159e-01	3.038487416009646225e+00
3.840000000000000080e-01	2.969351876644473087e+00
3.876000000000000001e-01	3.196500040859929559e+00
3.911999999999999922e-01	3.834862548162938811e+00
3.947999999999999843e-01	3.877607096833500133e+00
3.983999999999999764e-01	4.383453066050963187e+00
4.020000000000000240e-01	4.549665387782290793e+00
4.056000000000000161e-01	4.992173461921749933e+00
4.092000000000000082e-01	4.500884590926350626e+00
4.128000000000000003e-01	4.209867450620897067e+00
4.163999999999999924e-01	4.327210675478103674e+00
4.199999999999999845e-01	3.899459613825704274e+00
4.235999999999999766e-01	4.102971840636626233e+00
4.273000000000000131e-01	4.138174383677222679e+00
4.309000000000000052e-01	4.132033423820953288e+00
4.344999999999999973e-01	3.153654741946962492e+00
4.380999999999999894e-01	3.078453106622004221e+00
4.416999999999999815e-01	2.694354916291629376e+00
4.452999999999999736e-01	2.624337383779133059e+00
4.489000000000000212e-01	1.844127103396652867e+00
4.525000000000000133e-01	2.144666245699482943e+00
4.561000000000000054e-01	2.252036532346402886e+00
4.596999999999999975e-01	2.669529227391688408e+00
4.632999999999999896e-01	2.891524852551891733e+00
4.668999999999999817e-01	2.830167827609296971e+00
4.704999999999999738e-01	2.637060044282632632e+00
4.741000000000000214e-01	2.606090869866144910e+00
4.778000000000000025e-01	3.129748145909933221e+00
4.813999999999999946e-01	4.004527718756096810e+00
4.849999999999999867e-01	3.662561766134467600e+00
4.885999999999999788e-01	4.333013234306767991e+00
4.922000000000000264e-01	4.804327660502375252e+00
4.958000000000000185e-01	4.030306964549112969e+00
4.994000000000000106e-01	3.763096593471080720e+00
5.030000000000000027e-01	4.750145887671572531e+00
5.066000000000000503e-01	4.656805473384288518e+00
5.101999999999999869e-01	5.006284804341363248e+00
5.138000000000000345e-01	4.598344519747119108e+00
5.173999999999999710e-01	5.090831698054856247e+00
5.210000000000000187e-01	5.887686895086990724e+00
5.245999999999999552e-01	5.014635030448951092e+00
5.282999999999999918e-01	4.237687904221142610e+00
5.319000000000000394e-01	4.752622485186504875e+00
5.354999999999999760e-01	4.677713210383153353e+00
5.391000000000000236e-01	4.132705915798719154e+00
5.426999999999999602e-01	3.882244886570356712e+00
5.463000000000000078e-01	4.177971828064547921e+00
5.499000000000000554e-01	2.854460922038299042e+00
5.534999999999999920e-01	3.609538817391784171e+00
5.571000000000000396e-01	3.060263548878105144e+00
5.606999999999999762e-01	2.904137088726877813e+00
5.643000000000000238e-01	2.396796580119333164e+00
5.678999999999999604e-01	3.004540074857640963e+00
5.715000000000000080e-01	2.442449894248348130e+00
5.752000000000000446e-01	2.441942762459017757e+00
5.787999999999999812e-01	2.202852338504055041e+00
5.824000000000000288e-01	2.066324472964324421e+00
5.859999999999999654e-01	2.095226347310889636e+00
5.896000000000000130e-01	2.141727401622995686e+00
5.931999999999999496e-01	1.051390781901327731e+00
5.967999999999999972e-01	1.312597405552140994e+00
6.004000000000000448e-01	1.112808842085468264e+00
6.039999999999999813e-01	1.024239109646016388e+00
6.076000000000000290e-01	1.757835403711836442e+00
6.111999999999999655e-01	1.523639500554349713e+00
6.148000000000000131e-01	9.520724728157046179e-01
6.183999999999999497e-01	1.688933449704552503e+00
6.219999999999999973e-01	1.541949150269001700e+00
6.257000000000000339e-01	2.101478064796863165e+00
6.292999999999999705e-01	1.935397595310517804e+00
6.329000000000000181e-01	1.682982626239575730e+00
6.364999999999999547e-01	2.916331775800772519e+00
6.401000000000000023e-01	1.865437683550638770e+00
6.437000000000000499e-01	3.317844090237970001e+00
6.472999999999999865e-01	2.537336435101963605e+00
6.509000000000000341e-01	2.847203711010686256e+00
6.544999999999999707e-01	2.871319883927059280e+00
6.581000000000000183e-01	2.648331750237582050e+00
6.616999999999999549e-01	2.784211237238572778e+00
6.653000000000000025e-01	2.004428333336453871e+00
6.689000000000000501e-01	1.460695166881394780e+00
6.724999999999999867e-01	1.686167424074971555e+00
6.762000000000000233e-01	1.957839485414315295e+00
6.797999999999999599e-01	1.497576976974286156e+00
6.834000000000000075e-01	1.081604156291870344e+00
6.870000000000000551e-01	5.694715089618751502e-01
6.905999999999999917e-01	-1.381500973540343291e-01
6.942000000000000393e-01	-3.356184818641366752e-01
6.977999999999999758e-01	2.203905060265701765e-01
7.014000000000000234e-01	1.361111961737160314e-02
7.049999999999999600e-01	2.611793974758894743e-01
7.086000000000000076e-01	-6.256187808159527908e-01
7.122000000000000552e-01	-3.405341583745242207e-01
7.157999999999999918e-01	1.594974573420376851e-01
7.194000000000000394e-01	-2.390869404872891790e-01
7.229999999999999760e-01	3.034295154702258412e-01
7.267000000000000126e-01	-3.227840681744705842e-01
7.302999999999999492e-01	7.797838819684181910e-01
7.338999999999999968e-01	5.569659399524999888e-01
7.375000000000000444e-01	1.466748384753623569e+00
7.410999999999999810e-01	1.570270847828577843e+00
7.447000000000000286e-01	1.658750857663582101e+00
7.482999999999999652e-01	1.931259858603333157e+00
7.519000000000000128e-01	2.434638897829942916e+00
7.554999999999999494e-01	2.246836806656834273e+00
7.590999999999999970e-01	1.632614260385443439e+00
7.627000000000000446e-01	2.245655440987711415e+00
7.662999999999999812e-01	2.562661089561557581e+00
7.699000000000000288e-01	2.280140062881308438e+00
7.734999999999999654e-01	1.928559203205907124e+00
7.772000000000000020e-01	1.854511866671983533e+00
7.808000000000000496e-01	1.690260630435745703e+00
7.843999999999999861e-01	2.204255991142205495e+00
7.880000000000000338e-01	2.155992452960131089e+00
7.915999999999999703e-01	1.737774523736143717e+00
7.952000000000000179e-01	2.213070987778834819e+00
7.987999999999999545e-01	1.510499864683296778e+00
8.024000000000000021e-01	2.104058696175236776e+00
8.060000000000000497e-01	1.592355751869297453e+00
8.095999999999999863e-01	2.450972959877004698e+00
8.132000000000000339e-01	1.463024333590132731e+00
8.167999999999999705e-01	1.077759613843628062e+00
8.204000000000000181e-01	8.208117422807886809e-01
8.239999999999999547e-01	7.361899910698777028e-01
8.276999999999999913e-01	7.475776262742863665e-01
8.313000000000000389e-01	1.015906285132816000e+00
8.348999999999999755e-01	1.698813713370676659e+00
8.385000000000000231e-01	2.301757004727005729e+00
8.420999999999999597e-01	1.703474106969095958e+00
8.457000000000000073e-01	1.908704392130947891e+00
8.493000000000000549e-01	2.408962625772104627e+00
8.528999999999999915e-01	3.715684253005221649e+00
8.565000000000000391e-01	2.993183874369456543e+00
8.600999999999999757e-01	4.151012239912780899e+00
8.637000000000000233e-01	4.426864724581252908e+00
8.672999999999999599e-01	3.964071422923177934e+00
8.709000000000000075e-01	4.315092035561937323e+00
8.745000000000000551e-01	4.855057212566622482e+00
8.781999999999999806e-01	5.004461833369844292e+00
8.818000000000000282e-01	5.091557947777968884e+00
8.853999999999999648e-01	4.211837584343416374e+00
8.890000000000000124e-01	4.428639175658505067e+00
8.925999999999999490e-01	4.497380982311812936e+00
8.961999999999999966e-01	4.240108204833513916e+00
8.998000000000000442e-01	3.137409852825467027e+00
9.033999999999999808e-01	3.198525657532182098e+00
9.070000000000000284e-01	3.904215137510262501e+00
9.105999999999999650e-01	2.642355866554078947e+00
9.142000000000000126e-01	3.032823505560712007e+00
9.177999999999999492e-01	3.255401526032769333e+00
9.213999999999999968e-01	3.018900650980635092e+00
9.251000000000000334e-01	3.072353183339990856e+00
9.286999999999999700e-01	2.822676187571131923e+00
9.323000000000000176e-01	3.461099414720263390e+00
9.358999999999999542e-01	3.227706747049547076e+00
9.395000000000000018e-01	2.881481556188300708e+00
9.431000000000000494e-01	3.111632319578355954e+00
9.466999999999999860e-01	3.773823192007004224e+00
9.503000000000000336e-01	3.683375711813454689e+00
9.538999999999999702e-01	4.185248032622617131e+00
9.575000000000000178e-01	4.591501492756673741e+00
9.610999999999999543e-01	4.852027310835333118e+00
9.647000000000000020e-01	5.365301188961215217e+00
9.683000000000000496e-01	5.510082655809206642e+00
9.718999999999999861e-01	6.066483288635539317e+00
9.756000000000000227e-01	5.070763009086517670e+00
9.791999999999999593e-01	6.062448145705745972e+00
9.828000000000000069e-01	6.016024692477028424e+00
9.864000000000000545e-01	5.896098686323966831e+00
9.899999999999999911e-01	6.170269053529240821e+00
9.936000000000000387e-01	6.640055599275354048e+00
9.971999999999999753e-01	6.749986398735741133e+00
1.000799999999999912e+00	6.298327989853166997e+00
1.004399999999999959e+00	6.544422739140546952e+00
1.008000000000000007e+00	6.658079858909131232e+00
1.011600000000000055e+00	5.785756288121481461e+00
1.015200000000000102e+00	5.665322351572388726e+00
1.018799999999999928e+00	5.953590139805344350e+00
1.022399999999999975e+00	4.617892282325941622e+00
1.026100000000000012e+00	4.484232839035010798e+00
1.029700000000000060e+00	4.785885067039787444e+00
1.033300000000000107e+00	5.359368376230242426e+00
1.036899999999999933e+00	4.630623381534934246e+00
1.040499999999999980e+00	4.723508562708090608e+00
1.044100000000000028e+00	4.173626120977328213e+00
1.047700000000000076e+00	4.382091772038728017e+00
1.051299999999999901e+00	4.272587375527527875e+00
1.054899999999999949e+00	4.120041526182913749e+00
1.058499999999999996e+00	3.931643908094610396e+00
1.062100000000000044e+00	4.238840477723003985e+00
1.065700000000000092e+00	4.881827391785387604e+00
1.069299999999999917e+00	5.101513492335117306e+00
1.072899999999999965e+00	5.100515777205331780e+00
1.076600000000000001e+00	5.175006134498373100e+00
1.080200000000000049e+00	5.381409407182152549e+00
1.083800000000000097e+00	4.873378617147156255e+00
1.087399999999999922e+00	6.268255206250409550e+00
1.090999999999999970e+00	5.944548246610784403e+00
1.094600000000000017e+00	6.585921549167561118e+00
1.098200000000000065e+00	6.635643538430898047e+00
1.101799999999999891e+00	7.478019364439315808e+00
1.105399999999999938e+00	6.960122842158850354e+00
1.108999999999999986e+00	6.528478616629298514e+00
1.112600000000000033e+00	6.666293594185860982e+00
1.116200000000000081e+00	6.835321370886266124e+00
1.119799999999999907e+00	5.598668107102015234e+00
1.123399999999999954e+00	4.972801402704494222e+00
1.127099999999999991e+00	4.618974340457233652e+00
1.130700000000000038e+00	5.422750560911580919e+00
1.134300000000000086e+00	3.819127015174235140e+00
1.137899999999999912e+00	4.814946727149214567e+00
1.141499999999999959e+00	4.728649873898880251e+00
1.145100000000000007e+00	5.191721759674546632e+00
1.148700000000000054e+00	5.833065227385837659e+00
1.152300000000000102e+00	6.109708610612658575e+00
1.155899999999999928e+00	5.764232576792934104e+00
1.159499999999999975e+00	6.517228675804132010e+00
1.163100000000000023e+00	5.738683864812463398e+00
1.166700000000000070e+00	6.145103515531930682e+00
1.170299999999999896e+00	5.353887153395038290e+00
1.173899999999999944e+00	4.303756095844656571e+00
1.177599999999999980e+00	4.840033738574178734e+00
1.181200000000000028e+00	4.741185720252493851e+00
1.184800000000000075e+00	5.412263336831807159e+00
1.188399999999999901e+00	5.663570771463373177e+00
1.191999999999999948e+00	5.162368827869678434e+00
1.195599999999999996e+00	4.782385637486381569e+00
1.199200000000000044e+00	5.147605987128062388e+00
1.202800000000000091e+00	4.654742032534270990e+00
1.206399999999999917e+00	5.070342104007470319e+00
1.209999999999999964e+00	4.702948219876657454e+00
1.213600000000000012e+00	4.495028867003734163e+00
1.217200000000000060e+00	4.327873984158912890e+00
1.220800000000000107e+00	4.123920264691575355e+00
1.224399999999999933e+00	3.884804630816757420e+00
1.228099999999999969e+00	3.889003616468011959e+00
1.231700000000000017e+00	3.510428143269418655e+00
1.235300000000000065e+00	3.717327182892100623e+00
1.238899999999999890e+00	2.534586348564673131e+00
1.242499999999999938e+00	2.947755487261265461e+00
1.246099999999999985e+00	3.275707303981829632e+00
1.249700000000000033e+00	2.945798776683132392e+00
1.253300000000000081e+00	2.061416577475738254e+00
1.256899999999999906e+00	2.092045139186420322e+00
1.260499999999999954e+00	1.911716966820778296e+00
1.264100000000000001e+00	1.524581690095309972e+00
1.267700000000000049e+00	1.825179577652773499e+00
1.271300000000000097e+00	8.961519053643772770e-01
1.274899999999999922e+00	7.681577964687285043e-01
1.278599999999999959e+00	1.621252823578022362e+00
1.282200000000000006e+00	-4.876912277371504567e-01
1.285800000000000054e+00	1.025854580318274811e+00
1.289400000000000102e+00	1.151717135648883783e+00
1.292999999999999927e+00	5.984483347542359777e-01
1.296599999999999975e+00	1.516069418554499615e+00
1.300200000000000022e+00	2.270201926048388330e+00
1.303800000000000070e+00	1.435528538239574159e+00
1.307399999999999896e+00	1.305683295945750499e+00
1.310999999999999943e+00	1.918932057536154367e+00
1.314599999999999991e+00	1.986897380393920942e+00
1.318200000000000038e+00	2.040396089253906364e+00
1.321800000000000086e+00	2.606149131654308171e+00
1.325499999999999901e+00	1.925436242572760026e+00
1.329099999999999948e+00	2.490163362477963105e+00
1.332699999999999996e+00	2.259020981208535339e+00
1.336300000000000043e+00	2.544336095573828338e+00
1.339900000000000091e+00	2.767636704823310811e+00
1.343499999999999917e+00	3.281326794628265375e+00
1.347099999999999964e+00	3.088909678853847485e+00
1.350700000000000012e+00	3.505505377261633360e+00
1.354300000000000059e+00	3.245499161541891109e+00
1.357900000000000107e+00	2.879753227019254069e+00
1.361499999999999932e+00	3.789360940689427526e+00
1.365099999999999980e+00	3.000784869649431030e+00
1.368700000000000028e+00	2.784827252518310647e+00
1.372300000000000075e+00	2.486157915955025999e+00
1.375999999999999890e+00	3.022580257123694381e+00
1.379599999999999937e+00	2.695302260366145841e+00
1.383199999999999985e+00	3.077409268434813328e+00
1.386800000000000033e+00	2.839355744776628221e+00
1.390400000000000080e+00	3.477112685350328469e+00
1.393999999999999906e+00	2.721610780301640276e+00
1.397599999999999953e+00	3.574437069722174787e+00
1.401200000000000001e+00	3.337403171922914691e+00
1.404800000000000049e+00	4.796586460690317466e+00
1.408400000000000096e+00	4.315299089549842648e+00
1.411999999999999922e+00	4.927846443110476038e+00
1.415599999999999969e+00	5.105363783127461197e+00
1.419200000000000017e+00	4.974919951627897241e+00
1.422800000000000065e+00	5.036919426174987002e+00
1.426500000000000101e+00	5.259317732651799915e+00
1.430099999999999927e+00	4.846424190957547395e+00
1.433699999999999974e+00	5.274548496678264975e+00
1.437300000000000022e+00	6.167105112711950277e+00
1.440900000000000070e+00	6.003071875628526399e+00
1.444499999999999895e+00	5.763879965030512587e+00
1.448099999999999943e+00	6.240162422138062936e+00
1.451699999999999990e+00	6.351240517188715629e+00
1.455300000000000038e+00	6.273816066212599019e+00
1.458900000000000086e+00	6.648960782102463440e+00
1.462499999999999911e+00	6.384477245657394384e+00
1.466099999999999959e+00	6.552303437332497538e+00
1.469700000000000006e+00	6.368255487555857464e+00
1.473300000000000054e+00	6.514166529282136686e+00
1.477000000000000091e+00	7.395197586121804889e+00
1.480599999999999916e+00	8.168441964456450322e+00
1.484199999999999964e+00	7.334710124588611713e+00
1.487800000000000011e+00	7.636077854421922773e+00
1.491400000000000059e+00	8.231240061701150523e+00
1.495000000000000107e+00	7.805630077624283736e+00
1.498599999999999932e+00	8.423742556423077232e+00
1.502199999999999980e+00	7.592135228994679963e+00
1.505800000000000027e+00	7.960434870398159113e+00
1.509400000000000075e+00	7.715319873183867472e+00
1.512999999999999901e+00	7.535263758254429511e+00
1.516599999999999948e+00	7.983228829886503952e+00
1.520199999999999996e+00	7.889366917974078852e+00
1.523800000000000043e+00	8.478384218672916361e+00
1.527500000000000080e+00	8.020621325191269690e+00
1.531099999999999905e+00	8.298311056946310771e+00
1.534699999999999953e+00	8.194880047987595617e+00
1.538300000000000001e+00	8.588761660934087772e+00
1.541900000000000048e+00	8.915203551029378559e+00
1.545500000000000096e+00	9.029097119991524423e+00
1.549099999999999921e+00	9.486698219900992157e+00
1.552699999999999969e+00	9.341365795226185043e+00
1.556300000000000017e+00	8.009111819365912766e+00
1.559900000000000064e+00	8.870167433864388329e+00
1.563499999999999890e+00	8.418551175760430993e+00
1.567099999999999937e+00	8.230875561457486000e+00
1.570699999999999985e+00	7.658378855609341507e+00
1.574300000000000033e+00	8.342465095213158932e+00
1.578000000000000069e+00	7.879132133619487277e+00
1.581599999999999895e+00	7.978177619576239721e+00
1.585199999999999942e+00	8.198062451109322524e+00
1.588799999999999990e+00	7.978515919949365376e+00
1.592400000000000038e+00	9.186675059265441590e+00
1.596000000000000085e+00	8.514374701480711849e+00
1.599599999999999911e+00	8.633325899949493731e+00
1.603199999999999958e+00	9.098831169431704780e+00
1.606800000000000006e+00	9.808146049781305109e+00
1.610400000000000054e+00	1.016937983666828949e+01
1.614000000000000101e+00	1.027226546910288008e+01
1.617599999999999927e+00	1.042674018197817887e+01
1.621199999999999974e+00	1.057335254655836820e+01
1.624800000000000022e+00	1.059820377575672090e+01
1.628500000000000059e+00	1.207727100522689057e+01
1.632100000000000106e+00	1.319131531305896132e+01
1.635699999999999932e+00	1.363973597155250062e+01
1.639299999999999979e+00	1.401755839615588961e+01
1.642900000000000027e+00	1.413649799737524582e+01
1.646500000000000075e+00	1.429334536542531708e+01
1.650099999999999900e+00	1.343078069355513193e+01
1.653699999999999948e+00	1.552146748792154440e+01
1.657299999999999995e+00	1.573499867282684228e+01
1.660900000000000043e+00	1.778283646704730714e+01
1.664500000000000091e+00	1.895563656833273214e+01
1.668099999999999916e+00	2.076425635018850002e+01
1.671699999999999964e+00	2.128843968520921592e+01
1.675400000000000000e+00	2.137515036517987710e+01
1.679000000000000048e+00	2.137869065873748298e+01
1.682600000000000096e+00	1.980632458932256768e+01
1.686199999999999921e+00	1.893945391854824223e+01
1.689799999999999969e+00	1.884385122091847720e+01
1.693400000000000016e+00	1.822556780833230405e+01
1.697000000000000064e+00	1.713096422700313326e+01
1.700599999999999890e+00	1.800675519686955894e+01
1.704199999999999937e+00	1.820748827215570387e+01
1.707799999999999985e+00	1.804169746266518359e+01
1.711400000000000032e+00	1.857886130716280704e+01
1.715000000000000080e+00	1.851122598247591000e+01
1.718599999999999905e+00	1.785484607551959257e+01
1.722199999999999953e+00	1.500670398380441739e+01
1.725899999999999990e+00	1.307568817364482960e+01
1.729500000000000037e+00	1.075738125421153768e+01
1.733100000000000085e+00	9.188100958957365449e+00
1.736699999999999910e+00	9.116323329337081560e+00
1.740299999999999958e+00	8.168283688567294476e+00
1.743900000000000006e+00	7.952999466439980125e+00
1.747500000000000053e+00	8.489441981780087687e+00
1.751100000000000101e+00	8.190663488157587935e+00
1.754699999999999926e+00	8.475275268214073066e+00
1.758299999999999974e+00	8.491769329229320817e+00
1.761900000000000022e+00	8.875672655160860458e+00
1.765500000000000069e+00	7.963874127680413473e+00
1.769099999999999895e+00	7.663225787312684112e+00
1.772699999999999942e+00	7.090042045566973705e+00
1.776399999999999979e+00	7.258025699516084117e+00
1.780000000000000027e+00	7.144277329462786597e+00
1.783600000000000074e+00	6.943846872769618983e+00
1.787199999999999900e+00	7.818649711633878674e+00
1.790799999999999947e+00	8.358217198920030455e+00
1.794399999999999995e+00	9.062262961552987051e+00
1.798000000000000043e+00	8.865400295878963277e+00
1.801600000000000090e+00	1.014293439207212799e+01
1.805199999999999916e+00	9.555614008648355195e+00
1.808799999999999963e+00	1.027574003671834113e+01
1.812400000000000011e+00	1.077512787023202101e+01
1.816000000000000059e+00	1.032889532996356508e+01
1.819600000000000106e+00	9.863055055579067698e+00
1.823199999999999932e+00	9.909741738846973291e+00
1.826899999999999968e+00	1.017756588192566269e+01
1.830500000000000016e+00	1.006461203870812326e+01
1.834100000000000064e+00	9.982200036340129756e+00
1.837699999999999889e+00	1.017371607862740746e+01
1.841299999999999937e+00	1.017165715973455598e+01
1.844899999999999984e+00	9.859542162721902869e+00
1.848500000000000032e+00	9.718324479533659854e+00
1.852100000000000080e+00	9.905069426863082782e+00
1.855699999999999905e+00	9.915230086670119292e+00
1.859299999999999953e+00	9.476940342243063142e+00
1.862900000000000000e+00	1.048400560542274285e+01
1.866500000000000048e+00	1.093114744760298684e+01
1.870100000000000096e+00	1.249747828835736563e+01
1.873699999999999921e+00	1.336192733249796305e+01
1.877399999999999958e+00	1.449727935688241587e+01
1.881000000000000005e+00	1.423215665619076198e+01
1.884600000000000053e+00	1.415566800562552885e+01
1.888200000000000101e+00	1.395559783169925261e+01
1.891799999999999926e+00	1.338047720547912611e+01
1.895399999999999974e+00	1.245716498761241020e+01
1.899000000000000021e+00	1.227934054277738518e+01
1.902600000000000069e+00	1.260569377140269154e+01
1.906199999999999894e+00	1.270121860256228530e+01
1.909799999999999942e+00	1.371244099934708771e+01
1.913399999999999990e+00	1.376284886620076264e+01
1.917000000000000037e+00	1.451679933655106325e+01
1.920600000000000085e+00	1.546985287247804663e+01
1.924199999999999910e+00	1.575118914670716563e+01
1.927899999999999947e+00	1.569516503491645842e+01
1.931499999999999995e+00	1.583335577195903632e+01
1.935100000000000042e+00	1.536749781346809840e+01
1.938700000000000090e+00	1.605256617738477587e+01
1.942299999999999915e+00	1.626963758815762517e+01
1.945899999999999963e+00	1.763766943013348865e+01
1.949500000000000011e+00	1.787959932393773954e+01
1.953100000000000058e+00	1.945818974972585025e+01
1.956700000000000106e+00	2.073397300318073277e+01
1.960299999999999931e+00	2.066200019573205893e+01
1.963899999999999979e+00	2.085118274962076867e+01
1.967500000000000027e+00	2.112497521721989813e+01
1.971100000000000074e+00	2.084628501678232482e+01
1.974699999999999900e+00	2.061447132800296345e+01
1.978399999999999936e+00	2.083147537764009272e+01
1.981999999999999984e+00	2.001626447196128922e+01
1.985600000000000032e+00	2.012989179124634020e+01
1.989200000000000079e+00	2.052282941214802747e+01
1.992799999999999905e+00	2.114399450101548439e+01
1.996399999999999952e+00	2.154438160455065443e+01
2.000000000000000000e+00	2.364398605168999978e+01
