2.000000000000000111e-01	2.333953894115998295e+00
2.036000000000000032e-01	1.782907117510495354e+00
2.071999999999999953e-01	6.918320416707719467e-01
2.107999999999999874e-01	1.985590657920212942e+00
2.144000000000000072e-01	9.416429308128264619e-01
2.179999999999999993e-01	5.126524285608659026e-01
2.215999999999999914e-01	1.751450151758358054e+00
2.253000000000000003e-01	1.431804206619335940e+00
2.288999999999999924e-01	2.494666750677021927e+00
2.325000000000000122e-01	1.104605267078199615e+00
2.361000000000000043e-01	-1.030889476843344310e+00
2.396999999999999964e-01	6.285490147323296029e-01
2.432999999999999885e-01	3.396522254599486867e+00
2.469000000000000083e-01	2.175337339339202813e+00
2.505000000000000004e-01	-4.444576480561179821e-02
2.540999999999999925e-01	2.193902250382498753e+00
2.576999999999999846e-01	2.332054334811923813e+00
2.612999999999999767e-01	1.780811381960749396e+00
2.649000000000000243e-01	2.524683140452649077e+00
2.685000000000000164e-01	4.304560862116075803e+00
2.721000000000000085e-01	2.160412335930509187e+00
2.757999999999999896e-01	3.574480069813490424e+00
2.793999999999999817e-01	4.945603012056427161e+00
2.829999999999999738e-01	5.056797660966232399e+00
2.866000000000000214e-01	5.132877131678908356e+00
2.902000000000000135e-01	3.592601626689840622e+00
2.938000000000000056e-01	3.720231408085393543e+00
2.973999999999999977e-01	6.627374895544504874e+00
3.009999999999999898e-01	3.754997213900502562e+00
3.045999999999999819e-01	4.266235456496722200e+00
3.081999999999999740e-01	5.203790947749777906e+00
3.118000000000000216e-01	3.867853300805666361e+00
3.154000000000000137e-01	3.029269678318140091e+00
3.190000000000000058e-01	4.672539400276320976e+00
3.225999999999999979e-01	2.648999868976849470e+00
3.262999999999999790e-01	2.673603460401584808e+00
3.299000000000000266e-01	2.783864886562409158e+00
3.335000000000000187e-01	2.068892621596904569e+00
3.371000000000000107e-01	1.001841967132983457e+00
3.407000000000000028e-01	7.763960718928428761e-01
3.442999999999999949e-01	-2.823702202357248336e-01
3.478999999999999870e-01	1.098492340801111578e+00
3.514999999999999791e-01	1.124484528725464338e+00
3.551000000000000267e-01	1.436121442772988033e+00
3.587000000000000188e-01	1.644835839263466992e+00
3.623000000000000109e-01	1.553755746318361552e+00
3.659000000000000030e-01	1.424523882734095803e+00
3.694999999999999951e-01	2.286710875025733447e+00
3.730999999999999872e-01	1.305321200330152198e+00
3.768000000000000238e-01	1.816946083554104696e+00
3.804000000000000159e-01	2.767283200095961959e+00
3.840000000000000080e-01	5.075686923662248162e+00
3.876000000000000001e-01	2.272218131916539541e+00
3.911999999999999922e-01	3.734078106153739807e+00
3.947999999999999843e-01	3.805197236918620440e+00
3.983999999999999764e-01	5.561781691828311835e+00
4.020000000000000240e-01	4.321420255817811196e+00
4.056000000000000161e-01	4.659782588545045456e+00
4.092000000000000082e-01	4.001367442430169952e+00
4.128000000000000003e-01	6.232067450540262676e+00
4.163999999999999924e-01	3.453545128940361586e+00
4.199999999999999845e-01	4.111630047343677319e+00
4.235999999999999766e-01	2.753953580334963291e+00
4.273000000000000131e-01	3.074565745552421347e+00
4.309000000000000052e-01	5.079035876697391316e+00
4.344999999999999973e-01	3.775593306149067185e+00
4.380999999999999894e-01	3.860492558065468316e+00
4.416999999999999815e-01	2.808060550628896923e+00
4.452999999999999736e-01	3.731611969079986935e+00
4.489000000000000212e-01	2.664785710815682940e+00
4.525000000000000133e-01	1.788011117110005488e+00
4.561000000000000054e-01	1.953472601276252885e+00
4.596999999999999975e-01	3.390877705462918001e+00
4.632999999999999896e-01	3.924134409913889066e+00
4.668999999999999817e-01	3.498140536754970054e+00
4.704999999999999738e-01	3.407858933992703232e+00
4.741000000000000214e-01	3.782941458530588275e+00
4.778000000000000025e-01	1.999969988118586617e+00
4.813999999999999946e-01	2.972246718111794195e+00
4.849999999999999867e-01	3.780556397379195133e+00
4.885999999999999788e-01	4.502363713005345325e+00
4.922000000000000264e-01	5.572144506735197567e+00
4.958000000000000185e-01	4.909642290997493497e+00
4.994000000000000106e-01	3.683447548482813083e+00
5.030000000000000027e-01	5.423500902899607290e+00
5.066000000000000503e-01	3.773654891190435734e+00
5.101999999999999869e-01	5.652489420031630907e+00
5.138000000000000345e-01	4.531470879449473799e+00
5.173999999999999710e-01	5.690914743119940056e+00
5.210000000000000187e-01	5.893988667457541908e+00
5.245999999999999552e-01	5.528222109668467610e+00
5.282999999999999918e-01	5.333843912083460204e+00
5.319000000000000394e-01	5.909665167314470224e+00
5.354999999999999760e-01	4.284663719879463706e+00
5.391000000000000236e-01	4.133531633672244965e+00
5.426999999999999602e-01	5.516996128751044282e+00
5.463000000000000078e-01	4.398434727855999427e+00
5.499000000000000554e-01	3.284819431055799654e+00
5.534999999999999920e-01	2.793774128393421208e+00
5.571000000000000396e-01	3.449815141642187832e+00
5.606999999999999762e-01	2.628058902863738222e+00
5.643000000000000238e-01	2.693830053158857929e+00
5.678999999999999604e-01	2.655126859327421762e+00
5.715000000000000080e-01	3.387149711807558639e+00
5.752000000000000446e-01	1.426709451630842507e+00
5.787999999999999812e-01	2.828670928234527260e+00
5.824000000000000288e-01	3.266807201729085897e+00
5.859999999999999654e-01	1.508802536578382814e+00
5.896000000000000130e-01	2.588666989916815986e+00
5.931999999999999496e-01	1.066513720340337867e+00
5.967999999999999972e-01	2.688229880080713396e+00
6.004000000000000448e-01	5.683720958577398452e-01
6.039999999999999813e-01	1.345229265119403106e+00
6.076000000000000290e-01	3.671607107738136477e+00
6.111999999999999655e-01	2.883052699185127743e+00
6.148000000000000131e-01	6.450150485953116686e-01
6.183999999999999497e-01	2.913491637275240187e+00
6.219999999999999973e-01	2.751250172363293167e+00
6.257000000000000339e-01	1.015613980880646361e+00
6.292999999999999705e-01	2.045962300400658851e+00
6.329000000000000181e-01	2.812820820538401989e+00
6.364999999999999547e-01	2.572825894061743224e+00
6.401000000000000023e-01	3.183718246996375623e+00
6.437000000000000499e-01	4.382950031382206291e+00
6.472999999999999865e-01	3.023153936720136326e+00
6.509000000000000341e-01	2.443613559856286699e+00
6.544999999999999707e-01	3.642343973111115130e+00
6.581000000000000183e-01	4.146535990230576729e+00
6.616999999999999549e-01	1.596716626413609452e+00
6.653000000000000025e-01	2.619353879118280659e+00
6.689000000000000501e-01	6.138820854254718462e-01
6.724999999999999867e-01	2.058305951432134240e+00
6.762000000000000233e-01	1.908408346089986107e+00
6.797999999999999599e-01	2.394365836923920909e+00
6.834000000000000075e-01	2.350785684014209842e+00
6.870000000000000551e-01	7.389237628467020258e-01
6.905999999999999917e-01	1.359169571195301573e+00
6.942000000000000393e-01	-2.055734666080299422e-01
6.977999999999999758e-01	1.196541585298165344e+00
7.014000000000000234e-01	1.087019839250368269e-01
7.049999999999999600e-01	7.418670944243366261e-02
7.086000000000000076e-01	-2.440274148977211732e-01
7.122000000000000552e-01	1.668593995815134678e-01
7.157999999999999918e-01	-5.567233173674300817e-01
7.194000000000000394e-01	-3.682447231719219727e-01
7.229999999999999760e-01	2.379571572539226132e+00
7.267000000000000126e-01	2.288428602045518567e-01
7.302999999999999492e-01	1.236541305031046090e+00
7.338999999999999968e-01	1.669049533776418404e+00
7.375000000000000444e-01	1.684882028536023757e+00
7.410999999999999810e-01	2.965876516293190601e+00
7.447000000000000286e-01	1.630181841373723906e+00
7.482999999999999652e-01	1.244267986122605585e+00
7.519000000000000128e-01	1.045391709470188335e+00
7.554999999999999494e-01	2.368030683767884170e+00
7.590999999999999970e-01	3.301128917898901616e+00
7.627000000000000446e-01	2.756916471128719071e+00
7.662999999999999812e-01	1.171708029112286109e-01
7.699000000000000288e-01	2.556754975403615404e+00
7.734999999999999654e-01	2.139518285691728749e+00
7.772000000000000020e-01	3.663953835986633489e+00
7.808000000000000496e-01	2.769736301836609904e+00
7.843999999999999861e-01	2.181088700488424070e+00
7.880000000000000338e-01	3.231794345151134618e+00
7.915999999999999703e-01	3.228084136600868348e+00
7.952000000000000179e-01	2.596910326963025373e+00
7.987999999999999545e-01	2.108445389899318734e+00
8.024000000000000021e-01	1.901010708629246260e+00
8.060000000000000497e-01	2.041307510721629637e+00
8.095999999999999863e-01	2.634233921425974678e+00
8.132000000000000339e-01	1.653006062763037187e-01
8.167999999999999705e-01	2.363064512450544274e+00
8.204000000000000181e-01	1.135393856031313931e+00
8.239999999999999547e-01	2.412952945662819815e+00
8.276999999999999913e-01	1.690064149076363265e+00
8.313000000000000389e-01	2.887254577622259344e+00
8.348999999999999755e-01	1.523045016882377034e+00
8.385000000000000231e-01	2.136906876845044323e+00
8.420999999999999597e-01	3.222155651577238711e+00
8.457000000000000073e-01	3.020838298788560028e+00
8.493000000000000549e-01	3.260487221493655774e+00
8.528999999999999915e-01	3.097834116983035457e+00
8.565000000000000391e-01	2.537866723861860407e+00
8.600999999999999757e-01	3.849288503509048276e+00
8.637000000000000233e-01	5.248148940686968800e+00
8.672999999999999599e-01	5.154906936355660108e+00
8.709000000000000075e-01	7.011240296926422033e+00
8.745000000000000551e-01	5.151478169504526861e+00
8.781999999999999806e-01	5.511613663957307452e+00
8.818000000000000282e-01	6.254350052481500555e+00
8.853999999999999648e-01	4.340238940569412840e+00
8.890000000000000124e-01	4.156084363553354422e+00
8.925999999999999490e-01	6.308800801916310874e+00
8.961999999999999966e-01	4.628934228189707234e+00
8.998000000000000442e-01	3.434599721360097391e+00
9.033999999999999808e-01	4.779638513319634185e+00
9.070000000000000284e-01	4.489921427808103438e+00
9.105999999999999650e-01	3.561560026066407758e+00
9.142000000000000126e-01	2.537440248292492484e+00
9.177999999999999492e-01	4.116414726628398135e+00
9.213999999999999968e-01	3.169430139855903050e+00
9.251000000000000334e-01	3.003580108157500206e+00
9.286999999999999700e-01	3.712992065572941591e+00
9.323000000000000176e-01	4.426762933457044191e+00
9.358999999999999542e-01	2.852356135138816473e+00
9.395000000000000018e-01	3.474961540768329193e+00
9.431000000000000494e-01	4.897082480359288503e+00
9.466999999999999860e-01	2.540322320752683716e+00
9.503000000000000336e-01	3.788086872607105526e+00
9.538999999999999702e-01	5.454644404001012248e+00
9.575000000000000178e-01	3.762210123606954504e+00
9.610999999999999543e-01	5.388912447951456741e+00
9.647000000000000020e-01	5.213512064840136517e+00
9.683000000000000496e-01	6.244415123086971775e+00
9.718999999999999861e-01	6.250141211187649759e+00
9.756000000000000227e-01	6.982770940238273383e+00
9.791999999999999593e-01	7.534687047867611120e+00
9.828000000000000069e-01	6.082523913914375413e+00
9.864000000000000545e-01	6.724758071527677572e+00
9.899999999999999911e-01	7.561794284579198333e+00
9.936000000000000387e-01	7.085811279694725684e+00
9.971999999999999753e-01	6.997632151101407239e+00
1.000799999999999912e+00	4.844841617581825410e+00
1.004399999999999959e+00	6.824204819450367054e+00
1.008000000000000007e+00	6.965992456619831685e+00
1.011600000000000055e+00	7.394796009929658354e+00
1.015200000000000102e+00	7.425371371975075796e+00
1.018799999999999928e+00	6.715448704798749446e+00
1.022399999999999975e+00	6.147529974999356384e+00
1.026100000000000012e+00	5.920300153985359692e+00
1.029700000000000060e+00	6.493211678078392168e+00
1.033300000000000107e+00	6.722008306531018995e+00
1.036899999999999933e+00	3.518311949301135222e+00
1.040499999999999980e+00	3.879379987903810445e+00
1.044100000000000028e+00	5.967926782098325944e+00
1.047700000000000076e+00	4.899803264573638906e+00
1.051299999999999901e+00	5.477462680902255521e+00
1.054899999999999949e+00	4.616450972091240779e+00
1.058499999999999996e+00	6.126467703509245410e+00
1.062100000000000044e+00	4.505798378245271962e+00
1.065700000000000092e+00	6.104350171291232918e+00
1.069299999999999917e+00	5.368720789195421617e+00
1.072899999999999965e+00	3.857256915601906755e+00
1.076600000000000001e+00	6.912026419209435169e+00
1.080200000000000049e+00	5.324546493138053727e+00
1.083800000000000097e+00	5.300292484075200150e+00
1.087399999999999922e+00	7.164384329912834026e+00
1.090999999999999970e+00	7.848660255502995398e+00
1.094600000000000017e+00	5.608601444295315375e+00
1.098200000000000065e+00	9.590208654588892045e+00
1.101799999999999891e+00	7.638362050348312948e+00
1.105399999999999938e+00	8.091373609534432632e+00
1.108999999999999986e+00	6.520046891288302504e+00
1.112600000000000033e+00	5.707068385346258488e+00
1.116200000000000081e+00	5.890789575241885956e+00
1.119799999999999907e+00	4.060609239861920905e+00
1.123399999999999954e+00	5.008318728606329095e+00
1.127099999999999991e+00	6.589422084000538860e+00
1.130700000000000038e+00	4.996184194215176788e+00
1.134300000000000086e+00	5.953185872820981217e+00
1.137899999999999912e+00	4.479828213553752825e+00
1.141499999999999959e+00	6.526881588329256800e+00
1.145100000000000007e+00	6.179683417672572787e+00
1.148700000000000054e+00	4.554520977736842724e+00
1.152300000000000102e+00	6.023516337193806081e+00
1.155899999999999928e+00	7.384802011735622784e+00
1.159499999999999975e+00	6.664443899582010111e+00
1.163100000000000023e+00	6.792866717778889729e+00
1.166700000000000070e+00	6.119576636482084275e+00
1.170299999999999896e+00	5.099422368450982290e+00
1.173899999999999944e+00	6.167481037823426604e+00
1.177599999999999980e+00	5.307601150248540733e+00
1.181200000000000028e+00	5.144048010634794110e+00
1.184800000000000075e+00	5.790914010508156018e+00
1.188399999999999901e+00	6.926185946281741224e+00
1.191999999999999948e+00	5.064971923645545715e+00
1.195599999999999996e+00	5.808508882414662011e+00
1.199200000000000044e+00	5.232240622630524918e+00
1.202800000000000091e+00	5.384975044778562037e+00
1.206399999999999917e+00	4.959096963388903490e+00
1.209999999999999964e+00	4.601207458007172235e+00
1.213600000000000012e+00	6.623347770136207124e+00
1.217200000000000060e+00	4.927550128598923607e+00
1.220800000000000107e+00	5.211710213477635634e+00
1.224399999999999933e+00	5.693251602856543414e+00
1.228099999999999969e+00	3.081505851250231132e+00
1.231700000000000017e+00	2.880962117625919028e+00
1.235300000000000065e+00	4.878817959511074775e+00
1.238899999999999890e+00	2.673065405790858051e+00
1.242499999999999938e+00	3.740495743339784518e+00
1.246099999999999985e+00	3.234876057242528358e+00
1.249700000000000033e+00	2.733594993392079786e+00
1.253300000000000081e+00	2.810711694746152123e+00
1.256899999999999906e+00	1.737973687933218603e+00
1.260499999999999954e+00	2.357694565629765204e+00
1.264100000000000001e+00	4.196872911581093213e-01
1.267700000000000049e+00	1.984925939417848895e+00
1.271300000000000097e+00	2.150155966206152236e+00
1.274899999999999922e+00	2.454775341771271435e+00
1.278599999999999959e+00	1.323083213468594366e+00
1.282200000000000006e+00	2.271596706750329542e+00
1.285800000000000054e+00	1.728857657888118737e+00
1.289400000000000102e+00	1.772160720676572598e+00
1.292999999999999927e+00	1.974868531070775202e+00
1.296599999999999975e+00	1.280660370476462084e+00
1.300200000000000022e+00	1.516335464357671858e+00
1.303800000000000070e+00	2.333331076457157316e+00
1.307399999999999896e+00	3.083229539678670417e+00
1.310999999999999943e+00	2.801413659222044217e+00
1.314599999999999991e+00	1.806893629184113559e+00
1.318200000000000038e+00	2.877291494476210687e+00
1.321800000000000086e+00	4.175129929094470782e+00
1.325499999999999901e+00	3.932631906558843760e+00
1.329099999999999948e+00	3.633157369614599563e+00
1.332699999999999996e+00	3.538944480688374306e+00
1.336300000000000043e+00	1.975021586082189584e+00
1.339900000000000091e+00	4.875508301263675293e+00
1.343499999999999917e+00	3.025601448921147352e+00
1.347099999999999964e+00	4.094935575454182519e+00
1.350700000000000012e+00	4.042312006600888630e+00
1.354300000000000059e+00	4.128680708636935037e+00
1.357900000000000107e+00	2.661363402810490442e+00
1.361499999999999932e+00	2.823498565980520958e+00
1.365099999999999980e+00	3.401800457955380441e+00
1.368700000000000028e+00	1.757764271297115988e+00
1.372300000000000075e+00	4.333726188988027417e+00
1.375999999999999890e+00	3.927295104134145731e+00
1.379599999999999937e+00	3.384794593604223856e+00
1.383199999999999985e+00	3.796861116788631918e+00
1.386800000000000033e+00	3.517667788513599625e+00
1.390400000000000080e+00	5.926008712445985260e+00
1.393999999999999906e+00	4.498993868280491526e+00
1.397599999999999953e+00	5.184443323673310289e+00
1.401200000000000001e+00	4.358158272586353021e+00
1.404800000000000049e+00	6.308830089190637480e+00
1.408400000000000096e+00	3.924111903855843408e+00
1.411999999999999922e+00	6.071846537629314255e+00
1.415599999999999969e+00	4.943949878725468317e+00
1.419200000000000017e+00	4.720182623813435896e+00
1.422800000000000065e+00	6.095044472393018609e+00
1.426500000000000101e+00	5.556753234639023376e+00
1.430099999999999927e+00	6.833591868144250014e+00
1.433699999999999974e+00	5.892290708669991162e+00
1.437300000000000022e+00	5.556107216393539439e+00
1.440900000000000070e+00	6.883695686283624049e+00
1.444499999999999895e+00	8.279060635163867587e+00
1.448099999999999943e+00	6.733710826629039303e+00
1.451699999999999990e+00	5.951426555509016225e+00
1.455300000000000038e+00	8.186654905162024320e+00
1.458900000000000086e+00	6.824719458575998488e+00
1.462499999999999911e+00	6.696816063348037140e+00
1.466099999999999959e+00	7.591988777272359101e+00
1.469700000000000006e+00	6.249649951214919952e+00
1.473300000000000054e+00	8.188317095756667996e+00
1.477000000000000091e+00	7.461661386471352131e+00
1.480599999999999916e+00	7.009608120593644465e+00
1.484199999999999964e+00	8.721872546398776294e+00
1.487800000000000011e+00	8.043550085553098583e+00
1.491400000000000059e+00	7.736797028587157676e+00
1.495000000000000107e+00	7.060969532228480006e+00
1.498599999999999932e+00	8.649977785995881518e+00
1.502199999999999980e+00	9.528254305965885962e+00
1.505800000000000027e+00	9.970437255103501428e+00
1.509400000000000075e+00	7.892607760850019361e+00
1.512999999999999901e+00	8.567757513451176976e+00
1.516599999999999948e+00	1.031248868615608494e+01
1.520199999999999996e+00	8.227984488167628285e+00
1.523800000000000043e+00	9.027224761022198507e+00
1.527500000000000080e+00	7.492912295300676817e+00
1.531099999999999905e+00	9.701186404719170042e+00
1.534699999999999953e+00	6.780721081378175086e+00
1.538300000000000001e+00	8.970505336199055435e+00
1.541900000000000048e+00	1.022229518609363375e+01
1.545500000000000096e+00	1.096975725326296569e+01
1.549099999999999921e+00	1.033548503709586086e+01
1.552699999999999969e+00	9.849497951074555502e+00
1.556300000000000017e+00	9.597921260333160731e+00
1.559900000000000064e+00	8.711711584457052737e+00
1.563499999999999890e+00	7.267978691909215527e+00
1.567099999999999937e+00	9.483702171755282961e+00
1.570699999999999985e+00	9.113796482316699255e+00
1.574300000000000033e+00	9.967228120309794548e+00
1.578000000000000069e+00	8.012638032222147544e+00
1.581599999999999895e+00	9.045293589437347848e+00
1.585199999999999942e+00	8.939947100880667463e+00
1.588799999999999990e+00	7.976487952532913539e+00
1.592400000000000038e+00	9.300057020688225151e+00
1.596000000000000085e+00	6.627838622655116474e+00
1.599599999999999911e+00	9.704491636867155435e+00
1.603199999999999958e+00	9.782698678039762896e+00
1.606800000000000006e+00	1.025323763292676738e+01
1.610400000000000054e+00	1.258201899462513218e+01
1.614000000000000101e+00	1.150276076762919786e+01
1.617599999999999927e+00	1.084239733544029427e+01
1.621199999999999974e+00	1.204256417804689150e+01
1.624800000000000022e+00	1.144221112766866888e+01
1.628500000000000059e+00	1.307378641002750719e+01
1.632100000000000106e+00	1.469040332675581162e+01
1.635699999999999932e+00	1.344977646736446886e+01
1.639299999999999979e+00	1.391453870865675313e+01
1.642900000000000027e+00	1.522554718438593646e+01
1.646500000000000075e+00	1.527190357715927149e+01
1.650099999999999900e+00	1.547987147415360454e+01
1.653699999999999948e+00	1.511753576784025910e+01
1.657299999999999995e+00	1.517149805324679690e+01
1.660900000000000043e+00	1.811931148272570624e+01
1.664500000000000091e+00	2.036515481864481814e+01
1.668099999999999916e+00	2.196302257244484935e+01
1.671699999999999964e+00	2.165145990171940227e+01
1.675400000000000000e+00	2.162189485624232432e+01
1.679000000000000048e+00	2.182834298262459782e+01
1.682600000000000096e+00	2.225444829643057432e+01
1.686199999999999921e+00	1.930504051629802120e+01
1.689799999999999969e+00	1.921041965131973228e+01
1.693400000000000016e+00	1.935827737944481797e+01
1.697000000000000064e+00	1.828846763326485814e+01
1.700599999999999890e+00	1.758694724896167472e+01
1.704199999999999937e+00	1.801434873133540648e+01
1.707799999999999985e+00	2.030537205612694152e+01
1.711400000000000032e+00	1.940781253358466785e+01
1.715000000000000080e+00	2.029556689986601015e+01
1.718599999999999905e+00	1.650285023060980194e+01
1.722199999999999953e+00	1.667964814546556340e+01
1.725899999999999990e+00	1.311059002456003242e+01
1.729500000000000037e+00	1.110684311347030118e+01
1.733100000000000085e+00	1.069493865507282848e+01
1.736699999999999910e+00	9.403416037627634338e+00
1.740299999999999958e+00	9.188646677845175859e+00
1.743900000000000006e+00	8.103413409874125506e+00
1.747500000000000053e+00	1.051120120216017995e+01
1.751100000000000101e+00	9.834484122178558607e+00
1.754699999999999926e+00	8.863252393633608506e+00
1.758299999999999974e+00	1.022413125803330303e+01
1.761900000000000022e+00	9.337812615471076327e+00
1.765500000000000069e+00	9.362248406899931652e+00
1.769099999999999895e+00	8.263818340111930283e+00
1.772699999999999942e+00	7.201277951701249513e+00
1.776399999999999979e+00	8.749982959061172849e+00
1.780000000000000027e+00	7.584345636957662506e+00
1.783600000000000074e+00	6.809749754882997053e+00
1.787199999999999900e+00	7.842824736240837424e+00
1.790799999999999947e+00	8.281508378617353117e+00
1.794399999999999995e+00	9.227642001394455562e+00
1.798000000000000043e+00	1.034834776088224295e+01
1.801600000000000090e+00	8.235246947830438202e+00
1.805199999999999916e+00	1.169728230254216328e+01
1.808799999999999963e+00	1.214780718225933143e+01
1.812400000000000011e+00	1.010059931356921581e+01
1.816000000000000059e+00	1.128364052750928259e+01
1.819600000000000106e+00	1.161380254327297834e+01
1.823199999999999932e+00	9.614696752172752880e+00
1.826899999999999968e+00	9.033174416726989620e+00
1.830500000000000016e+00	9.665233951779066857e+00
1.834100000000000064e+00	8.740481262280061614e+00
1.837699999999999889e+00	1.085097608580059791e+01
1.841299999999999937e+00	9.440049224886164936e+00
1.844899999999999984e+00	1.091315084983551209e+01
1.848500000000000032e+00	9.353755961326585933e+00
1.852100000000000080e+00	9.197699046008549928e+00
1.855699999999999905e+00	9.564341292994599897e+00
1.859299999999999953e+00	9.880206785077477960e+00
1.862900000000000000e+00	1.123543486437288585e+01
1.866500000000000048e+00	1.268078542824885879e+01
1.870100000000000096e+00	1.264920717841630804e+01
1.873699999999999921e+00	1.476447132118105721e+01
1.877399999999999958e+00	1.554367209868487265e+01
1.881000000000000005e+00	1.343210298025554472e+01
1.884600000000000053e+00	1.545729866969804078e+01
1.888200000000000101e+00	1.587006213728205495e+01
1.891799999999999926e+00	1.417850785823500459e+01
1.895399999999999974e+00	1.449109400638542766e+01
1.899000000000000021e+00	1.240648994607174593e+01
1.902600000000000069e+00	1.251751899585810790e+01
1.906199999999999894e+00	1.350664612129151543e+01
1.909799999999999942e+00	1.263391332528739675e+01
1.913399999999999990e+00	1.317274852852070666e+01
1.917000000000000037e+00	1.372193439289537231e+01
1.920600000000000085e+00	1.629374070637523886e+01
1.924199999999999910e+00	1.488841018336165689e+01
1.927899999999999947e+00	1.488225309616556657e+01
1.931499999999999995e+00	1.655202732439289548e+01
1.935100000000000042e+00	1.556246636637670377e+01
1.938700000000000090e+00	1.753665694759134297e+01
1.942299999999999915e+00	1.784511344960133172e+01
1.945899999999999963e+00	1.775576300672961239e+01
1.949500000000000011e+00	1.956884258899032858e+01
1.953100000000000058e+00	1.921789199011983840e+01
1.956700000000000106e+00	2.172053277017576534e+01
1.960299999999999931e+00	2.281106031275926327e+01
1.963899999999999979e+00	2.302397761090821149e+01
1.967500000000000027e+00	2.009849245876379342e+01
1.971100000000000074e+00	2.100896146558363142e+01
1.974699999999999900e+00	2.265599968374703721e+01
1.978399999999999936e+00	1.932628871053087494e+01
1.981999999999999984e+00	2.181026757070975108e+01
1.985600000000000032e+00	1.893232613699324673e+01
1.989200000000000079e+00	1.968491370695072362e+01
1.992799999999999905e+00	2.113069444936557062e+01
1.996399999999999952e+00	2.202963909737873394e+01
2.000000000000000000e+00	2.503980558921560728e+01
