2.000000000000000111e-01	2.193182609294987984e+00
2.036000000000000032e-01	1.771908279584908819e+00
2.071999999999999953e-01	1.777027964730668597e+00
2.107999999999999874e-01	1.873513793316248677e+00
2.144000000000000072e-01	1.831825806104991905e+00
2.179999999999999993e-01	1.481796099931219857e+00
2.215999999999999914e-01	8.427920456138485727e-01
2.253000000000000003e-01	8.283208129456320901e-01
2.288999999999999924e-01	1.101831076736289328e+00
2.325000000000000122e-01	1.078925285394922051e+00
2.361000000000000043e-01	8.628535323432248161e-01
2.396999999999999964e-01	1.442740714823827819e+00
2.432999999999999885e-01	1.529813761797521376e+00
2.469000000000000083e-01	1.325517212536821088e+00
2.505000000000000004e-01	1.118090654565358388e+00
2.540999999999999925e-01	2.056845516184051093e+00
2.576999999999999846e-01	2.124641595127521043e+00
2.612999999999999767e-01	2.303735915764508313e+00
2.649000000000000243e-01	2.377171573938649196e+00
2.685000000000000164e-01	2.414418293343604027e+00
2.721000000000000085e-01	3.143124666398168454e+00
2.757999999999999896e-01	3.816178224814266162e+00
2.793999999999999817e-01	3.665652207973312926e+00
2.829999999999999738e-01	3.841796529694248896e+00
2.866000000000000214e-01	4.139357964233216336e+00
2.902000000000000135e-01	4.181424537502157257e+00
2.938000000000000056e-01	4.264969183003099573e+00
2.973999999999999977e-01	4.303694474191586572e+00
3.009999999999999898e-01	4.302686518814349270e+00
3.045999999999999819e-01	4.046186494467709949e+00
3.081999999999999740e-01	3.868341549163134996e+00
3.118000000000000216e-01	3.746758310522718016e+00
3.154000000000000137e-01	3.547495907108611402e+00
3.190000000000000058e-01	3.073109643464854823e+00
3.225999999999999979e-01	2.710259979509537231e+00
3.262999999999999790e-01	2.297457363019574927e+00
3.299000000000000266e-01	2.165923668694973436e+00
3.335000000000000187e-01	1.848910662050604614e+00
3.371000000000000107e-01	1.141930179295959524e+00
3.407000000000000028e-01	1.105734060614139036e+00
3.442999999999999949e-01	1.115229513066669398e+00
3.478999999999999870e-01	5.996536072007867535e-01
3.514999999999999791e-01	8.141524093798679917e-01
3.551000000000000267e-01	3.182950010118147377e-01
3.587000000000000188e-01	7.484151375638066206e-01
3.623000000000000109e-01	7.367783914350651830e-01
3.659000000000000030e-01	1.038077781372767960e+00
3.694999999999999951e-01	1.583318086224243304e+00
3.730999999999999872e-01	2.010837933823721446e+00
3.768000000000000238e-01	2.247479368339448946e+00
3.804000000000000159e-01	2.894156218810135961e+00
3.840000000000000080e-01	3.093317797407488801e+00
3.876000000000000001e-01	3.503851388623357987e+00
3.911999999999999922e-01	3.723168024927773434e+00
3.947999999999999843e-01	4.026473361750554147e+00
3.983999999999999764e-01	3.985461465511432433e+00
4.020000000000000240e-01	4.166401233796269921e+00
4.056000000000000161e-01	4.600614760073634457e+00
4.092000000000000082e-01	4.942847979846915152e+00
4.128000000000000003e-01	4.845480435286103393e+00
4.163999999999999924e-01	4.612091666277741808e+00
4.199999999999999845e-01	4.152563315544205658e+00
4.235999999999999766e-01	3.953682448508762270e+00
4.273000000000000131e-01	4.108092552127411423e+00
4.309000000000000052e-01	3.704628054108383584e+00
4.344999999999999973e-01	3.516927960236872597e+00
4.380999999999999894e-01	3.017177963505216720e+00
4.416999999999999815e-01	3.066367173315603711e+00
4.452999999999999736e-01	2.735502487967286900e+00
4.489000000000000212e-01	2.909703218467015517e+00
4.525000000000000133e-01	2.525077806343170472e+00
4.561000000000000054e-01	2.422943754864812504e+00
4.596999999999999975e-01	2.570541381578837825e+00
4.632999999999999896e-01	2.013571057887618032e+00
4.668999999999999817e-01	2.274953475230681477e+00
4.704999999999999738e-01	2.736243968975309748e+00
4.741000000000000214e-01	2.915338705736791436e+00
4.778000000000000025e-01	2.975614510889050823e+00
4.813999999999999946e-01	3.497952896017645585e+00
4.849999999999999867e-01	3.902706100056973604e+00
4.885999999999999788e-01	4.127561681427520668e+00
4.922000000000000264e-01	4.505285868308882335e+00
4.958000000000000185e-01	4.471062062363850842e+00
4.994000000000000106e-01	4.807587889038995144e+00
5.030000000000000027e-01	4.771428052530861663e+00
5.066000000000000503e-01	4.684445033555594939e+00
5.101999999999999869e-01	5.282053113615252649e+00
5.138000000000000345e-01	5.081940161612623186e+00
5.173999999999999710e-01	5.174664512747886747e+00
5.210000000000000187e-01	4.861916730215934734e+00
5.245999999999999552e-01	5.313486281012838930e+00
5.282999999999999918e-01	4.857222515275715580e+00
5.319000000000000394e-01	4.290842533083149668e+00
5.354999999999999760e-01	4.222353128645773168e+00
5.391000000000000236e-01	3.917904152209202628e+00
5.426999999999999602e-01	4.129872046151593423e+00
5.463000000000000078e-01	3.681405631378606103e+00
5.499000000000000554e-01	3.763216432598083916e+00
5.534999999999999920e-01	3.422533669332032957e+00
5.571000000000000396e-01	3.552558743472319591e+00
5.606999999999999762e-01	2.897829901639399797e+00
5.643000000000000238e-01	2.361429022818966939e+00
5.678999999999999604e-01	2.556287764937887896e+00
5.715000000000000080e-01	2.487780335219478722e+00
5.752000000000000446e-01	2.043945214111759778e+00
5.787999999999999812e-01	2.237845969423426951e+00
5.824000000000000288e-01	2.385745596180540495e+00
5.859999999999999654e-01	2.107111987566813394e+00
5.896000000000000130e-01	1.712870825777231598e+00
5.931999999999999496e-01	1.600049609871855960e+00
5.967999999999999972e-01	1.757531777991435007e+00
6.004000000000000448e-01	1.610846551292388851e+00
6.039999999999999813e-01	1.644108874717763014e+00
6.076000000000000290e-01	1.975288141606660997e+00
6.111999999999999655e-01	1.599288010077263067e+00
6.148000000000000131e-01	1.910166296306695433e+00
6.183999999999999497e-01	1.888493843599953648e+00
6.219999999999999973e-01	1.515517964095020709e+00
6.257000000000000339e-01	1.589102983796724544e+00
6.292999999999999705e-01	2.030315836865360879e+00
6.329000000000000181e-01	2.900492208019748830e+00
6.364999999999999547e-01	2.376580564141661966e+00
6.401000000000000023e-01	2.567276966538506233e+00
6.437000000000000499e-01	2.596011421543690911e+00
6.472999999999999865e-01	2.909160894591261037e+00
6.509000000000000341e-01	2.828616948284890853e+00
6.544999999999999707e-01	3.045384518843448074e+00
6.581000000000000183e-01	2.753586601160293412e+00
6.616999999999999549e-01	2.764125230969778801e+00
6.653000000000000025e-01	2.475831866205276288e+00
6.689000000000000501e-01	2.206635765315000608e+00
6.724999999999999867e-01	1.719023071119380575e+00
6.762000000000000233e-01	1.310517295976124874e+00
6.797999999999999599e-01	8.324737566629010210e-01
6.834000000000000075e-01	1.115210286375270865e+00
6.870000000000000551e-01	6.773537486076226521e-01
6.905999999999999917e-01	4.102915489892266510e-01
6.942000000000000393e-01	1.483453911080341026e-01
6.977999999999999758e-01	3.535916880496722259e-01
7.014000000000000234e-01	2.268660505081125656e-01
7.049999999999999600e-01	-2.155419445049383542e-01
7.086000000000000076e-01	-8.968398106759506438e-02
7.122000000000000552e-01	3.106243942734656649e-01
7.157999999999999918e-01	9.586957275560602232e-02
7.194000000000000394e-01	2.117585188485344994e-01
7.229999999999999760e-01	4.889800248170372843e-01
7.267000000000000126e-01	1.072717973747714604e+00
7.302999999999999492e-01	1.007934013765338310e+00
7.338999999999999968e-01	1.525044541799921660e+00
7.375000000000000444e-01	1.610724473120679789e+00
7.410999999999999810e-01	1.852397108119291369e+00
7.447000000000000286e-01	1.616809649453780917e+00
7.482999999999999652e-01	1.981680517788260598e+00
7.519000000000000128e-01	1.984942408182238882e+00
7.554999999999999494e-01	2.275836895106098545e+00
7.590999999999999970e-01	2.800396640667899284e+00
7.627000000000000446e-01	2.640017327314273299e+00
7.662999999999999812e-01	2.518849505790744736e+00
7.699000000000000288e-01	2.629280929362160624e+00
7.734999999999999654e-01	2.442220024967367564e+00
7.772000000000000020e-01	2.013480162137506913e+00
7.808000000000000496e-01	2.666987340687156482e+00
7.843999999999999861e-01	2.502117358637996780e+00
7.880000000000000338e-01	2.538126693213164753e+00
7.915999999999999703e-01	2.117235714826749771e+00
7.952000000000000179e-01	2.160776703840941781e+00
7.987999999999999545e-01	2.089200510919390741e+00
8.024000000000000021e-01	2.229389636317161472e+00
8.060000000000000497e-01	1.752711819754499523e+00
8.095999999999999863e-01	1.450583256507723906e+00
8.132000000000000339e-01	1.312089074216064244e+00
8.167999999999999705e-01	1.484638174375072950e+00
8.204000000000000181e-01	1.066531409188704149e+00
8.239999999999999547e-01	1.006826845238721457e+00
8.276999999999999913e-01	1.569514125295169649e+00
8.313000000000000389e-01	1.771719757017098162e+00
8.348999999999999755e-01	1.959675606189381636e+00
8.385000000000000231e-01	2.011683640959446961e+00
8.420999999999999597e-01	2.912411729596244392e+00
8.457000000000000073e-01	2.445932708957400781e+00
8.493000000000000549e-01	3.136750581445328034e+00
8.528999999999999915e-01	3.068764777957537770e+00
8.565000000000000391e-01	3.699561947213497071e+00
8.600999999999999757e-01	3.703004338168988774e+00
8.637000000000000233e-01	4.222027834459774809e+00
8.672999999999999599e-01	4.173731112544549759e+00
8.709000000000000075e-01	4.817708638730270998e+00
8.745000000000000551e-01	4.886047062903344340e+00
8.781999999999999806e-01	5.219574843765984795e+00
8.818000000000000282e-01	5.190637461126973662e+00
8.853999999999999648e-01	4.997901640877981500e+00
8.890000000000000124e-01	4.587276110333682766e+00
8.925999999999999490e-01	4.513567788020178995e+00
8.961999999999999966e-01	4.840814222053376525e+00
8.998000000000000442e-01	3.877762069861070859e+00
9.033999999999999808e-01	4.239073630330788767e+00
9.070000000000000284e-01	3.806472095819370516e+00
9.105999999999999650e-01	3.871905790925250557e+00
9.142000000000000126e-01	3.368429721486899009e+00
9.177999999999999492e-01	3.729394992945417098e+00
9.213999999999999968e-01	3.321583254558105658e+00
9.251000000000000334e-01	3.638693208381381883e+00
9.286999999999999700e-01	3.422338843569685096e+00
9.323000000000000176e-01	2.781547816015533137e+00
9.358999999999999542e-01	3.100409828376253341e+00
9.395000000000000018e-01	3.218467592685253287e+00
9.431000000000000494e-01	3.396961238187777177e+00
9.466999999999999860e-01	3.640917458054220290e+00
9.503000000000000336e-01	4.005047164287524275e+00
9.538999999999999702e-01	4.274344063178607378e+00
9.575000000000000178e-01	4.097294034144495001e+00
9.610999999999999543e-01	4.815263699514022555e+00
9.647000000000000020e-01	5.363341651160443035e+00
9.683000000000000496e-01	5.684830777759386500e+00
9.718999999999999861e-01	5.570990389306234469e+00
9.756000000000000227e-01	5.860489424179180951e+00
9.791999999999999593e-01	6.065457665497017814e+00
9.828000000000000069e-01	6.077199391664851014e+00
9.864000000000000545e-01	6.523560210536608395e+00
9.899999999999999911e-01	6.586745979623027658e+00
9.936000000000000387e-01	6.827013266399820424e+00
9.971999999999999753e-01	6.274711214378047686e+00
1.000799999999999912e+00	6.469965581195290305e+00
1.004399999999999959e+00	6.434245968496654200e+00
1.008000000000000007e+00	6.223214503698814681e+00
1.011600000000000055e+00	6.202153505184087479e+00
1.015200000000000102e+00	5.839707159388546565e+00
1.018799999999999928e+00	5.618712403515201181e+00
1.022399999999999975e+00	5.325880364749871809e+00
1.026100000000000012e+00	5.011916773843856809e+00
1.029700000000000060e+00	4.784649631349823018e+00
1.033300000000000107e+00	4.605809713614549494e+00
1.036899999999999933e+00	4.871443773731164661e+00
1.040499999999999980e+00	4.187767622111138621e+00
1.044100000000000028e+00	4.205099938140500093e+00
1.047700000000000076e+00	4.794846539708821354e+00
1.051299999999999901e+00	4.296639494726415265e+00
1.054899999999999949e+00	4.887455115872699984e+00
1.058499999999999996e+00	4.640647081388844519e+00
1.062100000000000044e+00	5.015486961989476633e+00
1.065700000000000092e+00	4.960941360921722776e+00
1.069299999999999917e+00	5.215224050814439849e+00
1.072899999999999965e+00	5.263073265652069566e+00
1.076600000000000001e+00	5.211251222683410234e+00
1.080200000000000049e+00	5.184258465860939857e+00
1.083800000000000097e+00	5.481860958908455039e+00
1.087399999999999922e+00	5.913781432973044261e+00
1.090999999999999970e+00	6.154951934906742750e+00
1.094600000000000017e+00	6.584501828721088579e+00
1.098200000000000065e+00	6.645974153844393939e+00
1.101799999999999891e+00	6.749831585706789205e+00
1.105399999999999938e+00	7.203763968390362038e+00
1.108999999999999986e+00	6.843364191816596609e+00
1.112600000000000033e+00	6.552594166726116498e+00
1.116200000000000081e+00	6.162997428492058560e+00
1.119799999999999907e+00	6.026482601954979756e+00
1.123399999999999954e+00	5.301537648598896091e+00
1.127099999999999991e+00	5.350208728155847027e+00
1.130700000000000038e+00	5.042201552939702403e+00
1.134300000000000086e+00	5.145003216622801467e+00
1.137899999999999912e+00	4.970122424917467363e+00
1.141499999999999959e+00	5.120863393884983239e+00
1.145100000000000007e+00	5.852262657945424884e+00
1.148700000000000054e+00	5.723177349563334460e+00
1.152300000000000102e+00	5.673263438771392053e+00
1.155899999999999928e+00	5.977915135872465591e+00
1.159499999999999975e+00	5.746766543153931650e+00
1.163100000000000023e+00	6.350989731048880316e+00
1.166700000000000070e+00	5.665690011626288936e+00
1.170299999999999896e+00	5.458871654744243074e+00
1.173899999999999944e+00	4.890710345798432002e+00
1.177599999999999980e+00	5.183878499294432451e+00
1.181200000000000028e+00	5.319896772067489010e+00
1.184800000000000075e+00	5.317828776525946211e+00
1.188399999999999901e+00	5.585052917036632536e+00
1.191999999999999948e+00	5.446606839186638460e+00
1.195599999999999996e+00	5.827560603046040733e+00
1.199200000000000044e+00	5.719858301963763658e+00
1.202800000000000091e+00	5.798010165886007705e+00
1.206399999999999917e+00	5.128668265314993313e+00
1.209999999999999964e+00	5.618922804910668312e+00
1.213600000000000012e+00	5.218852682676365262e+00
1.217200000000000060e+00	5.330479419690118625e+00
1.220800000000000107e+00	4.922386358031104692e+00
1.224399999999999933e+00	4.337956060428349581e+00
1.228099999999999969e+00	4.165749319076001989e+00
1.231700000000000017e+00	3.996999032898608029e+00
1.235300000000000065e+00	3.531599031212146578e+00
1.238899999999999890e+00	3.432448227041170696e+00
1.242499999999999938e+00	3.302510119849662473e+00
1.246099999999999985e+00	3.025069051743200621e+00
1.249700000000000033e+00	3.122883376975511105e+00
1.253300000000000081e+00	3.214745402271513175e+00
1.256899999999999906e+00	2.131911474554873731e+00
1.260499999999999954e+00	2.071592367688366743e+00
1.264100000000000001e+00	1.788822062349819220e+00
1.267700000000000049e+00	1.287206034594705617e+00
1.271300000000000097e+00	1.598081014665579058e+00
1.274899999999999922e+00	1.653663369566829688e+00
1.278599999999999959e+00	1.590131589805459322e+00
1.282200000000000006e+00	1.380612245794363036e+00
1.285800000000000054e+00	1.284458393029716206e+00
1.289400000000000102e+00	1.172186919581717834e+00
1.292999999999999927e+00	9.281028953637904255e-01
1.296599999999999975e+00	1.219968838349079432e+00
1.300200000000000022e+00	2.026553415170131878e+00
1.303800000000000070e+00	2.048329629734983559e+00
1.307399999999999896e+00	2.469484188975244798e+00
1.310999999999999943e+00	2.533783415429476271e+00
1.314599999999999991e+00	2.445379664255375118e+00
1.318200000000000038e+00	2.599905345825131775e+00
1.321800000000000086e+00	2.554451399542361667e+00
1.325499999999999901e+00	2.759148789289143533e+00
1.329099999999999948e+00	3.123707381490385959e+00
1.332699999999999996e+00	3.343379060999881247e+00
1.336300000000000043e+00	3.569822176768206123e+00
1.339900000000000091e+00	3.843898153246007254e+00
1.343499999999999917e+00	3.511924254349709784e+00
1.347099999999999964e+00	3.960068689687275878e+00
1.350700000000000012e+00	3.489025321175245775e+00
1.354300000000000059e+00	3.470657380548497706e+00
1.357900000000000107e+00	3.614076531445744145e+00
1.361499999999999932e+00	3.759285131495845977e+00
1.365099999999999980e+00	3.559941437382668106e+00
1.368700000000000028e+00	3.692131525813941550e+00
1.372300000000000075e+00	3.479405918793832431e+00
1.375999999999999890e+00	3.389829413836174865e+00
1.379599999999999937e+00	3.257823526904740419e+00
1.383199999999999985e+00	3.136062539971061991e+00
1.386800000000000033e+00	3.425199869515952678e+00
1.390400000000000080e+00	2.995735925559228630e+00
1.393999999999999906e+00	3.275445045831682389e+00
1.397599999999999953e+00	3.313801041354410337e+00
1.401200000000000001e+00	3.966889205818606268e+00
1.404800000000000049e+00	4.307092799351948109e+00
1.408400000000000096e+00	5.228110603627436959e+00
1.411999999999999922e+00	5.558493144056313007e+00
1.415599999999999969e+00	6.287500860259822133e+00
1.419200000000000017e+00	6.149032069746773743e+00
1.422800000000000065e+00	5.814504673420008984e+00
1.426500000000000101e+00	5.936546618676829645e+00
1.430099999999999927e+00	5.843482538825538697e+00
1.433699999999999974e+00	5.965428668256953060e+00
1.437300000000000022e+00	6.230246213510135966e+00
1.440900000000000070e+00	6.614677738074671964e+00
1.444499999999999895e+00	6.933086627132021285e+00
1.448099999999999943e+00	6.541038207828805184e+00
1.451699999999999990e+00	6.979840709396133214e+00
1.455300000000000038e+00	6.184453535602276730e+00
1.458900000000000086e+00	6.401318347978204315e+00
1.462499999999999911e+00	6.570198641868166156e+00
1.466099999999999959e+00	6.988169612314587553e+00
1.469700000000000006e+00	7.393923064565468550e+00
1.473300000000000054e+00	7.585590570182060510e+00
1.477000000000000091e+00	8.284521246012918283e+00
1.480599999999999916e+00	8.439063329000543234e+00
1.484199999999999964e+00	8.800416383422994926e+00
1.487800000000000011e+00	8.593949023871140014e+00
1.491400000000000059e+00	8.468765724290536312e+00
1.495000000000000107e+00	8.550141981554846282e+00
1.498599999999999932e+00	8.326554109388332847e+00
1.502199999999999980e+00	8.356441355414869321e+00
1.505800000000000027e+00	8.437365208929156424e+00
1.509400000000000075e+00	8.507683277324156634e+00
1.512999999999999901e+00	8.613295052140506058e+00
1.516599999999999948e+00	8.912459194455106370e+00
1.520199999999999996e+00	8.527567645723134859e+00
1.523800000000000043e+00	8.906751010997556506e+00
1.527500000000000080e+00	9.174726155625329227e+00
1.531099999999999905e+00	9.264234240488846694e+00
1.534699999999999953e+00	9.248702188396668689e+00
1.538300000000000001e+00	8.816653403305295456e+00
1.541900000000000048e+00	9.255964952774908383e+00
1.545500000000000096e+00	8.706435917797177737e+00
1.549099999999999921e+00	8.906525901545835566e+00
1.552699999999999969e+00	8.795174964774879811e+00
1.556300000000000017e+00	8.791042475536581691e+00
1.559900000000000064e+00	8.159254249699008810e+00
1.563499999999999890e+00	8.432084254040232096e+00
1.567099999999999937e+00	8.425982563968341665e+00
1.570699999999999985e+00	8.579040015039851141e+00
1.574300000000000033e+00	8.536658932129341792e+00
1.578000000000000069e+00	8.397381161873848754e+00
1.581599999999999895e+00	8.745543536053382638e+00
1.585199999999999942e+00	9.153246214563200311e+00
1.588799999999999990e+00	9.384689620400619603e+00
1.592400000000000038e+00	9.628339646724185741e+00
1.596000000000000085e+00	9.413814150938444314e+00
1.599599999999999911e+00	9.597875788316171608e+00
1.603199999999999958e+00	9.695900995324958416e+00
1.606800000000000006e+00	9.907118751867360018e+00
1.610400000000000054e+00	1.027093346212685709e+01
1.614000000000000101e+00	1.051526711576144635e+01
1.617599999999999927e+00	1.121565791936996170e+01
1.621199999999999974e+00	1.173526080690971440e+01
1.624800000000000022e+00	1.238766009010065083e+01
1.628500000000000059e+00	1.259766390478693943e+01
1.632100000000000106e+00	1.371348970027373859e+01
1.635699999999999932e+00	1.373984667356937273e+01
1.639299999999999979e+00	1.407248156336282641e+01
1.642900000000000027e+00	1.427994935371627427e+01
1.646500000000000075e+00	1.470502806175201194e+01
1.650099999999999900e+00	1.532449463319184702e+01
1.653699999999999948e+00	1.624883807817127490e+01
1.657299999999999995e+00	1.724725957404221433e+01
1.660900000000000043e+00	1.967732342426565140e+01
1.664500000000000091e+00	2.123267946073567813e+01
1.668099999999999916e+00	2.244902181480658854e+01
1.671699999999999964e+00	2.342650649496684778e+01
1.675400000000000000e+00	2.351563701812614937e+01
1.679000000000000048e+00	2.293216272761161889e+01
1.682600000000000096e+00	2.169645798473047549e+01
1.686199999999999921e+00	2.075164810131650484e+01
1.689799999999999969e+00	1.958604901846190316e+01
1.693400000000000016e+00	1.907567350051971999e+01
1.697000000000000064e+00	1.808786279339238234e+01
1.700599999999999890e+00	1.736673704952844943e+01
1.704199999999999937e+00	1.748999256551894277e+01
1.707799999999999985e+00	1.683610119161644292e+01
1.711400000000000032e+00	1.698968295384978688e+01
1.715000000000000080e+00	1.628525101712029510e+01
1.718599999999999905e+00	1.569040565818741051e+01
1.722199999999999953e+00	1.474709848855895444e+01
1.725899999999999990e+00	1.352870596567011319e+01
1.729500000000000037e+00	1.252686904150885638e+01
1.733100000000000085e+00	1.147271632982556788e+01
1.736699999999999910e+00	1.100538351243184110e+01
1.740299999999999958e+00	9.382944099329787235e+00
1.743900000000000006e+00	9.390910622280646436e+00
1.747500000000000053e+00	8.963745821606424968e+00
1.751100000000000101e+00	9.235421360532205526e+00
1.754699999999999926e+00	8.789105387408055137e+00
1.758299999999999974e+00	9.834361265369329530e+00
1.761900000000000022e+00	8.681379995291436558e+00
1.765500000000000069e+00	8.473594514550221390e+00
1.769099999999999895e+00	8.171682158409531382e+00
1.772699999999999942e+00	7.719995477503303505e+00
1.776399999999999979e+00	7.946889087839630328e+00
1.780000000000000027e+00	8.156702703377565200e+00
1.783600000000000074e+00	8.607280692545623779e+00
1.787199999999999900e+00	8.921529601115963715e+00
1.790799999999999947e+00	9.733190285786362139e+00
1.794399999999999995e+00	1.037233571930625509e+01
1.798000000000000043e+00	1.092580396014698429e+01
1.801600000000000090e+00	1.164803738017499590e+01
1.805199999999999916e+00	1.163598996096818539e+01
1.808799999999999963e+00	1.183833215062598221e+01
1.812400000000000011e+00	1.101587213701454537e+01
1.816000000000000059e+00	1.045094295821894903e+01
1.819600000000000106e+00	1.041117188342845346e+01
1.823199999999999932e+00	1.023402092330373847e+01
1.826899999999999968e+00	1.033269424336595499e+01
1.830500000000000016e+00	1.096576882552167476e+01
1.834100000000000064e+00	1.084028332243007320e+01
1.837699999999999889e+00	1.074075244323139344e+01
1.841299999999999937e+00	1.003390378780705383e+01
1.844899999999999984e+00	9.819711936716464251e+00
1.848500000000000032e+00	9.536486046677582706e+00
1.852100000000000080e+00	9.500755564001991615e+00
1.855699999999999905e+00	1.059052632097313307e+01
1.859299999999999953e+00	1.141619304309174687e+01
1.862900000000000000e+00	1.207396154874169625e+01
1.866500000000000048e+00	1.319502571735976915e+01
1.870100000000000096e+00	1.297645976672096246e+01
1.873699999999999921e+00	1.301620888751537208e+01
1.877399999999999958e+00	1.301354966231732213e+01
1.881000000000000005e+00	1.339727214983141224e+01
1.884600000000000053e+00	1.409641351191100789e+01
1.888200000000000101e+00	1.441307679040804146e+01
1.891799999999999926e+00	1.523924083052095746e+01
1.895399999999999974e+00	1.535176060024195799e+01
1.899000000000000021e+00	1.509758197439736627e+01
1.902600000000000069e+00	1.436404955025639119e+01
1.906199999999999894e+00	1.388367100779124819e+01
1.909799999999999942e+00	1.354667661373744991e+01
1.913399999999999990e+00	1.361905608283105096e+01
1.917000000000000037e+00	1.456364368752308103e+01
1.920600000000000085e+00	1.531924410527006408e+01
1.924199999999999910e+00	1.608378864005210218e+01
1.927899999999999947e+00	1.686084357638453213e+01
1.931499999999999995e+00	1.764338404952517436e+01
1.935100000000000042e+00	1.754624796202949000e+01
1.938700000000000090e+00	1.753062646945632608e+01
1.942299999999999915e+00	1.796062132113745236e+01
1.945899999999999963e+00	1.839381600671063666e+01
1.949500000000000011e+00	1.843453567660113990e+01
1.953100000000000058e+00	1.881934067841039138e+01
1.956700000000000106e+00	1.956504849513273925e+01
1.960299999999999931e+00	2.050730825904427945e+01
1.963899999999999979e+00	2.134587081215874349e+01
1.967500000000000027e+00	2.215284708725984331e+01
1.971100000000000074e+00	2.260561340687124243e+01
1.974699999999999900e+00	2.257531731425562782e+01
1.978399999999999936e+00	2.183860278238838148e+01
1.981999999999999984e+00	2.161925902059630644e+01
1.985600000000000032e+00	2.082913629175497761e+01
1.989200000000000079e+00	2.082860555838630390e+01
1.992799999999999905e+00	2.110476197803822984e+01
1.996399999999999952e+00	2.138130511055342353e+01
2.000000000000000000e+00	2.253919355412408621e+01
