2.000000000000000111e-01	3.205879483267757291e+00
2.036000000000000032e-01	3.887876135043670800e+00
2.071999999999999953e-01	4.368191854230823346e+00
2.107999999999999874e-01	1.767779848648878493e+00
2.144000000000000072e-01	1.044377482325032025e+00
2.179999999999999993e-01	1.163428081613091969e+00
2.215999999999999914e-01	8.058019624902548195e-01
2.253000000000000003e-01	2.896220264311260451e+00
2.288999999999999924e-01	-8.530175385133276222e-02
2.325000000000000122e-01	1.083809618308847478e+00
2.361000000000000043e-01	1.930775557858331215e+00
2.396999999999999964e-01	1.663788794701848150e+00
2.432999999999999885e-01	2.288588868698097079e-01
2.469000000000000083e-01	4.002046583051728668e+00
2.505000000000000004e-01	2.434600190711104784e+00
2.540999999999999925e-01	1.951724554703311520e+00
2.576999999999999846e-01	7.263202533467643107e-01
2.612999999999999767e-01	7.029635171864239140e-01
2.649000000000000243e-01	2.745948894995604128e+00
2.685000000000000164e-01	1.840511837261766148e+00
2.721000000000000085e-01	2.547823421448251580e+00
2.757999999999999896e-01	2.594697852883752986e+00
2.793999999999999817e-01	5.528829711837562222e+00
2.829999999999999738e-01	3.691566977161870877e+00
2.866000000000000214e-01	3.323117361009011894e+00
2.902000000000000135e-01	4.063901162064781580e+00
2.938000000000000056e-01	4.577943754826081069e+00
2.973999999999999977e-01	5.975295694793905099e+00
3.009999999999999898e-01	3.021335701374710414e+00
3.045999999999999819e-01	6.897565986383598968e+00
3.081999999999999740e-01	2.085669523538736136e+00
3.118000000000000216e-01	3.282287152302035160e+00
3.154000000000000137e-01	5.064900420814552717e+00
3.190000000000000058e-01	3.693946029471150361e+00
3.225999999999999979e-01	3.783966116182062578e+00
3.262999999999999790e-01	2.284873591492784684e+00
3.299000000000000266e-01	1.738093296530982768e+00
3.335000000000000187e-01	2.952007645641160138e+00
3.371000000000000107e-01	1.656531980416575900e+00
3.407000000000000028e-01	2.132320962301597511e+00
3.442999999999999949e-01	-5.551160322128751989e-01
3.478999999999999870e-01	2.315900397969061775e+00
3.514999999999999791e-01	6.336411061107047882e-01
3.551000000000000267e-01	1.327026942694095601e-01
3.587000000000000188e-01	1.113422800818420377e+00
3.623000000000000109e-01	-1.897908924812488629e-01
3.659000000000000030e-01	2.122573367591122917e+00
3.694999999999999951e-01	1.820764275621893358e+00
3.730999999999999872e-01	2.604939269039133976e+00
3.768000000000000238e-01	2.420618163364599340e+00
3.804000000000000159e-01	2.735343374052473742e+00
3.840000000000000080e-01	1.725506164494857275e+00
3.876000000000000001e-01	4.675901749697011667e+00
3.911999999999999922e-01	4.798844206874502305e+00
3.947999999999999843e-01	3.997607181533525456e+00
3.983999999999999764e-01	4.870940682701686342e+00
4.020000000000000240e-01	5.366793401123588936e+00
4.056000000000000161e-01	6.120453435382765761e+00
4.092000000000000082e-01	5.114854088132727128e+00
4.128000000000000003e-01	5.271084633502793437e+00
4.163999999999999924e-01	6.218889742812329757e+00
4.199999999999999845e-01	3.892614083542040859e+00
4.235999999999999766e-01	3.283212204849733418e+00
4.273000000000000131e-01	3.906739334012214737e+00
4.309000000000000052e-01	3.630388518308282464e+00
4.344999999999999973e-01	4.358336740805460074e+00
4.380999999999999894e-01	3.090215263838460125e+00
4.416999999999999815e-01	3.290236962959795619e+00
4.452999999999999736e-01	3.457409538424832451e+00
4.489000000000000212e-01	1.885747265363268532e+00
4.525000000000000133e-01	3.088742204576223394e+00
4.561000000000000054e-01	3.132122878698091029e+00
4.596999999999999975e-01	2.924357563096434909e+00
4.632999999999999896e-01	1.621611255428934362e+00
4.668999999999999817e-01	2.712870517047583085e+00
4.704999999999999738e-01	3.146412523695345520e+00
4.741000000000000214e-01	2.615758765170342226e+00
4.778000000000000025e-01	5.846778332761232377e+00
4.813999999999999946e-01	2.243907479945484340e+00
4.849999999999999867e-01	3.823872059371431043e+00
4.885999999999999788e-01	3.678898556287184540e+00
4.922000000000000264e-01	4.836651691526974162e+00
4.958000000000000185e-01	3.623057354862044832e+00
4.994000000000000106e-01	5.513195903637562623e+00
5.030000000000000027e-01	5.292372174175367761e+00
5.066000000000000503e-01	5.636628210559294416e+00
5.101999999999999869e-01	4.415032405762205236e+00
5.138000000000000345e-01	4.877095477851527860e+00
5.173999999999999710e-01	5.297618141176147155e+00
5.210000000000000187e-01	6.627405393642849418e+00
5.245999999999999552e-01	4.544032478852278345e+00
5.282999999999999918e-01	5.113866915014992465e+00
5.319000000000000394e-01	4.310460774116465998e+00
5.354999999999999760e-01	4.503580872886489672e+00
5.391000000000000236e-01	5.059961966828455004e+00
5.426999999999999602e-01	5.842864522413038664e+00
5.463000000000000078e-01	4.697261697297482108e+00
5.499000000000000554e-01	4.031269397530446774e+00
5.534999999999999920e-01	1.554400722906615462e+00
5.571000000000000396e-01	2.274813689802656747e+00
5.606999999999999762e-01	3.616555622881893139e+00
5.643000000000000238e-01	2.071939689382124250e+00
5.678999999999999604e-01	3.652016706570623050e+00
5.715000000000000080e-01	3.310532119468966972e+00
5.752000000000000446e-01	3.458840851544053407e+00
5.787999999999999812e-01	1.871904047203389654e+00
5.824000000000000288e-01	3.005118955598273800e+00
5.859999999999999654e-01	2.838306493962067023e+00
5.896000000000000130e-01	1.030832700526730372e+00
5.931999999999999496e-01	1.192411702946661878e+00
5.967999999999999972e-01	2.369495733076532495e+00
6.004000000000000448e-01	1.681093912106907506e+00
6.039999999999999813e-01	2.253201833497271878e+00
6.076000000000000290e-01	3.114043480829994159e+00
6.111999999999999655e-01	3.669378133414346710e+00
6.148000000000000131e-01	1.092997396541063537e+00
6.183999999999999497e-01	7.582514561659647878e-01
6.219999999999999973e-01	1.414702135741922939e+00
6.257000000000000339e-01	1.511088472402730920e+00
6.292999999999999705e-01	2.609263468510591544e+00
6.329000000000000181e-01	3.621737700227781076e+00
6.364999999999999547e-01	1.810586837379550396e+00
6.401000000000000023e-01	4.851264137659257791e+00
6.437000000000000499e-01	3.465950136246746194e+00
6.472999999999999865e-01	2.338133890261296255e+00
6.509000000000000341e-01	4.723777053777752144e+00
6.544999999999999707e-01	3.375785915518527247e+00
6.581000000000000183e-01	2.476669636545612896e+00
6.616999999999999549e-01	2.131442158111920282e+00
6.653000000000000025e-01	3.519444857684825401e+00
6.689000000000000501e-01	3.207928523968966772e+00
6.724999999999999867e-01	1.605661026909022127e+00
6.762000000000000233e-01	2.043369405665541372e+00
6.797999999999999599e-01	2.565913168090979690e-01
6.834000000000000075e-01	1.606532881552249270e+00
6.870000000000000551e-01	1.127076972793333409e+00
6.905999999999999917e-01	1.641542696133147183e+00
6.942000000000000393e-01	7.516466586182053433e-01
6.977999999999999758e-01	5.659620306566739423e-01
7.014000000000000234e-01	-5.592132011277108905e-01
7.049999999999999600e-01	2.081966638983396845e+00
7.086000000000000076e-01	1.675962152152679296e+00
7.122000000000000552e-01	-7.003996911989498475e-01
7.157999999999999918e-01	-8.680346830722618368e-01
7.194000000000000394e-01	1.165010993282231233e+00
7.229999999999999760e-01	1.246996830856085925e+00
7.267000000000000126e-01	1.539092101494541565e+00
7.302999999999999492e-01	2.200216092962702930e-01
7.338999999999999968e-01	1.438474766127067817e+00
7.375000000000000444e-01	1.616770790157468829e+00
7.410999999999999810e-01	2.046076192299564500e+00
7.447000000000000286e-01	3.610101296003780824e+00
7.482999999999999652e-01	2.645135079768778485e+00
7.519000000000000128e-01	3.467671052007020638e+00
7.554999999999999494e-01	1.679023195352228992e+00
7.590999999999999970e-01	1.676257603889969916e+00
7.627000000000000446e-01	3.100523736407749809e+00
7.662999999999999812e-01	4.490345260831215768e+00
7.699000000000000288e-01	3.192129593038874891e+00
7.734999999999999654e-01	3.701831604792081620e+00
7.772000000000000020e-01	2.501155663074761115e+00
7.808000000000000496e-01	2.087459808122658966e+00
7.843999999999999861e-01	4.400428418095138738e+00
7.880000000000000338e-01	1.317843390876903165e+00
7.915999999999999703e-01	1.562110315646735081e+00
7.952000000000000179e-01	2.156022797912183986e+00
7.987999999999999545e-01	3.687892452345783667e+00
8.024000000000000021e-01	2.499970116946293786e+00
8.060000000000000497e-01	1.690623456733427288e+00
8.095999999999999863e-01	1.291012774394802998e+00
8.132000000000000339e-01	1.207410299191340464e+00
8.167999999999999705e-01	1.529660382891274040e+00
8.204000000000000181e-01	4.872438446422281411e-01
8.239999999999999547e-01	8.910278995822343839e-01
8.276999999999999913e-01	1.286539066343471038e+00
8.313000000000000389e-01	2.695953869152990734e+00
8.348999999999999755e-01	2.334089484042054519e+00
8.385000000000000231e-01	3.078396731503858508e+00
8.420999999999999597e-01	3.063332289700084310e+00
8.457000000000000073e-01	2.920870575709427541e+00
8.493000000000000549e-01	3.334510811758538029e+00
8.528999999999999915e-01	4.458086430437353087e+00
8.565000000000000391e-01	4.576762166144593635e+00
8.600999999999999757e-01	5.658883528104927230e+00
8.637000000000000233e-01	5.160390785328803354e+00
8.672999999999999599e-01	4.916788617191850008e+00
8.709000000000000075e-01	5.615140695688898731e+00
8.745000000000000551e-01	5.248703717817909009e+00
8.781999999999999806e-01	7.534405108770174664e+00
8.818000000000000282e-01	6.028294723048067461e+00
8.853999999999999648e-01	3.849898530518463424e+00
8.890000000000000124e-01	4.977001549451887996e+00
8.925999999999999490e-01	5.891654702207902439e+00
8.961999999999999966e-01	5.761933257519840978e+00
8.998000000000000442e-01	3.695445994132210643e+00
9.033999999999999808e-01	5.443278217642884442e+00
9.070000000000000284e-01	4.192733272980540882e+00
9.105999999999999650e-01	3.265522160970874221e+00
9.142000000000000126e-01	3.023002160397413096e+00
9.177999999999999492e-01	3.040452261154921842e+00
9.213999999999999968e-01	3.866096591730338261e+00
9.251000000000000334e-01	3.578014403043517255e+00
9.286999999999999700e-01	3.770171953103738982e+00
9.323000000000000176e-01	3.905329972246603276e+00
9.358999999999999542e-01	3.278971534272544286e+00
9.395000000000000018e-01	3.749510484194770399e+00
9.431000000000000494e-01	3.746087647658971509e+00
9.466999999999999860e-01	5.715441559490400891e+00
9.503000000000000336e-01	3.263597207624765240e+00
9.538999999999999702e-01	5.214894570699078358e+00
9.575000000000000178e-01	5.078314482315448686e+00
9.610999999999999543e-01	5.877711296238341987e+00
9.647000000000000020e-01	5.956095420464677659e+00
9.683000000000000496e-01	6.334317975472583129e+00
9.718999999999999861e-01	4.863490808851594238e+00
9.756000000000000227e-01	6.221103861884191844e+00
9.791999999999999593e-01	6.161265697288378362e+00
9.828000000000000069e-01	6.991597684906459165e+00
9.864000000000000545e-01	8.428581879969524238e+00
9.899999999999999911e-01	6.911032850346597201e+00
9.936000000000000387e-01	5.843763826531706229e+00
9.971999999999999753e-01	6.820177320786685371e+00
1.000799999999999912e+00	7.143849900352661209e+00
1.004399999999999959e+00	6.942799591447318619e+00
1.008000000000000007e+00	5.186973287013452172e+00
1.011600000000000055e+00	7.435488709795357920e+00
1.015200000000000102e+00	4.992195250498957293e+00
1.018799999999999928e+00	5.437518987421021244e+00
1.022399999999999975e+00	6.696032091713687961e+00
1.026100000000000012e+00	5.902767000045007428e+00
1.029700000000000060e+00	4.576356364485299366e+00
1.033300000000000107e+00	4.170708086674754789e+00
1.036899999999999933e+00	7.311099564705692444e+00
1.040499999999999980e+00	5.569053277182100636e+00
1.044100000000000028e+00	5.460347546128907936e+00
1.047700000000000076e+00	5.661333971835045276e+00
1.051299999999999901e+00	3.204226361609616269e+00
1.054899999999999949e+00	5.823774128272255268e+00
1.058499999999999996e+00	5.144540610598351549e+00
1.062100000000000044e+00	4.236460285323446762e+00
1.065700000000000092e+00	5.126111031266257001e+00
1.069299999999999917e+00	6.238682074572696301e+00
1.072899999999999965e+00	5.805966195484618453e+00
1.076600000000000001e+00	5.179720841920017804e+00
1.080200000000000049e+00	4.500914776611225854e+00
1.083800000000000097e+00	5.901694856464384742e+00
1.087399999999999922e+00	5.822915154241247393e+00
1.090999999999999970e+00	6.725811762134908278e+00
1.094600000000000017e+00	5.268754405576514088e+00
1.098200000000000065e+00	7.304258384606582055e+00
1.101799999999999891e+00	6.159787829835313033e+00
1.105399999999999938e+00	6.572945054571747825e+00
1.108999999999999986e+00	6.389929209564985335e+00
1.112600000000000033e+00	7.204920601617860854e+00
1.116200000000000081e+00	6.216813106907800091e+00
1.119799999999999907e+00	5.539664651459005995e+00
1.123399999999999954e+00	5.551796303451749459e+00
1.127099999999999991e+00	5.905212447840805012e+00
1.130700000000000038e+00	5.072147093980307275e+00
1.134300000000000086e+00	4.376599417026101335e+00
1.137899999999999912e+00	4.512215780428290302e+00
1.141499999999999959e+00	4.765336091816743114e+00
1.145100000000000007e+00	6.202494602076244590e+00
1.148700000000000054e+00	6.198517076089396838e+00
1.152300000000000102e+00	5.899819014491956892e+00
1.155899999999999928e+00	5.740011704923893454e+00
1.159499999999999975e+00	6.876245992503811522e+00
1.163100000000000023e+00	6.493306959725393845e+00
1.166700000000000070e+00	6.971896666038220225e+00
1.170299999999999896e+00	6.466862849500447652e+00
1.173899999999999944e+00	6.050958812256667763e+00
1.177599999999999980e+00	5.518054507512201390e+00
1.181200000000000028e+00	6.211777732235473692e+00
1.184800000000000075e+00	4.686500803725251352e+00
1.188399999999999901e+00	3.893190030412360336e+00
1.191999999999999948e+00	6.762299543840562421e+00
1.195599999999999996e+00	6.112360222300488921e+00
1.199200000000000044e+00	7.960757875276401663e+00
1.202800000000000091e+00	5.665126336587453793e+00
1.206399999999999917e+00	5.157027168103038406e+00
1.209999999999999964e+00	4.567718790599478496e+00
1.213600000000000012e+00	6.517097851818467902e+00
1.217200000000000060e+00	4.704151814671536869e+00
1.220800000000000107e+00	3.441619739902552322e+00
1.224399999999999933e+00	5.230373327883325096e+00
1.228099999999999969e+00	5.243495808249251766e+00
1.231700000000000017e+00	3.993324922449899006e+00
1.235300000000000065e+00	3.006830223483507591e+00
1.238899999999999890e+00	3.393761205241099255e+00
1.242499999999999938e+00	3.819678469851483182e+00
1.246099999999999985e+00	2.541035735538948792e+00
1.249700000000000033e+00	2.479244253358109162e+00
1.253300000000000081e+00	2.548781270998909942e+00
1.256899999999999906e+00	1.666972513239177278e+00
1.260499999999999954e+00	3.490292189192227390e+00
1.264100000000000001e+00	2.550237225682805864e+00
1.267700000000000049e+00	1.706329591865723749e+00
1.271300000000000097e+00	1.843921196769866766e+00
1.274899999999999922e+00	1.646814615989610875e+00
1.278599999999999959e+00	1.705407121295295259e+00
1.282200000000000006e+00	2.766686571427976027e+00
1.285800000000000054e+00	2.134041455829347456e+00
1.289400000000000102e+00	1.538805300747320803e+00
1.292999999999999927e+00	7.444917394780621311e-01
1.296599999999999975e+00	1.206361066370742474e+00
1.300200000000000022e+00	1.743329093870596314e+00
1.303800000000000070e+00	3.055759894387254150e+00
1.307399999999999896e+00	3.122482931604850798e+00
1.310999999999999943e+00	3.068163168771250504e+00
1.314599999999999991e+00	5.171593090325636410e+00
1.318200000000000038e+00	3.271569288953585009e+00
1.321800000000000086e+00	2.155959801167619538e+00
1.325499999999999901e+00	4.566183089479930679e+00
1.329099999999999948e+00	3.858184967509726615e+00
1.332699999999999996e+00	1.891210243719441575e+00
1.336300000000000043e+00	2.171849617789384013e+00
1.339900000000000091e+00	5.347190315612454725e+00
1.343499999999999917e+00	4.399156064445881142e+00
1.347099999999999964e+00	3.468079084617482710e+00
1.350700000000000012e+00	2.843551695139412416e+00
1.354300000000000059e+00	4.410218640744218987e+00
1.357900000000000107e+00	2.960110228624675877e+00
1.361499999999999932e+00	5.247266793734554291e+00
1.365099999999999980e+00	2.892487028879113797e+00
1.368700000000000028e+00	4.254505795516910993e+00
1.372300000000000075e+00	3.495152843785661823e+00
1.375999999999999890e+00	3.059906770285089284e+00
1.379599999999999937e+00	3.577912581739315812e+00
1.383199999999999985e+00	2.700805281852631801e+00
1.386800000000000033e+00	3.558344801168486171e+00
1.390400000000000080e+00	3.221438267667975808e+00
1.393999999999999906e+00	5.549722959148706281e+00
1.397599999999999953e+00	3.423552435117619197e+00
1.401200000000000001e+00	3.741813899447560487e+00
1.404800000000000049e+00	4.920564750109601704e+00
1.408400000000000096e+00	4.997834324157131469e+00
1.411999999999999922e+00	7.429082138264870849e+00
1.415599999999999969e+00	7.147198474131974066e+00
1.419200000000000017e+00	4.938402268060531952e+00
1.422800000000000065e+00	4.423563782379479115e+00
1.426500000000000101e+00	5.556172207926799445e+00
1.430099999999999927e+00	7.942402304811096769e+00
1.433699999999999974e+00	8.204812625462427178e+00
1.437300000000000022e+00	5.970767780834417948e+00
1.440900000000000070e+00	6.402467362839049159e+00
1.444499999999999895e+00	6.710161902347653751e+00
1.448099999999999943e+00	7.964858394215815984e+00
1.451699999999999990e+00	6.580923359086186863e+00
1.455300000000000038e+00	8.362819452723954328e+00
1.458900000000000086e+00	7.314118729417074860e+00
1.462499999999999911e+00	8.317982626524843326e+00
1.466099999999999959e+00	8.721641274428485247e+00
1.469700000000000006e+00	7.024911125835340719e+00
1.473300000000000054e+00	6.281464947867126725e+00
1.477000000000000091e+00	6.482171652528036176e+00
1.480599999999999916e+00	8.858721983785871501e+00
1.484199999999999964e+00	7.496736970742086115e+00
1.487800000000000011e+00	5.454462187159280440e+00
1.491400000000000059e+00	1.058375750060615061e+01
1.495000000000000107e+00	8.039328984019402213e+00
1.498599999999999932e+00	8.008098759213774898e+00
1.502199999999999980e+00	8.932183770189444871e+00
1.505800000000000027e+00	8.233192796157002391e+00
1.509400000000000075e+00	7.890837420783700651e+00
1.512999999999999901e+00	8.615364860521040669e+00
1.516599999999999948e+00	7.219999486735612315e+00
1.520199999999999996e+00	8.222387794348643197e+00
1.523800000000000043e+00	7.357034914732414776e+00
1.527500000000000080e+00	8.988369133731479721e+00
1.531099999999999905e+00	9.819464692604981337e+00
1.534699999999999953e+00	7.673681775992941212e+00
1.538300000000000001e+00	8.297562098246668683e+00
1.541900000000000048e+00	1.043745031045726890e+01
1.545500000000000096e+00	1.046576776713727597e+01
1.549099999999999921e+00	8.255651988118813733e+00
1.552699999999999969e+00	7.606368684478432840e+00
1.556300000000000017e+00	8.896762013096463306e+00
1.559900000000000064e+00	8.206409492695810215e+00
1.563499999999999890e+00	8.294160711104282768e+00
1.567099999999999937e+00	8.274598859083925007e+00
1.570699999999999985e+00	8.790456800664602000e+00
1.574300000000000033e+00	7.335332243396297969e+00
1.578000000000000069e+00	8.932330596199539841e+00
1.581599999999999895e+00	1.022733727560628481e+01
1.585199999999999942e+00	1.066385970553457874e+01
1.588799999999999990e+00	9.495060333634517846e+00
1.592400000000000038e+00	8.741493353411547318e+00
1.596000000000000085e+00	7.773412476327603571e+00
1.599599999999999911e+00	9.023710553941658219e+00
1.603199999999999958e+00	7.927434153214560908e+00
1.606800000000000006e+00	8.473216640107660069e+00
1.610400000000000054e+00	1.096189902731592802e+01
1.614000000000000101e+00	9.198440767098194470e+00
1.617599999999999927e+00	9.719770426809667185e+00
1.621199999999999974e+00	1.047298524121458918e+01
1.624800000000000022e+00	1.101818031078935789e+01
1.628500000000000059e+00	1.028606864838505963e+01
1.632100000000000106e+00	1.146518756779961556e+01
1.635699999999999932e+00	1.245424524173336778e+01
1.639299999999999979e+00	1.339943808573235806e+01
1.642900000000000027e+00	1.350451998682081545e+01
1.646500000000000075e+00	1.376518457989814692e+01
1.650099999999999900e+00	1.598795425125260472e+01
1.653699999999999948e+00	1.814235208040918579e+01
1.657299999999999995e+00	1.741485219307462273e+01
1.660900000000000043e+00	1.871201807113104820e+01
1.664500000000000091e+00	1.948799849318701405e+01
1.668099999999999916e+00	2.057421543901144290e+01
1.671699999999999964e+00	1.873326674973349526e+01
1.675400000000000000e+00	2.151551480201596789e+01
1.679000000000000048e+00	1.986355689300228633e+01
1.682600000000000096e+00	1.862320468666584716e+01
1.686199999999999921e+00	1.933879103213386941e+01
1.689799999999999969e+00	1.713995354290092266e+01
1.693400000000000016e+00	1.720775348887153200e+01
1.697000000000000064e+00	1.648019828453263003e+01
1.700599999999999890e+00	1.799660503620038909e+01
1.704199999999999937e+00	1.475809151012356502e+01
1.707799999999999985e+00	1.684538017130227772e+01
1.711400000000000032e+00	1.768446976382114499e+01
1.715000000000000080e+00	1.719921438682843373e+01
1.718599999999999905e+00	1.606237643162813811e+01
1.722199999999999953e+00	1.534558176233005966e+01
1.725899999999999990e+00	1.264809498720071623e+01
1.729500000000000037e+00	1.200755602555773471e+01
1.733100000000000085e+00	1.042727161762903343e+01
1.736699999999999910e+00	9.449092904360306022e+00
1.740299999999999958e+00	8.619553741300888916e+00
1.743900000000000006e+00	9.599960226424652632e+00
1.747500000000000053e+00	9.303394605521123850e+00
1.751100000000000101e+00	8.216437402480087471e+00
1.754699999999999926e+00	9.036038388868522730e+00
1.758299999999999974e+00	8.765124182792508378e+00
1.761900000000000022e+00	9.153744545045213954e+00
1.765500000000000069e+00	1.069195099531479620e+01
1.769099999999999895e+00	1.013779961041654687e+01
1.772699999999999942e+00	1.110545931626992200e+01
1.776399999999999979e+00	1.025851089635091817e+01
1.780000000000000027e+00	9.914398099602573566e+00
1.783600000000000074e+00	8.440995482429849872e+00
1.787199999999999900e+00	7.782642032404578636e+00
1.790799999999999947e+00	8.424106444244577219e+00
1.794399999999999995e+00	9.190226518253007626e+00
1.798000000000000043e+00	1.064974962036804484e+01
1.801600000000000090e+00	1.048588357740300303e+01
1.805199999999999916e+00	9.893325670606174072e+00
1.808799999999999963e+00	1.134643452796665741e+01
1.812400000000000011e+00	1.115002998561550207e+01
1.816000000000000059e+00	1.076855056981385417e+01
1.819600000000000106e+00	1.186241042451008454e+01
1.823199999999999932e+00	1.199354983306209022e+01
1.826899999999999968e+00	9.842422408546269708e+00
1.830500000000000016e+00	1.135855161604121477e+01
1.834100000000000064e+00	1.074791426172933129e+01
1.837699999999999889e+00	1.000344180492112578e+01
1.841299999999999937e+00	1.014526645004492345e+01
1.844899999999999984e+00	1.159046372637714128e+01
1.848500000000000032e+00	9.826866311122691044e+00
1.852100000000000080e+00	1.190784129298216421e+01
1.855699999999999905e+00	1.056797064257614593e+01
1.859299999999999953e+00	1.116859347195559415e+01
1.862900000000000000e+00	1.325132208539536549e+01
1.866500000000000048e+00	1.341703669629761109e+01
1.870100000000000096e+00	1.496203004343784571e+01
1.873699999999999921e+00	1.237209627070488516e+01
1.877399999999999958e+00	1.366853052041490457e+01
1.881000000000000005e+00	1.367445929837194996e+01
1.884600000000000053e+00	1.490512700549638581e+01
1.888200000000000101e+00	1.466130608082080045e+01
1.891799999999999926e+00	1.584668463054979881e+01
1.895399999999999974e+00	1.416149320864164807e+01
1.899000000000000021e+00	1.529789599414782586e+01
1.902600000000000069e+00	1.582882627277476573e+01
1.906199999999999894e+00	1.430498075910142219e+01
1.909799999999999942e+00	1.489616068357262968e+01
1.913399999999999990e+00	1.374969780809897557e+01
1.917000000000000037e+00	1.590766083671715947e+01
1.920600000000000085e+00	1.641046472414509338e+01
1.924199999999999910e+00	1.715033193270591028e+01
1.927899999999999947e+00	1.760085860116020129e+01
1.931499999999999995e+00	1.699735386947030946e+01
1.935100000000000042e+00	1.660009450365482664e+01
1.938700000000000090e+00	1.854201426494467597e+01
1.942299999999999915e+00	1.827413014427131799e+01
1.945899999999999963e+00	1.844301934172279189e+01
1.949500000000000011e+00	1.870574390429286638e+01
1.953100000000000058e+00	2.096560293787265650e+01
1.956700000000000106e+00	2.107235811330913933e+01
1.960299999999999931e+00	1.989572812070560559e+01
1.963899999999999979e+00	2.109182277429827224e+01
1.967500000000000027e+00	2.164352061244405689e+01
1.971100000000000074e+00	2.116397089813450449e+01
1.974699999999999900e+00	2.132253825179484608e+01
1.978399999999999936e+00	1.990543458409255351e+01
1.981999999999999984e+00	1.947735607469397578e+01
1.985600000000000032e+00	2.000462382022040941e+01
1.989200000000000079e+00	2.048012293619468593e+01
1.992799999999999905e+00	2.124352662662360203e+01
1.996399999999999952e+00	2.162487994283878479e+01
2.000000000000000000e+00	2.426110967540056862e+01
