2.000000000000000111e-01	-9.820115521724257501e-01
2.036000000000000032e-01	-2.725423714726616931e-01
2.071999999999999953e-01	-2.407722888211173418e-01
2.107999999999999874e-01	-1.784737241090321724e-01
2.144000000000000072e-01	-7.582477517974199888e-01
2.179999999999999993e-01	-1.450413718907066940e+00
2.215999999999999914e-01	-1.736788168889662032e+00
2.253000000000000003e-01	-1.972551369094931450e+00
2.288999999999999924e-01	-1.505443943813696173e+00
2.325000000000000122e-01	-1.232964660364062048e+00
2.361000000000000043e-01	-1.026420898622154132e+00
2.396999999999999964e-01	-1.925724007786417280e+00
2.432999999999999885e-01	-2.490806342071400614e+00
2.469000000000000083e-01	-1.501496722518394389e+00
2.505000000000000004e-01	-8.203819281438552435e-01
2.540999999999999925e-01	-1.530168707698916108e+00
2.576999999999999846e-01	-2.795413208944398376e-01
2.612999999999999767e-01	-2.297625689615354627e-01
2.649000000000000243e-01	5.582983250253436003e-01
2.685000000000000164e-01	-6.133372779506879313e-02
2.721000000000000085e-01	6.282603604302398059e-01
2.757999999999999896e-01	3.842079829763498378e-01
2.793999999999999817e-01	2.899389299862064479e-02
2.829999999999999738e-01	5.155067596860830603e-01
2.866000000000000214e-01	-4.002104782896428459e-01
2.902000000000000135e-01	3.184911354923612992e-01
2.938000000000000056e-01	2.017186517919107858e-01
2.973999999999999977e-01	-7.079437748912603690e-02
3.009999999999999898e-01	-5.147770866401119028e-01
3.045999999999999819e-01	-1.248526373940572087e+00
3.081999999999999740e-01	-2.122216103356378003e-01
3.118000000000000216e-01	-9.207633353528633657e-01
3.154000000000000137e-01	-9.131685932977939846e-01
3.190000000000000058e-01	-8.625077550431450302e-01
3.225999999999999979e-01	-6.090202430011821821e-01
3.262999999999999790e-01	-1.224755668419998500e+00
3.299000000000000266e-01	-9.314487787027442289e-01
3.335000000000000187e-01	-6.593720773646662980e-01
3.371000000000000107e-01	-1.027080873007044204e+00
3.407000000000000028e-01	-3.676435663521257502e-01
3.442999999999999949e-01	-3.416360108012987951e-01
3.478999999999999870e-01	-1.055821316857252778e-01
3.514999999999999791e-01	2.988873252070365361e-01
3.551000000000000267e-01	1.895366423796225053e-01
3.587000000000000188e-01	1.023177554048804450e-01
3.623000000000000109e-01	1.381525619966988694e-01
3.659000000000000030e-01	1.672054592243362725e-01
3.694999999999999951e-01	1.149607150708067127e-01
3.730999999999999872e-01	1.910440198013721447e-01
3.768000000000000238e-01	1.567959213555149001e-01
3.804000000000000159e-01	-3.359973580990996411e-01
3.840000000000000080e-01	-5.371752771335152055e-01
3.876000000000000001e-01	-5.825306134328579466e-01
3.911999999999999922e-01	-4.467298035915931997e-01
3.947999999999999843e-01	-1.109333424141417668e+00
3.983999999999999764e-01	-1.449342437119948368e+00
4.020000000000000240e-01	-7.851689658318412590e-01
4.056000000000000161e-01	-7.811969874814987946e-01
4.092000000000000082e-01	8.184949687782733241e-01
4.128000000000000003e-01	-8.113893137303167524e-01
4.163999999999999924e-01	-7.194010350425433797e-02
4.199999999999999845e-01	7.716047076660896842e-01
4.235999999999999766e-01	6.034325920420086087e-01
4.273000000000000131e-01	5.617332073418046523e-01
4.309000000000000052e-01	1.430825433389687484e+00
4.344999999999999973e-01	7.028131457385939918e-01
4.380999999999999894e-01	1.418294950906800800e+00
4.416999999999999815e-01	1.611735209700667859e+00
4.452999999999999736e-01	9.088999576432883476e-01
4.489000000000000212e-01	8.882221381407235938e-01
4.525000000000000133e-01	9.037831394434688859e-01
4.561000000000000054e-01	3.357475663186347825e-01
4.596999999999999975e-01	1.861126759922650531e-01
4.632999999999999896e-01	3.003751218752518382e-01
4.668999999999999817e-01	-1.373576278932725492e-01
4.704999999999999738e-01	-2.576166052327481526e-01
4.741000000000000214e-01	2.760133606812305573e-01
4.778000000000000025e-01	5.826534895311819007e-02
4.813999999999999946e-01	1.891983894801769206e-01
4.849999999999999867e-01	6.591624633945921685e-01
4.885999999999999788e-01	-4.659468312015859759e-01
4.922000000000000264e-01	6.524041458631819612e-01
4.958000000000000185e-01	1.268173883212278197e+00
4.994000000000000106e-01	8.458515501599035424e-01
5.030000000000000027e-01	1.467914094594534369e+00
5.066000000000000503e-01	1.473985663250394929e+00
5.101999999999999869e-01	2.455100974584520923e+00
5.138000000000000345e-01	1.687648035596114982e+00
5.173999999999999710e-01	1.951374845529198598e+00
5.210000000000000187e-01	1.905859366180277181e+00
5.245999999999999552e-01	1.992523399909773563e+00
5.282999999999999918e-01	1.462036970645641532e+00
5.319000000000000394e-01	1.554344515285664752e+00
5.354999999999999760e-01	6.123202005699110995e-01
5.391000000000000236e-01	5.358211946077360288e-01
5.426999999999999602e-01	6.041505558647675134e-01
5.463000000000000078e-01	7.740219540157842193e-01
5.499000000000000554e-01	1.018908251546348565e+00
5.534999999999999920e-01	1.573952753677890115e+00
5.571000000000000396e-01	1.040910539085699860e+00
5.606999999999999762e-01	1.651221707145055451e+00
5.643000000000000238e-01	1.431421575152951542e+00
5.678999999999999604e-01	2.055191800336304997e+00
5.715000000000000080e-01	2.305469014728694255e+00
5.752000000000000446e-01	1.830809972403017571e+00
5.787999999999999812e-01	1.743899534883467828e+00
5.824000000000000288e-01	1.770850311802314669e+00
5.859999999999999654e-01	1.839984992789378548e+00
5.896000000000000130e-01	1.662003049550871747e+00
5.931999999999999496e-01	2.391532564791519100e+00
5.967999999999999972e-01	2.250040350386665722e+00
6.004000000000000448e-01	2.298706698625102796e+00
6.039999999999999813e-01	2.711420500429353897e+00
6.076000000000000290e-01	2.235654772420367475e+00
6.111999999999999655e-01	2.739869447779195610e+00
6.148000000000000131e-01	2.418659124126169679e+00
6.183999999999999497e-01	1.682753969715188980e+00
6.219999999999999973e-01	2.180672141173118028e+00
6.257000000000000339e-01	2.471267523461886384e+00
6.292999999999999705e-01	1.184592482508825206e+00
6.329000000000000181e-01	1.516060788232629575e+00
6.364999999999999547e-01	1.205011571597083275e+00
6.401000000000000023e-01	2.552216883356920540e+00
6.437000000000000499e-01	1.841927934316285542e+00
6.472999999999999865e-01	1.203813689739678061e+00
6.509000000000000341e-01	2.597086409015529895e+00
6.544999999999999707e-01	2.236173656024437850e+00
6.581000000000000183e-01	2.481699849200150521e+00
6.616999999999999549e-01	3.542548096584613671e+00
6.653000000000000025e-01	2.994655943451460800e+00
6.689000000000000501e-01	3.789866583408985967e+00
6.724999999999999867e-01	3.489191983925366003e+00
6.762000000000000233e-01	3.481934981600784962e+00
6.797999999999999599e-01	4.229653034107882625e+00
6.834000000000000075e-01	3.424856179769714792e+00
6.870000000000000551e-01	3.024224847086249390e+00
6.905999999999999917e-01	3.960874371036910091e+00
6.942000000000000393e-01	4.124446902987574326e+00
6.977999999999999758e-01	3.758171892216369603e+00
7.014000000000000234e-01	3.827623246099128629e+00
7.049999999999999600e-01	2.944778855943058105e+00
7.086000000000000076e-01	3.343411366320406586e+00
7.122000000000000552e-01	2.896221632885792818e+00
7.157999999999999918e-01	3.387433441942396595e+00
7.194000000000000394e-01	3.972754447319721383e+00
7.229999999999999760e-01	3.316884497956228195e+00
7.267000000000000126e-01	3.197727375894201973e+00
7.302999999999999492e-01	3.900422567922388950e+00
7.338999999999999968e-01	4.025005581127317100e+00
7.375000000000000444e-01	3.940365696912310867e+00
7.410999999999999810e-01	3.908938829635812517e+00
7.447000000000000286e-01	4.814778912832985647e+00
7.482999999999999652e-01	5.290362024383011175e+00
7.519000000000000128e-01	5.161545804879293264e+00
7.554999999999999494e-01	5.366677764996996558e+00
7.590999999999999970e-01	5.146571040490538707e+00
7.627000000000000446e-01	4.989431196953999503e+00
7.662999999999999812e-01	4.438336723799327643e+00
7.699000000000000288e-01	4.978134340826174231e+00
7.734999999999999654e-01	4.393140381388020543e+00
7.772000000000000020e-01	4.029352789712661753e+00
7.808000000000000496e-01	3.539903060906770094e+00
7.843999999999999861e-01	3.911948944742538181e+00
7.880000000000000338e-01	3.548211988536480899e+00
7.915999999999999703e-01	3.802620686501436698e+00
7.952000000000000179e-01	3.971836090509074602e+00
7.987999999999999545e-01	3.602027642298320842e+00
8.024000000000000021e-01	3.672190170007977095e+00
8.060000000000000497e-01	3.384842209656841128e+00
8.095999999999999863e-01	2.801604750306734726e+00
8.132000000000000339e-01	2.832292648711417726e+00
8.167999999999999705e-01	3.827206588334647108e+00
8.204000000000000181e-01	2.517222124056072374e+00
8.239999999999999547e-01	3.434395451857906956e+00
8.276999999999999913e-01	3.754381360775078225e+00
8.313000000000000389e-01	3.593319191087176012e+00
8.348999999999999755e-01	4.017281663685887239e+00
8.385000000000000231e-01	3.904220704101909245e+00
8.420999999999999597e-01	2.756320498292172960e+00
8.457000000000000073e-01	2.804453823137722956e+00
8.493000000000000549e-01	3.045000517406763585e+00
8.528999999999999915e-01	2.507958472740526190e+00
8.565000000000000391e-01	2.858567152636921183e+00
8.600999999999999757e-01	2.372670482952940585e+00
8.637000000000000233e-01	3.086499952803221980e+00
8.672999999999999599e-01	2.679235468084226746e+00
8.709000000000000075e-01	2.340195396634424885e+00
8.745000000000000551e-01	2.068380089168908587e+00
8.781999999999999806e-01	2.898715340692679110e+00
8.818000000000000282e-01	2.997891426228420642e+00
8.853999999999999648e-01	2.474186294213717385e+00
8.890000000000000124e-01	1.681328242946662499e+00
8.925999999999999490e-01	2.591416458869031825e+00
8.961999999999999966e-01	2.604284361455301067e+00
8.998000000000000442e-01	2.357382519235547758e+00
9.033999999999999808e-01	2.114842590774182352e+00
9.070000000000000284e-01	2.210916245683084647e+00
9.105999999999999650e-01	2.453318260055309619e+00
9.142000000000000126e-01	2.170701493918539171e+00
9.177999999999999492e-01	2.279886372982804943e+00
9.213999999999999968e-01	2.081934792911280585e+00
9.251000000000000334e-01	1.897291216119564083e+00
9.286999999999999700e-01	2.790902015508032630e+00
9.323000000000000176e-01	2.172825699710472236e+00
9.358999999999999542e-01	2.806757016178718089e+00
9.395000000000000018e-01	2.114382049713494194e+00
9.431000000000000494e-01	2.384343873896183297e+00
9.466999999999999860e-01	2.666978221455615916e+00
9.503000000000000336e-01	2.179636890593179110e+00
9.538999999999999702e-01	1.927041800156154894e+00
9.575000000000000178e-01	2.630948621489038963e+00
9.610999999999999543e-01	1.679295342583939421e+00
9.647000000000000020e-01	2.444757316283586501e+00
9.683000000000000496e-01	2.113740843856896756e+00
9.718999999999999861e-01	2.354382481669233140e+00
9.756000000000000227e-01	2.160802270962655758e+00
9.791999999999999593e-01	2.338701357367664713e+00
9.828000000000000069e-01	1.999715825935451274e+00
9.864000000000000545e-01	2.817987819451343690e+00
9.899999999999999911e-01	2.990176544960117866e+00
9.936000000000000387e-01	2.512134707925766097e+00
9.971999999999999753e-01	2.317072829814650792e+00
1.000799999999999912e+00	1.818169487731199574e+00
1.004399999999999959e+00	2.214245009415206411e+00
1.008000000000000007e+00	2.248902976515956276e+00
1.011600000000000055e+00	1.880242384808634704e+00
1.015200000000000102e+00	1.692867713264021301e+00
1.018799999999999928e+00	2.237695293612518732e+00
1.022399999999999975e+00	1.834716814968097243e+00
1.026100000000000012e+00	2.006488965335108343e+00
1.029700000000000060e+00	1.991791694936903445e+00
1.033300000000000107e+00	2.256738600657656857e+00
1.036899999999999933e+00	1.899311460348839464e+00
1.040499999999999980e+00	1.450227691625697091e+00
1.044100000000000028e+00	1.540716538125953994e+00
1.047700000000000076e+00	2.450783592316864379e+00
1.051299999999999901e+00	1.345262228757408307e+00
1.054899999999999949e+00	1.614340649361898583e+00
1.058499999999999996e+00	1.643658265733836110e+00
1.062100000000000044e+00	1.338882577335660518e+00
1.065700000000000092e+00	1.485954904192551274e+00
1.069299999999999917e+00	2.723123140663394892e+00
1.072899999999999965e+00	1.393152274102154253e+00
1.076600000000000001e+00	1.677246943286520020e+00
1.080200000000000049e+00	2.290845963350686354e+00
1.083800000000000097e+00	2.166743195910143527e+00
1.087399999999999922e+00	3.302742109977731655e+00
1.090999999999999970e+00	4.062355135258073346e+00
1.094600000000000017e+00	4.919260474384556936e+00
1.098200000000000065e+00	5.922138056500799053e+00
1.101799999999999891e+00	5.914434376714364561e+00
1.105399999999999938e+00	5.569315240481968132e+00
1.108999999999999986e+00	4.775832122201656205e+00
1.112600000000000033e+00	4.328821455762314585e+00
1.116200000000000081e+00	2.951167590259465623e+00
1.119799999999999907e+00	3.348420368247174483e+00
1.123399999999999954e+00	2.733064424150067673e+00
1.127099999999999991e+00	1.889352030077712463e+00
1.130700000000000038e+00	2.240598836365718327e+00
1.134300000000000086e+00	2.227774344119369587e+00
1.137899999999999912e+00	2.428276665004733381e+00
1.141499999999999959e+00	2.488952945793342142e+00
1.145100000000000007e+00	3.424878155599520912e+00
1.148700000000000054e+00	4.558073443031416261e+00
1.152300000000000102e+00	6.315194601810992125e+00
1.155899999999999928e+00	7.610608074906424214e+00
1.159499999999999975e+00	7.500722583087342521e+00
1.163100000000000023e+00	8.515090780944927218e+00
1.166700000000000070e+00	6.653510123537747845e+00
1.170299999999999896e+00	6.136251114853491728e+00
1.173899999999999944e+00	4.618076049855753595e+00
1.177599999999999980e+00	4.206384850512923101e+00
1.181200000000000028e+00	3.827414290694126642e+00
1.184800000000000075e+00	4.173640198982609739e+00
1.188399999999999901e+00	4.858777986419689832e+00
1.191999999999999948e+00	4.954793401169472311e+00
1.195599999999999996e+00	4.943093726561881063e+00
1.199200000000000044e+00	5.332963471532637278e+00
1.202800000000000091e+00	5.875125689113585459e+00
1.206399999999999917e+00	5.831988914101483346e+00
1.209999999999999964e+00	5.488959952679731913e+00
1.213600000000000012e+00	4.394296550956081404e+00
1.217200000000000060e+00	4.706268187609172315e+00
1.220800000000000107e+00	4.709861027536562439e+00
1.224399999999999933e+00	4.613465119470038900e+00
1.228099999999999969e+00	5.223597045042944309e+00
1.231700000000000017e+00	4.499117802392229137e+00
1.235300000000000065e+00	5.082728777792475228e+00
1.238899999999999890e+00	5.091130968813326163e+00
1.242499999999999938e+00	5.350342761469592645e+00
1.246099999999999985e+00	5.685885346157295572e+00
1.249700000000000033e+00	5.307626090930636309e+00
1.253300000000000081e+00	3.793724680350584855e+00
1.256899999999999906e+00	4.412263161940137124e+00
1.260499999999999954e+00	4.360563641681076241e+00
1.264100000000000001e+00	4.552728710404490897e+00
1.267700000000000049e+00	4.455819423021009307e+00
1.271300000000000097e+00	3.926449714058866558e+00
1.274899999999999922e+00	4.278387461524594926e+00
1.278599999999999959e+00	4.030224963577905939e+00
1.282200000000000006e+00	5.069549650306842459e+00
1.285800000000000054e+00	3.645530310304175625e+00
1.289400000000000102e+00	4.310827622732375630e+00
1.292999999999999927e+00	4.359948441368209693e+00
1.296599999999999975e+00	4.111348379654829799e+00
1.300200000000000022e+00	4.674830548328032798e+00
1.303800000000000070e+00	4.473480926368483601e+00
1.307399999999999896e+00	5.045228989507667627e+00
1.310999999999999943e+00	5.785535420800198558e+00
1.314599999999999991e+00	5.361597467093472957e+00
1.318200000000000038e+00	5.765257224587846174e+00
1.321800000000000086e+00	5.317023110411265741e+00
1.325499999999999901e+00	5.628709322235936341e+00
1.329099999999999948e+00	5.539293685514468990e+00
1.332699999999999996e+00	5.178643874871830199e+00
1.336300000000000043e+00	5.608297544654679001e+00
1.339900000000000091e+00	5.482831272168523284e+00
1.343499999999999917e+00	5.432409428941997298e+00
1.347099999999999964e+00	5.182531104983115533e+00
1.350700000000000012e+00	4.649283845292298878e+00
1.354300000000000059e+00	4.467021385722214966e+00
1.357900000000000107e+00	4.767143455022001319e+00
1.361499999999999932e+00	5.515907830191679295e+00
1.365099999999999980e+00	4.904068091955688047e+00
1.368700000000000028e+00	5.697262572323613661e+00
1.372300000000000075e+00	5.368822273855416327e+00
1.375999999999999890e+00	5.173176896402882363e+00
1.379599999999999937e+00	5.593761538597592953e+00
1.383199999999999985e+00	6.050755137488354585e+00
1.386800000000000033e+00	6.363273367290617877e+00
1.390400000000000080e+00	5.764590138357851501e+00
1.393999999999999906e+00	5.922191736235202342e+00
1.397599999999999953e+00	6.805330589841710243e+00
1.401200000000000001e+00	7.173177196621219665e+00
1.404800000000000049e+00	8.259664943846008356e+00
1.408400000000000096e+00	7.469884653214328374e+00
1.411999999999999922e+00	8.795751698662373386e+00
1.415599999999999969e+00	8.280418357356495562e+00
1.419200000000000017e+00	7.722111945637195163e+00
1.422800000000000065e+00	6.818558725101601325e+00
1.426500000000000101e+00	6.574829191747971535e+00
1.430099999999999927e+00	5.560172572618804487e+00
1.433699999999999974e+00	5.676251806817225187e+00
1.437300000000000022e+00	5.396907325257290111e+00
1.440900000000000070e+00	5.897331474140717233e+00
1.444499999999999895e+00	6.232400229154642091e+00
1.448099999999999943e+00	5.968817073609901769e+00
1.451699999999999990e+00	6.218021107528262093e+00
1.455300000000000038e+00	6.312823636074774036e+00
1.458900000000000086e+00	7.159451351110514672e+00
1.462499999999999911e+00	6.341932339797450524e+00
1.466099999999999959e+00	6.244185899417622920e+00
1.469700000000000006e+00	6.831730676164126770e+00
1.473300000000000054e+00	7.505110578992924886e+00
1.477000000000000091e+00	7.446274676404949666e+00
1.480599999999999916e+00	7.821964860425043575e+00
1.484199999999999964e+00	7.647828457034980154e+00
1.487800000000000011e+00	8.009278335242138169e+00
1.491400000000000059e+00	7.424135285953908259e+00
1.495000000000000107e+00	7.687805076181231989e+00
1.498599999999999932e+00	7.733292755902663629e+00
1.502199999999999980e+00	6.943798860439225784e+00
1.505800000000000027e+00	7.433843168710739135e+00
1.509400000000000075e+00	7.041598891280501427e+00
1.512999999999999901e+00	7.624735056892692597e+00
1.516599999999999948e+00	7.064738842880558423e+00
1.520199999999999996e+00	6.816086937751109964e+00
1.523800000000000043e+00	7.556561891567251443e+00
1.527500000000000080e+00	7.622756107600586084e+00
1.531099999999999905e+00	8.358714829876392471e+00
1.534699999999999953e+00	7.271525156343079388e+00
1.538300000000000001e+00	8.176647878808823933e+00
1.541900000000000048e+00	8.801479149477639652e+00
1.545500000000000096e+00	8.817767857312480473e+00
1.549099999999999921e+00	8.932407642948239967e+00
1.552699999999999969e+00	8.889282132500447631e+00
1.556300000000000017e+00	9.327489840106464314e+00
1.559900000000000064e+00	9.899443469851179955e+00
1.563499999999999890e+00	9.632085372999185324e+00
1.567099999999999937e+00	9.352453681431569521e+00
1.570699999999999985e+00	8.860209217753126865e+00
1.574300000000000033e+00	8.481048912407786133e+00
1.578000000000000069e+00	9.078971444319730466e+00
1.581599999999999895e+00	8.574009656751469421e+00
1.585199999999999942e+00	9.281656483080135800e+00
1.588799999999999990e+00	9.997822077284308051e+00
1.592400000000000038e+00	9.753917994186544149e+00
1.596000000000000085e+00	1.021829361711782092e+01
1.599599999999999911e+00	1.187371586327080308e+01
1.603199999999999958e+00	1.066970449275999044e+01
1.606800000000000006e+00	1.146487942872973953e+01
1.610400000000000054e+00	1.141209442858318823e+01
1.614000000000000101e+00	1.149993205760434734e+01
1.617599999999999927e+00	1.172378257713003968e+01
1.621199999999999974e+00	1.205402952992475107e+01
1.624800000000000022e+00	1.262733432290661817e+01
1.628500000000000059e+00	1.234716714002734861e+01
1.632100000000000106e+00	1.323508491871179515e+01
1.635699999999999932e+00	1.383826450682992082e+01
1.639299999999999979e+00	1.416670201198489210e+01
1.642900000000000027e+00	1.427418410555991457e+01
1.646500000000000075e+00	1.470666827635691121e+01
1.650099999999999900e+00	1.662108331145631723e+01
1.653699999999999948e+00	1.805014608677987908e+01
1.657299999999999995e+00	2.158329403595601548e+01
1.660900000000000043e+00	2.472855330276415486e+01
1.664500000000000091e+00	2.749863843512403605e+01
1.668099999999999916e+00	3.037123850662270996e+01
1.671699999999999964e+00	2.900294470144622849e+01
1.675400000000000000e+00	2.657610107799878563e+01
1.679000000000000048e+00	2.347840810283129542e+01
1.682600000000000096e+00	1.931186683646063074e+01
1.686199999999999921e+00	1.589817133085456291e+01
1.689799999999999969e+00	1.408235171426690968e+01
1.693400000000000016e+00	1.269230408998120296e+01
1.697000000000000064e+00	1.402780646895786454e+01
1.700599999999999890e+00	1.521596165859580552e+01
1.704199999999999937e+00	1.822363897495155527e+01
1.707799999999999985e+00	2.119249948760319313e+01
1.711400000000000032e+00	2.327588744622077499e+01
1.715000000000000080e+00	2.421246975789760114e+01
1.718599999999999905e+00	2.254898406664478117e+01
1.722199999999999953e+00	1.984172126514071266e+01
1.725899999999999990e+00	1.569279211796229845e+01
1.729500000000000037e+00	1.289285397575134517e+01
1.733100000000000085e+00	1.065013114381725678e+01
1.736699999999999910e+00	1.000817951857543342e+01
1.740299999999999958e+00	1.044221370430449092e+01
1.743900000000000006e+00	1.045591077948954073e+01
1.747500000000000053e+00	1.152481900763354083e+01
1.751100000000000101e+00	1.123876856012928549e+01
1.754699999999999926e+00	1.041849978507947405e+01
1.758299999999999974e+00	1.116303232659798894e+01
1.761900000000000022e+00	1.052793186541386916e+01
1.765500000000000069e+00	1.027860765402806109e+01
1.769099999999999895e+00	9.986431704670964749e+00
1.772699999999999942e+00	9.153768946886206237e+00
1.776399999999999979e+00	1.026208121175304377e+01
1.780000000000000027e+00	1.089707702126130329e+01
1.783600000000000074e+00	1.102520815853773684e+01
1.787199999999999900e+00	1.217684662623598513e+01
1.790799999999999947e+00	1.218991815526539568e+01
1.794399999999999995e+00	1.154708554776252782e+01
1.798000000000000043e+00	1.133215861114543621e+01
1.801600000000000090e+00	1.040532296865703543e+01
1.805199999999999916e+00	1.059645548386835756e+01
1.808799999999999963e+00	9.617223358216884677e+00
1.812400000000000011e+00	9.992346795896986933e+00
1.816000000000000059e+00	9.756961300899748224e+00
1.819600000000000106e+00	9.824874713847970398e+00
1.823199999999999932e+00	9.687448650658106786e+00
1.826899999999999968e+00	9.504410115465359965e+00
1.830500000000000016e+00	9.787477521578907158e+00
1.834100000000000064e+00	1.016220527136733409e+01
1.837699999999999889e+00	9.784015957071030556e+00
1.841299999999999937e+00	1.030760318673134712e+01
1.844899999999999984e+00	9.976245939966315035e+00
1.848500000000000032e+00	1.068038099469532298e+01
1.852100000000000080e+00	1.199236165083015493e+01
1.855699999999999905e+00	1.428358117622803647e+01
1.859299999999999953e+00	1.524877193479392723e+01
1.862900000000000000e+00	1.689269643822861866e+01
1.866500000000000048e+00	1.661481413563118892e+01
1.870100000000000096e+00	1.498244339777464518e+01
1.873699999999999921e+00	1.252965534131912406e+01
1.877399999999999958e+00	1.116013890913007955e+01
1.881000000000000005e+00	1.020411680497485563e+01
1.884600000000000053e+00	9.808121823649116777e+00
1.888200000000000101e+00	9.308449782864210320e+00
1.891799999999999926e+00	1.066617824604988662e+01
1.895399999999999974e+00	1.212237806317088484e+01
1.899000000000000021e+00	1.244774194971303594e+01
1.902600000000000069e+00	1.245815220053956018e+01
1.906199999999999894e+00	1.275627999560741799e+01
1.909799999999999942e+00	1.278999733395310834e+01
1.913399999999999990e+00	1.294008970368660449e+01
1.917000000000000037e+00	1.304885072131506085e+01
1.920600000000000085e+00	1.272430831499698201e+01
1.924199999999999910e+00	1.291612913054410683e+01
1.927899999999999947e+00	1.267569748128098084e+01
1.931499999999999995e+00	1.236778708619816314e+01
1.935100000000000042e+00	1.352119814528343333e+01
1.938700000000000090e+00	1.379253192216270385e+01
1.942299999999999915e+00	1.338275069778200965e+01
1.945899999999999963e+00	1.353276011274077462e+01
1.949500000000000011e+00	1.426359253811682493e+01
1.953100000000000058e+00	1.404323154784992944e+01
1.956700000000000106e+00	1.515525200093382807e+01
1.960299999999999931e+00	1.495457698587666506e+01
1.963899999999999979e+00	1.647653518183467014e+01
1.967500000000000027e+00	1.639145684187043273e+01
1.971100000000000074e+00	1.615725374908206646e+01
1.974699999999999900e+00	1.567844486075465049e+01
1.978399999999999936e+00	1.470116345103349076e+01
1.981999999999999984e+00	1.430749833960591744e+01
1.985600000000000032e+00	1.412681535988474835e+01
1.989200000000000079e+00	1.417249915267391636e+01
1.992799999999999905e+00	1.550053286477826830e+01
1.996399999999999952e+00	1.752118066562474397e+01
2.000000000000000000e+00	2.048618212200172195e+01
