2.000000000000000111e-01	-2.381526860956570513e+00
2.036000000000000032e-01	-1.388206531910883390e+00
2.071999999999999953e-01	-4.674598996689449670e-02
2.107999999999999874e-01	-1.991574666274920968e+00
2.144000000000000072e-01	-1.371422870393517179e+00
2.179999999999999993e-01	6.482551639419233958e-01
2.215999999999999914e-01	-1.968055408931501660e-01
2.253000000000000003e-01	-8.819934773868984834e-01
2.288999999999999924e-01	-9.906167204671181281e-01
2.325000000000000122e-01	5.406929777710579588e-01
2.361000000000000043e-01	-1.401621291474620445e+00
2.396999999999999964e-01	-7.315195955233921854e-01
2.432999999999999885e-01	-6.948758833983773586e-01
2.469000000000000083e-01	-3.935941282304746824e-01
2.505000000000000004e-01	-8.243017975396667030e-01
2.540999999999999925e-01	5.867327829358093272e-01
2.576999999999999846e-01	-7.108645756589180298e-01
2.612999999999999767e-01	-8.515539564741625433e-02
2.649000000000000243e-01	-1.415683764031328895e+00
2.685000000000000164e-01	-1.948747089152463197e+00
2.721000000000000085e-01	-6.095520457262240122e-01
2.757999999999999896e-01	2.168636998930775217e-01
2.793999999999999817e-01	-3.222807033760783924e-01
2.829999999999999738e-01	-7.426183862263247004e-01
2.866000000000000214e-01	-6.473924386564766653e-02
2.902000000000000135e-01	-2.272373809284883306e-01
2.938000000000000056e-01	9.673873156114153327e-01
2.973999999999999977e-01	1.037521289945677605e+00
3.009999999999999898e-01	1.466248523742387677e+00
3.045999999999999819e-01	4.268629301523028108e-01
3.081999999999999740e-01	2.138947889680564429e-01
3.118000000000000216e-01	6.699007655706936681e-01
3.154000000000000137e-01	1.732351024881539692e+00
3.190000000000000058e-01	5.196539703504521324e-01
3.225999999999999979e-01	-1.163286761456952423e+00
3.262999999999999790e-01	1.598306213244960583e+00
3.299000000000000266e-01	6.917030300682214250e-01
3.335000000000000187e-01	-1.283348632108051834e+00
3.371000000000000107e-01	8.525400066674220234e-01
3.407000000000000028e-01	-8.876878099625171714e-01
3.442999999999999949e-01	1.476526356609564328e-01
3.478999999999999870e-01	5.170239481241136748e-01
3.514999999999999791e-01	2.698570565820175293e-01
3.551000000000000267e-01	6.812469592376479977e-02
3.587000000000000188e-01	2.132451254265809171e-01
3.623000000000000109e-01	6.487095840922700862e-01
3.659000000000000030e-01	-2.434600331044399213e-01
3.694999999999999951e-01	-6.498877220240827368e-01
3.730999999999999872e-01	-2.489519423300091405e-01
3.768000000000000238e-01	1.818033601057428950e+00
3.804000000000000159e-01	1.242406700439726785e+00
3.840000000000000080e-01	1.948084155504893555e+00
3.876000000000000001e-01	-4.157818030936949460e-01
3.911999999999999922e-01	-2.122127005502008612e-01
3.947999999999999843e-01	-1.033398029270610863e+00
3.983999999999999764e-01	1.042983596590180140e-01
4.020000000000000240e-01	6.131984782448005600e-01
4.056000000000000161e-01	2.935421937441894391e-01
4.092000000000000082e-01	-6.112903925640276181e-01
4.128000000000000003e-01	-2.335270090579655289e-03
4.163999999999999924e-01	2.239230420867153182e-01
4.199999999999999845e-01	7.242729837226902223e-01
4.235999999999999766e-01	-2.183846033142570198e-01
4.273000000000000131e-01	6.917790305604145651e-01
4.309000000000000052e-01	7.311663422007514956e-01
4.344999999999999973e-01	9.844258660903215663e-01
4.380999999999999894e-01	8.156461032483676155e-01
4.416999999999999815e-01	3.401942570807935939e-01
4.452999999999999736e-01	9.158269009218918955e-01
4.489000000000000212e-01	-2.235541044619099860e-01
4.525000000000000133e-01	3.605925306113451079e-01
4.561000000000000054e-01	6.634604610389458479e-01
4.596999999999999975e-01	7.594650178158726117e-01
4.632999999999999896e-01	1.418967543406367993e+00
4.668999999999999817e-01	1.945302129840651428e-01
4.704999999999999738e-01	3.211027413664860886e-01
4.741000000000000214e-01	1.541185793367913837e+00
4.778000000000000025e-01	6.423852494868043106e-02
4.813999999999999946e-01	-8.552493713552277166e-01
4.849999999999999867e-01	2.303468511117814810e+00
4.885999999999999788e-01	1.002650566162438084e+00
4.922000000000000264e-01	2.410488674818767052e+00
4.958000000000000185e-01	1.978615201772628840e+00
4.994000000000000106e-01	1.501311433412396035e+00
5.030000000000000027e-01	1.544816698194203752e+00
5.066000000000000503e-01	4.861967083672015244e-01
5.101999999999999869e-01	9.636616083057191195e-01
5.138000000000000345e-01	2.106601246148918971e+00
5.173999999999999710e-01	1.320280206577150395e+00
5.210000000000000187e-01	2.379300429716387555e+00
5.245999999999999552e-01	1.252954900383589143e+00
5.282999999999999918e-01	1.336307868237015528e+00
5.319000000000000394e-01	-5.779223048395868423e-01
5.354999999999999760e-01	3.021803669635450884e+00
5.391000000000000236e-01	8.246058092479421342e-01
5.426999999999999602e-01	6.447836543254883424e-01
5.463000000000000078e-01	-6.163868473194816788e-02
5.499000000000000554e-01	1.666473878504536543e+00
5.534999999999999920e-01	1.272415375254990266e+00
5.571000000000000396e-01	2.462339838523740720e+00
5.606999999999999762e-01	2.660648710993736898e+00
5.643000000000000238e-01	3.176677957504500771e+00
5.678999999999999604e-01	2.480319640126743774e+00
5.715000000000000080e-01	2.360808279016296751e+00
5.752000000000000446e-01	2.533582075797545130e+00
5.787999999999999812e-01	4.043944559164255992e+00
5.824000000000000288e-01	1.738484266680320411e+00
5.859999999999999654e-01	2.119268115041660128e+00
5.896000000000000130e-01	1.296207339175901030e+00
5.931999999999999496e-01	3.743464771383951728e+00
5.967999999999999972e-01	2.374698919272696163e+00
6.004000000000000448e-01	4.428367306417005933e-01
6.039999999999999813e-01	2.648981696659704621e+00
6.076000000000000290e-01	1.290576148389997568e+00
6.111999999999999655e-01	2.489582733663003200e+00
6.148000000000000131e-01	1.285833769632609869e+00
6.183999999999999497e-01	2.816139656418459314e+00
6.219999999999999973e-01	1.573113455070209721e+00
6.257000000000000339e-01	3.560605086679692555e+00
6.292999999999999705e-01	2.080498714449917408e+00
6.329000000000000181e-01	2.843749786662980839e+00
6.364999999999999547e-01	4.016796584153941474e+00
6.401000000000000023e-01	2.511624705546024572e+00
6.437000000000000499e-01	4.720267827952925543e+00
6.472999999999999865e-01	3.773462116293760271e+00
6.509000000000000341e-01	3.469287517353141226e+00
6.544999999999999707e-01	2.815840496387588932e+00
6.581000000000000183e-01	3.638670972386535141e+00
6.616999999999999549e-01	3.993676166201223232e+00
6.653000000000000025e-01	2.285932644509498957e+00
6.689000000000000501e-01	3.019772844971633674e+00
6.724999999999999867e-01	2.764811447629452523e+00
6.762000000000000233e-01	2.745832836288844891e+00
6.797999999999999599e-01	1.999082971371291428e+00
6.834000000000000075e-01	2.154074721400610404e+00
6.870000000000000551e-01	2.217487933134496103e+00
6.905999999999999917e-01	4.066754147423749188e+00
6.942000000000000393e-01	4.518577777173710786e+00
6.977999999999999758e-01	5.020161299181484793e+00
7.014000000000000234e-01	5.284200252560911082e+00
7.049999999999999600e-01	3.106962083043297351e+00
7.086000000000000076e-01	5.186091058260718256e+00
7.122000000000000552e-01	4.216781100176327790e+00
7.157999999999999918e-01	5.184066258772705105e+00
7.194000000000000394e-01	4.437528548948882268e+00
7.229999999999999760e-01	3.397845690421769760e+00
7.267000000000000126e-01	4.176057617718919701e+00
7.302999999999999492e-01	3.463182407866214341e+00
7.338999999999999968e-01	4.267666504169679520e+00
7.375000000000000444e-01	3.854956090049863171e+00
7.410999999999999810e-01	3.898758122450654451e+00
7.447000000000000286e-01	4.312213984611638296e+00
7.482999999999999652e-01	3.915809238145404603e+00
7.519000000000000128e-01	6.152723984009485392e+00
7.554999999999999494e-01	5.346479838129467588e+00
7.590999999999999970e-01	6.097210629833849538e+00
7.627000000000000446e-01	4.207580613775260936e+00
7.662999999999999812e-01	5.845815563231162137e+00
7.699000000000000288e-01	4.653653068234823387e+00
7.734999999999999654e-01	4.767855133774668630e+00
7.772000000000000020e-01	5.860308843099701903e+00
7.808000000000000496e-01	5.085405574225879910e+00
7.843999999999999861e-01	6.991933839598219791e+00
7.880000000000000338e-01	5.675085208588942720e+00
7.915999999999999703e-01	5.214543430166234117e+00
7.952000000000000179e-01	4.429411234616983606e+00
7.987999999999999545e-01	4.123891061811832515e+00
8.024000000000000021e-01	4.573742028561290418e+00
8.060000000000000497e-01	4.534725015098348244e+00
8.095999999999999863e-01	4.065183627521628651e+00
8.132000000000000339e-01	5.860194829344663070e+00
8.167999999999999705e-01	6.053550475626373384e+00
8.204000000000000181e-01	5.654921171709669458e+00
8.239999999999999547e-01	5.152762990356369421e+00
8.276999999999999913e-01	5.223359498767306874e+00
8.313000000000000389e-01	5.054565649578427688e+00
8.348999999999999755e-01	5.555668107388837207e+00
8.385000000000000231e-01	6.209389032201112713e+00
8.420999999999999597e-01	6.332478228081795280e+00
8.457000000000000073e-01	5.266410886364104371e+00
8.493000000000000549e-01	4.635541846525979892e+00
8.528999999999999915e-01	5.038740123495190737e+00
8.565000000000000391e-01	5.852055483222673438e+00
8.600999999999999757e-01	6.043111642718521637e+00
8.637000000000000233e-01	5.971327139492945690e+00
8.672999999999999599e-01	4.451997457379732737e+00
8.709000000000000075e-01	7.187058872370728935e+00
8.745000000000000551e-01	5.844807017041012465e+00
8.781999999999999806e-01	6.464225168404668764e+00
8.818000000000000282e-01	5.791866018864479493e+00
8.853999999999999648e-01	6.393805683896156111e+00
8.890000000000000124e-01	6.062657880195948756e+00
8.925999999999999490e-01	5.400932880079049703e+00
8.961999999999999966e-01	5.171376523669320768e+00
8.998000000000000442e-01	4.865564057782155061e+00
9.033999999999999808e-01	5.558216843187333112e+00
9.070000000000000284e-01	4.332772641981369688e+00
9.105999999999999650e-01	5.991918745417732950e+00
9.142000000000000126e-01	5.735391855870278555e+00
9.177999999999999492e-01	4.727098187881059843e+00
9.213999999999999968e-01	5.749113861722664254e+00
9.251000000000000334e-01	4.485678331296084842e+00
9.286999999999999700e-01	4.553320291148704513e+00
9.323000000000000176e-01	3.407596594239123533e+00
9.358999999999999542e-01	3.536045960456202675e+00
9.395000000000000018e-01	5.609872584524267403e+00
9.431000000000000494e-01	4.532667353011556877e+00
9.466999999999999860e-01	2.317182343338631156e+00
9.503000000000000336e-01	6.039514319346769966e+00
9.538999999999999702e-01	6.752584448323998068e+00
9.575000000000000178e-01	3.914108753984617106e+00
9.610999999999999543e-01	6.331905492504308341e+00
9.647000000000000020e-01	5.010943647669449774e+00
9.683000000000000496e-01	5.779174760405082267e+00
9.718999999999999861e-01	3.829883101471041496e+00
9.756000000000000227e-01	4.744075438863039729e+00
9.791999999999999593e-01	4.723057084662832139e+00
9.828000000000000069e-01	5.221527362150458984e+00
9.864000000000000545e-01	4.475092195748638702e+00
9.899999999999999911e-01	5.888101246752392548e+00
9.936000000000000387e-01	4.300599929372875607e+00
9.971999999999999753e-01	5.193125410983476797e+00
1.000799999999999912e+00	5.704340318418368305e+00
1.004399999999999959e+00	5.351158103999868132e+00
1.008000000000000007e+00	6.471980441963152586e+00
1.011600000000000055e+00	4.847361587075377898e+00
1.015200000000000102e+00	4.196868919686736810e+00
1.018799999999999928e+00	5.100637718121587838e+00
1.022399999999999975e+00	5.480505514781941478e+00
1.026100000000000012e+00	4.817109615225911412e+00
1.029700000000000060e+00	3.940974219002520762e+00
1.033300000000000107e+00	6.261407110893206784e+00
1.036899999999999933e+00	4.101727050312153011e+00
1.040499999999999980e+00	4.601927814843267406e+00
1.044100000000000028e+00	4.964638838501914009e+00
1.047700000000000076e+00	5.925405960408000716e+00
1.051299999999999901e+00	6.651846547387116004e+00
1.054899999999999949e+00	5.130533077786711083e+00
1.058499999999999996e+00	7.286386981143488484e+00
1.062100000000000044e+00	4.484054586022415911e+00
1.065700000000000092e+00	5.440218117454634239e+00
1.069299999999999917e+00	5.885559674981925227e+00
1.072899999999999965e+00	5.649864555117082965e+00
1.076600000000000001e+00	5.014878055738303253e+00
1.080200000000000049e+00	5.986380430619936632e+00
1.083800000000000097e+00	6.110751749842442848e+00
1.087399999999999922e+00	4.766748267193405830e+00
1.090999999999999970e+00	7.174717405016087568e+00
1.094600000000000017e+00	6.815320412380142301e+00
1.098200000000000065e+00	8.453454095545573921e+00
1.101799999999999891e+00	8.303718457350298010e+00
1.105399999999999938e+00	8.467665785490183339e+00
1.108999999999999986e+00	8.589311754819108913e+00
1.112600000000000033e+00	7.946793954361329071e+00
1.116200000000000081e+00	6.353057634510871132e+00
1.119799999999999907e+00	6.877109912663249780e+00
1.123399999999999954e+00	4.991210240141352728e+00
1.127099999999999991e+00	4.479544555245818849e+00
1.130700000000000038e+00	6.152408932260588159e+00
1.134300000000000086e+00	4.029545329465347159e+00
1.137899999999999912e+00	3.940701905486909240e+00
1.141499999999999959e+00	5.068089589397636985e+00
1.145100000000000007e+00	3.991547388385950246e+00
1.148700000000000054e+00	7.332849403624189577e+00
1.152300000000000102e+00	7.292353996218650103e+00
1.155899999999999928e+00	7.753635109258504521e+00
1.159499999999999975e+00	1.042523794721587116e+01
1.163100000000000023e+00	8.230168949555720204e+00
1.166700000000000070e+00	8.702959318336603189e+00
1.170299999999999896e+00	7.709066739470531004e+00
1.173899999999999944e+00	5.447966621728859593e+00
1.177599999999999980e+00	6.190318275229303779e+00
1.181200000000000028e+00	5.669402849501081754e+00
1.184800000000000075e+00	4.650919114709965996e+00
1.188399999999999901e+00	7.363005935373968747e+00
1.191999999999999948e+00	6.536693772519567958e+00
1.195599999999999996e+00	5.890886866709653447e+00
1.199200000000000044e+00	8.389557097120247775e+00
1.202800000000000091e+00	6.074726508519527002e+00
1.206399999999999917e+00	6.317406639876864460e+00
1.209999999999999964e+00	7.603236179621759128e+00
1.213600000000000012e+00	6.505769678267896872e+00
1.217200000000000060e+00	7.387462555932613917e+00
1.220800000000000107e+00	6.239346896968429590e+00
1.224399999999999933e+00	5.843252666425646780e+00
1.228099999999999969e+00	6.545490481849055797e+00
1.231700000000000017e+00	5.502993542803584326e+00
1.235300000000000065e+00	5.352750680145349271e+00
1.238899999999999890e+00	6.189194767896254668e+00
1.242499999999999938e+00	7.071144931833869940e+00
1.246099999999999985e+00	6.132549998369810851e+00
1.249700000000000033e+00	7.031524583784158011e+00
1.253300000000000081e+00	4.713533877865280886e+00
1.256899999999999906e+00	7.033490479543531571e+00
1.260499999999999954e+00	6.552049573316046427e+00
1.264100000000000001e+00	5.685927400702452950e+00
1.267700000000000049e+00	6.059762706303963853e+00
1.271300000000000097e+00	5.419327479148050131e+00
1.274899999999999922e+00	5.563429886674343017e+00
1.278599999999999959e+00	6.640272936270715576e+00
1.282200000000000006e+00	6.127263824607910081e+00
1.285800000000000054e+00	5.449793026192303991e+00
1.289400000000000102e+00	7.287089130839476070e+00
1.292999999999999927e+00	6.481746659625145845e+00
1.296599999999999975e+00	4.784543445251068228e+00
1.300200000000000022e+00	6.068871316458678500e+00
1.303800000000000070e+00	7.322423688809552189e+00
1.307399999999999896e+00	7.043457720706790326e+00
1.310999999999999943e+00	6.483200697677680147e+00
1.314599999999999991e+00	6.026482096643972497e+00
1.318200000000000038e+00	5.330807699491898255e+00
1.321800000000000086e+00	6.865951834785418484e+00
1.325499999999999901e+00	5.936341199614721731e+00
1.329099999999999948e+00	7.770507258097457459e+00
1.332699999999999996e+00	5.969187229629691060e+00
1.336300000000000043e+00	6.913034453045663774e+00
1.339900000000000091e+00	7.393040457798842446e+00
1.343499999999999917e+00	5.733852668892666316e+00
1.347099999999999964e+00	6.669527863233073894e+00
1.350700000000000012e+00	6.256608269148258294e+00
1.354300000000000059e+00	5.643052918733365786e+00
1.357900000000000107e+00	6.665965333178633045e+00
1.361499999999999932e+00	6.881935041182618562e+00
1.365099999999999980e+00	6.437974485490645549e+00
1.368700000000000028e+00	7.996434161300646437e+00
1.372300000000000075e+00	5.800300394093328649e+00
1.375999999999999890e+00	7.309934060819450075e+00
1.379599999999999937e+00	6.843083013205527365e+00
1.383199999999999985e+00	8.041687732484925633e+00
1.386800000000000033e+00	8.443882992894412354e+00
1.390400000000000080e+00	6.988707888714560390e+00
1.393999999999999906e+00	6.910891057006087301e+00
1.397599999999999953e+00	6.808222906393972096e+00
1.401200000000000001e+00	8.617760955172499848e+00
1.404800000000000049e+00	7.763077592488678569e+00
1.408400000000000096e+00	9.711887522358095381e+00
1.411999999999999922e+00	1.016328009422972656e+01
1.415599999999999969e+00	9.305586368646165951e+00
1.419200000000000017e+00	8.520720183946249193e+00
1.422800000000000065e+00	9.306334232510588222e+00
1.426500000000000101e+00	1.001559621495414554e+01
1.430099999999999927e+00	6.784436362479286053e+00
1.433699999999999974e+00	6.497839554971979403e+00
1.437300000000000022e+00	5.649663544118370240e+00
1.440900000000000070e+00	8.011898669159254638e+00
1.444499999999999895e+00	8.080576017253907395e+00
1.448099999999999943e+00	8.921708355934024226e+00
1.451699999999999990e+00	8.601606916002678460e+00
1.455300000000000038e+00	7.888518296940727481e+00
1.458900000000000086e+00	8.964963193740652869e+00
1.462499999999999911e+00	8.637936368256642794e+00
1.466099999999999959e+00	7.892713961867987571e+00
1.469700000000000006e+00	8.884238427095954904e+00
1.473300000000000054e+00	9.135235990863094457e+00
1.477000000000000091e+00	9.659721445472715828e+00
1.480599999999999916e+00	7.489179106499842753e+00
1.484199999999999964e+00	6.924834933535479742e+00
1.487800000000000011e+00	8.267648778967533474e+00
1.491400000000000059e+00	8.094856204823587476e+00
1.495000000000000107e+00	7.069360729095223839e+00
1.498599999999999932e+00	7.094836589549830208e+00
1.502199999999999980e+00	7.877500347418246562e+00
1.505800000000000027e+00	8.133438162160162577e+00
1.509400000000000075e+00	7.189242911659840196e+00
1.512999999999999901e+00	6.649014774193287458e+00
1.516599999999999948e+00	6.973051673418782848e+00
1.520199999999999996e+00	7.399125590726723267e+00
1.523800000000000043e+00	7.911953475856417839e+00
1.527500000000000080e+00	7.900143493417862040e+00
1.531099999999999905e+00	6.873286444705859921e+00
1.534699999999999953e+00	9.395212810733289288e+00
1.538300000000000001e+00	8.155605116201405380e+00
1.541900000000000048e+00	8.174070352813131990e+00
1.545500000000000096e+00	8.634215237761573292e+00
1.549099999999999921e+00	8.434542968254920225e+00
1.552699999999999969e+00	8.414887913741614156e+00
1.556300000000000017e+00	8.412223780176354637e+00
1.559900000000000064e+00	9.053565858033762126e+00
1.563499999999999890e+00	7.821074329098099298e+00
1.567099999999999937e+00	9.436428655153155987e+00
1.570699999999999985e+00	7.036615995663026091e+00
1.574300000000000033e+00	9.304869139408708634e+00
1.578000000000000069e+00	8.575794526175352317e+00
1.581599999999999895e+00	9.102553796660599161e+00
1.585199999999999942e+00	1.019540443708365096e+01
1.588799999999999990e+00	1.026091222204858333e+01
1.592400000000000038e+00	8.854844358713924279e+00
1.596000000000000085e+00	1.008503891922311979e+01
1.599599999999999911e+00	9.587827943536760600e+00
1.603199999999999958e+00	1.072273551473992725e+01
1.606800000000000006e+00	1.043470577572911040e+01
1.610400000000000054e+00	1.089258890838148019e+01
1.614000000000000101e+00	9.460489626847067512e+00
1.617599999999999927e+00	1.033270536643762760e+01
1.621199999999999974e+00	1.058061993499223163e+01
1.624800000000000022e+00	1.099015652463157799e+01
1.628500000000000059e+00	1.181001159124226518e+01
1.632100000000000106e+00	1.084496252620665935e+01
1.635699999999999932e+00	1.336956708431893226e+01
1.639299999999999979e+00	1.032445597559713057e+01
1.642900000000000027e+00	1.070356456384180532e+01
1.646500000000000075e+00	1.093187280404340278e+01
1.650099999999999900e+00	1.200815699832764949e+01
1.653699999999999948e+00	1.372870679551980544e+01
1.657299999999999995e+00	1.680988257962433252e+01
1.660900000000000043e+00	1.819955681876025722e+01
1.664500000000000091e+00	2.158065428764268034e+01
1.668099999999999916e+00	2.227024936409462796e+01
1.671699999999999964e+00	2.193523982733526978e+01
1.675400000000000000e+00	2.082509205693537879e+01
1.679000000000000048e+00	1.956675589008143135e+01
1.682600000000000096e+00	1.486707472801612795e+01
1.686199999999999921e+00	1.303018484982571934e+01
1.689799999999999969e+00	1.201315695772321313e+01
1.693400000000000016e+00	8.891479308943372573e+00
1.697000000000000064e+00	9.057670643416711798e+00
1.700599999999999890e+00	1.172946932301451639e+01
1.704199999999999937e+00	1.388064547778855484e+01
1.707799999999999985e+00	1.656863861994539988e+01
1.711400000000000032e+00	1.711559465328358698e+01
1.715000000000000080e+00	1.831063382884902069e+01
1.718599999999999905e+00	1.650702930711664251e+01
1.722199999999999953e+00	1.451812110594143945e+01
1.725899999999999990e+00	1.106700510782240165e+01
1.729500000000000037e+00	8.869528872716578860e+00
1.733100000000000085e+00	7.544833835650090137e+00
1.736699999999999910e+00	8.300726553165866051e+00
1.740299999999999958e+00	8.248285075943094569e+00
1.743900000000000006e+00	7.825781549405122384e+00
1.747500000000000053e+00	8.063694184104010176e+00
1.751100000000000101e+00	7.223381574485643775e+00
1.754699999999999926e+00	8.494139337153301383e+00
1.758299999999999974e+00	8.926117464817602709e+00
1.761900000000000022e+00	8.573941305927972323e+00
1.765500000000000069e+00	7.794550788803833896e+00
1.769099999999999895e+00	6.371134010262275105e+00
1.772699999999999942e+00	6.173801135251590466e+00
1.776399999999999979e+00	7.280772673246294957e+00
1.780000000000000027e+00	7.476073455211750485e+00
1.783600000000000074e+00	6.268873138099903208e+00
1.787199999999999900e+00	5.970306167141647968e+00
1.790799999999999947e+00	7.432176965355400178e+00
1.794399999999999995e+00	6.860491568924885541e+00
1.798000000000000043e+00	6.940104196821857307e+00
1.801600000000000090e+00	8.346125704807558776e+00
1.805199999999999916e+00	6.592744046714083872e+00
1.808799999999999963e+00	7.059164831325599465e+00
1.812400000000000011e+00	7.037318798304550427e+00
1.816000000000000059e+00	8.121600288637536025e+00
1.819600000000000106e+00	7.349144413727157321e+00
1.823199999999999932e+00	6.330954017845597193e+00
1.826899999999999968e+00	5.194976159991562703e+00
1.830500000000000016e+00	5.973298820860023284e+00
1.834100000000000064e+00	6.035964531424196977e+00
1.837699999999999889e+00	5.866081889496009616e+00
1.841299999999999937e+00	5.838306941603152111e+00
1.844899999999999984e+00	6.617709329069782598e+00
1.848500000000000032e+00	5.028865432522638734e+00
1.852100000000000080e+00	6.118269335124177921e+00
1.855699999999999905e+00	6.900626761863881242e+00
1.859299999999999953e+00	7.314514045034504086e+00
1.862900000000000000e+00	8.644376993304708989e+00
1.866500000000000048e+00	6.533940773028920290e+00
1.870100000000000096e+00	6.422180365250366840e+00
1.873699999999999921e+00	5.714647752971800720e+00
1.877399999999999958e+00	3.841378786838786308e+00
1.881000000000000005e+00	5.078217619995530896e+00
1.884600000000000053e+00	4.391160304995798569e+00
1.888200000000000101e+00	4.932253433440559220e+00
1.891799999999999926e+00	3.661386654140813768e+00
1.895399999999999974e+00	4.842889368295732133e+00
1.899000000000000021e+00	6.355652400861867335e+00
1.902600000000000069e+00	5.489023150019495034e+00
1.906199999999999894e+00	4.317682965051595545e+00
1.909799999999999942e+00	4.779180787449837098e+00
1.913399999999999990e+00	5.115060883722786222e+00
1.917000000000000037e+00	5.909839399557986539e+00
1.920600000000000085e+00	4.953242350628008772e+00
1.924199999999999910e+00	6.057883542373639685e+00
1.927899999999999947e+00	5.681533178883922730e+00
1.931499999999999995e+00	7.020887411225370300e+00
1.935100000000000042e+00	5.118067936608065693e+00
1.938700000000000090e+00	5.776056321623150858e+00
1.942299999999999915e+00	5.455073368160157976e+00
1.945899999999999963e+00	6.001763515572747565e+00
1.949500000000000011e+00	4.660587718353713882e+00
1.953100000000000058e+00	4.237338009121697446e+00
1.956700000000000106e+00	4.767971312786745131e+00
1.960299999999999931e+00	4.828212596189321637e+00
1.963899999999999979e+00	3.984293817916731761e+00
1.967500000000000027e+00	4.963494996997364517e+00
1.971100000000000074e+00	3.823259771587083744e+00
1.974699999999999900e+00	3.383609334108910183e+00
1.978399999999999936e+00	5.717439191660195874e+00
1.981999999999999984e+00	5.249867440913989824e+00
1.985600000000000032e+00	5.218288494187463655e+00
1.989200000000000079e+00	6.609929619415515489e+00
1.992799999999999905e+00	6.346876791453222921e+00
1.996399999999999952e+00	6.772661733409907292e+00
2.000000000000000000e+00	7.734452206412099962e+00
