2.000000000000000111e-01	-1.729056467738498304e+00
2.036000000000000032e-01	-1.853429804258956537e+00
2.071999999999999953e-01	-1.804595487844630863e+00
2.107999999999999874e-01	-1.536838418593771349e+00
2.144000000000000072e-01	-1.367631588142687260e+00
2.179999999999999993e-01	-1.043734043742691853e+00
2.215999999999999914e-01	-1.288148720215652521e+00
2.253000000000000003e-01	-8.040283616031412839e-01
2.288999999999999924e-01	-9.084171322535743442e-01
2.325000000000000122e-01	-6.604523242478356204e-01
2.361000000000000043e-01	-3.734520627253286040e-01
2.396999999999999964e-01	-7.627230137458527182e-01
2.432999999999999885e-01	-8.830153099005623174e-01
2.469000000000000083e-01	-5.207446751147639663e-01
2.505000000000000004e-01	-9.861199848742809859e-01
2.540999999999999925e-01	-1.060869025913688368e+00
2.576999999999999846e-01	-1.438826968252516325e+00
2.612999999999999767e-01	-1.360770557189667329e+00
2.649000000000000243e-01	-1.758755856693962283e+00
2.685000000000000164e-01	-1.434034858036976390e+00
2.721000000000000085e-01	-1.553198868207111172e+00
2.757999999999999896e-01	-1.285116335793515807e+00
2.793999999999999817e-01	-1.218785191963486003e+00
2.829999999999999738e-01	-9.880903600885659888e-01
2.866000000000000214e-01	-9.283537705669341333e-01
2.902000000000000135e-01	-6.637044532409135389e-01
2.938000000000000056e-01	-4.102564025249100244e-01
2.973999999999999977e-01	-4.568794048486792825e-01
3.009999999999999898e-01	3.745028254435284198e-02
3.045999999999999819e-01	-3.201743104127940942e-02
3.081999999999999740e-01	3.303207380624009759e-02
3.118000000000000216e-01	7.399123556560427417e-02
3.154000000000000137e-01	-2.820848683943468216e-01
3.190000000000000058e-01	-9.018450868678068444e-02
3.225999999999999979e-01	-3.282321252700746705e-01
3.262999999999999790e-01	-8.538697304959723677e-01
3.299000000000000266e-01	-9.573644006324922850e-01
3.335000000000000187e-01	-6.772660486672252844e-01
3.371000000000000107e-01	-9.873333783868969427e-01
3.407000000000000028e-01	-1.296732728208576990e+00
3.442999999999999949e-01	-1.193948333021193742e+00
3.478999999999999870e-01	-1.046603616172317786e+00
3.514999999999999791e-01	-9.024078618078574809e-01
3.551000000000000267e-01	-9.590019255164854428e-01
3.587000000000000188e-01	-7.459146194606260938e-01
3.623000000000000109e-01	-6.462380927972316558e-01
3.659000000000000030e-01	-4.863985124308115582e-01
3.694999999999999951e-01	-1.368185328525871602e-01
3.730999999999999872e-01	-1.463802520010012986e-02
3.768000000000000238e-01	-6.230158198066446107e-02
3.804000000000000159e-01	-1.410873591159272911e-02
3.840000000000000080e-01	-4.790736996355301480e-01
3.876000000000000001e-01	-2.168063501218385758e-01
3.911999999999999922e-01	-5.551905932147689349e-01
3.947999999999999843e-01	-5.853697049832583543e-01
3.983999999999999764e-01	-3.705416224678982906e-01
4.020000000000000240e-01	-6.640207944889400249e-01
4.056000000000000161e-01	-8.095759560537084676e-01
4.092000000000000082e-01	-8.938760385516831830e-01
4.128000000000000003e-01	-9.092694853449740933e-01
4.163999999999999924e-01	-6.750197208282276984e-01
4.199999999999999845e-01	-8.116200914559996704e-01
4.235999999999999766e-01	-6.483351272905517604e-01
4.273000000000000131e-01	-1.409593087687265878e-01
4.309000000000000052e-01	5.402762488598000790e-02
4.344999999999999973e-01	-4.834187890971335111e-02
4.380999999999999894e-01	1.568251598355863696e-01
4.416999999999999815e-01	1.937090022472094941e-01
4.452999999999999736e-01	-1.697765673999201974e-02
4.489000000000000212e-01	2.385993132540549511e-02
4.525000000000000133e-01	6.936347550681211394e-02
4.561000000000000054e-01	1.998437485667408087e-01
4.596999999999999975e-01	7.024974412419088265e-03
4.632999999999999896e-01	-2.158805063574859295e-01
4.668999999999999817e-01	-1.421081959642483961e-02
4.704999999999999738e-01	-4.369307565644081626e-01
4.741000000000000214e-01	-1.440417845207371816e-01
4.778000000000000025e-01	-1.816817272566273456e-02
4.813999999999999946e-01	-2.947736582263139615e-01
4.849999999999999867e-01	7.664135231851625096e-02
4.885999999999999788e-01	9.392089922733501406e-02
4.922000000000000264e-01	4.647676148010242425e-01
4.958000000000000185e-01	5.848253612423793824e-01
4.994000000000000106e-01	6.946645356681685479e-01
5.030000000000000027e-01	7.783318730150595721e-01
5.066000000000000503e-01	1.031097213788419564e+00
5.101999999999999869e-01	1.117072776666810485e+00
5.138000000000000345e-01	9.819345127353956704e-01
5.173999999999999710e-01	6.911007087124454440e-01
5.210000000000000187e-01	6.605580533245978270e-01
5.245999999999999552e-01	3.800510917867143679e-01
5.282999999999999918e-01	2.935631514506143458e-01
5.319000000000000394e-01	5.791362208356848340e-01
5.354999999999999760e-01	1.785422478407051872e-01
5.391000000000000236e-01	1.959290835047377832e-01
5.426999999999999602e-01	3.735818284920744969e-01
5.463000000000000078e-01	5.047603860562381861e-01
5.499000000000000554e-01	8.903809260656676550e-01
5.534999999999999920e-01	1.262358255514815841e+00
5.571000000000000396e-01	1.683658445133482839e+00
5.606999999999999762e-01	1.863540931991723770e+00
5.643000000000000238e-01	2.204753654715474909e+00
5.678999999999999604e-01	1.896717822425256106e+00
5.715000000000000080e-01	1.999726210188796705e+00
5.752000000000000446e-01	1.899473042229501862e+00
5.787999999999999812e-01	1.775555726486998109e+00
5.824000000000000288e-01	1.789281736774652742e+00
5.859999999999999654e-01	1.739970438474089054e+00
5.896000000000000130e-01	1.643439139134273308e+00
5.931999999999999496e-01	1.592121224351334297e+00
5.967999999999999972e-01	1.382091583673632718e+00
6.004000000000000448e-01	1.049603381641274646e+00
6.039999999999999813e-01	1.445642789444402165e+00
6.076000000000000290e-01	1.339696851905596731e+00
6.111999999999999655e-01	1.229645845000142623e+00
6.148000000000000131e-01	1.350406472803112878e+00
6.183999999999999497e-01	2.015020065837116015e+00
6.219999999999999973e-01	1.865820422694248526e+00
6.257000000000000339e-01	2.312581532481321922e+00
6.292999999999999705e-01	2.331502240308036544e+00
6.329000000000000181e-01	2.701602825603121705e+00
6.364999999999999547e-01	2.925348505769772345e+00
6.401000000000000023e-01	2.762660719465166448e+00
6.437000000000000499e-01	3.082150000814108282e+00
6.472999999999999865e-01	2.537632936386409632e+00
6.509000000000000341e-01	2.695849557616713188e+00
6.544999999999999707e-01	2.560209178314539979e+00
6.581000000000000183e-01	2.677147338517656738e+00
6.616999999999999549e-01	2.105425056038439546e+00
6.653000000000000025e-01	2.256647863445830904e+00
6.689000000000000501e-01	2.156681684239790897e+00
6.724999999999999867e-01	2.293729151341993955e+00
6.762000000000000233e-01	1.924819222053760770e+00
6.797999999999999599e-01	2.285471121402121497e+00
6.834000000000000075e-01	2.093441665878597924e+00
6.870000000000000551e-01	2.579636700225768742e+00
6.905999999999999917e-01	2.834617351995838419e+00
6.942000000000000393e-01	2.682424584839805171e+00
6.977999999999999758e-01	3.016260499659707328e+00
7.014000000000000234e-01	3.364680550835753348e+00
7.049999999999999600e-01	3.502357919461120517e+00
7.086000000000000076e-01	3.516155590813134335e+00
7.122000000000000552e-01	3.744744940949524370e+00
7.157999999999999918e-01	3.889995872077589567e+00
7.194000000000000394e-01	3.813114084768904011e+00
7.229999999999999760e-01	3.580234708237922892e+00
7.267000000000000126e-01	3.548699372606280988e+00
7.302999999999999492e-01	3.395174132283459656e+00
7.338999999999999968e-01	3.579869623283788993e+00
7.375000000000000444e-01	3.326440342609228384e+00
7.410999999999999810e-01	3.966088448876785133e+00
7.447000000000000286e-01	4.082893621052481770e+00
7.482999999999999652e-01	4.412321258394087842e+00
7.519000000000000128e-01	4.319632613935864285e+00
7.554999999999999494e-01	4.698104037667995669e+00
7.590999999999999970e-01	4.951220728645707503e+00
7.627000000000000446e-01	5.057648707277241584e+00
7.662999999999999812e-01	4.754993008430907331e+00
7.699000000000000288e-01	4.668485174099144430e+00
7.734999999999999654e-01	5.039747069046141448e+00
7.772000000000000020e-01	4.860925963814847428e+00
7.808000000000000496e-01	4.691972057000920238e+00
7.843999999999999861e-01	4.585414027652889857e+00
7.880000000000000338e-01	4.893060128795657882e+00
7.915999999999999703e-01	4.591167647529557527e+00
7.952000000000000179e-01	4.502319249433289983e+00
7.987999999999999545e-01	4.421597763541284642e+00
8.024000000000000021e-01	4.190160249268924275e+00
8.060000000000000497e-01	4.211310307606986214e+00
8.095999999999999863e-01	4.239222523096711548e+00
8.132000000000000339e-01	4.189497130026805571e+00
8.167999999999999705e-01	4.544433516977715470e+00
8.204000000000000181e-01	4.603656667839286953e+00
8.239999999999999547e-01	4.541192999091255622e+00
8.276999999999999913e-01	4.741855062038236035e+00
8.313000000000000389e-01	4.872290396031080384e+00
8.348999999999999755e-01	4.891067127339706389e+00
8.385000000000000231e-01	4.891820492852795077e+00
8.420999999999999597e-01	5.383999968780202927e+00
8.457000000000000073e-01	5.137072516333956784e+00
8.493000000000000549e-01	4.843833159541031996e+00
8.528999999999999915e-01	4.889273144397122906e+00
8.565000000000000391e-01	4.850213045348351848e+00
8.600999999999999757e-01	4.681295452501513132e+00
8.637000000000000233e-01	4.879678868014081239e+00
8.672999999999999599e-01	4.761327587279178708e+00
8.709000000000000075e-01	5.010182862147397387e+00
8.745000000000000551e-01	5.291321519643328308e+00
8.781999999999999806e-01	4.680723204836723106e+00
8.818000000000000282e-01	5.286823839389654722e+00
8.853999999999999648e-01	5.126217518727994360e+00
8.890000000000000124e-01	5.253542263840151882e+00
8.925999999999999490e-01	5.118870316875250737e+00
8.961999999999999966e-01	5.118437470377076970e+00
8.998000000000000442e-01	4.671007152363340964e+00
9.033999999999999808e-01	5.077604534410332882e+00
9.070000000000000284e-01	4.652706209519787528e+00
9.105999999999999650e-01	4.981449554050635165e+00
9.142000000000000126e-01	4.700066602947174488e+00
9.177999999999999492e-01	4.455474482122845359e+00
9.213999999999999968e-01	4.653675993737148353e+00
9.251000000000000334e-01	4.306352898944442842e+00
9.286999999999999700e-01	4.486054357458542974e+00
9.323000000000000176e-01	4.307140899041312920e+00
9.358999999999999542e-01	4.048345377435218495e+00
9.395000000000000018e-01	4.114584562495178233e+00
9.431000000000000494e-01	4.133256222795201218e+00
9.466999999999999860e-01	4.004856199723146659e+00
9.503000000000000336e-01	4.487125241689460253e+00
9.538999999999999702e-01	4.278989062727270642e+00
9.575000000000000178e-01	4.462587102254778060e+00
9.610999999999999543e-01	4.631829609547345683e+00
9.647000000000000020e-01	4.512132634457298508e+00
9.683000000000000496e-01	4.483969240413827606e+00
9.718999999999999861e-01	4.661968316338800378e+00
9.756000000000000227e-01	4.697670220760203463e+00
9.791999999999999593e-01	5.063754598091160908e+00
9.828000000000000069e-01	4.825134542164582818e+00
9.864000000000000545e-01	4.886989910479920596e+00
9.899999999999999911e-01	4.962038152887095599e+00
9.936000000000000387e-01	4.741922849662548067e+00
9.971999999999999753e-01	5.158314114605538236e+00
1.000799999999999912e+00	4.666376400726826468e+00
1.004399999999999959e+00	4.506313119845777315e+00
1.008000000000000007e+00	4.240799580624115883e+00
1.011600000000000055e+00	4.302339012986313271e+00
1.015200000000000102e+00	4.210996997752205928e+00
1.018799999999999928e+00	4.277617819338197513e+00
1.022399999999999975e+00	3.956232457676488234e+00
1.026100000000000012e+00	4.038264927682599925e+00
1.029700000000000060e+00	3.536379834316470294e+00
1.033300000000000107e+00	4.138558017306862347e+00
1.036899999999999933e+00	3.879592788848516438e+00
1.040499999999999980e+00	4.282608502429106956e+00
1.044100000000000028e+00	4.147739053198706394e+00
1.047700000000000076e+00	4.464301395616038448e+00
1.051299999999999901e+00	4.304682907251058843e+00
1.054899999999999949e+00	4.670406963788952481e+00
1.058499999999999996e+00	4.628858627892591393e+00
1.062100000000000044e+00	4.408283425254479582e+00
1.065700000000000092e+00	4.728338282184537888e+00
1.069299999999999917e+00	4.957796737907898432e+00
1.072899999999999965e+00	4.874651665198733497e+00
1.076600000000000001e+00	4.407843986278429327e+00
1.080200000000000049e+00	4.202620084158851910e+00
1.083800000000000097e+00	4.231163795195396204e+00
1.087399999999999922e+00	4.579062140390544933e+00
1.090999999999999970e+00	5.160799184894912628e+00
1.094600000000000017e+00	5.702227691499842877e+00
1.098200000000000065e+00	6.634598426631067802e+00
1.101799999999999891e+00	6.497224550496534690e+00
1.105399999999999938e+00	6.310144730461513696e+00
1.108999999999999986e+00	6.098258263883478136e+00
1.112600000000000033e+00	5.879339753437638372e+00
1.116200000000000081e+00	5.307982586797299618e+00
1.119799999999999907e+00	5.039302881689237346e+00
1.123399999999999954e+00	4.631025993902412985e+00
1.127099999999999991e+00	4.562417969171506549e+00
1.130700000000000038e+00	4.572833388884415484e+00
1.134300000000000086e+00	4.015988846780937038e+00
1.137899999999999912e+00	4.091106374585883998e+00
1.141499999999999959e+00	3.913350395218990307e+00
1.145100000000000007e+00	4.485344346247041258e+00
1.148700000000000054e+00	5.079223283852027038e+00
1.152300000000000102e+00	5.959125350736572457e+00
1.155899999999999928e+00	7.049858344144288580e+00
1.159499999999999975e+00	7.225141384720410009e+00
1.163100000000000023e+00	7.090934922833774579e+00
1.166700000000000070e+00	6.687960314195326994e+00
1.170299999999999896e+00	6.057767452569602362e+00
1.173899999999999944e+00	5.545401624353163861e+00
1.177599999999999980e+00	5.182343661989938788e+00
1.181200000000000028e+00	5.132772764022156764e+00
1.184800000000000075e+00	5.879678301771932070e+00
1.188399999999999901e+00	6.113758944533209672e+00
1.191999999999999948e+00	6.283187999289165937e+00
1.195599999999999996e+00	6.532797728556137606e+00
1.199200000000000044e+00	6.648712676958858481e+00
1.202800000000000091e+00	6.566893681716847730e+00
1.206399999999999917e+00	6.286536815119474930e+00
1.209999999999999964e+00	6.119450228828455352e+00
1.213600000000000012e+00	5.723081985685628759e+00
1.217200000000000060e+00	5.280100008023776326e+00
1.220800000000000107e+00	5.167346557818253139e+00
1.224399999999999933e+00	5.094613149498735005e+00
1.228099999999999969e+00	4.966022969432546397e+00
1.231700000000000017e+00	5.481477763186534347e+00
1.235300000000000065e+00	5.307427171973287727e+00
1.238899999999999890e+00	5.478227341403449913e+00
1.242499999999999938e+00	5.536405392235781875e+00
1.246099999999999985e+00	5.585181049274691389e+00
1.249700000000000033e+00	5.859297325622946140e+00
1.253300000000000081e+00	5.576444753017730349e+00
1.256899999999999906e+00	5.600892872475945694e+00
1.260499999999999954e+00	5.618176793441946870e+00
1.264100000000000001e+00	5.594742592069222198e+00
1.267700000000000049e+00	5.612379150061015842e+00
1.271300000000000097e+00	5.567867337783566128e+00
1.274899999999999922e+00	5.611016389588864506e+00
1.278599999999999959e+00	5.530260911828250414e+00
1.282200000000000006e+00	5.929576407677500605e+00
1.285800000000000054e+00	5.625997476125034424e+00
1.289400000000000102e+00	5.363570145125479804e+00
1.292999999999999927e+00	5.274028154985660244e+00
1.296599999999999975e+00	5.495752255886817927e+00
1.300200000000000022e+00	5.326320810068425615e+00
1.303800000000000070e+00	5.458107815406524566e+00
1.307399999999999896e+00	5.472797609119972151e+00
1.310999999999999943e+00	5.382422897661696126e+00
1.314599999999999991e+00	5.760753990371006772e+00
1.318200000000000038e+00	5.991158123054971085e+00
1.321800000000000086e+00	5.922458838367820277e+00
1.325499999999999901e+00	6.063463705141962201e+00
1.329099999999999948e+00	6.021071459000499893e+00
1.332699999999999996e+00	6.230810036097364168e+00
1.336300000000000043e+00	5.865790225353696208e+00
1.339900000000000091e+00	6.095609212821451628e+00
1.343499999999999917e+00	5.942860222331354692e+00
1.347099999999999964e+00	5.880252840544173409e+00
1.350700000000000012e+00	5.828433011207885706e+00
1.354300000000000059e+00	5.814397109188870871e+00
1.357900000000000107e+00	5.764897864082759504e+00
1.361499999999999932e+00	6.199526106821763527e+00
1.365099999999999980e+00	5.907040534726074377e+00
1.368700000000000028e+00	5.920787173103836842e+00
1.372300000000000075e+00	6.069135333782364583e+00
1.375999999999999890e+00	6.341651067336647074e+00
1.379599999999999937e+00	6.421148981033059755e+00
1.383199999999999985e+00	7.074324212943253087e+00
1.386800000000000033e+00	6.838563700859152661e+00
1.390400000000000080e+00	6.787967508383581539e+00
1.393999999999999906e+00	6.772161439454987608e+00
1.397599999999999953e+00	6.706639442564195086e+00
1.401200000000000001e+00	7.154939999381619842e+00
1.404800000000000049e+00	7.394219866708326983e+00
1.408400000000000096e+00	8.008429895131978782e+00
1.411999999999999922e+00	8.463292176907254216e+00
1.415599999999999969e+00	8.570954576262282743e+00
1.419200000000000017e+00	8.442546378356794889e+00
1.422800000000000065e+00	7.844934409639591877e+00
1.426500000000000101e+00	7.425865699136916298e+00
1.430099999999999927e+00	6.982446202686985792e+00
1.433699999999999974e+00	7.050390347253566503e+00
1.437300000000000022e+00	6.822948129780815663e+00
1.440900000000000070e+00	6.680932468123312873e+00
1.444499999999999895e+00	6.786622978732320455e+00
1.448099999999999943e+00	6.883129353031643305e+00
1.451699999999999990e+00	7.350976886922939713e+00
1.455300000000000038e+00	7.396341939624568873e+00
1.458900000000000086e+00	7.328785922742940606e+00
1.462499999999999911e+00	7.613856939253293987e+00
1.466099999999999959e+00	7.759349019483794407e+00
1.469700000000000006e+00	7.540096703010690682e+00
1.473300000000000054e+00	7.502198799357559622e+00
1.477000000000000091e+00	7.494894338574922266e+00
1.480599999999999916e+00	7.646175753662133090e+00
1.484199999999999964e+00	7.527215369462211036e+00
1.487800000000000011e+00	7.773398945954914652e+00
1.491400000000000059e+00	7.459023948133298276e+00
1.495000000000000107e+00	7.329098928632404863e+00
1.498599999999999932e+00	7.178307635962528188e+00
1.502199999999999980e+00	6.994642544449027888e+00
1.505800000000000027e+00	7.092496336248491851e+00
1.509400000000000075e+00	6.888148140117767326e+00
1.512999999999999901e+00	6.697611879226220921e+00
1.516599999999999948e+00	6.731464750455343093e+00
1.520199999999999996e+00	6.978686032388012883e+00
1.523800000000000043e+00	7.190535370214748312e+00
1.527500000000000080e+00	6.956294482380084965e+00
1.531099999999999905e+00	7.004752276007780942e+00
1.534699999999999953e+00	7.292227045976621191e+00
1.538300000000000001e+00	7.106816724836820143e+00
1.541900000000000048e+00	7.274411274504519298e+00
1.545500000000000096e+00	7.498354304918804836e+00
1.549099999999999921e+00	7.303486481142657638e+00
1.552699999999999969e+00	7.412244068191163215e+00
1.556300000000000017e+00	7.658424903232955216e+00
1.559900000000000064e+00	7.264499753793822734e+00
1.563499999999999890e+00	7.435881398314274193e+00
1.567099999999999937e+00	7.956944960486266538e+00
1.570699999999999985e+00	7.616243839177945674e+00
1.574300000000000033e+00	8.099880158533773411e+00
1.578000000000000069e+00	8.080356951121082432e+00
1.581599999999999895e+00	8.270373608988373704e+00
1.585199999999999942e+00	8.012825335360423296e+00
1.588799999999999990e+00	8.527256335494794115e+00
1.592400000000000038e+00	8.341900633931778941e+00
1.596000000000000085e+00	8.854213168372575993e+00
1.599599999999999911e+00	8.859139248898101116e+00
1.603199999999999958e+00	9.451831556490535746e+00
1.606800000000000006e+00	9.553413664150541607e+00
1.610400000000000054e+00	9.944607949451787832e+00
1.614000000000000101e+00	9.955474914338992676e+00
1.617599999999999927e+00	9.888095962218875101e+00
1.621199999999999974e+00	1.012263309871109840e+01
1.624800000000000022e+00	1.022483543029326114e+01
1.628500000000000059e+00	1.041685346744441532e+01
1.632100000000000106e+00	1.057423069750876543e+01
1.635699999999999932e+00	1.069843162403147296e+01
1.639299999999999979e+00	1.077597237828123511e+01
1.642900000000000027e+00	1.081118885713183175e+01
1.646500000000000075e+00	1.054932175682242779e+01
1.650099999999999900e+00	1.128421286153498748e+01
1.653699999999999948e+00	1.223373711090371430e+01
1.657299999999999995e+00	1.396869529788947872e+01
1.660900000000000043e+00	1.621765264845702248e+01
1.664500000000000091e+00	1.796786799802517365e+01
1.668099999999999916e+00	1.950985958685150123e+01
1.671699999999999964e+00	1.937114686032149891e+01
1.675400000000000000e+00	1.790307848938121182e+01
1.679000000000000048e+00	1.569501595257460558e+01
1.682600000000000096e+00	1.332946609897074808e+01
1.686199999999999921e+00	1.156291482996272002e+01
1.689799999999999969e+00	1.000754398723705307e+01
1.693400000000000016e+00	9.467405510748861275e+00
1.697000000000000064e+00	9.534148448641824203e+00
1.700599999999999890e+00	1.063278555914954104e+01
1.704199999999999937e+00	1.242145379782781767e+01
1.707799999999999985e+00	1.435277540127849427e+01
1.711400000000000032e+00	1.556804776146499059e+01
1.715000000000000080e+00	1.589303618431153531e+01
1.718599999999999905e+00	1.444504648577308714e+01
1.722199999999999953e+00	1.275505830086080827e+01
1.725899999999999990e+00	1.047685939890465434e+01
1.729500000000000037e+00	8.321684663301908813e+00
1.733100000000000085e+00	7.157733785755646672e+00
1.736699999999999910e+00	7.084037200511973609e+00
1.740299999999999958e+00	7.061760769118177627e+00
1.743900000000000006e+00	7.274398816449537009e+00
1.747500000000000053e+00	7.773635086335890065e+00
1.751100000000000101e+00	7.968083534722260275e+00
1.754699999999999926e+00	8.055130410119582862e+00
1.758299999999999974e+00	7.588475239633361902e+00
1.761900000000000022e+00	7.437680340744738494e+00
1.765500000000000069e+00	7.256483299072602478e+00
1.769099999999999895e+00	6.722465369511631650e+00
1.772699999999999942e+00	6.253473275798230091e+00
1.776399999999999979e+00	6.431561484635752279e+00
1.780000000000000027e+00	6.671184314520073322e+00
1.783600000000000074e+00	6.782832275962499935e+00
1.787199999999999900e+00	6.774708593345172503e+00
1.790799999999999947e+00	6.902635808149299557e+00
1.794399999999999995e+00	6.804566437709651971e+00
1.798000000000000043e+00	6.677032648257221759e+00
1.801600000000000090e+00	6.240474898734506226e+00
1.805199999999999916e+00	6.272975282251595175e+00
1.808799999999999963e+00	5.972555103701786550e+00
1.812400000000000011e+00	5.962613509752978658e+00
1.816000000000000059e+00	5.683393930234380775e+00
1.819600000000000106e+00	5.663046199688401394e+00
1.823199999999999932e+00	5.588225688841964356e+00
1.826899999999999968e+00	5.516735998622744219e+00
1.830500000000000016e+00	5.432894334692736749e+00
1.834100000000000064e+00	5.409673054043449447e+00
1.837699999999999889e+00	5.092989868527641129e+00
1.841299999999999937e+00	4.870721740866936322e+00
1.844899999999999984e+00	4.586683004502341454e+00
1.848500000000000032e+00	4.799934509341751365e+00
1.852100000000000080e+00	4.803898396128932546e+00
1.855699999999999905e+00	5.369709647989110657e+00
1.859299999999999953e+00	5.657474211894114369e+00
1.862900000000000000e+00	5.841772268974221305e+00
1.866500000000000048e+00	5.704043014757664842e+00
1.870100000000000096e+00	5.574915866050042190e+00
1.873699999999999921e+00	5.107644094715974248e+00
1.877399999999999958e+00	4.326048109821088339e+00
1.881000000000000005e+00	4.029092365222601835e+00
1.884600000000000053e+00	3.915942755171046397e+00
1.888200000000000101e+00	4.092066417516332599e+00
1.891799999999999926e+00	3.818426112461070332e+00
1.895399999999999974e+00	4.238578653147963671e+00
1.899000000000000021e+00	4.348377699429073928e+00
1.902600000000000069e+00	4.205795540213921768e+00
1.906199999999999894e+00	4.440150642690113614e+00
1.909799999999999942e+00	4.396168631049728326e+00
1.913399999999999990e+00	4.759323249265554168e+00
1.917000000000000037e+00	4.962059700663483675e+00
1.920600000000000085e+00	5.276244156614549929e+00
1.924199999999999910e+00	5.457809187387596239e+00
1.927899999999999947e+00	5.609124834203264243e+00
1.931499999999999995e+00	5.206802502863803639e+00
1.935100000000000042e+00	5.312143580164817358e+00
1.938700000000000090e+00	4.899260259236202231e+00
1.942299999999999915e+00	5.126546704767088514e+00
1.945899999999999963e+00	5.331348321200806595e+00
1.949500000000000011e+00	5.775329800721479501e+00
1.953100000000000058e+00	5.705465671102062153e+00
1.956700000000000106e+00	5.846579067393871121e+00
1.960299999999999931e+00	5.565944634306496219e+00
1.963899999999999979e+00	5.028668352745792269e+00
1.967500000000000027e+00	4.692168589862961703e+00
1.971100000000000074e+00	4.891101632737441918e+00
1.974699999999999900e+00	5.124706285459764032e+00
1.978399999999999936e+00	5.433326106972824476e+00
1.981999999999999984e+00	6.026118191937179347e+00
1.985600000000000032e+00	6.455088700450873240e+00
1.989200000000000079e+00	6.963386328727150243e+00
1.992799999999999905e+00	7.155695051642573468e+00
1.996399999999999952e+00	7.792670363746487361e+00
2.000000000000000000e+00	8.266886795958548362e+00
