2.000000000000000111e-01	-2.015000000000000124e+00
2.036000000000000032e-01	-2.010499999999999954e+00
2.071999999999999953e-01	-1.937200000000000033e+00
2.107999999999999874e-01	-1.811700000000000088e+00
2.144000000000000072e-01	-1.650700000000000056e+00
2.179999999999999993e-01	-1.470599999999999907e+00
2.215999999999999914e-01	-1.288000000000000034e+00
2.253000000000000003e-01	-1.119499999999999940e+00
2.288999999999999924e-01	-9.816000000000000281e-01
2.325000000000000122e-01	-8.898000000000000353e-01
2.361000000000000043e-01	-8.471999999999999531e-01
2.396999999999999964e-01	-8.493000000000000549e-01
2.432999999999999885e-01	-8.913999999999999702e-01
2.469000000000000083e-01	-9.686000000000000165e-01
2.505000000000000004e-01	-1.072400000000000020e+00
2.540999999999999925e-01	-1.190700000000000092e+00
2.576999999999999846e-01	-1.311099999999999932e+00
2.612999999999999767e-01	-1.421499999999999986e+00
2.649000000000000243e-01	-1.509300000000000086e+00
2.685000000000000164e-01	-1.561199999999999921e+00
2.721000000000000085e-01	-1.564100000000000046e+00
2.757999999999999896e-01	-1.504899999999999904e+00
2.793999999999999817e-01	-1.380300000000000082e+00
2.829999999999999738e-01	-1.207899999999999974e+00
2.866000000000000214e-01	-1.008599999999999941e+00
2.902000000000000135e-01	-8.028999999999999471e-01
2.938000000000000056e-01	-6.095000000000000417e-01
2.973999999999999977e-01	-4.409000000000000141e-01
3.009999999999999898e-01	-3.078000000000000180e-01
3.045999999999999819e-01	-2.210999999999999910e-01
3.081999999999999740e-01	-1.902999999999999969e-01
3.118000000000000216e-01	-2.157999999999999918e-01
3.154000000000000137e-01	-2.953999999999999959e-01
3.190000000000000058e-01	-4.265999999999999792e-01
3.225999999999999979e-01	-6.052999999999999492e-01
3.262999999999999790e-01	-8.104999999999999982e-01
3.299000000000000266e-01	-1.012399999999999967e+00
3.335000000000000187e-01	-1.180800000000000072e+00
3.371000000000000107e-01	-1.287199999999999900e+00
3.407000000000000028e-01	-1.322899999999999965e+00
3.442999999999999949e-01	-1.296300000000000008e+00
3.478999999999999870e-01	-1.216099999999999959e+00
3.514999999999999791e-01	-1.091099999999999959e+00
3.551000000000000267e-01	-9.333000000000000185e-01
3.587000000000000188e-01	-7.583999999999999631e-01
3.623000000000000109e-01	-5.826000000000000068e-01
3.659000000000000030e-01	-4.218000000000000083e-01
3.694999999999999951e-01	-2.893999999999999906e-01
3.730999999999999872e-01	-1.940999999999999948e-01
3.768000000000000238e-01	-1.439999999999999891e-01
3.804000000000000159e-01	-1.469000000000000028e-01
3.840000000000000080e-01	-2.058999999999999997e-01
3.876000000000000001e-01	-3.081999999999999740e-01
3.911999999999999922e-01	-4.385999999999999899e-01
3.947999999999999843e-01	-5.816000000000000059e-01
3.983999999999999764e-01	-7.217000000000000082e-01
4.020000000000000240e-01	-8.431999999999999496e-01
4.056000000000000161e-01	-9.302000000000000268e-01
4.092000000000000082e-01	-9.671999999999999487e-01
4.128000000000000003e-01	-9.406999999999999806e-01
4.163999999999999924e-01	-8.582999999999999519e-01
4.199999999999999845e-01	-7.367000000000000215e-01
4.235999999999999766e-01	-5.930999999999999606e-01
4.273000000000000131e-01	-4.440000000000000058e-01
4.309000000000000052e-01	-3.012000000000000233e-01
4.344999999999999973e-01	-1.728999999999999981e-01
4.380999999999999894e-01	-6.729999999999999871e-02
4.416999999999999815e-01	7.700000000000000247e-03
4.452999999999999736e-01	4.689999999999999725e-02
4.489000000000000212e-01	4.859999999999999737e-02
4.525000000000000133e-01	1.089999999999999997e-02
4.561000000000000054e-01	-6.759999999999999343e-02
4.596999999999999975e-01	-1.786000000000000087e-01
4.632999999999999896e-01	-2.972000000000000197e-01
4.668999999999999817e-01	-3.972999999999999865e-01
4.704999999999999738e-01	-4.524000000000000243e-01
4.741000000000000214e-01	-4.451999999999999846e-01
4.778000000000000025e-01	-3.817999999999999727e-01
4.813999999999999946e-01	-2.716000000000000081e-01
4.849999999999999867e-01	-1.243999999999999967e-01
4.885999999999999788e-01	4.909999999999999781e-02
4.922000000000000264e-01	2.321999999999999897e-01
4.958000000000000185e-01	4.071000000000000174e-01
4.994000000000000106e-01	5.560000000000000497e-01
5.030000000000000027e-01	6.624999999999999778e-01
5.066000000000000503e-01	7.209999999999999742e-01
5.101999999999999869e-01	7.301999999999999602e-01
5.138000000000000345e-01	6.885999999999999899e-01
5.173999999999999710e-01	5.964000000000000412e-01
5.210000000000000187e-01	4.677999999999999936e-01
5.245999999999999552e-01	3.266999999999999904e-01
5.282999999999999918e-01	1.967000000000000137e-01
5.319000000000000394e-01	1.015999999999999959e-01
5.354999999999999760e-01	6.099999999999999867e-02
5.391000000000000236e-01	9.080000000000000571e-02
5.426999999999999602e-01	2.068000000000000116e-01
5.463000000000000078e-01	4.243000000000000105e-01
5.499000000000000554e-01	7.308000000000000052e-01
5.534999999999999920e-01	1.074300000000000033e+00
5.571000000000000396e-01	1.399399999999999977e+00
5.606999999999999762e-01	1.650800000000000045e+00
5.643000000000000238e-01	1.795500000000000096e+00
5.678999999999999604e-01	1.849299999999999944e+00
5.715000000000000080e-01	1.834899999999999975e+00
5.752000000000000446e-01	1.774899999999999922e+00
5.787999999999999812e-01	1.688800000000000079e+00
5.824000000000000288e-01	1.585399999999999920e+00
5.859999999999999654e-01	1.470900000000000096e+00
5.896000000000000130e-01	1.351900000000000102e+00
5.931999999999999496e-01	1.235500000000000043e+00
5.967999999999999972e-01	1.134400000000000075e+00
6.004000000000000448e-01	1.063299999999999912e+00
6.039999999999999813e-01	1.036599999999999966e+00
6.076000000000000290e-01	1.067700000000000093e+00
6.111999999999999655e-01	1.157999999999999918e+00
6.148000000000000131e-01	1.302100000000000035e+00
6.183999999999999497e-01	1.494799999999999907e+00
6.219999999999999973e-01	1.729899999999999993e+00
6.257000000000000339e-01	1.988099999999999978e+00
6.292999999999999705e-01	2.238799999999999901e+00
6.329000000000000181e-01	2.451099999999999834e+00
6.364999999999999547e-01	2.594500000000000028e+00
6.401000000000000023e-01	2.657399999999999984e+00
6.437000000000000499e-01	2.651899999999999924e+00
6.472999999999999865e-01	2.591699999999999893e+00
6.509000000000000341e-01	2.490600000000000147e+00
6.544999999999999707e-01	2.363100000000000200e+00
6.581000000000000183e-01	2.225200000000000067e+00
6.616999999999999549e-01	2.093199999999999950e+00
6.653000000000000025e-01	1.983300000000000063e+00
6.689000000000000501e-01	1.909499999999999975e+00
6.724999999999999867e-01	1.879399999999999959e+00
6.762000000000000233e-01	1.899100000000000010e+00
6.797999999999999599e-01	1.974800000000000111e+00
6.834000000000000075e-01	2.109599999999999920e+00
6.870000000000000551e-01	2.291100000000000136e+00
6.905999999999999917e-01	2.501900000000000013e+00
6.942000000000000393e-01	2.724899999999999878e+00
6.977999999999999758e-01	2.943400000000000016e+00
7.014000000000000234e-01	3.144499999999999851e+00
7.049999999999999600e-01	3.317499999999999893e+00
7.086000000000000076e-01	3.451299999999999812e+00
7.122000000000000552e-01	3.536000000000000032e+00
7.157999999999999918e-01	3.571600000000000108e+00
7.194000000000000394e-01	3.566199999999999815e+00
7.229999999999999760e-01	3.527699999999999836e+00
7.267000000000000126e-01	3.464799999999999880e+00
7.302999999999999492e-01	3.398499999999999854e+00
7.338999999999999968e-01	3.364100000000000090e+00
7.375000000000000444e-01	3.397299999999999986e+00
7.410999999999999810e-01	3.533599999999999852e+00
7.447000000000000286e-01	3.776400000000000201e+00
7.482999999999999652e-01	4.073900000000000077e+00
7.519000000000000128e-01	4.369299999999999962e+00
7.554999999999999494e-01	4.605800000000000338e+00
7.590999999999999970e-01	4.747099999999999653e+00
7.627000000000000446e-01	4.810900000000000176e+00
7.662999999999999812e-01	4.823800000000000310e+00
7.699000000000000288e-01	4.812199999999999811e+00
7.734999999999999654e-01	4.796700000000000408e+00
7.772000000000000020e-01	4.772300000000000431e+00
7.808000000000000496e-01	4.727199999999999847e+00
7.843999999999999861e-01	4.649700000000000166e+00
7.880000000000000338e-01	4.531799999999999606e+00
7.915999999999999703e-01	4.389199999999999768e+00
7.952000000000000179e-01	4.247799999999999798e+00
7.987999999999999545e-01	4.133600000000000385e+00
8.024000000000000021e-01	4.070700000000000429e+00
8.060000000000000497e-01	4.063200000000000145e+00
8.095999999999999863e-01	4.102299999999999613e+00
8.132000000000000339e-01	4.178600000000000314e+00
8.167999999999999705e-01	4.283000000000000362e+00
8.204000000000000181e-01	4.405700000000000394e+00
8.239999999999999547e-01	4.535899999999999821e+00
8.276999999999999913e-01	4.663000000000000256e+00
8.313000000000000389e-01	4.776500000000000412e+00
8.348999999999999755e-01	4.865999999999999659e+00
8.385000000000000231e-01	4.921899999999999942e+00
8.420999999999999597e-01	4.934700000000000308e+00
8.457000000000000073e-01	4.894899999999999807e+00
8.493000000000000549e-01	4.805600000000000094e+00
8.528999999999999915e-01	4.699300000000000033e+00
8.565000000000000391e-01	4.612400000000000055e+00
8.600999999999999757e-01	4.581199999999999939e+00
8.637000000000000233e-01	4.629299999999999748e+00
8.672999999999999599e-01	4.732599999999999696e+00
8.709000000000000075e-01	4.856700000000000017e+00
8.745000000000000551e-01	4.966899999999999871e+00
8.781999999999999806e-01	5.033800000000000274e+00
8.818000000000000282e-01	5.057100000000000151e+00
8.853999999999999648e-01	5.047100000000000364e+00
8.890000000000000124e-01	5.014100000000000001e+00
8.925999999999999490e-01	4.967999999999999972e+00
8.961999999999999966e-01	4.913700000000000401e+00
8.998000000000000442e-01	4.853600000000000136e+00
9.033999999999999808e-01	4.789799999999999613e+00
9.070000000000000284e-01	4.724300000000000388e+00
9.105999999999999650e-01	4.654399999999999871e+00
9.142000000000000126e-01	4.573299999999999699e+00
9.177999999999999492e-01	4.474099999999999966e+00
9.213999999999999968e-01	4.350200000000000067e+00
9.251000000000000334e-01	4.208800000000000097e+00
9.286999999999999700e-01	4.074799999999999756e+00
9.323000000000000176e-01	3.974099999999999966e+00
9.358999999999999542e-01	3.932799999999999851e+00
9.395000000000000018e-01	3.959299999999999820e+00
9.431000000000000494e-01	4.027499999999999858e+00
9.466999999999999860e-01	4.107400000000000162e+00
9.503000000000000336e-01	4.168700000000000294e+00
9.538999999999999702e-01	4.192800000000000082e+00
9.575000000000000178e-01	4.197400000000000020e+00
9.610999999999999543e-01	4.206999999999999851e+00
9.647000000000000020e-01	4.246199999999999974e+00
9.683000000000000496e-01	4.333199999999999719e+00
9.718999999999999861e-01	4.453999999999999737e+00
9.756000000000000227e-01	4.584500000000000242e+00
9.791999999999999593e-01	4.700599999999999667e+00
9.828000000000000069e-01	4.779899999999999594e+00
9.864000000000000545e-01	4.814499999999999780e+00
9.899999999999999911e-01	4.803700000000000081e+00
9.936000000000000387e-01	4.746900000000000119e+00
9.971999999999999753e-01	4.644099999999999895e+00
1.000799999999999912e+00	4.504800000000000360e+00
1.004399999999999959e+00	4.345900000000000318e+00
1.008000000000000007e+00	4.184599999999999653e+00
1.011600000000000055e+00	4.037700000000000067e+00
1.015200000000000102e+00	3.915599999999999969e+00
1.018799999999999928e+00	3.821600000000000108e+00
1.022399999999999975e+00	3.758500000000000174e+00
1.026100000000000012e+00	3.729000000000000092e+00
1.029700000000000060e+00	3.732499999999999929e+00
1.033300000000000107e+00	3.762199999999999989e+00
1.036899999999999933e+00	3.810900000000000176e+00
1.040499999999999980e+00	3.871500000000000163e+00
1.044100000000000028e+00	3.939599999999999991e+00
1.047700000000000076e+00	4.019400000000000084e+00
1.051299999999999901e+00	4.116299999999999848e+00
1.054899999999999949e+00	4.235699999999999577e+00
1.058499999999999996e+00	4.375600000000000378e+00
1.062100000000000044e+00	4.502699999999999925e+00
1.065700000000000092e+00	4.574900000000000411e+00
1.069299999999999917e+00	4.550300000000000011e+00
1.072899999999999965e+00	4.400199999999999889e+00
1.076600000000000001e+00	4.188900000000000290e+00
1.080200000000000049e+00	4.020599999999999952e+00
1.083800000000000097e+00	3.999699999999999811e+00
1.087399999999999922e+00	4.218799999999999883e+00
1.090999999999999970e+00	4.629900000000000126e+00
1.094600000000000017e+00	5.092500000000000249e+00
1.098200000000000065e+00	5.464500000000000135e+00
1.101799999999999891e+00	5.608600000000000030e+00
1.105399999999999938e+00	5.505899999999999572e+00
1.108999999999999986e+00	5.254999999999999893e+00
1.112600000000000033e+00	4.959999999999999964e+00
1.116200000000000081e+00	4.723799999999999777e+00
1.119799999999999907e+00	4.590300000000000047e+00
1.123399999999999954e+00	4.514499999999999957e+00
1.127099999999999991e+00	4.443699999999999761e+00
1.130700000000000038e+00	4.325499999999999901e+00
1.134300000000000086e+00	4.149700000000000166e+00
1.137899999999999912e+00	4.004999999999999893e+00
1.141499999999999959e+00	3.993900000000000006e+00
1.145100000000000007e+00	4.219299999999999606e+00
1.148700000000000054e+00	4.731099999999999639e+00
1.152300000000000102e+00	5.383300000000000196e+00
1.155899999999999928e+00	5.984600000000000364e+00
1.159499999999999975e+00	6.343700000000000117e+00
1.163100000000000023e+00	6.309700000000000308e+00
1.166700000000000070e+00	5.974099999999999966e+00
1.170299999999999896e+00	5.518699999999999939e+00
1.173899999999999944e+00	5.125000000000000000e+00
1.177599999999999980e+00	4.959100000000000286e+00
1.181200000000000028e+00	5.028400000000000425e+00
1.184800000000000075e+00	5.248899999999999899e+00
1.188399999999999901e+00	5.535899999999999821e+00
1.191999999999999948e+00	5.805900000000000283e+00
1.195599999999999996e+00	6.006899999999999906e+00
1.199200000000000044e+00	6.114300000000000068e+00
1.202800000000000091e+00	6.104499999999999815e+00
1.206399999999999917e+00	5.954600000000000115e+00
1.209999999999999964e+00	5.682599999999999874e+00
1.213600000000000012e+00	5.359899999999999665e+00
1.217200000000000060e+00	5.061799999999999855e+00
1.220800000000000107e+00	4.863400000000000389e+00
1.224399999999999933e+00	4.801800000000000068e+00
1.228099999999999969e+00	4.837399999999999700e+00
1.231700000000000017e+00	4.921100000000000030e+00
1.235300000000000065e+00	5.004100000000000215e+00
1.238899999999999890e+00	5.051499999999999879e+00
1.242499999999999938e+00	5.073900000000000077e+00
1.246099999999999985e+00	5.090900000000000425e+00
1.249700000000000033e+00	5.122099999999999653e+00
1.253300000000000081e+00	5.182599999999999874e+00
1.256899999999999906e+00	5.263200000000000323e+00
1.260499999999999954e+00	5.347400000000000375e+00
1.264100000000000001e+00	5.418599999999999639e+00
1.267700000000000049e+00	5.461599999999999788e+00
1.271300000000000097e+00	5.473499999999999588e+00
1.274899999999999922e+00	5.457600000000000229e+00
1.278599999999999959e+00	5.417200000000000237e+00
1.282200000000000006e+00	5.356300000000000061e+00
1.285800000000000054e+00	5.285499999999999865e+00
1.289400000000000102e+00	5.221300000000000274e+00
1.292999999999999927e+00	5.179999999999999716e+00
1.296599999999999975e+00	5.177599999999999980e+00
1.300200000000000022e+00	5.217999999999999972e+00
1.303800000000000070e+00	5.290799999999999947e+00
1.307399999999999896e+00	5.384800000000000253e+00
1.310999999999999943e+00	5.488900000000000112e+00
1.314599999999999991e+00	5.591300000000000381e+00
1.318200000000000038e+00	5.679400000000000226e+00
1.321800000000000086e+00	5.740199999999999747e+00
1.325499999999999901e+00	5.761000000000000121e+00
1.329099999999999948e+00	5.737000000000000099e+00
1.332699999999999996e+00	5.686399999999999899e+00
1.336300000000000043e+00	5.631000000000000227e+00
1.339900000000000091e+00	5.592699999999999783e+00
1.343499999999999917e+00	5.588199999999999612e+00
1.347099999999999964e+00	5.610800000000000232e+00
1.350700000000000012e+00	5.647599999999999731e+00
1.354300000000000059e+00	5.685699999999999754e+00
1.357900000000000107e+00	5.714400000000000368e+00
1.361499999999999932e+00	5.741200000000000081e+00
1.365099999999999980e+00	5.781200000000000117e+00
1.368700000000000028e+00	5.849599999999999689e+00
1.372300000000000075e+00	5.959699999999999775e+00
1.375999999999999890e+00	6.104099999999999859e+00
1.379599999999999937e+00	6.261099999999999888e+00
1.383199999999999985e+00	6.408699999999999619e+00
1.386800000000000033e+00	6.525900000000000034e+00
1.390400000000000080e+00	6.617499999999999716e+00
1.393999999999999906e+00	6.714699999999999669e+00
1.397599999999999953e+00	6.849400000000000155e+00
1.401200000000000001e+00	7.053300000000000125e+00
1.404800000000000049e+00	7.319499999999999673e+00
1.408400000000000096e+00	7.581500000000000128e+00
1.411999999999999922e+00	7.767900000000000027e+00
1.415599999999999969e+00	7.807199999999999918e+00
1.419200000000000017e+00	7.667799999999999727e+00
1.422800000000000065e+00	7.413299999999999557e+00
1.426500000000000101e+00	7.121000000000000441e+00
1.430099999999999927e+00	6.868500000000000050e+00
1.433699999999999974e+00	6.716400000000000148e+00
1.437300000000000022e+00	6.660800000000000054e+00
1.440900000000000070e+00	6.682400000000000340e+00
1.444499999999999895e+00	6.762100000000000222e+00
1.448099999999999943e+00	6.880499999999999616e+00
1.451699999999999990e+00	7.017100000000000115e+00
1.455300000000000038e+00	7.150800000000000267e+00
1.458900000000000086e+00	7.260799999999999699e+00
1.462499999999999911e+00	7.328400000000000247e+00
1.466099999999999959e+00	7.359799999999999898e+00
1.469700000000000006e+00	7.375399999999999956e+00
1.473300000000000054e+00	7.396099999999999675e+00
1.477000000000000091e+00	7.441200000000000259e+00
1.480599999999999916e+00	7.501699999999999591e+00
1.484199999999999964e+00	7.543499999999999872e+00
1.487800000000000011e+00	7.531500000000000306e+00
1.491400000000000059e+00	7.431400000000000006e+00
1.495000000000000107e+00	7.244500000000000384e+00
1.498599999999999932e+00	7.020199999999999996e+00
1.502199999999999980e+00	6.811499999999999666e+00
1.505800000000000027e+00	6.671000000000000263e+00
1.509400000000000075e+00	6.626699999999999591e+00
1.512999999999999901e+00	6.655199999999999783e+00
1.516599999999999948e+00	6.726399999999999935e+00
1.520199999999999996e+00	6.810399999999999565e+00
1.523800000000000043e+00	6.883499999999999730e+00
1.527500000000000080e+00	6.942199999999999704e+00
1.531099999999999905e+00	6.987400000000000055e+00
1.534699999999999953e+00	7.019700000000000273e+00
1.538300000000000001e+00	7.040700000000000180e+00
1.541900000000000048e+00	7.056899999999999729e+00
1.545500000000000096e+00	7.075999999999999623e+00
1.549099999999999921e+00	7.105900000000000105e+00
1.552699999999999969e+00	7.153500000000000192e+00
1.556300000000000017e+00	7.217500000000000249e+00
1.559900000000000064e+00	7.292500000000000426e+00
1.563499999999999890e+00	7.372899999999999565e+00
1.567099999999999937e+00	7.453700000000000436e+00
1.570699999999999985e+00	7.536999999999999922e+00
1.574300000000000033e+00	7.630499999999999616e+00
1.578000000000000069e+00	7.741900000000000226e+00
1.581599999999999895e+00	7.879100000000000215e+00
1.585199999999999942e+00	8.048000000000000043e+00
1.588799999999999990e+00	8.252499999999999503e+00
1.592400000000000038e+00	8.496399999999999508e+00
1.596000000000000085e+00	8.783300000000000551e+00
1.599599999999999911e+00	9.101300000000000168e+00
1.603199999999999958e+00	9.410700000000000287e+00
1.606800000000000006e+00	9.668799999999999173e+00
1.610400000000000054e+00	9.833000000000000185e+00
1.614000000000000101e+00	9.884499999999999176e+00
1.617599999999999927e+00	9.872500000000000497e+00
1.621199999999999974e+00	9.858000000000000540e+00
1.624800000000000022e+00	9.901999999999999247e+00
1.628500000000000059e+00	1.004979999999999940e+01
1.632100000000000106e+00	1.027609999999999957e+01
1.635699999999999932e+00	1.053539999999999921e+01
1.639299999999999979e+00	1.078219999999999956e+01
1.642900000000000027e+00	1.098530000000000051e+01
1.646500000000000075e+00	1.122029999999999994e+01
1.650099999999999900e+00	1.161020000000000074e+01
1.653699999999999948e+00	1.227829999999999977e+01
1.657299999999999995e+00	1.332789999999999964e+01
1.660900000000000043e+00	1.460710000000000086e+01
1.664500000000000091e+00	1.578790000000000049e+01
1.668099999999999916e+00	1.653859999999999886e+01
1.671699999999999964e+00	1.653960000000000008e+01
1.675400000000000000e+00	1.576469999999999949e+01
1.679000000000000048e+00	1.449460000000000015e+01
1.682600000000000096e+00	1.302410000000000068e+01
1.686199999999999921e+00	1.164710000000000001e+01
1.689799999999999969e+00	1.058070000000000022e+01
1.693400000000000016e+00	9.920600000000000307e+00
1.697000000000000064e+00	9.751899999999999125e+00
1.700599999999999890e+00	1.015920000000000023e+01
1.704199999999999937e+00	1.108960000000000079e+01
1.707799999999999985e+00	1.215370000000000061e+01
1.711400000000000032e+00	1.291150000000000020e+01
1.715000000000000080e+00	1.292280000000000051e+01
1.718599999999999905e+00	1.191130000000000067e+01
1.722199999999999953e+00	1.024009999999999998e+01
1.725899999999999990e+00	8.427899999999999281e+00
1.729500000000000037e+00	6.993500000000000050e+00
1.733100000000000085e+00	6.370000000000000107e+00
1.736699999999999910e+00	6.449499999999999567e+00
1.740299999999999958e+00	6.913700000000000401e+00
1.743900000000000006e+00	7.443800000000000416e+00
1.747500000000000053e+00	7.743900000000000006e+00
1.751100000000000101e+00	7.763499999999999623e+00
1.754699999999999926e+00	7.599599999999999689e+00
1.758299999999999974e+00	7.351600000000000357e+00
1.761900000000000022e+00	7.115800000000000125e+00
1.765500000000000069e+00	6.930699999999999861e+00
1.769099999999999895e+00	6.782199999999999562e+00
1.772699999999999942e+00	6.653999999999999915e+00
1.776399999999999979e+00	6.530199999999999783e+00
1.780000000000000027e+00	6.404300000000000104e+00
1.783600000000000074e+00	6.283199999999999896e+00
1.787199999999999900e+00	6.174900000000000055e+00
1.790799999999999947e+00	6.087100000000000399e+00
1.794399999999999995e+00	6.021499999999999631e+00
1.798000000000000043e+00	5.966599999999999682e+00
1.801600000000000090e+00	5.909200000000000230e+00
1.805199999999999916e+00	5.836100000000000065e+00
1.808799999999999963e+00	5.741100000000000314e+00
1.812400000000000011e+00	5.642000000000000348e+00
1.816000000000000059e+00	5.561399999999999899e+00
1.819600000000000106e+00	5.521799999999999820e+00
1.823199999999999932e+00	5.535599999999999632e+00
1.826899999999999968e+00	5.559000000000000163e+00
1.830500000000000016e+00	5.529099999999999682e+00
1.834100000000000064e+00	5.383200000000000429e+00
1.837699999999999889e+00	5.072099999999999831e+00
1.841299999999999937e+00	4.666599999999999859e+00
1.844899999999999984e+00	4.301199999999999690e+00
1.848500000000000032e+00	4.110699999999999577e+00
1.852100000000000080e+00	4.219199999999999839e+00
1.855699999999999905e+00	4.578100000000000058e+00
1.859299999999999953e+00	5.000200000000000422e+00
1.862900000000000000e+00	5.294299999999999784e+00
1.866500000000000048e+00	5.273600000000000065e+00
1.870100000000000096e+00	4.909799999999999720e+00
1.873699999999999921e+00	4.366299999999999848e+00
1.877399999999999958e+00	3.818299999999999805e+00
1.881000000000000005e+00	3.440199999999999925e+00
1.884600000000000053e+00	3.325499999999999901e+00
1.888200000000000101e+00	3.417400000000000215e+00
1.891799999999999926e+00	3.642900000000000027e+00
1.895399999999999974e+00	3.928700000000000081e+00
1.899000000000000021e+00	4.209500000000000242e+00
1.902600000000000069e+00	4.442199999999999704e+00
1.906199999999999894e+00	4.587699999999999889e+00
1.909799999999999942e+00	4.607000000000000206e+00
1.913399999999999990e+00	4.475100000000000300e+00
1.917000000000000037e+00	4.232300000000000395e+00
1.920600000000000085e+00	3.937600000000000211e+00
1.924199999999999910e+00	3.650399999999999867e+00
1.927899999999999947e+00	3.425499999999999989e+00
1.931499999999999995e+00	3.283999999999999808e+00
1.935100000000000042e+00	3.232000000000000206e+00
1.938700000000000090e+00	3.275199999999999889e+00
1.942299999999999915e+00	3.416599999999999859e+00
1.945899999999999963e+00	3.623099999999999987e+00
1.949500000000000011e+00	3.835799999999999876e+00
1.953100000000000058e+00	3.995499999999999829e+00
1.956700000000000106e+00	4.044999999999999929e+00
1.960299999999999931e+00	3.990200000000000191e+00
1.963899999999999979e+00	3.903399999999999981e+00
1.967500000000000027e+00	3.860300000000000065e+00
1.971100000000000074e+00	3.936100000000000154e+00
1.974699999999999900e+00	4.164900000000000269e+00
1.978399999999999936e+00	4.514599999999999724e+00
1.981999999999999984e+00	4.947000000000000064e+00
1.985600000000000032e+00	5.423899999999999721e+00
1.989200000000000079e+00	5.907199999999999562e+00
1.992799999999999905e+00	6.358500000000000263e+00
1.996399999999999952e+00	6.739899999999999558e+00
2.000000000000000000e+00	7.012999999999999901e+00
