2.000000000000000111e-01	1.640818573289254623e+00
2.036000000000000032e-01	1.649054916771032664e+00
2.071999999999999953e-01	1.390908999120632039e+00
2.107999999999999874e-01	7.713611176438575079e-01
2.144000000000000072e-01	7.549771219480780893e-01
2.179999999999999993e-01	9.067076664842319556e-01
2.215999999999999914e-01	1.127895733431756309e+00
2.253000000000000003e-01	4.013473802582737671e-01
2.288999999999999924e-01	1.131387322610494683e+00
2.325000000000000122e-01	8.901287565482924879e-01
2.361000000000000043e-01	9.690473202441676204e-01
2.396999999999999964e-01	2.624110326628705803e-01
2.432999999999999885e-01	1.188967135851679791e+00
2.469000000000000083e-01	1.049701012269321776e+00
2.505000000000000004e-01	1.036744570670698584e+00
2.540999999999999925e-01	1.511074810414223091e+00
2.576999999999999846e-01	1.409123778779364677e+00
2.612999999999999767e-01	2.240645273230720491e+00
2.649000000000000243e-01	2.518429645022627561e+00
2.685000000000000164e-01	2.726890202122199902e+00
2.721000000000000085e-01	2.886779709288054274e+00
2.757999999999999896e-01	3.370116640935543195e+00
2.793999999999999817e-01	3.543544684129480871e+00
2.829999999999999738e-01	3.684688861706172158e+00
2.866000000000000214e-01	3.828138877200134793e+00
2.902000000000000135e-01	3.839010192166233182e+00
2.938000000000000056e-01	3.900815721082266485e+00
2.973999999999999977e-01	4.117315728998822699e+00
3.009999999999999898e-01	4.009847705686600428e+00
3.045999999999999819e-01	3.991851104699529085e+00
3.081999999999999740e-01	4.004515734324685994e+00
3.118000000000000216e-01	3.485633141145802139e+00
3.154000000000000137e-01	3.424818293305342820e+00
3.190000000000000058e-01	2.965533110112516635e+00
3.225999999999999979e-01	2.541104238348457223e+00
3.262999999999999790e-01	1.877436617307511879e+00
3.299000000000000266e-01	1.559443967031541201e+00
3.335000000000000187e-01	1.445597130010145559e+00
3.371000000000000107e-01	1.305001295759061541e+00
3.407000000000000028e-01	1.219212078810027577e+00
3.442999999999999949e-01	1.290992520063600546e+00
3.478999999999999870e-01	1.160424792938160865e-01
3.514999999999999791e-01	3.500214123960384560e-01
3.551000000000000267e-01	1.918243352897906762e-01
3.587000000000000188e-01	7.471169313318561933e-01
3.623000000000000109e-01	4.799774602702430726e-01
3.659000000000000030e-01	1.019645574361273344e+00
3.694999999999999951e-01	1.407736225007610198e+00
3.730999999999999872e-01	1.807287932966960664e+00
3.768000000000000238e-01	1.714052408860204491e+00
3.804000000000000159e-01	2.646697873798452338e+00
3.840000000000000080e-01	3.113779585818017281e+00
3.876000000000000001e-01	2.988132811636070141e+00
3.911999999999999922e-01	3.160732646047337724e+00
3.947999999999999843e-01	4.308251595287595492e+00
3.983999999999999764e-01	4.170560889579205899e+00
4.020000000000000240e-01	4.632329316463684954e+00
4.056000000000000161e-01	4.615185482126047845e+00
4.092000000000000082e-01	5.056144545231848753e+00
4.128000000000000003e-01	4.490278858533012674e+00
4.163999999999999924e-01	5.107285879565854891e+00
4.199999999999999845e-01	3.828619647202063270e+00
4.235999999999999766e-01	3.501789291150472216e+00
4.273000000000000131e-01	4.010656782510894303e+00
4.309000000000000052e-01	3.756532379874216065e+00
4.344999999999999973e-01	2.814728952302557374e+00
4.380999999999999894e-01	2.413149591827708385e+00
4.416999999999999815e-01	2.713892832273455014e+00
4.452999999999999736e-01	2.653253083837773474e+00
4.489000000000000212e-01	2.218241174627353374e+00
4.525000000000000133e-01	2.433508133089788306e+00
4.561000000000000054e-01	2.286630537904499327e+00
4.596999999999999975e-01	1.793696322636929352e+00
4.632999999999999896e-01	2.578665579733143254e+00
4.668999999999999817e-01	2.572769112860888274e+00
4.704999999999999738e-01	3.216128103623628220e+00
4.741000000000000214e-01	2.811166637587092065e+00
4.778000000000000025e-01	3.477975803337386207e+00
4.813999999999999946e-01	3.519369136438387002e+00
4.849999999999999867e-01	3.963150424376145509e+00
4.885999999999999788e-01	4.177062321363149699e+00
4.922000000000000264e-01	4.541060728086243614e+00
4.958000000000000185e-01	4.403734557455669218e+00
4.994000000000000106e-01	4.664209192719317443e+00
5.030000000000000027e-01	4.481558624103343824e+00
5.066000000000000503e-01	5.315658277702540957e+00
5.101999999999999869e-01	4.729224769422254226e+00
5.138000000000000345e-01	5.534306056406908425e+00
5.173999999999999710e-01	5.406591413453815775e+00
5.210000000000000187e-01	4.548852711234770752e+00
5.245999999999999552e-01	4.446667366831469792e+00
5.282999999999999918e-01	4.451234803769580139e+00
5.319000000000000394e-01	4.002862818391715649e+00
5.354999999999999760e-01	4.560342018858591473e+00
5.391000000000000236e-01	4.268955557699777081e+00
5.426999999999999602e-01	3.683183401072347429e+00
5.463000000000000078e-01	3.645865463919305327e+00
5.499000000000000554e-01	3.189405096004058748e+00
5.534999999999999920e-01	3.189393833838417791e+00
5.571000000000000396e-01	2.885999007506205860e+00
5.606999999999999762e-01	3.028355231064808084e+00
5.643000000000000238e-01	2.452470569948057566e+00
5.678999999999999604e-01	2.575326712712588950e+00
5.715000000000000080e-01	2.095219200592324249e+00
5.752000000000000446e-01	2.272747667731638721e+00
5.787999999999999812e-01	2.135463632553075364e+00
5.824000000000000288e-01	1.686392992064378316e+00
5.859999999999999654e-01	1.909817462505488006e+00
5.896000000000000130e-01	1.732302532426678532e+00
5.931999999999999496e-01	1.882368004850597742e+00
5.967999999999999972e-01	1.974926533269431905e+00
6.004000000000000448e-01	1.322267641988885245e+00
6.039999999999999813e-01	1.439905717215477221e+00
6.076000000000000290e-01	8.866028928147133836e-01
6.111999999999999655e-01	1.286940195656731234e+00
6.148000000000000131e-01	1.402095774185860400e+00
6.183999999999999497e-01	1.812074997116412511e+00
6.219999999999999973e-01	1.787166034272504866e+00
6.257000000000000339e-01	1.619571533340617986e+00
6.292999999999999705e-01	1.982942043023638412e+00
6.329000000000000181e-01	2.222531063222360714e+00
6.364999999999999547e-01	2.499757924887694216e+00
6.401000000000000023e-01	2.688069817999064526e+00
6.437000000000000499e-01	2.982158625999840051e+00
6.472999999999999865e-01	3.000445617510081764e+00
6.509000000000000341e-01	3.335540085836389501e+00
6.544999999999999707e-01	2.274691536069835429e+00
6.581000000000000183e-01	2.323052754191252678e+00
6.616999999999999549e-01	2.516567446674562447e+00
6.653000000000000025e-01	1.989359282687130026e+00
6.689000000000000501e-01	2.365984815185290469e+00
6.724999999999999867e-01	1.836967038481755576e+00
6.762000000000000233e-01	1.200612517954030789e+00
6.797999999999999599e-01	7.598167426314138551e-01
6.834000000000000075e-01	9.081659212642865242e-01
6.870000000000000551e-01	2.074977262004111256e-01
6.905999999999999917e-01	6.947381807782132546e-01
6.942000000000000393e-01	2.966118606493516330e-01
6.977999999999999758e-01	-4.320894039769407335e-01
7.014000000000000234e-01	-3.364255775370575963e-01
7.049999999999999600e-01	-4.510094716114951274e-01
7.086000000000000076e-01	-3.363817400025920223e-01
7.122000000000000552e-01	7.031255750968421481e-01
7.157999999999999918e-01	-2.089588741789896453e-01
7.194000000000000394e-01	9.256643579836483504e-02
7.229999999999999760e-01	3.446167972767359422e-01
7.267000000000000126e-01	4.758245122145645101e-01
7.302999999999999492e-01	4.620934381875780317e-01
7.338999999999999968e-01	7.967099581821759369e-01
7.375000000000000444e-01	1.438181892158997943e+00
7.410999999999999810e-01	1.229534401739817540e+00
7.447000000000000286e-01	1.713807239979364905e+00
7.482999999999999652e-01	1.819996267114250221e+00
7.519000000000000128e-01	2.102282805669599242e+00
7.554999999999999494e-01	2.121461960063142360e+00
7.590999999999999970e-01	2.103878869242013394e+00
7.627000000000000446e-01	2.584450243535291403e+00
7.662999999999999812e-01	2.764341384630007781e+00
7.699000000000000288e-01	2.197126399568730459e+00
7.734999999999999654e-01	2.245319791092608597e+00
7.772000000000000020e-01	2.377126716463697775e+00
7.808000000000000496e-01	2.289683194971754876e+00
7.843999999999999861e-01	1.959278433512844808e+00
7.880000000000000338e-01	2.249220076677408642e+00
7.915999999999999703e-01	2.389164964348880815e+00
7.952000000000000179e-01	2.097611265624927501e+00
7.987999999999999545e-01	2.321190663908383467e+00
8.024000000000000021e-01	1.829837381549063835e+00
8.060000000000000497e-01	1.457810250137630215e+00
8.095999999999999863e-01	1.121387809194207552e+00
8.132000000000000339e-01	8.963098112044692867e-01
8.167999999999999705e-01	8.263826764057513596e-01
8.204000000000000181e-01	1.280428673759200109e+00
8.239999999999999547e-01	1.253002415346242238e+00
8.276999999999999913e-01	1.341254371161126224e+00
8.313000000000000389e-01	1.137600843501685777e+00
8.348999999999999755e-01	1.552680564383065676e+00
8.385000000000000231e-01	1.670146958911691737e+00
8.420999999999999597e-01	1.860122585243112248e+00
8.457000000000000073e-01	2.391557563121881280e+00
8.493000000000000549e-01	2.722161616496971970e+00
8.528999999999999915e-01	3.381143379138134009e+00
8.565000000000000391e-01	4.133577368374699468e+00
8.600999999999999757e-01	3.449788306031200236e+00
8.637000000000000233e-01	3.816897177132184904e+00
8.672999999999999599e-01	4.096017529226219089e+00
8.709000000000000075e-01	4.184192995327506992e+00
8.745000000000000551e-01	4.133962007793781979e+00
8.781999999999999806e-01	4.785325484809266783e+00
8.818000000000000282e-01	5.067011506411102317e+00
8.853999999999999648e-01	4.759019643778247044e+00
8.890000000000000124e-01	4.195602442248289599e+00
8.925999999999999490e-01	4.845518355919881337e+00
8.961999999999999966e-01	4.424551629779211126e+00
8.998000000000000442e-01	4.125987977156706954e+00
9.033999999999999808e-01	3.550871128941900157e+00
9.070000000000000284e-01	3.827892873709033417e+00
9.105999999999999650e-01	4.205072288780594469e+00
9.142000000000000126e-01	3.543275919680681785e+00
9.177999999999999492e-01	3.425683186047528750e+00
9.213999999999999968e-01	3.592321424860437595e+00
9.251000000000000334e-01	2.796266829062007186e+00
9.286999999999999700e-01	3.121279834911838691e+00
9.323000000000000176e-01	2.799935805444702108e+00
9.358999999999999542e-01	3.175503213271104297e+00
9.395000000000000018e-01	2.937034531495134715e+00
9.431000000000000494e-01	2.378560588142001553e+00
9.466999999999999860e-01	3.457024212233217764e+00
9.503000000000000336e-01	3.824771864172199720e+00
9.538999999999999702e-01	3.649394852549815660e+00
9.575000000000000178e-01	3.854566806573924698e+00
9.610999999999999543e-01	4.627408470234504634e+00
9.647000000000000020e-01	4.449806759548096124e+00
9.683000000000000496e-01	4.830720061669111942e+00
9.718999999999999861e-01	5.494340605523365895e+00
9.756000000000000227e-01	5.182152992632641286e+00
9.791999999999999593e-01	6.080514537309130496e+00
9.828000000000000069e-01	5.816212255697593037e+00
9.864000000000000545e-01	6.091739298350012710e+00
9.899999999999999911e-01	5.758060638461200753e+00
9.936000000000000387e-01	6.759394340556582392e+00
9.971999999999999753e-01	6.409414967433028743e+00
1.000799999999999912e+00	6.822717830565570907e+00
1.004399999999999959e+00	5.945580478057084228e+00
1.008000000000000007e+00	6.459297942291043704e+00
1.011600000000000055e+00	5.836837452938235415e+00
1.015200000000000102e+00	5.720951932545855101e+00
1.018799999999999928e+00	5.438816818593400271e+00
1.022399999999999975e+00	4.964301788555917305e+00
1.026100000000000012e+00	4.723601378860614375e+00
1.029700000000000060e+00	5.102341926336088740e+00
1.033300000000000107e+00	4.907696973351369785e+00
1.036899999999999933e+00	4.579087809952853583e+00
1.040499999999999980e+00	3.865327898990088329e+00
1.044100000000000028e+00	4.425691668613594310e+00
1.047700000000000076e+00	3.790596761015654348e+00
1.051299999999999901e+00	4.266545520875644648e+00
1.054899999999999949e+00	4.422804699010384866e+00
1.058499999999999996e+00	4.292100034832456501e+00
1.062100000000000044e+00	5.250223799978998684e+00
1.065700000000000092e+00	4.444757262343480342e+00
1.069299999999999917e+00	5.011280595679113326e+00
1.072899999999999965e+00	4.817160698862256396e+00
1.076600000000000001e+00	4.699757640572253869e+00
1.080200000000000049e+00	5.157910644215846219e+00
1.083800000000000097e+00	5.814862104842237756e+00
1.087399999999999922e+00	5.480670116799131186e+00
1.090999999999999970e+00	5.855404439072794176e+00
1.094600000000000017e+00	6.582960780838290837e+00
1.098200000000000065e+00	7.324036511758704293e+00
1.101799999999999891e+00	7.340090062230705925e+00
1.105399999999999938e+00	6.929168016695366639e+00
1.108999999999999986e+00	6.822752172868679743e+00
1.112600000000000033e+00	6.833566357927011836e+00
1.116200000000000081e+00	6.143326207163473107e+00
1.119799999999999907e+00	5.478988300172588310e+00
1.123399999999999954e+00	5.054667031598284233e+00
1.127099999999999991e+00	4.941964869154451101e+00
1.130700000000000038e+00	4.942371098552434283e+00
1.134300000000000086e+00	4.947014358501881759e+00
1.137899999999999912e+00	5.108531147195597200e+00
1.141499999999999959e+00	4.588690337689823373e+00
1.145100000000000007e+00	5.014150727919783002e+00
1.148700000000000054e+00	5.592399454556227667e+00
1.152300000000000102e+00	6.501904668420435129e+00
1.155899999999999928e+00	6.110846935949528991e+00
1.159499999999999975e+00	6.226321920140704513e+00
1.163100000000000023e+00	6.401263989742325577e+00
1.166700000000000070e+00	6.349795869718809271e+00
1.170299999999999896e+00	5.067323563621888738e+00
1.173899999999999944e+00	4.370897553468745755e+00
1.177599999999999980e+00	4.870163729576184153e+00
1.181200000000000028e+00	4.487157365214072158e+00
1.184800000000000075e+00	4.782124907657530954e+00
1.188399999999999901e+00	5.235214497112177234e+00
1.191999999999999948e+00	5.636628873718871446e+00
1.195599999999999996e+00	5.195094367370565180e+00
1.199200000000000044e+00	5.119058751608005053e+00
1.202800000000000091e+00	5.799506678342819299e+00
1.206399999999999917e+00	5.401797482486829338e+00
1.209999999999999964e+00	5.042353974018988438e+00
1.213600000000000012e+00	4.764880861928546985e+00
1.217200000000000060e+00	5.111908245461656009e+00
1.220800000000000107e+00	4.629858318365970504e+00
1.224399999999999933e+00	3.855919539369955462e+00
1.228099999999999969e+00	3.940049158845395638e+00
1.231700000000000017e+00	3.859934515574695801e+00
1.235300000000000065e+00	3.320208083811559074e+00
1.238899999999999890e+00	2.957227138839549241e+00
1.242499999999999938e+00	2.764390083079807159e+00
1.246099999999999985e+00	2.527221800314986666e+00
1.249700000000000033e+00	2.889091028292289476e+00
1.253300000000000081e+00	2.281191423443782451e+00
1.256899999999999906e+00	1.609559123150991145e+00
1.260499999999999954e+00	1.075283183756738037e+00
1.264100000000000001e+00	1.530748593355113485e+00
1.267700000000000049e+00	7.214801132764827596e-01
1.271300000000000097e+00	1.264728753863295196e+00
1.274899999999999922e+00	1.320464255106127194e+00
1.278599999999999959e+00	1.063396034341862473e+00
1.282200000000000006e+00	1.560763340306413394e+00
1.285800000000000054e+00	1.281311415717566238e+00
1.289400000000000102e+00	9.332703028830621195e-01
1.292999999999999927e+00	9.385721504124612258e-01
1.296599999999999975e+00	1.082112639244669605e+00
1.300200000000000022e+00	7.571659376899551042e-01
1.303800000000000070e+00	1.364787709035271579e+00
1.307399999999999896e+00	2.023190988253868561e+00
1.310999999999999943e+00	2.844835271088193007e+00
1.314599999999999991e+00	2.276616355646744694e+00
1.318200000000000038e+00	1.988751327642783062e+00
1.321800000000000086e+00	2.297760407397459126e+00
1.325499999999999901e+00	2.027819961711073482e+00
1.329099999999999948e+00	2.224173041919423444e+00
1.332699999999999996e+00	2.435977794786515993e+00
1.336300000000000043e+00	2.858111949944754482e+00
1.339900000000000091e+00	2.955772928709769154e+00
1.343499999999999917e+00	2.683247215867391233e+00
1.347099999999999964e+00	2.873354723717354453e+00
1.350700000000000012e+00	3.973553984759135016e+00
1.354300000000000059e+00	2.929979233580869202e+00
1.357900000000000107e+00	3.292194769997113912e+00
1.361499999999999932e+00	3.000173429439248363e+00
1.365099999999999980e+00	3.677527411009803515e+00
1.368700000000000028e+00	2.813995756771091372e+00
1.372300000000000075e+00	3.040631231954905811e+00
1.375999999999999890e+00	3.050940679201860295e+00
1.379599999999999937e+00	2.674516524313506505e+00
1.383199999999999985e+00	2.402593229863623669e+00
1.386800000000000033e+00	2.973482153984557730e+00
1.390400000000000080e+00	2.831580381291840975e+00
1.393999999999999906e+00	3.392549125081128381e+00
1.397599999999999953e+00	3.116960446956162034e+00
1.401200000000000001e+00	3.504332584670493578e+00
1.404800000000000049e+00	4.728258914542463387e+00
1.408400000000000096e+00	5.025310325958979973e+00
1.411999999999999922e+00	5.512363490506061225e+00
1.415599999999999969e+00	6.275723811914605044e+00
1.419200000000000017e+00	5.429187128471775203e+00
1.422800000000000065e+00	5.935285214288216871e+00
1.426500000000000101e+00	5.864731290353896398e+00
1.430099999999999927e+00	5.428006368877906773e+00
1.433699999999999974e+00	5.653530993362252843e+00
1.437300000000000022e+00	5.734122839654668624e+00
1.440900000000000070e+00	6.192499374869273154e+00
1.444499999999999895e+00	6.596447812847311631e+00
1.448099999999999943e+00	6.557173910283453644e+00
1.451699999999999990e+00	6.037369815235321013e+00
1.455300000000000038e+00	6.772755985930607459e+00
1.458900000000000086e+00	6.735550393306595218e+00
1.462499999999999911e+00	7.085826946827203265e+00
1.466099999999999959e+00	7.390401239602030437e+00
1.469700000000000006e+00	7.759947024684798578e+00
1.473300000000000054e+00	7.904608697721965171e+00
1.477000000000000091e+00	7.914850079659632165e+00
1.480599999999999916e+00	8.091798101403378851e+00
1.484199999999999964e+00	7.878537251164189570e+00
1.487800000000000011e+00	8.404656881483544950e+00
1.491400000000000059e+00	7.748826243650019485e+00
1.495000000000000107e+00	7.578849020963041028e+00
1.498599999999999932e+00	8.197702314837860271e+00
1.502199999999999980e+00	7.828977186004396849e+00
1.505800000000000027e+00	8.285901878895176154e+00
1.509400000000000075e+00	8.420863194833982490e+00
1.512999999999999901e+00	8.262034757062060919e+00
1.516599999999999948e+00	8.266694711805707030e+00
1.520199999999999996e+00	8.379723695246735105e+00
1.523800000000000043e+00	8.596913038195751255e+00
1.527500000000000080e+00	8.305801052792880057e+00
1.531099999999999905e+00	8.956493736494694602e+00
1.534699999999999953e+00	9.340484383827275749e+00
1.538300000000000001e+00	9.209991372246763675e+00
1.541900000000000048e+00	8.920346383642609567e+00
1.545500000000000096e+00	9.230094498846561635e+00
1.549099999999999921e+00	8.988390886534009638e+00
1.552699999999999969e+00	8.497325588775304084e+00
1.556300000000000017e+00	8.667016447023078385e+00
1.559900000000000064e+00	7.462679435781762294e+00
1.563499999999999890e+00	8.430196449281270432e+00
1.567099999999999937e+00	8.333100313295782158e+00
1.570699999999999985e+00	8.177381429844603034e+00
1.574300000000000033e+00	8.257789371718702753e+00
1.578000000000000069e+00	9.124411795671674597e+00
1.581599999999999895e+00	8.246801459840508386e+00
1.585199999999999942e+00	9.008376610193117529e+00
1.588799999999999990e+00	8.753270299182672076e+00
1.592400000000000038e+00	8.833161379984904471e+00
1.596000000000000085e+00	8.597361065311314832e+00
1.599599999999999911e+00	9.209492663024562376e+00
1.603199999999999958e+00	9.534178818624647889e+00
1.606800000000000006e+00	9.144943867609949706e+00
1.610400000000000054e+00	9.687131454242138062e+00
1.614000000000000101e+00	1.017433807819933733e+01
1.617599999999999927e+00	1.061796007141623832e+01
1.621199999999999974e+00	1.099603857179988253e+01
1.624800000000000022e+00	1.158084170652820077e+01
1.628500000000000059e+00	1.181333916148098062e+01
1.632100000000000106e+00	1.220515603781237246e+01
1.635699999999999932e+00	1.278976401031086141e+01
1.639299999999999979e+00	1.281838701488525878e+01
1.642900000000000027e+00	1.273493448957269258e+01
1.646500000000000075e+00	1.272330990133558792e+01
1.650099999999999900e+00	1.354778465148257283e+01
1.653699999999999948e+00	1.487377739759683593e+01
1.657299999999999995e+00	1.620382516938092365e+01
1.660900000000000043e+00	1.912794178634291598e+01
1.664500000000000091e+00	2.041059158032560461e+01
1.668099999999999916e+00	2.214842112466777024e+01
1.671699999999999964e+00	2.305669437337914118e+01
1.675400000000000000e+00	2.218886849694831298e+01
1.679000000000000048e+00	2.091706683108385079e+01
1.682600000000000096e+00	1.914112633157139243e+01
1.686199999999999921e+00	1.769240272894360899e+01
1.689799999999999969e+00	1.690724740248348112e+01
1.693400000000000016e+00	1.697414131209274757e+01
1.697000000000000064e+00	1.667941304598683061e+01
1.700599999999999890e+00	1.740024824684425653e+01
1.704199999999999937e+00	1.781453673325520981e+01
1.707799999999999985e+00	1.793343753662568218e+01
1.711400000000000032e+00	1.842046992838925590e+01
1.715000000000000080e+00	1.758498536540695056e+01
1.718599999999999905e+00	1.671977726168049472e+01
1.722199999999999953e+00	1.539838079998652809e+01
1.725899999999999990e+00	1.311465340840755722e+01
1.729500000000000037e+00	1.145664285218607148e+01
1.733100000000000085e+00	1.034183714815882738e+01
1.736699999999999910e+00	8.740895150533010138e+00
1.740299999999999958e+00	7.786952883377282753e+00
1.743900000000000006e+00	6.821413155085012114e+00
1.747500000000000053e+00	7.231200978325461826e+00
1.751100000000000101e+00	7.743570705599831072e+00
1.754699999999999926e+00	8.177822473453028707e+00
1.758299999999999974e+00	7.999572476644590147e+00
1.761900000000000022e+00	8.252593814587950050e+00
1.765500000000000069e+00	8.612897098358763159e+00
1.769099999999999895e+00	7.024971366993804089e+00
1.772699999999999942e+00	7.358629657521399636e+00
1.776399999999999979e+00	7.470099671169077915e+00
1.780000000000000027e+00	7.955581089846163856e+00
1.783600000000000074e+00	8.829044392512114925e+00
1.787199999999999900e+00	8.961221387528123472e+00
1.790799999999999947e+00	9.832988735632399724e+00
1.794399999999999995e+00	1.039674561913042439e+01
1.798000000000000043e+00	1.048887076051745026e+01
1.801600000000000090e+00	1.039994528201185453e+01
1.805199999999999916e+00	1.035178136112042857e+01
1.808799999999999963e+00	1.002478984322274869e+01
1.812400000000000011e+00	1.002478899378858479e+01
1.816000000000000059e+00	1.008096115473639287e+01
1.819600000000000106e+00	9.515894474646403367e+00
1.823199999999999932e+00	9.553576951252777505e+00
1.826899999999999968e+00	9.963373673417272869e+00
1.830500000000000016e+00	9.280033810412227524e+00
1.834100000000000064e+00	1.011744992373163576e+01
1.837699999999999889e+00	8.955227197297562114e+00
1.841299999999999937e+00	8.744924935450651304e+00
1.844899999999999984e+00	8.913101432834125148e+00
1.848500000000000032e+00	9.102708759693944884e+00
1.852100000000000080e+00	9.794024945594996368e+00
1.855699999999999905e+00	1.036769168610183733e+01
1.859299999999999953e+00	1.104063996634614142e+01
1.862900000000000000e+00	1.177313487203832665e+01
1.866500000000000048e+00	1.247304813909560295e+01
1.870100000000000096e+00	1.231443516831887663e+01
1.873699999999999921e+00	1.202813573241926726e+01
1.877399999999999958e+00	1.225410827178829010e+01
1.881000000000000005e+00	1.259180816535813818e+01
1.884600000000000053e+00	1.247402221483437224e+01
1.888200000000000101e+00	1.314908547410682793e+01
1.891799999999999926e+00	1.360258512390200281e+01
1.895399999999999974e+00	1.381072039521016848e+01
1.899000000000000021e+00	1.443370441894002099e+01
1.902600000000000069e+00	1.386264609863665598e+01
1.906199999999999894e+00	1.381804512062439017e+01
1.909799999999999942e+00	1.375175310471665213e+01
1.913399999999999990e+00	1.349996922530883836e+01
1.917000000000000037e+00	1.407679245860841455e+01
1.920600000000000085e+00	1.406752042959933569e+01
1.924199999999999910e+00	1.448590356175816396e+01
1.927899999999999947e+00	1.509614154610135017e+01
1.931499999999999995e+00	1.553118902028894688e+01
1.935100000000000042e+00	1.644827097220512258e+01
1.938700000000000090e+00	1.572064229482061926e+01
1.942299999999999915e+00	1.687084891247933527e+01
1.945899999999999963e+00	1.697485802682465206e+01
1.949500000000000011e+00	1.730312395609185572e+01
1.953100000000000058e+00	1.715986898633243385e+01
1.956700000000000106e+00	1.712521720395591274e+01
1.960299999999999931e+00	1.748890942563012985e+01
1.963899999999999979e+00	1.720633090289885203e+01
1.967500000000000027e+00	1.694961855143622742e+01
1.971100000000000074e+00	1.833215922535567799e+01
1.974699999999999900e+00	1.832570107679764959e+01
1.978399999999999936e+00	1.951615033109352737e+01
1.981999999999999984e+00	2.035599520731507184e+01
1.985600000000000032e+00	2.122752887779068942e+01
1.989200000000000079e+00	2.201843194885839594e+01
1.992799999999999905e+00	2.228343872844270024e+01
1.996399999999999952e+00	2.292925505444164358e+01
2.000000000000000000e+00	2.272949301491032870e+01
