2.000000000000000111e-01	2.065775839828003058e+00
2.036000000000000032e-01	2.426583875292479320e+00
2.071999999999999953e-01	1.877681726055219880e+00
2.107999999999999874e-01	9.187683382377500596e-01
2.144000000000000072e-01	2.128782494618875809e+00
2.179999999999999993e-01	1.375564569689131211e+00
2.215999999999999914e-01	1.192769954196370552e+00
2.253000000000000003e-01	1.034763211880968203e+00
2.288999999999999924e-01	1.056786710740538426e+00
2.325000000000000122e-01	1.478123714156650337e+00
2.361000000000000043e-01	1.251718418192912630e+00
2.396999999999999964e-01	8.345117273879114617e-01
2.432999999999999885e-01	1.186941562223272850e+00
2.469000000000000083e-01	1.257247708112073425e+00
2.505000000000000004e-01	9.071440553107577021e-01
2.540999999999999925e-01	1.538930727530395393e+00
2.576999999999999846e-01	1.894063675015092318e+00
2.612999999999999767e-01	2.227962732314186844e+00
2.649000000000000243e-01	1.397359617673551879e+00
2.685000000000000164e-01	2.912542688148206604e+00
2.721000000000000085e-01	2.912870616613419283e+00
2.757999999999999896e-01	3.052797303069217261e+00
2.793999999999999817e-01	3.573941459012011546e+00
2.829999999999999738e-01	3.292514538401455582e+00
2.866000000000000214e-01	3.832749284499815445e+00
2.902000000000000135e-01	4.309541515289826208e+00
2.938000000000000056e-01	4.142630708640924198e+00
2.973999999999999977e-01	3.482228548883500974e+00
3.009999999999999898e-01	3.997511689802556223e+00
3.045999999999999819e-01	5.155745578470170898e+00
3.081999999999999740e-01	3.748354782696427190e+00
3.118000000000000216e-01	3.797285520692434968e+00
3.154000000000000137e-01	4.124315054136297398e+00
3.190000000000000058e-01	2.876661384903475671e+00
3.225999999999999979e-01	2.887677840191720247e+00
3.262999999999999790e-01	3.178310499294531688e+00
3.299000000000000266e-01	2.145925266525053221e+00
3.335000000000000187e-01	1.753826767400228803e+00
3.371000000000000107e-01	1.379032051921133872e+00
3.407000000000000028e-01	8.337329308844956266e-01
3.442999999999999949e-01	4.497985789278751700e-01
3.478999999999999870e-01	5.826860742469289756e-01
3.514999999999999791e-01	1.432386877583037288e-01
3.551000000000000267e-01	8.433325235833648570e-01
3.587000000000000188e-01	7.159600384240832893e-01
3.623000000000000109e-01	3.634616010296080058e-01
3.659000000000000030e-01	1.441470875933067441e+00
3.694999999999999951e-01	1.326319017600718020e+00
3.730999999999999872e-01	2.078779450194961687e+00
3.768000000000000238e-01	1.967456299676877407e+00
3.804000000000000159e-01	2.316156852293314028e+00
3.840000000000000080e-01	3.131090364743942089e+00
3.876000000000000001e-01	3.256007851471686809e+00
3.911999999999999922e-01	3.754282400297610955e+00
3.947999999999999843e-01	4.678646619194099188e+00
3.983999999999999764e-01	4.997461579596971681e+00
4.020000000000000240e-01	5.222910894693655770e+00
4.056000000000000161e-01	5.309290617524947464e+00
4.092000000000000082e-01	5.245403225844825101e+00
4.128000000000000003e-01	4.415189407147346756e+00
4.163999999999999924e-01	3.816778111097438142e+00
4.199999999999999845e-01	4.293416021392544302e+00
4.235999999999999766e-01	3.948151570532323351e+00
4.273000000000000131e-01	4.072071493047908497e+00
4.309000000000000052e-01	3.563548283273935802e+00
4.344999999999999973e-01	4.331644813989291798e+00
4.380999999999999894e-01	2.815436897528229565e+00
4.416999999999999815e-01	3.758101917092709243e+00
4.452999999999999736e-01	2.102407937509983782e+00
4.489000000000000212e-01	2.852310146257025281e+00
4.525000000000000133e-01	2.232542357505014952e+00
4.561000000000000054e-01	2.214245160471423279e+00
4.596999999999999975e-01	1.918366450426397307e+00
4.632999999999999896e-01	1.897308488367087431e+00
4.668999999999999817e-01	2.165269111562770021e+00
4.704999999999999738e-01	1.834383089806517653e+00
4.741000000000000214e-01	3.198282091123652471e+00
4.778000000000000025e-01	2.618112757436330096e+00
4.813999999999999946e-01	3.175476578670268779e+00
4.849999999999999867e-01	3.685683794439173155e+00
4.885999999999999788e-01	3.749438506308026220e+00
4.922000000000000264e-01	3.906805199785765126e+00
4.958000000000000185e-01	3.820235107160846688e+00
4.994000000000000106e-01	4.174647771791885731e+00
5.030000000000000027e-01	4.532100141581176800e+00
5.066000000000000503e-01	5.365619322683549797e+00
5.101999999999999869e-01	4.680414771422648279e+00
5.138000000000000345e-01	6.096283338435922516e+00
5.173999999999999710e-01	4.960856098898974054e+00
5.210000000000000187e-01	4.922624982213130274e+00
5.245999999999999552e-01	4.292095246179612467e+00
5.282999999999999918e-01	4.196824904419404589e+00
5.319000000000000394e-01	3.700894091126457397e+00
5.354999999999999760e-01	4.380909002378053252e+00
5.391000000000000236e-01	4.587777704770042320e+00
5.426999999999999602e-01	4.962113640275702231e+00
5.463000000000000078e-01	3.901902588053993259e+00
5.499000000000000554e-01	4.094495899033343100e+00
5.534999999999999920e-01	4.093823401815910756e+00
5.571000000000000396e-01	2.738024371368133814e+00
5.606999999999999762e-01	2.868643727095293805e+00
5.643000000000000238e-01	2.784587005194073761e+00
5.678999999999999604e-01	2.222312968454136950e+00
5.715000000000000080e-01	2.171451912088221192e+00
5.752000000000000446e-01	2.480714554738692623e+00
5.787999999999999812e-01	3.050225340597010781e+00
5.824000000000000288e-01	1.997805575819730173e+00
5.859999999999999654e-01	1.841226294310620570e+00
5.896000000000000130e-01	1.771344740271275420e+00
5.931999999999999496e-01	1.143155840059793871e+00
5.967999999999999972e-01	1.859846012023491868e+00
6.004000000000000448e-01	1.339550093224216143e+00
6.039999999999999813e-01	2.228630341902719358e+00
6.076000000000000290e-01	1.887440570042060006e+00
6.111999999999999655e-01	2.195119176411538753e+00
6.148000000000000131e-01	1.325205860997986207e+00
6.183999999999999497e-01	1.661341921343694850e+00
6.219999999999999973e-01	1.812743095893244449e+00
6.257000000000000339e-01	2.847561183598090295e+00
6.292999999999999705e-01	1.269350562555985551e+00
6.329000000000000181e-01	1.963918266466132101e+00
6.364999999999999547e-01	3.102602303070643330e+00
6.401000000000000023e-01	2.347056908170581657e+00
6.437000000000000499e-01	2.546503204290945455e+00
6.472999999999999865e-01	4.160962540224189432e+00
6.509000000000000341e-01	2.666337386316666169e+00
6.544999999999999707e-01	2.786853187925890651e+00
6.581000000000000183e-01	2.542484213972202145e+00
6.616999999999999549e-01	3.487527161810012544e+00
6.653000000000000025e-01	1.913303904168481617e+00
6.689000000000000501e-01	1.987245306890742746e+00
6.724999999999999867e-01	1.707152189113932073e+00
6.762000000000000233e-01	1.518654801517867803e+00
6.797999999999999599e-01	3.486303057344108391e-01
6.834000000000000075e-01	9.989192680368070842e-01
6.870000000000000551e-01	2.477220191563556939e-01
6.905999999999999917e-01	-3.037785273938539143e-01
6.942000000000000393e-01	-2.809982662996114433e-01
6.977999999999999758e-01	9.280511147940488925e-01
7.014000000000000234e-01	6.638499387033536259e-03
7.049999999999999600e-01	5.694179796453053832e-01
7.086000000000000076e-01	1.484659055089724289e-01
7.122000000000000552e-01	-2.434855573784222016e-01
7.157999999999999918e-01	6.189611113602377923e-01
7.194000000000000394e-01	5.837932408744296309e-01
7.229999999999999760e-01	9.824298537344154925e-01
7.267000000000000126e-01	7.174735605741126010e-01
7.302999999999999492e-01	-1.008839663651522889e-01
7.338999999999999968e-01	9.929863467546062861e-01
7.375000000000000444e-01	5.262373115319602945e-01
7.410999999999999810e-01	7.998976462505300589e-01
7.447000000000000286e-01	1.610643764596640493e+00
7.482999999999999652e-01	1.307481652032486785e+00
7.519000000000000128e-01	1.323290288176658169e+00
7.554999999999999494e-01	1.859459440183274470e+00
7.590999999999999970e-01	2.141889487345659759e+00
7.627000000000000446e-01	3.181943569651298986e+00
7.662999999999999812e-01	3.435243785768881786e+00
7.699000000000000288e-01	2.312009771182656159e+00
7.734999999999999654e-01	2.816065115229696936e+00
7.772000000000000020e-01	2.491468041175018300e+00
7.808000000000000496e-01	2.610350390270982146e+00
7.843999999999999861e-01	2.517107167303076931e+00
7.880000000000000338e-01	2.207015239831302544e+00
7.915999999999999703e-01	2.578226866694706132e+00
7.952000000000000179e-01	2.558662325077976973e+00
7.987999999999999545e-01	2.180100209733071281e+00
8.024000000000000021e-01	2.479572718593653136e+00
8.060000000000000497e-01	1.259462636123937607e+00
8.095999999999999863e-01	1.223541908159663683e+00
8.132000000000000339e-01	1.492087172802838424e+00
8.167999999999999705e-01	1.355397277304201342e+00
8.204000000000000181e-01	8.880037678301239135e-01
8.239999999999999547e-01	1.460463312269363323e+00
8.276999999999999913e-01	1.381113285658946310e+00
8.313000000000000389e-01	1.959702090607411407e+00
8.348999999999999755e-01	2.609953186914613088e+00
8.385000000000000231e-01	2.048166113698472568e+00
8.420999999999999597e-01	1.876954345350154707e+00
8.457000000000000073e-01	3.196419093396890787e+00
8.493000000000000549e-01	2.737894251562032366e+00
8.528999999999999915e-01	2.893174333568578671e+00
8.565000000000000391e-01	2.761739125542660656e+00
8.600999999999999757e-01	3.167727500142433872e+00
8.637000000000000233e-01	4.546475011827408430e+00
8.672999999999999599e-01	3.969526006788073769e+00
8.709000000000000075e-01	5.299828543994715702e+00
8.745000000000000551e-01	4.794117574607125398e+00
8.781999999999999806e-01	4.642205713464171879e+00
8.818000000000000282e-01	4.645596561616088138e+00
8.853999999999999648e-01	4.353250641417552913e+00
8.890000000000000124e-01	4.555673589501230580e+00
8.925999999999999490e-01	4.535459460694373668e+00
8.961999999999999966e-01	4.507340280000994959e+00
8.998000000000000442e-01	3.741471080989602793e+00
9.033999999999999808e-01	3.763687743598016500e+00
9.070000000000000284e-01	3.453525496083916124e+00
9.105999999999999650e-01	3.658437374924047525e+00
9.142000000000000126e-01	3.397240939689100347e+00
9.177999999999999492e-01	3.500538919554970541e+00
9.213999999999999968e-01	3.080463533732848536e+00
9.251000000000000334e-01	3.677796375303258536e+00
9.286999999999999700e-01	2.567689612880174721e+00
9.323000000000000176e-01	2.745464272302940323e+00
9.358999999999999542e-01	3.037449942346923670e+00
9.395000000000000018e-01	3.530435176487051852e+00
9.431000000000000494e-01	2.411563439990618285e+00
9.466999999999999860e-01	3.619787748912374870e+00
9.503000000000000336e-01	4.514068608953468953e+00
9.538999999999999702e-01	3.658040024386212341e+00
9.575000000000000178e-01	4.846579335030595459e+00
9.610999999999999543e-01	4.946373055430674626e+00
9.647000000000000020e-01	4.839073374957645335e+00
9.683000000000000496e-01	5.023961071341685347e+00
9.718999999999999861e-01	5.088151472154903487e+00
9.756000000000000227e-01	6.127696842120652576e+00
9.791999999999999593e-01	5.688105597304534022e+00
9.828000000000000069e-01	6.327282665797258510e+00
9.864000000000000545e-01	6.695795426416271567e+00
9.899999999999999911e-01	6.121588696130700669e+00
9.936000000000000387e-01	6.497705484465720716e+00
9.971999999999999753e-01	6.109245025473275525e+00
1.000799999999999912e+00	6.741276903744701343e+00
1.004399999999999959e+00	6.585402613974529196e+00
1.008000000000000007e+00	6.760942082200749326e+00
1.011600000000000055e+00	6.374285634382737875e+00
1.015200000000000102e+00	5.510734255140423699e+00
1.018799999999999928e+00	6.024689392810845590e+00
1.022399999999999975e+00	4.953500682755706208e+00
1.026100000000000012e+00	4.843756164503194128e+00
1.029700000000000060e+00	4.554389501052451550e+00
1.033300000000000107e+00	5.184943901936690303e+00
1.036899999999999933e+00	4.624226150485851505e+00
1.040499999999999980e+00	4.645307439620146361e+00
1.044100000000000028e+00	4.488542765979075533e+00
1.047700000000000076e+00	3.885158597284475768e+00
1.051299999999999901e+00	4.448896593991901405e+00
1.054899999999999949e+00	4.213653889602053226e+00
1.058499999999999996e+00	4.633045203517454524e+00
1.062100000000000044e+00	5.399213123610124399e+00
1.065700000000000092e+00	4.258029291129361127e+00
1.069299999999999917e+00	5.226971836057772158e+00
1.072899999999999965e+00	4.992154842862478681e+00
1.076600000000000001e+00	5.219160969067139888e+00
1.080200000000000049e+00	5.199405224016468985e+00
1.083800000000000097e+00	6.292653015276258976e+00
1.087399999999999922e+00	5.528284003472879071e+00
1.090999999999999970e+00	6.334626218263643693e+00
1.094600000000000017e+00	6.528636981660543626e+00
1.098200000000000065e+00	6.748674048298044070e+00
1.101799999999999891e+00	6.247920606403918775e+00
1.105399999999999938e+00	7.036325413604266110e+00
1.108999999999999986e+00	6.957132483073738882e+00
1.112600000000000033e+00	6.134327831057404978e+00
1.116200000000000081e+00	6.318680909526947609e+00
1.119799999999999907e+00	6.219459253540864374e+00
1.123399999999999954e+00	5.335882189051595503e+00
1.127099999999999991e+00	4.882815773870114562e+00
1.130700000000000038e+00	5.362737472339885514e+00
1.134300000000000086e+00	4.906715981200155952e+00
1.137899999999999912e+00	4.887528063297823522e+00
1.141499999999999959e+00	4.470826059470405234e+00
1.145100000000000007e+00	4.564783242184494938e+00
1.148700000000000054e+00	5.167662044683946299e+00
1.152300000000000102e+00	6.246220558304896642e+00
1.155899999999999928e+00	5.896678450934752291e+00
1.159499999999999975e+00	5.338828789894933813e+00
1.163100000000000023e+00	6.243099029329423288e+00
1.166700000000000070e+00	5.899605828783107242e+00
1.170299999999999896e+00	5.419680229066875299e+00
1.173899999999999944e+00	5.492303914751351712e+00
1.177599999999999980e+00	4.863140890783384407e+00
1.181200000000000028e+00	4.554993923270329148e+00
1.184800000000000075e+00	4.822575996990711822e+00
1.188399999999999901e+00	5.091741169174008874e+00
1.191999999999999948e+00	5.172734023682266091e+00
1.195599999999999996e+00	5.411312367889646424e+00
1.199200000000000044e+00	4.972296552902896849e+00
1.202800000000000091e+00	5.598465098670464712e+00
1.206399999999999917e+00	5.323176575817049283e+00
1.209999999999999964e+00	4.473236988345674625e+00
1.213600000000000012e+00	4.640674835599241987e+00
1.217200000000000060e+00	5.181677943162386057e+00
1.220800000000000107e+00	5.128829213147898081e+00
1.224399999999999933e+00	4.263304676864451359e+00
1.228099999999999969e+00	3.711285421214308045e+00
1.231700000000000017e+00	3.665385340904925737e+00
1.235300000000000065e+00	2.917583162174983258e+00
1.238899999999999890e+00	2.581405036961662347e+00
1.242499999999999938e+00	2.731236642447658181e+00
1.246099999999999985e+00	3.327750900419265356e+00
1.249700000000000033e+00	2.285176629297753337e+00
1.253300000000000081e+00	1.784721690362982338e+00
1.256899999999999906e+00	9.358724905737412225e-01
1.260499999999999954e+00	1.085848393299549297e+00
1.264100000000000001e+00	5.126393408659197792e-01
1.267700000000000049e+00	1.189595567048468361e+00
1.271300000000000097e+00	1.575148470238983744e+00
1.274899999999999922e+00	1.231131767580615488e+00
1.278599999999999959e+00	1.909622730592237527e+00
1.282200000000000006e+00	6.244779365300034968e-01
1.285800000000000054e+00	1.099471482004981571e+00
1.289400000000000102e+00	5.675879386234847779e-01
1.292999999999999927e+00	1.324841502177250163e+00
1.296599999999999975e+00	1.080804134379711456e+00
1.300200000000000022e+00	1.642531364682254136e+00
1.303800000000000070e+00	1.253966172362818599e+00
1.307399999999999896e+00	2.448930226779686414e+00
1.310999999999999943e+00	2.740701437109593464e+00
1.314599999999999991e+00	1.741472849445155235e+00
1.318200000000000038e+00	2.409342709378377911e+00
1.321800000000000086e+00	2.719076945810262380e+00
1.325499999999999901e+00	2.450985086788571188e+00
1.329099999999999948e+00	2.881489927837404874e+00
1.332699999999999996e+00	2.843342244902979488e+00
1.336300000000000043e+00	2.221434837665176687e+00
1.339900000000000091e+00	3.071784796237279291e+00
1.343499999999999917e+00	3.227160390886242958e+00
1.347099999999999964e+00	2.726944244647235394e+00
1.350700000000000012e+00	3.210809718426403059e+00
1.354300000000000059e+00	3.773518083849856541e+00
1.357900000000000107e+00	3.479347084087958564e+00
1.361499999999999932e+00	3.486969073534495145e+00
1.365099999999999980e+00	3.207045807063961806e+00
1.368700000000000028e+00	3.648135277827735834e+00
1.372300000000000075e+00	2.896242044109546221e+00
1.375999999999999890e+00	3.238580290634865744e+00
1.379599999999999937e+00	3.114127344482760851e+00
1.383199999999999985e+00	2.235956375384234640e+00
1.386800000000000033e+00	2.931169963773566867e+00
1.390400000000000080e+00	3.281970119623956794e+00
1.393999999999999906e+00	2.515701882445137372e+00
1.397599999999999953e+00	3.826767087560875691e+00
1.401200000000000001e+00	4.028461552853237038e+00
1.404800000000000049e+00	3.839732230677201485e+00
1.408400000000000096e+00	4.673112500402577751e+00
1.411999999999999922e+00	5.598250769027067086e+00
1.415599999999999969e+00	5.503730477058691228e+00
1.419200000000000017e+00	5.475554039621538749e+00
1.422800000000000065e+00	5.016025165850151346e+00
1.426500000000000101e+00	5.781895200356680142e+00
1.430099999999999927e+00	6.869438471265670643e+00
1.433699999999999974e+00	6.072543409256545566e+00
1.437300000000000022e+00	5.525769732133554157e+00
1.440900000000000070e+00	6.354266734567247887e+00
1.444499999999999895e+00	5.668057224334285493e+00
1.448099999999999943e+00	5.848120584905206698e+00
1.451699999999999990e+00	7.650732199211242701e+00
1.455300000000000038e+00	6.156294508575951951e+00
1.458900000000000086e+00	7.060759118087212016e+00
1.462499999999999911e+00	6.539357546884639660e+00
1.466099999999999959e+00	6.896850639553869122e+00
1.469700000000000006e+00	6.991706157121875265e+00
1.473300000000000054e+00	7.597177651288369304e+00
1.477000000000000091e+00	7.600418709525714078e+00
1.480599999999999916e+00	7.024558348956331244e+00
1.484199999999999964e+00	7.538063850613926142e+00
1.487800000000000011e+00	7.793856039385007151e+00
1.491400000000000059e+00	8.320748018692700754e+00
1.495000000000000107e+00	8.132445430988216373e+00
1.498599999999999932e+00	7.790682155423232835e+00
1.502199999999999980e+00	7.198724026673845700e+00
1.505800000000000027e+00	7.766314530989703258e+00
1.509400000000000075e+00	6.734690243978168844e+00
1.512999999999999901e+00	8.502307568400953031e+00
1.516599999999999948e+00	8.374808721389658928e+00
1.520199999999999996e+00	8.153175707155023488e+00
1.523800000000000043e+00	8.999065625610114694e+00
1.527500000000000080e+00	8.966905750208123749e+00
1.531099999999999905e+00	8.555034326845136761e+00
1.534699999999999953e+00	7.582643087385717351e+00
1.538300000000000001e+00	8.050738681522865647e+00
1.541900000000000048e+00	8.197397531187110786e+00
1.545500000000000096e+00	8.060284583983431617e+00
1.549099999999999921e+00	7.668873311502196977e+00
1.552699999999999969e+00	7.924860376549252905e+00
1.556300000000000017e+00	7.322715970390640372e+00
1.559900000000000064e+00	7.926166865588568200e+00
1.563499999999999890e+00	6.834626821406850183e+00
1.567099999999999937e+00	8.278846982425630330e+00
1.570699999999999985e+00	7.581625278393330447e+00
1.574300000000000033e+00	8.308443094855853417e+00
1.578000000000000069e+00	8.413232043467532506e+00
1.581599999999999895e+00	9.639338967444629702e+00
1.585199999999999942e+00	7.737399856626653971e+00
1.588799999999999990e+00	8.031343030595913035e+00
1.592400000000000038e+00	7.392734499991513886e+00
1.596000000000000085e+00	8.261132392281179904e+00
1.599599999999999911e+00	9.173720975284330947e+00
1.603199999999999958e+00	8.552436027295382104e+00
1.606800000000000006e+00	9.134511297593677526e+00
1.610400000000000054e+00	9.085465889679079865e+00
1.614000000000000101e+00	9.845080942821505587e+00
1.617599999999999927e+00	9.180262751579833846e+00
1.621199999999999974e+00	1.003077397784815616e+01
1.624800000000000022e+00	1.061037439644204916e+01
1.628500000000000059e+00	1.077289192798786921e+01
1.632100000000000106e+00	1.117824280522964209e+01
1.635699999999999932e+00	1.279657988412091463e+01
1.639299999999999979e+00	1.278158008347237740e+01
1.642900000000000027e+00	1.307734859520242665e+01
1.646500000000000075e+00	1.385153032200762624e+01
1.650099999999999900e+00	1.307854171495966789e+01
1.653699999999999948e+00	1.459220503746421826e+01
1.657299999999999995e+00	1.470584478760683744e+01
1.660900000000000043e+00	1.634985875941061551e+01
1.664500000000000091e+00	1.758067615499134817e+01
1.668099999999999916e+00	1.948693914180944020e+01
1.671699999999999964e+00	2.048553250285202409e+01
1.675400000000000000e+00	2.059391276368868873e+01
1.679000000000000048e+00	1.924802689819940937e+01
1.682600000000000096e+00	1.974925232658625518e+01
1.686199999999999921e+00	1.843751413098579306e+01
1.689799999999999969e+00	1.908735810408627032e+01
1.693400000000000016e+00	1.836701628082277793e+01
1.697000000000000064e+00	1.810757174673411996e+01
1.700599999999999890e+00	1.739954493948381042e+01
1.704199999999999937e+00	1.589210128965089730e+01
1.707799999999999985e+00	1.668247143976568836e+01
1.711400000000000032e+00	1.475026343650394445e+01
1.715000000000000080e+00	1.491483547491581341e+01
1.718599999999999905e+00	1.334178159257640850e+01
1.722199999999999953e+00	1.336506974235213718e+01
1.725899999999999990e+00	1.371136931806505466e+01
1.729500000000000037e+00	1.190566880611281952e+01
1.733100000000000085e+00	1.091713045230591028e+01
1.736699999999999910e+00	9.104169695021651521e+00
1.740299999999999958e+00	8.431285260227863176e+00
1.743900000000000006e+00	8.307617366914392676e+00
1.747500000000000053e+00	7.853310972589639505e+00
1.751100000000000101e+00	7.683988979766989580e+00
1.754699999999999926e+00	8.447952556444532135e+00
1.758299999999999974e+00	8.874000031572675695e+00
1.761900000000000022e+00	9.039132172447160940e+00
1.765500000000000069e+00	8.608109175105271405e+00
1.769099999999999895e+00	7.555162236812184240e+00
1.772699999999999942e+00	6.863764541068613667e+00
1.776399999999999979e+00	6.707937217852573575e+00
1.780000000000000027e+00	6.567096464472696127e+00
1.783600000000000074e+00	6.904446973459248404e+00
1.787199999999999900e+00	7.804251161687002281e+00
1.790799999999999947e+00	7.828550007997248983e+00
1.794399999999999995e+00	8.286921243429627992e+00
1.798000000000000043e+00	8.972861313658214044e+00
1.801600000000000090e+00	1.000308877977517952e+01
1.805199999999999916e+00	1.048638097556028193e+01
1.808799999999999963e+00	1.029871215710768340e+01
1.812400000000000011e+00	1.078258659302079536e+01
1.816000000000000059e+00	1.033065266207639610e+01
1.819600000000000106e+00	1.055810740160818639e+01
1.823199999999999932e+00	1.030856727969261932e+01
1.826899999999999968e+00	9.822832290506561037e+00
1.830500000000000016e+00	9.254235357358092884e+00
1.834100000000000064e+00	8.328492321081986560e+00
1.837699999999999889e+00	7.667621418177222203e+00
1.841299999999999937e+00	8.543160327699679257e+00
1.844899999999999984e+00	8.716133276446093703e+00
1.848500000000000032e+00	8.953117653199791803e+00
1.852100000000000080e+00	8.814570143138043434e+00
1.855699999999999905e+00	9.906457347695290849e+00
1.859299999999999953e+00	1.071996394876395797e+01
1.862900000000000000e+00	1.128707363314316048e+01
1.866500000000000048e+00	1.181933836452688169e+01
1.870100000000000096e+00	1.211532767744616201e+01
1.873699999999999921e+00	1.342715156056140025e+01
1.877399999999999958e+00	1.310945060011960805e+01
1.881000000000000005e+00	1.292343716434651668e+01
1.884600000000000053e+00	1.309421400940807700e+01
1.888200000000000101e+00	1.376499006459570040e+01
1.891799999999999926e+00	1.364228857726987520e+01
1.895399999999999974e+00	1.324512234277634981e+01
1.899000000000000021e+00	1.286329681057295282e+01
1.902600000000000069e+00	1.386330213816656531e+01
1.906199999999999894e+00	1.392968059393510494e+01
1.909799999999999942e+00	1.354635687059674787e+01
1.913399999999999990e+00	1.416209797629420919e+01
1.917000000000000037e+00	1.315381307306441627e+01
1.920600000000000085e+00	1.374641889412542106e+01
1.924199999999999910e+00	1.484203928625880131e+01
1.927899999999999947e+00	1.461591293716649709e+01
1.931499999999999995e+00	1.531922470703747585e+01
1.935100000000000042e+00	1.570598024319483343e+01
1.938700000000000090e+00	1.676424695810750976e+01
1.942299999999999915e+00	1.649652593004016410e+01
1.945899999999999963e+00	1.697152724625105691e+01
1.949500000000000011e+00	1.707974308366398475e+01
1.953100000000000058e+00	1.673527591768648293e+01
1.956700000000000106e+00	1.820740151208608637e+01
1.960299999999999931e+00	1.925635504512513663e+01
1.963899999999999979e+00	1.953061013032678872e+01
1.967500000000000027e+00	1.985250005545611174e+01
1.971100000000000074e+00	2.144059841331499072e+01
1.974699999999999900e+00	2.087956362892360573e+01
1.978399999999999936e+00	2.072509027105011725e+01
1.981999999999999984e+00	2.118803201728225716e+01
1.985600000000000032e+00	2.050251236805539179e+01
1.989200000000000079e+00	2.102994777264827775e+01
1.992799999999999905e+00	2.133253156492943248e+01
1.996399999999999952e+00	2.157504445128213177e+01
2.000000000000000000e+00	2.373888623865893166e+01
