2.000000000000000111e-01	-1.474323527520987387e+00
2.036000000000000032e-01	-9.537142023919791267e-01
2.071999999999999953e-01	-2.541428521753339442e+00
2.107999999999999874e-01	-1.367423857214225436e+00
2.144000000000000072e-01	-1.181066034874317605e+00
2.179999999999999993e-01	-1.317122255754598292e+00
2.215999999999999914e-01	-8.931299199565168045e-02
2.253000000000000003e-01	-4.547841649718182833e-01
2.288999999999999924e-01	-1.335879008394297518e+00
2.325000000000000122e-01	-2.232670108772298878e-01
2.361000000000000043e-01	-1.112951111274463001e+00
2.396999999999999964e-01	-2.311002345979729089e-01
2.432999999999999885e-01	-6.613723439145037242e-01
2.469000000000000083e-01	-1.321915669811381866e+00
2.505000000000000004e-01	-7.360971356024357259e-01
2.540999999999999925e-01	-5.403794420899949991e-01
2.576999999999999846e-01	-1.409574707194984011e+00
2.612999999999999767e-01	-1.607035775072877204e+00
2.649000000000000243e-01	-9.544096702744564453e-01
2.685000000000000164e-01	-1.454750435344282611e+00
2.721000000000000085e-01	-9.228931087381579967e-01
2.757999999999999896e-01	-1.117611896877618527e+00
2.793999999999999817e-01	-1.257303272455039700e+00
2.829999999999999738e-01	-8.552315665121883459e-01
2.866000000000000214e-01	-7.411207604457885623e-01
2.902000000000000135e-01	-1.316662774335701780e-01
2.938000000000000056e-01	1.692438380714060830e-01
2.973999999999999977e-01	2.434967265210766785e-01
3.009999999999999898e-01	1.312361321174719819e-01
3.045999999999999819e-01	-1.430664007848069241e-01
3.081999999999999740e-01	-2.339134330941820272e-01
3.118000000000000216e-01	4.644645520576852205e-01
3.154000000000000137e-01	4.069540313642167062e-01
3.190000000000000058e-01	-1.554969475911476273e-01
3.225999999999999979e-01	-1.757497481817845708e-01
3.262999999999999790e-01	3.879333528025150635e-01
3.299000000000000266e-01	-4.137518350760324148e-01
3.335000000000000187e-01	-1.492238620547801764e+00
3.371000000000000107e-01	-9.746906652902602719e-01
3.407000000000000028e-01	-1.077125641342775442e+00
3.442999999999999949e-01	-1.473622651550159368e+00
3.478999999999999870e-01	-1.320049807123566676e+00
3.514999999999999791e-01	-7.808068336776026186e-01
3.551000000000000267e-01	-4.690569268841621176e-01
3.587000000000000188e-01	-1.247839856237098477e-01
3.623000000000000109e-01	-2.706187005829363001e-01
3.659000000000000030e-01	-4.689871278136597543e-01
3.694999999999999951e-01	-4.460987328077479774e-01
3.730999999999999872e-01	-3.242632992220567667e-01
3.768000000000000238e-01	-8.750128146618663116e-02
3.804000000000000159e-01	-8.497465978887586147e-02
3.840000000000000080e-01	-1.466844844267607417e-01
3.876000000000000001e-01	-1.547840453664080240e-01
3.911999999999999922e-01	-2.199071469752027219e-01
3.947999999999999843e-01	-9.243645624196883404e-02
3.983999999999999764e-01	-4.838930762535942343e-02
4.020000000000000240e-01	-3.883962556932213928e-01
4.056000000000000161e-01	-5.655847923950523271e-01
4.092000000000000082e-01	-2.220192787151228364e-01
4.128000000000000003e-01	2.602339989608082327e-02
4.163999999999999924e-01	-7.906627433247863657e-01
4.199999999999999845e-01	2.064798877171758473e-02
4.235999999999999766e-01	-6.060584609539187984e-01
4.273000000000000131e-01	2.928003938700502462e-01
4.309000000000000052e-01	1.591968259834637411e-01
4.344999999999999973e-01	7.502888573671262495e-02
4.380999999999999894e-01	3.241692618139995763e-01
4.416999999999999815e-01	1.460277160371519778e-01
4.452999999999999736e-01	1.003835604235658874e-01
4.489000000000000212e-01	4.321747752079522220e-01
4.525000000000000133e-01	2.987152950586993705e-01
4.561000000000000054e-01	-2.764654736167864724e-01
4.596999999999999975e-01	5.547628088903866495e-02
4.632999999999999896e-01	3.313895970852519524e-01
4.668999999999999817e-01	-3.041481743722405651e-01
4.704999999999999738e-01	-4.606322740974900798e-01
4.741000000000000214e-01	-1.690631091308339440e-01
4.778000000000000025e-01	-4.825433164149247056e-01
4.813999999999999946e-01	6.927899934757080214e-01
4.849999999999999867e-01	7.495905887489652530e-02
4.885999999999999788e-01	4.467554415430765591e-01
4.922000000000000264e-01	1.037236302516101105e+00
4.958000000000000185e-01	9.784002016965448467e-01
4.994000000000000106e-01	4.579093955514321190e-01
5.030000000000000027e-01	1.066095091070320189e+00
5.066000000000000503e-01	1.004914397121701830e+00
5.101999999999999869e-01	1.531662117007706936e+00
5.138000000000000345e-01	1.253355557876603799e+00
5.173999999999999710e-01	5.802661360637282328e-01
5.210000000000000187e-01	1.147070107179765763e+00
5.245999999999999552e-01	7.472266013354782466e-01
5.282999999999999918e-01	2.554901106515797826e-01
5.319000000000000394e-01	1.055965171630376176e+00
5.354999999999999760e-01	2.383124231470619414e-01
5.391000000000000236e-01	5.346125311520323331e-01
5.426999999999999602e-01	4.517490029849973165e-01
5.463000000000000078e-01	8.740103239132666069e-01
5.499000000000000554e-01	1.256082456851183027e+00
5.534999999999999920e-01	1.747718636292673100e+00
5.571000000000000396e-01	1.652777281678555532e+00
5.606999999999999762e-01	2.344721572966272038e+00
5.643000000000000238e-01	2.242156351467054609e+00
5.678999999999999604e-01	1.410567234567404515e+00
5.715000000000000080e-01	2.070540771551095727e+00
5.752000000000000446e-01	2.048034379992886400e+00
5.787999999999999812e-01	1.781530131236038095e+00
5.824000000000000288e-01	2.053795623721977659e+00
5.859999999999999654e-01	1.586859893372692287e+00
5.896000000000000130e-01	1.523530472721578155e+00
5.931999999999999496e-01	1.458673124784720887e+00
5.967999999999999972e-01	1.563532048714344924e+00
6.004000000000000448e-01	1.745530012057516789e+00
6.039999999999999813e-01	1.802948617609106075e+00
6.076000000000000290e-01	1.611209592850905370e+00
6.111999999999999655e-01	1.343836098600638795e+00
6.148000000000000131e-01	1.627010146635861743e+00
6.183999999999999497e-01	1.595943955450427554e+00
6.219999999999999973e-01	2.049033025225173166e+00
6.257000000000000339e-01	2.777016556644741563e+00
6.292999999999999705e-01	1.565491611160944041e+00
6.329000000000000181e-01	2.773334008549144247e+00
6.364999999999999547e-01	3.320922492031433748e+00
6.401000000000000023e-01	3.343046765291244338e+00
6.437000000000000499e-01	3.896984284552204691e+00
6.472999999999999865e-01	3.243420599674554872e+00
6.509000000000000341e-01	3.017668043987105087e+00
6.544999999999999707e-01	2.922046800240627906e+00
6.581000000000000183e-01	2.461388013583738932e+00
6.616999999999999549e-01	2.325400857243443919e+00
6.653000000000000025e-01	2.558248000694923086e+00
6.689000000000000501e-01	2.248188654445670842e+00
6.724999999999999867e-01	1.821573424619792103e+00
6.762000000000000233e-01	2.171606011299510808e+00
6.797999999999999599e-01	2.584965850515233310e+00
6.834000000000000075e-01	3.052645729835025357e+00
6.870000000000000551e-01	3.100624217502186752e+00
6.905999999999999917e-01	3.586959621570802170e+00
6.942000000000000393e-01	3.165479965765528370e+00
6.977999999999999758e-01	3.868783413347847588e+00
7.014000000000000234e-01	3.490232695482169856e+00
7.049999999999999600e-01	3.390361685866400077e+00
7.086000000000000076e-01	3.176150808521843949e+00
7.122000000000000552e-01	3.016902251038591665e+00
7.157999999999999918e-01	3.906334487868397431e+00
7.194000000000000394e-01	4.436863761194839384e+00
7.229999999999999760e-01	4.253727048521048104e+00
7.267000000000000126e-01	3.730799613845183771e+00
7.302999999999999492e-01	3.553329791243792446e+00
7.338999999999999968e-01	4.096086859882553277e+00
7.375000000000000444e-01	4.007534562482145901e+00
7.410999999999999810e-01	3.839244198748796411e+00
7.447000000000000286e-01	4.857741091295102898e+00
7.482999999999999652e-01	4.460221890034850922e+00
7.519000000000000128e-01	4.846156066773544602e+00
7.554999999999999494e-01	4.995585819417940776e+00
7.590999999999999970e-01	5.409001863340686000e+00
7.627000000000000446e-01	4.863759263980413472e+00
7.662999999999999812e-01	4.978538652683013765e+00
7.699000000000000288e-01	5.484466333169272012e+00
7.734999999999999654e-01	5.183791508613071031e+00
7.772000000000000020e-01	5.434628941418525372e+00
7.808000000000000496e-01	4.960518893693656395e+00
7.843999999999999861e-01	5.568923767986728279e+00
7.880000000000000338e-01	5.289084872623720734e+00
7.915999999999999703e-01	4.831086219956518768e+00
7.952000000000000179e-01	4.604504609633460532e+00
7.987999999999999545e-01	4.406653403425398352e+00
8.024000000000000021e-01	5.061335048497980438e+00
8.060000000000000497e-01	3.900478047304702933e+00
8.095999999999999863e-01	4.934784008068727523e+00
8.132000000000000339e-01	5.380805552530962821e+00
8.167999999999999705e-01	4.536436985546925982e+00
8.204000000000000181e-01	4.409236673228010162e+00
8.239999999999999547e-01	4.974167840839697874e+00
8.276999999999999913e-01	5.506040699456878684e+00
8.313000000000000389e-01	5.523879582124744836e+00
8.348999999999999755e-01	4.689137937028854175e+00
8.385000000000000231e-01	5.124041466888876961e+00
8.420999999999999597e-01	5.524814456238736682e+00
8.457000000000000073e-01	5.764592349955839801e+00
8.493000000000000549e-01	4.637767571595468041e+00
8.528999999999999915e-01	4.851919245926686663e+00
8.565000000000000391e-01	5.065087718740825196e+00
8.600999999999999757e-01	5.276615015614229520e+00
8.637000000000000233e-01	5.770888701102348861e+00
8.672999999999999599e-01	4.497567521066193841e+00
8.709000000000000075e-01	5.507766985218818689e+00
8.745000000000000551e-01	5.133388561167333108e+00
8.781999999999999806e-01	6.264816057888526579e+00
8.818000000000000282e-01	4.963243163789969437e+00
8.853999999999999648e-01	5.465504325507871464e+00
8.890000000000000124e-01	5.299511295557951307e+00
8.925999999999999490e-01	5.306675594526239159e+00
8.961999999999999966e-01	5.626516204838781121e+00
8.998000000000000442e-01	5.043945106426503067e+00
9.033999999999999808e-01	5.039335296983322721e+00
9.070000000000000284e-01	5.439325555414096236e+00
9.105999999999999650e-01	5.045552556462049587e+00
9.142000000000000126e-01	4.219859115269762206e+00
9.177999999999999492e-01	4.452363987279388091e+00
9.213999999999999968e-01	5.040416746394832614e+00
9.251000000000000334e-01	4.232603613053012026e+00
9.286999999999999700e-01	4.559698299260245946e+00
9.323000000000000176e-01	4.808262516519391738e+00
9.358999999999999542e-01	4.448959565813346728e+00
9.395000000000000018e-01	3.916383657006847319e+00
9.431000000000000494e-01	3.985846496447550180e+00
9.466999999999999860e-01	3.977547200377396841e+00
9.503000000000000336e-01	3.991795737493392338e+00
9.538999999999999702e-01	4.298364853916244677e+00
9.575000000000000178e-01	4.905231463265693037e+00
9.610999999999999543e-01	4.276378072363312910e+00
9.647000000000000020e-01	4.890267902281197010e+00
9.683000000000000496e-01	4.971688333517820801e+00
9.718999999999999861e-01	4.934286810662583456e+00
9.756000000000000227e-01	4.918417812572283054e+00
9.791999999999999593e-01	5.280882638158275633e+00
9.828000000000000069e-01	5.042558565335291121e+00
9.864000000000000545e-01	4.886200843007836525e+00
9.899999999999999911e-01	5.218572276262366749e+00
9.936000000000000387e-01	5.141529482520320826e+00
9.971999999999999753e-01	5.129798391165411253e+00
1.000799999999999912e+00	4.698792801851496392e+00
1.004399999999999959e+00	5.095317751832846298e+00
1.008000000000000007e+00	4.428525356786738421e+00
1.011600000000000055e+00	4.342836086243006655e+00
1.015200000000000102e+00	3.847974597964831212e+00
1.018799999999999928e+00	4.505119288006286915e+00
1.022399999999999975e+00	4.296796682580677817e+00
1.026100000000000012e+00	3.405750129979825402e+00
1.029700000000000060e+00	3.853406271088299473e+00
1.033300000000000107e+00	4.264778295634558347e+00
1.036899999999999933e+00	4.153513793616030014e+00
1.040499999999999980e+00	3.621092067749513976e+00
1.044100000000000028e+00	4.405857477049082149e+00
1.047700000000000076e+00	4.963971814347669209e+00
1.051299999999999901e+00	5.132782872530335716e+00
1.054899999999999949e+00	5.016886436166825725e+00
1.058499999999999996e+00	4.752205445330565325e+00
1.062100000000000044e+00	4.373843446046871364e+00
1.065700000000000092e+00	5.137261107489877077e+00
1.069299999999999917e+00	4.975832787213867903e+00
1.072899999999999965e+00	4.670879746776983588e+00
1.076600000000000001e+00	4.637561884022157521e+00
1.080200000000000049e+00	4.585858454433340725e+00
1.083800000000000097e+00	4.870145623295105253e+00
1.087399999999999922e+00	4.533597635353744160e+00
1.090999999999999970e+00	6.084096931674609188e+00
1.094600000000000017e+00	5.065478590663626157e+00
1.098200000000000065e+00	5.693722230606975465e+00
1.101799999999999891e+00	6.935559158151440862e+00
1.105399999999999938e+00	6.183693470745867948e+00
1.108999999999999986e+00	6.386499960203027015e+00
1.112600000000000033e+00	5.375323221387690253e+00
1.116200000000000081e+00	5.665277539875120283e+00
1.119799999999999907e+00	5.376422192653405929e+00
1.123399999999999954e+00	4.531554441709585213e+00
1.127099999999999991e+00	5.262528295256445610e+00
1.130700000000000038e+00	4.130226732462949357e+00
1.134300000000000086e+00	4.406664918734951364e+00
1.137899999999999912e+00	4.107485749006170472e+00
1.141499999999999959e+00	4.936222650364158859e+00
1.145100000000000007e+00	5.078460732639248576e+00
1.148700000000000054e+00	5.219342413826868921e+00
1.152300000000000102e+00	6.011251598834843612e+00
1.155899999999999928e+00	6.878710024116511335e+00
1.159499999999999975e+00	7.494322339787959919e+00
1.163100000000000023e+00	7.311952175469805582e+00
1.166700000000000070e+00	6.753230390627845914e+00
1.170299999999999896e+00	6.431999983785552821e+00
1.173899999999999944e+00	4.922677130512438382e+00
1.177599999999999980e+00	5.865092364071965214e+00
1.181200000000000028e+00	5.368624877959571329e+00
1.184800000000000075e+00	5.448350315906933083e+00
1.188399999999999901e+00	6.721814229903396054e+00
1.191999999999999948e+00	6.307462537692831717e+00
1.195599999999999996e+00	7.217838264074647903e+00
1.199200000000000044e+00	6.813206195475595806e+00
1.202800000000000091e+00	6.735668987111881556e+00
1.206399999999999917e+00	6.374704111680640217e+00
1.209999999999999964e+00	6.449155249272847001e+00
1.213600000000000012e+00	6.648910932319328282e+00
1.217200000000000060e+00	5.567305890246362132e+00
1.220800000000000107e+00	5.031481964476704150e+00
1.224399999999999933e+00	5.693032020943219251e+00
1.228099999999999969e+00	5.317315906189589825e+00
1.231700000000000017e+00	5.502438256959645280e+00
1.235300000000000065e+00	5.875800056527691773e+00
1.238899999999999890e+00	6.008308780919029424e+00
1.242499999999999938e+00	6.113404404507231327e+00
1.246099999999999985e+00	5.505826587130182581e+00
1.249700000000000033e+00	6.117358513492579419e+00
1.253300000000000081e+00	5.883153514521571203e+00
1.256899999999999906e+00	6.063788420036683391e+00
1.260499999999999954e+00	6.052935074881607314e+00
1.264100000000000001e+00	5.347561254499971994e+00
1.267700000000000049e+00	5.489222468334609140e+00
1.271300000000000097e+00	6.329465332913618347e+00
1.274899999999999922e+00	6.294334729392781824e+00
1.278599999999999959e+00	6.460450348829837708e+00
1.282200000000000006e+00	5.222309388425360410e+00
1.285800000000000054e+00	6.011394589928933385e+00
1.289400000000000102e+00	5.813886320635206495e+00
1.292999999999999927e+00	5.885151376911830212e+00
1.296599999999999975e+00	5.854180078842931678e+00
1.300200000000000022e+00	5.038198262217109757e+00
1.303800000000000070e+00	5.121820198360834908e+00
1.307399999999999896e+00	5.165932787018739702e+00
1.310999999999999943e+00	5.269720094334562788e+00
1.314599999999999991e+00	6.124338898446696433e+00
1.318200000000000038e+00	5.560634041623426782e+00
1.321800000000000086e+00	6.305843795009163699e+00
1.325499999999999901e+00	6.010195252541468136e+00
1.329099999999999948e+00	6.565279306339090404e+00
1.332699999999999996e+00	6.093117802488086987e+00
1.336300000000000043e+00	5.798329106612803763e+00
1.339900000000000091e+00	6.109257145484144225e+00
1.343499999999999917e+00	6.623085054227886737e+00
1.347099999999999964e+00	5.919959559925430881e+00
1.350700000000000012e+00	6.558366344779566148e+00
1.354300000000000059e+00	6.102622979327851027e+00
1.357900000000000107e+00	6.401948419713370697e+00
1.361499999999999932e+00	6.019392326155250217e+00
1.365099999999999980e+00	5.754464446763410734e+00
1.368700000000000028e+00	5.859235905387089716e+00
1.372300000000000075e+00	6.143251720186381881e+00
1.375999999999999890e+00	6.681581503625021234e+00
1.379599999999999937e+00	7.016640545901622339e+00
1.383199999999999985e+00	6.967532452185280611e+00
1.386800000000000033e+00	7.094030797734593996e+00
1.390400000000000080e+00	7.588249155214950470e+00
1.393999999999999906e+00	6.909375079842134504e+00
1.397599999999999953e+00	6.955688952532380398e+00
1.401200000000000001e+00	7.109490927713132180e+00
1.404800000000000049e+00	7.873972018421474317e+00
1.408400000000000096e+00	8.642090867965242396e+00
1.411999999999999922e+00	9.191051388363304042e+00
1.415599999999999969e+00	8.877030740446071988e+00
1.419200000000000017e+00	8.284865279429180163e+00
1.422800000000000065e+00	7.841533623630867034e+00
1.426500000000000101e+00	7.882682824214290562e+00
1.430099999999999927e+00	7.175993638094085192e+00
1.433699999999999974e+00	6.778730353984998125e+00
1.437300000000000022e+00	6.928583632032614403e+00
1.440900000000000070e+00	7.718932582310306323e+00
1.444499999999999895e+00	7.041362775766215165e+00
1.448099999999999943e+00	7.432702619587203685e+00
1.451699999999999990e+00	7.216182638458163545e+00
1.455300000000000038e+00	7.653874613581994168e+00
1.458900000000000086e+00	7.497133481096328822e+00
1.462499999999999911e+00	8.291565706477481257e+00
1.466099999999999959e+00	8.772708649597916519e+00
1.469700000000000006e+00	7.904339263052988507e+00
1.473300000000000054e+00	7.519029432164344939e+00
1.477000000000000091e+00	8.377137418442970329e+00
1.480599999999999916e+00	7.510986068208298505e+00
1.484199999999999964e+00	8.094771513791478412e+00
1.487800000000000011e+00	7.827153516586688120e+00
1.491400000000000059e+00	7.835378347978762648e+00
1.495000000000000107e+00	8.180738061256711546e+00
1.498599999999999932e+00	7.463211082936249241e+00
1.502199999999999980e+00	7.409082130073426420e+00
1.505800000000000027e+00	6.936562908122197335e+00
1.509400000000000075e+00	6.873936755724399994e+00
1.512999999999999901e+00	7.686224432438697463e+00
1.516599999999999948e+00	7.190924240152221536e+00
1.520199999999999996e+00	7.210387421266810648e+00
1.523800000000000043e+00	7.609830078474837833e+00
1.527500000000000080e+00	6.379957012191453281e+00
1.531099999999999905e+00	7.125639594875373461e+00
1.534699999999999953e+00	6.933986626207813586e+00
1.538300000000000001e+00	7.610146566936387025e+00
1.541900000000000048e+00	7.720721797808817399e+00
1.545500000000000096e+00	8.054593056218319447e+00
1.549099999999999921e+00	6.872807244642905822e+00
1.552699999999999969e+00	7.955747390567097455e+00
1.556300000000000017e+00	8.247785269721301660e+00
1.559900000000000064e+00	7.100420752637718103e+00
1.563499999999999890e+00	7.581979998516629848e+00
1.567099999999999937e+00	7.697338094312391910e+00
1.570699999999999985e+00	8.830865779084689393e+00
1.574300000000000033e+00	7.808644666382299704e+00
1.578000000000000069e+00	8.503794592910002947e+00
1.581599999999999895e+00	8.131055486301915991e+00
1.585199999999999942e+00	8.599047547105165279e+00
1.588799999999999990e+00	8.547997644474692791e+00
1.592400000000000038e+00	9.271810372787999910e+00
1.596000000000000085e+00	8.950374300584964971e+00
1.599599999999999911e+00	9.318689713862442048e+00
1.603199999999999958e+00	9.412911841468440954e+00
1.606800000000000006e+00	1.031987503338509704e+01
1.610400000000000054e+00	1.006170351744334290e+01
1.614000000000000101e+00	1.063202028080374362e+01
1.617599999999999927e+00	1.012279974371149294e+01
1.621199999999999974e+00	1.051150148230498438e+01
1.624800000000000022e+00	9.895709107429100371e+00
1.628500000000000059e+00	1.088859436449604878e+01
1.632100000000000106e+00	1.039511331198196586e+01
1.635699999999999932e+00	1.083057076084586789e+01
1.639299999999999979e+00	1.061729352038415186e+01
1.642900000000000027e+00	1.047587016335046606e+01
1.646500000000000075e+00	1.110146932040994905e+01
1.650099999999999900e+00	1.131009671966478614e+01
1.653699999999999948e+00	1.251818990879972660e+01
1.657299999999999995e+00	1.430560699295650195e+01
1.660900000000000043e+00	1.670731866192609161e+01
1.664500000000000091e+00	1.822504266511367632e+01
1.668099999999999916e+00	1.961677062901982538e+01
1.671699999999999964e+00	1.973674509185887516e+01
1.675400000000000000e+00	1.806539977008415931e+01
1.679000000000000048e+00	1.629141279658303532e+01
1.682600000000000096e+00	1.370454765769866512e+01
1.686199999999999921e+00	1.138220235165533367e+01
1.689799999999999969e+00	1.012422358121385280e+01
1.693400000000000016e+00	9.877648332431263611e+00
1.697000000000000064e+00	9.991680835523588655e+00
1.700599999999999890e+00	1.052366823557148834e+01
1.704199999999999937e+00	1.272009404332535709e+01
1.707799999999999985e+00	1.432321808884660364e+01
1.711400000000000032e+00	1.597720476774581222e+01
1.715000000000000080e+00	1.607111284723480793e+01
1.718599999999999905e+00	1.530155111417650282e+01
1.722199999999999953e+00	1.312907419741329207e+01
1.725899999999999990e+00	1.073511479111410338e+01
1.729500000000000037e+00	8.549061518959247152e+00
1.733100000000000085e+00	7.939919239811428220e+00
1.736699999999999910e+00	6.663501549621945408e+00
1.740299999999999958e+00	7.594723671998598213e+00
1.743900000000000006e+00	7.402256287061250717e+00
1.747500000000000053e+00	7.590243678371615843e+00
1.751100000000000101e+00	7.844471279738451486e+00
1.754699999999999926e+00	8.378328650838653857e+00
1.758299999999999974e+00	8.067125512296115630e+00
1.761900000000000022e+00	7.379843374957307134e+00
1.765500000000000069e+00	7.323451059454892942e+00
1.769099999999999895e+00	6.874928846912668590e+00
1.772699999999999942e+00	6.436043019420931266e+00
1.776399999999999979e+00	6.757820984858856406e+00
1.780000000000000027e+00	7.063757216032882091e+00
1.783600000000000074e+00	7.003113071940349599e+00
1.787199999999999900e+00	7.125396023245778920e+00
1.790799999999999947e+00	7.437892701423296060e+00
1.794399999999999995e+00	7.136137353411172057e+00
1.798000000000000043e+00	7.068170138382770418e+00
1.801600000000000090e+00	7.021900422142637765e+00
1.805199999999999916e+00	5.960439454963646355e+00
1.808799999999999963e+00	5.932736907348347799e+00
1.812400000000000011e+00	5.402266873317431717e+00
1.816000000000000059e+00	6.369172232033617931e+00
1.819600000000000106e+00	6.161851183665647547e+00
1.823199999999999932e+00	5.663551746231396677e+00
1.826899999999999968e+00	5.657948265712765767e+00
1.830500000000000016e+00	5.562223494118125444e+00
1.834100000000000064e+00	5.704006799114227810e+00
1.837699999999999889e+00	5.432474199544579108e+00
1.841299999999999937e+00	4.237203501296207264e+00
1.844899999999999984e+00	4.774654477393339036e+00
1.848500000000000032e+00	4.026661511575897023e+00
1.852100000000000080e+00	5.078077785942724631e+00
1.855699999999999905e+00	5.283000237017756895e+00
1.859299999999999953e+00	5.728337146423362114e+00
1.862900000000000000e+00	5.803899892625824286e+00
1.866500000000000048e+00	6.013945231370099620e+00
1.870100000000000096e+00	6.188748493587171495e+00
1.873699999999999921e+00	5.189587484148408869e+00
1.877399999999999958e+00	4.175175362659792277e+00
1.881000000000000005e+00	4.115698962939309702e+00
1.884600000000000053e+00	4.815271793303118386e+00
1.888200000000000101e+00	4.095261184567625889e+00
1.891799999999999926e+00	4.188641874948152655e+00
1.895399999999999974e+00	3.977462775984336396e+00
1.899000000000000021e+00	3.611448559918317258e+00
1.902600000000000069e+00	4.616698336931362334e+00
1.906199999999999894e+00	4.265460244037849513e+00
1.909799999999999942e+00	5.376443169585046533e+00
1.913399999999999990e+00	4.254125861029605105e+00
1.917000000000000037e+00	5.730098358865969743e+00
1.920600000000000085e+00	5.432712261126770414e+00
1.924199999999999910e+00	5.089639440024066097e+00
1.927899999999999947e+00	5.771448289425179290e+00
1.931499999999999995e+00	5.859131618023274868e+00
1.935100000000000042e+00	5.661943029061612620e+00
1.938700000000000090e+00	5.193663364814921302e+00
1.942299999999999915e+00	5.558499549990242983e+00
1.945899999999999963e+00	5.196381032676169909e+00
1.949500000000000011e+00	6.171505286039449700e+00
1.953100000000000058e+00	5.408047320575936290e+00
1.956700000000000106e+00	5.389496690186623695e+00
1.960299999999999931e+00	5.609109864526666378e+00
1.963899999999999979e+00	5.427221517561962472e+00
1.967500000000000027e+00	4.983931702592482971e+00
1.971100000000000074e+00	5.618045080319470586e+00
1.974699999999999900e+00	5.068453224880043351e+00
1.978399999999999936e+00	5.232235400715170570e+00
1.981999999999999984e+00	6.527859263625671815e+00
1.985600000000000032e+00	5.988285239532740611e+00
1.989200000000000079e+00	7.374376829459542648e+00
1.992799999999999905e+00	7.753066322803686461e+00
1.996399999999999952e+00	8.157869906298820695e+00
2.000000000000000000e+00	8.488862338186036638e+00
