2.000000000000000111e-01	-2.056000000000000050e+00
2.036000000000000032e-01	-2.023699999999999832e+00
2.071999999999999953e-01	-1.933300000000000018e+00
2.107999999999999874e-01	-1.799700000000000077e+00
2.144000000000000072e-01	-1.637399999999999967e+00
2.179999999999999993e-01	-1.461200000000000054e+00
2.215999999999999914e-01	-1.285800000000000054e+00
2.253000000000000003e-01	-1.125899999999999901e+00
2.288999999999999924e-01	-9.963999999999999524e-01
2.325000000000000122e-01	-9.108000000000000540e-01
2.361000000000000043e-01	-8.722999999999999643e-01
2.396999999999999964e-01	-8.773999999999999577e-01
2.432999999999999885e-01	-9.225999999999999757e-01
2.469000000000000083e-01	-1.003900000000000015e+00
2.505000000000000004e-01	-1.112500000000000044e+00
2.540999999999999925e-01	-1.234699999999999909e+00
2.576999999999999846e-01	-1.356400000000000050e+00
2.612999999999999767e-01	-1.463899999999999979e+00
2.649000000000000243e-01	-1.544499999999999984e+00
2.685000000000000164e-01	-1.587800000000000100e+00
2.721000000000000085e-01	-1.583299999999999930e+00
2.757999999999999896e-01	-1.520699999999999941e+00
2.793999999999999817e-01	-1.397899999999999920e+00
2.829999999999999738e-01	-1.231100000000000083e+00
2.866000000000000214e-01	-1.038699999999999957e+00
2.902000000000000135e-01	-8.390999999999999570e-01
2.938000000000000056e-01	-6.494999999999999662e-01
2.973999999999999977e-01	-4.824999999999999845e-01
3.009999999999999898e-01	-3.494999999999999774e-01
3.045999999999999819e-01	-2.621999999999999886e-01
3.081999999999999740e-01	-2.305000000000000104e-01
3.118000000000000216e-01	-2.548000000000000265e-01
3.154000000000000137e-01	-3.323999999999999733e-01
3.190000000000000058e-01	-4.606000000000000094e-01
3.225999999999999979e-01	-6.349000000000000199e-01
3.262999999999999790e-01	-8.348999999999999755e-01
3.299000000000000266e-01	-1.031199999999999894e+00
3.335000000000000187e-01	-1.194600000000000106e+00
3.371000000000000107e-01	-1.297199999999999909e+00
3.407000000000000028e-01	-1.330999999999999961e+00
3.442999999999999949e-01	-1.304999999999999938e+00
3.478999999999999870e-01	-1.228399999999999936e+00
3.514999999999999791e-01	-1.110500000000000043e+00
3.551000000000000267e-01	-9.626000000000000112e-01
3.587000000000000188e-01	-7.981000000000000316e-01
3.623000000000000109e-01	-6.303999999999999604e-01
3.659000000000000030e-01	-4.731000000000000205e-01
3.694999999999999951e-01	-3.386000000000000121e-01
3.730999999999999872e-01	-2.373999999999999999e-01
3.768000000000000238e-01	-1.794999999999999929e-01
3.804000000000000159e-01	-1.753000000000000114e-01
3.840000000000000080e-01	-2.288999999999999924e-01
3.876000000000000001e-01	-3.276000000000000023e-01
3.911999999999999922e-01	-4.551999999999999935e-01
3.947999999999999843e-01	-5.957000000000000073e-01
3.983999999999999764e-01	-7.331999999999999629e-01
4.020000000000000240e-01	-8.525000000000000355e-01
4.056000000000000161e-01	-9.388999999999999568e-01
4.092000000000000082e-01	-9.774000000000000465e-01
4.128000000000000003e-01	-9.556999999999999940e-01
4.163999999999999924e-01	-8.797000000000000375e-01
4.199999999999999845e-01	-7.641999999999999904e-01
4.235999999999999766e-01	-6.239999999999999991e-01
4.273000000000000131e-01	-4.736000000000000210e-01
4.309000000000000052e-01	-3.255000000000000115e-01
4.344999999999999973e-01	-1.905000000000000027e-01
4.380999999999999894e-01	-7.960000000000000409e-02
4.416999999999999815e-01	-3.299999999999999982e-03
4.452999999999999736e-01	3.289999999999999869e-02
4.489000000000000212e-01	2.920000000000000026e-02
4.525000000000000133e-01	-1.370000000000000037e-02
4.561000000000000054e-01	-9.510000000000000397e-02
4.596999999999999975e-01	-2.058000000000000107e-01
4.632999999999999896e-01	-3.220999999999999974e-01
4.668999999999999817e-01	-4.188000000000000056e-01
4.704999999999999738e-01	-4.709999999999999742e-01
4.741000000000000214e-01	-4.622999999999999887e-01
4.778000000000000025e-01	-3.987999999999999878e-01
4.813999999999999946e-01	-2.898999999999999910e-01
4.849999999999999867e-01	-1.453000000000000125e-01
4.885999999999999788e-01	2.429999999999999868e-02
4.922000000000000264e-01	2.036000000000000032e-01
4.958000000000000185e-01	3.759000000000000119e-01
4.994000000000000106e-01	5.247000000000000552e-01
5.030000000000000027e-01	6.346000000000000529e-01
5.066000000000000503e-01	6.989999999999999547e-01
5.101999999999999869e-01	7.148999999999999799e-01
5.138000000000000345e-01	6.792000000000000259e-01
5.173999999999999710e-01	5.901999999999999469e-01
5.210000000000000187e-01	4.618999999999999773e-01
5.245999999999999552e-01	3.181999999999999829e-01
5.282999999999999918e-01	1.831000000000000127e-01
5.319000000000000394e-01	8.050000000000000211e-02
5.354999999999999760e-01	3.259999999999999704e-02
5.391000000000000236e-01	5.949999999999999734e-02
5.426999999999999602e-01	1.814000000000000057e-01
5.463000000000000078e-01	4.178000000000000047e-01
5.499000000000000554e-01	7.550999999999999934e-01
5.534999999999999920e-01	1.131399999999999961e+00
5.571000000000000396e-01	1.481200000000000072e+00
5.606999999999999762e-01	1.739200000000000079e+00
5.643000000000000238e-01	1.867699999999999916e+00
5.678999999999999604e-01	1.891199999999999992e+00
5.715000000000000080e-01	1.842700000000000005e+00
5.752000000000000446e-01	1.754999999999999893e+00
5.787999999999999812e-01	1.655200000000000005e+00
5.824000000000000288e-01	1.549400000000000110e+00
5.859999999999999654e-01	1.439599999999999991e+00
5.896000000000000130e-01	1.327199999999999935e+00
5.931999999999999496e-01	1.215600000000000014e+00
5.967999999999999972e-01	1.116999999999999993e+00
6.004000000000000448e-01	1.046899999999999942e+00
6.039999999999999813e-01	1.020499999999999963e+00
6.076000000000000290e-01	1.052000000000000046e+00
6.111999999999999655e-01	1.142700000000000049e+00
6.148000000000000131e-01	1.286799999999999944e+00
6.183999999999999497e-01	1.478499999999999925e+00
6.219999999999999973e-01	1.711500000000000021e+00
6.257000000000000339e-01	1.966299999999999937e+00
6.292999999999999705e-01	2.213200000000000056e+00
6.329000000000000181e-01	2.421899999999999942e+00
6.364999999999999547e-01	2.562500000000000000e+00
6.401000000000000023e-01	2.623800000000000132e+00
6.437000000000000499e-01	2.617500000000000160e+00
6.472999999999999865e-01	2.556999999999999940e+00
6.509000000000000341e-01	2.455499999999999794e+00
6.544999999999999707e-01	2.327500000000000124e+00
6.581000000000000183e-01	2.188600000000000101e+00
6.616999999999999549e-01	2.055099999999999927e+00
6.653000000000000025e-01	1.943000000000000060e+00
6.689000000000000501e-01	1.866500000000000048e+00
6.724999999999999867e-01	1.833299999999999930e+00
6.762000000000000233e-01	1.850300000000000056e+00
6.797999999999999599e-01	1.923899999999999944e+00
6.834000000000000075e-01	2.057700000000000085e+00
6.870000000000000551e-01	2.238500000000000156e+00
6.905999999999999917e-01	2.448500000000000121e+00
6.942000000000000393e-01	2.669599999999999973e+00
6.977999999999999758e-01	2.884500000000000064e+00
7.014000000000000234e-01	3.081500000000000128e+00
7.049999999999999600e-01	3.251399999999999846e+00
7.086000000000000076e-01	3.385200000000000209e+00
7.122000000000000552e-01	3.474299999999999944e+00
7.157999999999999918e-01	3.518100000000000005e+00
7.194000000000000394e-01	3.521700000000000053e+00
7.229999999999999760e-01	3.490499999999999936e+00
7.267000000000000126e-01	3.430400000000000116e+00
7.302999999999999492e-01	3.362600000000000033e+00
7.338999999999999968e-01	3.325200000000000156e+00
7.375000000000000444e-01	3.357299999999999951e+00
7.410999999999999810e-01	3.497500000000000053e+00
7.447000000000000286e-01	3.749499999999999833e+00
7.482999999999999652e-01	4.058200000000000252e+00
7.519000000000000128e-01	4.362499999999999822e+00
7.554999999999999494e-01	4.601700000000000124e+00
7.590999999999999970e-01	4.737400000000000055e+00
7.627000000000000446e-01	4.791599999999999859e+00
7.662999999999999812e-01	4.795700000000000074e+00
7.699000000000000288e-01	4.781200000000000117e+00
7.734999999999999654e-01	4.772300000000000431e+00
7.772000000000000020e-01	4.761300000000000310e+00
7.808000000000000496e-01	4.732300000000000395e+00
7.843999999999999861e-01	4.669599999999999973e+00
7.880000000000000338e-01	4.561200000000000365e+00
7.915999999999999703e-01	4.422100000000000364e+00
7.952000000000000179e-01	4.278400000000000425e+00
7.987999999999999545e-01	4.156299999999999883e+00
8.024000000000000021e-01	4.080599999999999561e+00
8.060000000000000497e-01	4.056899999999999729e+00
8.095999999999999863e-01	4.078800000000000203e+00
8.132000000000000339e-01	4.139700000000000379e+00
8.167999999999999705e-01	4.232999999999999652e+00
8.204000000000000181e-01	4.348799999999999777e+00
8.239999999999999547e-01	4.474899999999999878e+00
8.276999999999999913e-01	4.598700000000000010e+00
8.313000000000000389e-01	4.707699999999999996e+00
8.348999999999999755e-01	4.792399999999999771e+00
8.385000000000000231e-01	4.847800000000000331e+00
8.420999999999999597e-01	4.869399999999999729e+00
8.457000000000000073e-01	4.852599999999999802e+00
8.493000000000000549e-01	4.801099999999999923e+00
8.528999999999999915e-01	4.737700000000000244e+00
8.565000000000000391e-01	4.687700000000000422e+00
8.600999999999999757e-01	4.676499999999999879e+00
8.637000000000000233e-01	4.720500000000000362e+00
8.672999999999999599e-01	4.802599999999999980e+00
8.709000000000000075e-01	4.898699999999999832e+00
8.745000000000000551e-01	4.984200000000000408e+00
8.781999999999999806e-01	5.038400000000000212e+00
8.818000000000000282e-01	5.059999999999999609e+00
8.853999999999999648e-01	5.054999999999999716e+00
8.890000000000000124e-01	5.029200000000000337e+00
8.925999999999999490e-01	4.988500000000000156e+00
8.961999999999999966e-01	4.936099999999999710e+00
8.998000000000000442e-01	4.873700000000000365e+00
9.033999999999999808e-01	4.803300000000000125e+00
9.070000000000000284e-01	4.726300000000000168e+00
9.105999999999999650e-01	4.642199999999999882e+00
9.142000000000000126e-01	4.548399999999999999e+00
9.177999999999999492e-01	4.442000000000000171e+00
9.213999999999999968e-01	4.320599999999999774e+00
9.251000000000000334e-01	4.191300000000000026e+00
9.286999999999999700e-01	4.073500000000000121e+00
9.323000000000000176e-01	3.987499999999999822e+00
9.358999999999999542e-01	3.953599999999999781e+00
9.395000000000000018e-01	3.976999999999999869e+00
9.431000000000000494e-01	4.033400000000000318e+00
9.466999999999999860e-01	4.095299999999999940e+00
9.503000000000000336e-01	4.134800000000000253e+00
9.538999999999999702e-01	4.136400000000000077e+00
9.575000000000000178e-01	4.122600000000000264e+00
9.610999999999999543e-01	4.123499999999999943e+00
9.647000000000000020e-01	4.168999999999999595e+00
9.683000000000000496e-01	4.280300000000000438e+00
9.718999999999999861e-01	4.436099999999999710e+00
9.756000000000000227e-01	4.601300000000000168e+00
9.791999999999999593e-01	4.740899999999999892e+00
9.828000000000000069e-01	4.823100000000000165e+00
9.864000000000000545e-01	4.843099999999999739e+00
9.899999999999999911e-01	4.809199999999999697e+00
9.936000000000000387e-01	4.729700000000000237e+00
9.971999999999999753e-01	4.613299999999999734e+00
1.000799999999999912e+00	4.471499999999999808e+00
1.004399999999999959e+00	4.318299999999999805e+00
1.008000000000000007e+00	4.167699999999999960e+00
1.011600000000000055e+00	4.033400000000000318e+00
1.015200000000000102e+00	3.923900000000000166e+00
1.018799999999999928e+00	3.841200000000000170e+00
1.022399999999999975e+00	3.787100000000000133e+00
1.026100000000000012e+00	3.763300000000000090e+00
1.029700000000000060e+00	3.769299999999999873e+00
1.033300000000000107e+00	3.800800000000000178e+00
1.036899999999999933e+00	3.853299999999999947e+00
1.040499999999999980e+00	3.921899999999999942e+00
1.044100000000000028e+00	4.003300000000000303e+00
1.047700000000000076e+00	4.097000000000000419e+00
1.051299999999999901e+00	4.203100000000000058e+00
1.054899999999999949e+00	4.321900000000000297e+00
1.058499999999999996e+00	4.448299999999999699e+00
1.062100000000000044e+00	4.555299999999999905e+00
1.065700000000000092e+00	4.610000000000000320e+00
1.069299999999999917e+00	4.579500000000000348e+00
1.072899999999999965e+00	4.442800000000000082e+00
1.076600000000000001e+00	4.264199999999999768e+00
1.080200000000000049e+00	4.144099999999999895e+00
1.083800000000000097e+00	4.183200000000000252e+00
1.087399999999999922e+00	4.469899999999999984e+00
1.090999999999999970e+00	4.947400000000000020e+00
1.094600000000000017e+00	5.462900000000000311e+00
1.098200000000000065e+00	5.861600000000000144e+00
1.101799999999999891e+00	5.994900000000000340e+00
1.105399999999999938e+00	5.845200000000000173e+00
1.108999999999999986e+00	5.526200000000000223e+00
1.112600000000000033e+00	5.157300000000000217e+00
1.116200000000000081e+00	4.856799999999999784e+00
1.119799999999999907e+00	4.677100000000000257e+00
1.123399999999999954e+00	4.570400000000000240e+00
1.127099999999999991e+00	4.480699999999999683e+00
1.130700000000000038e+00	4.352100000000000080e+00
1.134300000000000086e+00	4.172900000000000276e+00
1.137899999999999912e+00	4.034699999999999953e+00
1.141499999999999959e+00	4.044200000000000017e+00
1.145100000000000007e+00	4.307500000000000107e+00
1.148700000000000054e+00	4.874600000000000044e+00
1.152300000000000102e+00	5.584699999999999775e+00
1.155899999999999928e+00	6.228399999999999714e+00
1.159499999999999975e+00	6.596099999999999852e+00
1.163100000000000023e+00	6.523200000000000109e+00
1.166700000000000070e+00	6.114200000000000301e+00
1.170299999999999896e+00	5.573000000000000398e+00
1.173899999999999944e+00	5.103900000000000325e+00
1.177599999999999980e+00	4.893500000000000405e+00
1.181200000000000028e+00	4.951500000000000234e+00
1.184800000000000075e+00	5.185900000000000176e+00
1.188399999999999901e+00	5.503099999999999881e+00
1.191999999999999948e+00	5.811600000000000321e+00
1.195599999999999996e+00	6.053600000000000314e+00
1.199200000000000044e+00	6.201500000000000234e+00
1.202800000000000091e+00	6.228299999999999947e+00
1.206399999999999917e+00	6.108299999999999841e+00
1.209999999999999964e+00	5.857099999999999973e+00
1.213600000000000012e+00	5.545499999999999652e+00
1.217200000000000060e+00	5.248000000000000220e+00
1.220800000000000107e+00	5.038899999999999935e+00
1.224399999999999933e+00	4.957099999999999618e+00
1.228099999999999969e+00	4.969800000000000217e+00
1.231700000000000017e+00	5.035400000000000098e+00
1.235300000000000065e+00	5.112199999999999633e+00
1.238899999999999890e+00	5.168800000000000061e+00
1.242499999999999938e+00	5.205400000000000027e+00
1.246099999999999985e+00	5.229099999999999859e+00
1.249700000000000033e+00	5.246599999999999930e+00
1.253300000000000081e+00	5.264199999999999768e+00
1.256899999999999906e+00	5.285400000000000098e+00
1.260499999999999954e+00	5.312700000000000422e+00
1.264100000000000001e+00	5.348700000000000010e+00
1.267700000000000049e+00	5.394499999999999851e+00
1.271300000000000097e+00	5.438900000000000290e+00
1.274899999999999922e+00	5.464800000000000324e+00
1.278599999999999959e+00	5.454900000000000304e+00
1.282200000000000006e+00	5.393799999999999706e+00
1.285800000000000054e+00	5.294500000000000206e+00
1.289400000000000102e+00	5.191699999999999982e+00
1.292999999999999927e+00	5.120700000000000252e+00
1.296599999999999975e+00	5.115899999999999892e+00
1.300200000000000022e+00	5.184000000000000163e+00
1.303800000000000070e+00	5.299100000000000144e+00
1.307399999999999896e+00	5.433799999999999741e+00
1.310999999999999943e+00	5.560599999999999987e+00
1.314599999999999991e+00	5.661299999999999777e+00
1.318200000000000038e+00	5.734099999999999753e+00
1.321800000000000086e+00	5.778900000000000148e+00
1.325499999999999901e+00	5.795499999999999652e+00
1.329099999999999948e+00	5.786800000000000388e+00
1.332699999999999996e+00	5.763499999999999623e+00
1.336300000000000043e+00	5.737899999999999778e+00
1.339900000000000091e+00	5.722199999999999953e+00
1.343499999999999917e+00	5.725500000000000256e+00
1.347099999999999964e+00	5.743100000000000094e+00
1.350700000000000012e+00	5.766200000000000436e+00
1.354300000000000059e+00	5.786200000000000010e+00
1.357900000000000107e+00	5.796700000000000408e+00
1.361499999999999932e+00	5.806899999999999729e+00
1.365099999999999980e+00	5.832699999999999996e+00
1.368700000000000028e+00	5.890399999999999636e+00
1.372300000000000075e+00	5.993900000000000006e+00
1.375999999999999890e+00	6.133899999999999686e+00
1.379599999999999937e+00	6.284799999999999720e+00
1.383199999999999985e+00	6.420799999999999841e+00
1.386800000000000033e+00	6.517599999999999838e+00
1.390400000000000080e+00	6.583800000000000097e+00
1.393999999999999906e+00	6.661699999999999733e+00
1.397599999999999953e+00	6.795300000000000118e+00
1.401200000000000001e+00	7.027700000000000280e+00
1.404800000000000049e+00	7.351899999999999658e+00
1.408400000000000096e+00	7.683600000000000207e+00
1.411999999999999922e+00	7.931799999999999962e+00
1.415599999999999969e+00	8.005399999999999849e+00
1.419200000000000017e+00	7.863400000000000389e+00
1.422800000000000065e+00	7.583400000000000141e+00
1.426500000000000101e+00	7.260699999999999932e+00
1.430099999999999927e+00	6.990400000000000169e+00
1.433699999999999974e+00	6.844999999999999751e+00
1.437300000000000022e+00	6.810100000000000264e+00
1.440900000000000070e+00	6.850799999999999557e+00
1.444499999999999895e+00	6.932199999999999918e+00
1.448099999999999943e+00	7.022400000000000198e+00
1.451699999999999990e+00	7.108299999999999841e+00
1.455300000000000038e+00	7.184199999999999697e+00
1.458900000000000086e+00	7.243999999999999773e+00
1.462499999999999911e+00	7.283199999999999896e+00
1.466099999999999959e+00	7.308099999999999596e+00
1.469700000000000006e+00	7.332099999999999618e+00
1.473300000000000054e+00	7.368500000000000050e+00
1.477000000000000091e+00	7.429400000000000226e+00
1.480599999999999916e+00	7.503599999999999604e+00
1.484199999999999964e+00	7.559199999999999697e+00
1.487800000000000011e+00	7.563299999999999912e+00
1.491400000000000059e+00	7.483999999999999986e+00
1.495000000000000107e+00	7.320299999999999585e+00
1.498599999999999932e+00	7.113400000000000389e+00
1.502199999999999980e+00	6.907600000000000406e+00
1.505800000000000027e+00	6.746999999999999886e+00
1.509400000000000075e+00	6.658199999999999896e+00
1.512999999999999901e+00	6.631300000000000416e+00
1.516599999999999948e+00	6.652199999999999669e+00
1.520199999999999996e+00	6.706400000000000361e+00
1.523800000000000043e+00	6.781399999999999650e+00
1.527500000000000080e+00	6.870499999999999829e+00
1.531099999999999905e+00	6.968499999999999694e+00
1.534699999999999953e+00	7.069700000000000095e+00
1.538300000000000001e+00	7.168000000000000149e+00
1.541900000000000048e+00	7.252399999999999736e+00
1.545500000000000096e+00	7.310500000000000220e+00
1.549099999999999921e+00	7.329699999999999882e+00
1.552699999999999969e+00	7.300699999999999967e+00
1.556300000000000017e+00	7.240599999999999703e+00
1.559900000000000064e+00	7.179700000000000415e+00
1.563499999999999890e+00	7.148900000000000254e+00
1.567099999999999937e+00	7.177699999999999747e+00
1.570699999999999985e+00	7.279099999999999682e+00
1.574300000000000033e+00	7.453000000000000291e+00
1.578000000000000069e+00	7.698900000000000077e+00
1.581599999999999895e+00	8.015599999999999170e+00
1.585199999999999942e+00	8.377700000000000813e+00
1.588799999999999990e+00	8.731400000000000716e+00
1.592400000000000038e+00	9.020899999999999253e+00
1.596000000000000085e+00	9.191000000000000725e+00
1.599599999999999911e+00	9.228199999999999292e+00
1.603199999999999958e+00	9.195000000000000284e+00
1.606800000000000006e+00	9.161500000000000199e+00
1.610400000000000054e+00	9.198100000000000165e+00
1.614000000000000101e+00	9.350099999999999412e+00
1.617599999999999927e+00	9.591599999999999682e+00
1.621199999999999974e+00	9.884499999999999176e+00
1.624800000000000022e+00	1.019050000000000011e+01
1.628500000000000059e+00	1.047189999999999976e+01
1.632100000000000106e+00	1.069229999999999947e+01
1.635699999999999932e+00	1.081559999999999988e+01
1.639299999999999979e+00	1.080599999999999916e+01
1.642900000000000027e+00	1.065300000000000047e+01
1.646500000000000075e+00	1.053420000000000023e+01
1.650099999999999900e+00	1.071149999999999913e+01
1.653699999999999948e+00	1.144720000000000049e+01
1.657299999999999995e+00	1.296690000000000076e+01
1.660900000000000043e+00	1.502469999999999928e+01
1.664500000000000091e+00	1.705000000000000071e+01
1.668099999999999916e+00	1.846590000000000131e+01
1.671699999999999964e+00	1.871509999999999962e+01
1.675400000000000000e+00	1.773379999999999868e+01
1.679000000000000048e+00	1.597310000000000052e+01
1.682600000000000096e+00	1.390859999999999985e+01
1.686199999999999921e+00	1.201340000000000074e+01
1.689799999999999969e+00	1.061330000000000062e+01
1.693400000000000016e+00	9.800000000000000711e+00
1.697000000000000064e+00	9.644999999999999574e+00
1.700599999999999890e+00	1.021899999999999942e+01
1.704199999999999937e+00	1.144050000000000011e+01
1.707799999999999985e+00	1.285549999999999926e+01
1.711400000000000032e+00	1.395359999999999978e+01
1.715000000000000080e+00	1.422439999999999927e+01
1.718599999999999905e+00	1.333639999999999937e+01
1.722199999999999953e+00	1.165509999999999913e+01
1.725899999999999990e+00	9.716100000000000847e+00
1.729500000000000037e+00	8.055099999999999483e+00
1.733100000000000085e+00	7.125799999999999912e+00
1.736699999999999910e+00	6.866600000000000037e+00
1.740299999999999958e+00	7.015200000000000102e+00
1.743900000000000006e+00	7.308900000000000396e+00
1.747500000000000053e+00	7.501999999999999780e+00
1.751100000000000101e+00	7.529099999999999682e+00
1.754699999999999926e+00	7.433600000000000207e+00
1.758299999999999974e+00	7.260600000000000165e+00
1.761900000000000022e+00	7.054599999999999760e+00
1.765500000000000069e+00	6.850900000000000212e+00
1.769099999999999895e+00	6.676499999999999879e+00
1.772699999999999942e+00	6.557900000000000063e+00
1.776399999999999979e+00	6.521099999999999675e+00
1.780000000000000027e+00	6.559499999999999886e+00
1.783600000000000074e+00	6.621900000000000119e+00
1.787199999999999900e+00	6.653800000000000381e+00
1.790799999999999947e+00	6.600699999999999790e+00
1.794399999999999995e+00	6.440000000000000391e+00
1.798000000000000043e+00	6.216999999999999638e+00
1.801600000000000090e+00	5.985500000000000043e+00
1.805199999999999916e+00	5.799299999999999677e+00
1.808799999999999963e+00	5.696600000000000108e+00
1.812400000000000011e+00	5.661699999999999733e+00
1.816000000000000059e+00	5.668099999999999916e+00
1.819600000000000106e+00	5.689099999999999824e+00
1.823199999999999932e+00	5.699499999999999567e+00
1.826899999999999968e+00	5.681499999999999773e+00
1.830500000000000016e+00	5.619699999999999918e+00
1.834100000000000064e+00	5.498700000000000365e+00
1.837699999999999889e+00	5.308699999999999974e+00
1.841299999999999937e+00	5.087399999999999700e+00
1.844899999999999984e+00	4.898299999999999876e+00
1.848500000000000032e+00	4.804700000000000415e+00
1.852100000000000080e+00	4.864300000000000068e+00
1.855699999999999905e+00	5.041199999999999903e+00
1.859299999999999953e+00	5.224300000000000388e+00
1.862900000000000000e+00	5.300600000000000200e+00
1.866500000000000048e+00	5.160099999999999909e+00
1.870100000000000096e+00	4.809099999999999930e+00
1.873699999999999921e+00	4.394199999999999662e+00
1.877399999999999958e+00	4.070899999999999963e+00
1.881000000000000005e+00	3.993599999999999817e+00
1.884600000000000053e+00	4.216099999999999959e+00
1.888200000000000101e+00	4.606499999999999595e+00
1.891799999999999926e+00	5.012199999999999989e+00
1.895399999999999974e+00	5.280899999999999928e+00
1.899000000000000021e+00	5.317599999999999660e+00
1.902600000000000069e+00	5.193699999999999761e+00
1.906199999999999894e+00	5.010500000000000398e+00
1.909799999999999942e+00	4.869100000000000428e+00
1.913399999999999990e+00	4.844199999999999839e+00
1.917000000000000037e+00	4.885200000000000209e+00
1.920600000000000085e+00	4.905300000000000438e+00
1.924199999999999910e+00	4.817800000000000082e+00
1.927899999999999947e+00	4.553399999999999892e+00
1.931499999999999995e+00	4.175300000000000011e+00
1.935100000000000042e+00	3.807700000000000085e+00
1.938700000000000090e+00	3.574899999999999967e+00
1.942299999999999915e+00	3.591400000000000148e+00
1.945899999999999963e+00	3.838099999999999845e+00
1.949500000000000011e+00	4.202300000000000146e+00
1.953100000000000058e+00	4.569099999999999717e+00
1.956700000000000106e+00	4.826500000000000234e+00
1.960299999999999931e+00	4.936600000000000321e+00
1.963899999999999979e+00	4.939899999999999736e+00
1.967500000000000027e+00	4.881000000000000227e+00
1.971100000000000074e+00	4.804499999999999993e+00
1.974699999999999900e+00	4.748000000000000220e+00
1.978399999999999936e+00	4.738199999999999967e+00
1.981999999999999984e+00	4.801000000000000156e+00
1.985600000000000032e+00	4.962100000000000399e+00
1.989200000000000079e+00	5.247300000000000075e+00
1.992799999999999905e+00	5.682299999999999685e+00
1.996399999999999952e+00	6.293000000000000149e+00
2.000000000000000000e+00	7.105000000000000426e+00
