2.000000000000000111e-01	-1.161843325043468322e+00
2.036000000000000032e-01	-1.903027459760951778e+00
2.071999999999999953e-01	-1.979714496831782578e+00
2.107999999999999874e-01	-1.352496558937314575e+00
2.144000000000000072e-01	-1.296600538686603521e+00
2.179999999999999993e-01	-8.450438373081543553e-01
2.215999999999999914e-01	-1.375544482208046926e+00
2.253000000000000003e-01	-7.792710039617634088e-01
2.288999999999999924e-01	-6.772655324579114344e-01
2.325000000000000122e-01	-1.306805735141908897e+00
2.361000000000000043e-01	-8.279152018188138396e-01
2.396999999999999964e-01	-2.860913904319490886e-01
2.432999999999999885e-01	-5.228022744200068184e-01
2.469000000000000083e-01	-2.283219749848597324e-01
2.505000000000000004e-01	-1.252801267995509171e-01
2.540999999999999925e-01	-1.417178979048079546e+00
2.576999999999999846e-01	-1.043656418961025123e+00
2.612999999999999767e-01	-8.543233841203888845e-01
2.649000000000000243e-01	-1.070794026234953567e+00
2.685000000000000164e-01	-2.340327459590607617e-01
2.721000000000000085e-01	-1.350866079642841111e+00
2.757999999999999896e-01	-1.147401517198157084e+00
2.793999999999999817e-01	-6.802341039500752196e-01
2.829999999999999738e-01	-3.377380826100300215e-01
2.866000000000000214e-01	-2.906782822133960886e-01
2.902000000000000135e-01	-9.046996993458278347e-02
2.938000000000000056e-01	-5.496388728531371726e-01
2.973999999999999977e-01	3.945451165643852898e-01
3.009999999999999898e-01	4.380251708986698800e-01
3.045999999999999819e-01	3.188614669634124432e-01
3.081999999999999740e-01	3.523483740761059746e-01
3.118000000000000216e-01	1.776508421843233099e-01
3.154000000000000137e-01	-3.803512931957064858e-02
3.190000000000000058e-01	4.640326281340101944e-01
3.225999999999999979e-01	-6.856349039472571238e-01
3.262999999999999790e-01	-2.006606620839762600e-01
3.299000000000000266e-01	-8.455150086394903619e-01
3.335000000000000187e-01	-6.681853090241205440e-01
3.371000000000000107e-01	-9.458366237040989333e-01
3.407000000000000028e-01	-1.061916349551637495e+00
3.442999999999999949e-01	-1.268376194376295230e+00
3.478999999999999870e-01	-5.775396160214426589e-01
3.514999999999999791e-01	-7.206086371696481807e-01
3.551000000000000267e-01	-1.347473557353947804e+00
3.587000000000000188e-01	2.236888162479913067e-01
3.623000000000000109e-01	-5.174332085784105750e-02
3.659000000000000030e-01	4.486748430067279414e-01
3.694999999999999951e-01	-2.696235323722255828e-01
3.730999999999999872e-01	8.966542370240396242e-02
3.768000000000000238e-01	-6.227966822297641425e-01
3.804000000000000159e-01	3.153465761180341831e-01
3.840000000000000080e-01	-1.082261714414290144e-01
3.876000000000000001e-01	-9.345657773210624963e-02
3.911999999999999922e-01	-8.793571879152073389e-02
3.947999999999999843e-01	5.833617394706800408e-01
3.983999999999999764e-01	-4.072233714889502698e-01
4.020000000000000240e-01	-8.317776460228528679e-01
4.056000000000000161e-01	-8.693946269686374517e-01
4.092000000000000082e-01	-9.046767100346415624e-01
4.128000000000000003e-01	-1.384614334317971540e+00
4.163999999999999924e-01	-2.751996002104363237e-01
4.199999999999999845e-01	-4.300175829793015381e-01
4.235999999999999766e-01	-4.994238399658911254e-01
4.273000000000000131e-01	1.166608394944108618e-01
4.309000000000000052e-01	-2.198656668724012220e-01
4.344999999999999973e-01	-1.420318282267326870e-01
4.380999999999999894e-01	1.045696706322757907e-01
4.416999999999999815e-01	2.930997432976475414e-01
4.452999999999999736e-01	1.249144945400635781e-01
4.489000000000000212e-01	5.043657129706449194e-01
4.525000000000000133e-01	6.818108087631193914e-01
4.561000000000000054e-01	1.962312121547580002e-01
4.596999999999999975e-01	3.385644023117408419e-01
4.632999999999999896e-01	2.374522694963726033e-01
4.668999999999999817e-01	-5.480227985554380066e-01
4.704999999999999738e-01	3.004459416975580055e-03
4.741000000000000214e-01	-9.149926647084266618e-02
4.778000000000000025e-01	-5.689210953624479483e-02
4.813999999999999946e-01	5.164268798886884060e-01
4.849999999999999867e-01	3.523010593137614055e-02
4.885999999999999788e-01	6.920065669671227049e-01
4.922000000000000264e-01	5.001318264411362957e-01
4.958000000000000185e-01	6.936018786913411560e-01
4.994000000000000106e-01	9.216746812762206531e-01
5.030000000000000027e-01	3.034350016408134398e-01
5.066000000000000503e-01	1.442822353019677983e+00
5.101999999999999869e-01	1.404587613621489206e+00
5.138000000000000345e-01	9.020921439367549644e-01
5.173999999999999710e-01	9.967667885875046707e-01
5.210000000000000187e-01	1.267942801351789717e+00
5.245999999999999552e-01	1.020959492198765028e+00
5.282999999999999918e-01	-1.219004462786453802e-01
5.319000000000000394e-01	-5.648326313653367903e-02
5.354999999999999760e-01	6.386328235301143019e-01
5.391000000000000236e-01	3.949985968023754790e-01
5.426999999999999602e-01	1.463256895568749938e+00
5.463000000000000078e-01	1.439538009072149238e+00
5.499000000000000554e-01	9.837955139177532171e-01
5.534999999999999920e-01	1.791371428114242992e+00
5.571000000000000396e-01	2.522208896557394553e+00
5.606999999999999762e-01	2.527569133138486634e+00
5.643000000000000238e-01	1.986248321100839487e+00
5.678999999999999604e-01	2.632152077004851876e+00
5.715000000000000080e-01	2.173208325288316090e+00
5.752000000000000446e-01	2.617919573032540193e+00
5.787999999999999812e-01	2.018760968883832607e+00
5.824000000000000288e-01	2.744985568473675031e+00
5.859999999999999654e-01	1.702677762085430757e+00
5.896000000000000130e-01	1.991865355863557063e+00
5.931999999999999496e-01	1.634317246788776545e+00
5.967999999999999972e-01	1.596026831118224631e+00
6.004000000000000448e-01	1.497999927316969071e+00
6.039999999999999813e-01	1.303265458764840234e+00
6.076000000000000290e-01	1.925185306833649079e+00
6.111999999999999655e-01	1.585774736695958254e+00
6.148000000000000131e-01	1.862744370801950877e+00
6.183999999999999497e-01	1.775528407385451812e+00
6.219999999999999973e-01	2.343043395485765679e+00
6.257000000000000339e-01	2.868706128979420455e+00
6.292999999999999705e-01	2.902635734044306748e+00
6.329000000000000181e-01	3.086954594763877679e+00
6.364999999999999547e-01	2.525072742543134741e+00
6.401000000000000023e-01	2.731235909225139480e+00
6.437000000000000499e-01	2.774359973798532941e+00
6.472999999999999865e-01	3.370998724498276644e+00
6.509000000000000341e-01	3.109497564974440298e+00
6.544999999999999707e-01	2.893177743204172536e+00
6.581000000000000183e-01	2.676919658363128285e+00
6.616999999999999549e-01	2.521771783112048304e+00
6.653000000000000025e-01	2.036771909383925827e+00
6.689000000000000501e-01	2.570205708308334724e+00
6.724999999999999867e-01	1.850252164494898377e+00
6.762000000000000233e-01	2.472058279740490860e+00
6.797999999999999599e-01	1.623640712110217210e+00
6.834000000000000075e-01	2.487823073829796172e+00
6.870000000000000551e-01	2.342682780165298073e+00
6.905999999999999917e-01	2.822031044441689840e+00
6.942000000000000393e-01	3.072961935611699502e+00
6.977999999999999758e-01	3.226233673568704496e+00
7.014000000000000234e-01	3.182235083080190652e+00
7.049999999999999600e-01	4.336116156378991171e+00
7.086000000000000076e-01	4.505393233681819432e+00
7.122000000000000552e-01	4.308551583371402316e+00
7.157999999999999918e-01	2.795233615234625102e+00
7.194000000000000394e-01	4.086801242133063283e+00
7.229999999999999760e-01	3.932637106822122863e+00
7.267000000000000126e-01	4.068592547621386224e+00
7.302999999999999492e-01	3.825219155089254919e+00
7.338999999999999968e-01	3.888732954682762699e+00
7.375000000000000444e-01	3.902271845138971518e+00
7.410999999999999810e-01	4.522659047104465202e+00
7.447000000000000286e-01	3.844282233577515751e+00
7.482999999999999652e-01	4.281510862936630524e+00
7.519000000000000128e-01	5.055516386093821701e+00
7.554999999999999494e-01	4.696914000573253922e+00
7.590999999999999970e-01	5.655234745980395772e+00
7.627000000000000446e-01	5.695244340536241623e+00
7.662999999999999812e-01	5.266688142924754068e+00
7.699000000000000288e-01	5.390035748855130926e+00
7.734999999999999654e-01	5.279295164141386110e+00
7.772000000000000020e-01	4.150161311401372011e+00
7.808000000000000496e-01	5.161594760481849065e+00
7.843999999999999861e-01	5.050929958155247590e+00
7.880000000000000338e-01	4.771791699911759110e+00
7.915999999999999703e-01	5.072445007186537680e+00
7.952000000000000179e-01	4.556011467692095529e+00
7.987999999999999545e-01	4.377729178972565194e+00
8.024000000000000021e-01	4.415506342181378940e+00
8.060000000000000497e-01	5.090753504720511913e+00
8.095999999999999863e-01	4.660323159548617866e+00
8.132000000000000339e-01	4.319430470775582620e+00
8.167999999999999705e-01	4.708187244386567549e+00
8.204000000000000181e-01	4.995782894376437078e+00
8.239999999999999547e-01	5.026152349875825820e+00
8.276999999999999913e-01	4.777606619720812020e+00
8.313000000000000389e-01	5.276666365990176466e+00
8.348999999999999755e-01	5.060007729193067405e+00
8.385000000000000231e-01	5.826860525830765525e+00
8.420999999999999597e-01	4.893255300704351995e+00
8.457000000000000073e-01	5.181524310754385354e+00
8.493000000000000549e-01	4.799081623426033616e+00
8.528999999999999915e-01	4.875519395802039746e+00
8.565000000000000391e-01	5.169691720309071314e+00
8.600999999999999757e-01	5.024621035229928090e+00
8.637000000000000233e-01	4.960534684113835802e+00
8.672999999999999599e-01	4.946414101446624301e+00
8.709000000000000075e-01	5.448331988981116147e+00
8.745000000000000551e-01	4.925488537888536911e+00
8.781999999999999806e-01	5.724130823810494206e+00
8.818000000000000282e-01	5.753339787508330971e+00
8.853999999999999648e-01	5.112193205600277679e+00
8.890000000000000124e-01	5.671477435698436764e+00
8.925999999999999490e-01	5.031798666615366677e+00
8.961999999999999966e-01	5.035666187312485498e+00
8.998000000000000442e-01	5.452974597735780193e+00
9.033999999999999808e-01	5.666652464481212625e+00
9.070000000000000284e-01	4.847157353558105619e+00
9.105999999999999650e-01	4.685704525228801209e+00
9.142000000000000126e-01	4.651275508420877891e+00
9.177999999999999492e-01	5.121239532372500847e+00
9.213999999999999968e-01	5.172164820375861893e+00
9.251000000000000334e-01	4.566119875987126875e+00
9.286999999999999700e-01	4.479923455254763098e+00
9.323000000000000176e-01	4.206072846778206475e+00
9.358999999999999542e-01	4.260952226181315083e+00
9.395000000000000018e-01	4.347012445255903579e+00
9.431000000000000494e-01	5.020925693894104924e+00
9.466999999999999860e-01	4.579287035549371332e+00
9.503000000000000336e-01	5.183568917373169604e+00
9.538999999999999702e-01	4.522319732110597457e+00
9.575000000000000178e-01	4.714475877066665710e+00
9.610999999999999543e-01	5.105106574631262717e+00
9.647000000000000020e-01	4.717354792755977577e+00
9.683000000000000496e-01	4.830702144865254510e+00
9.718999999999999861e-01	4.857144157497796932e+00
9.756000000000000227e-01	5.067872043617692945e+00
9.791999999999999593e-01	5.319419851674711097e+00
9.828000000000000069e-01	5.628168855448250518e+00
9.864000000000000545e-01	5.179681702828928813e+00
9.899999999999999911e-01	4.982577394406366267e+00
9.936000000000000387e-01	5.183323019107461960e+00
9.971999999999999753e-01	4.811724355503095296e+00
1.000799999999999912e+00	5.272691386727851537e+00
1.004399999999999959e+00	4.758545354869686328e+00
1.008000000000000007e+00	4.473493040153941891e+00
1.011600000000000055e+00	4.948378309006555398e+00
1.015200000000000102e+00	3.956435766413419319e+00
1.018799999999999928e+00	3.996031181540965260e+00
1.022399999999999975e+00	4.271638111113500891e+00
1.026100000000000012e+00	4.051770128341550148e+00
1.029700000000000060e+00	4.691686941176975267e+00
1.033300000000000107e+00	4.070082595814130677e+00
1.036899999999999933e+00	5.154062247803831376e+00
1.040499999999999980e+00	4.571445825383086969e+00
1.044100000000000028e+00	4.863716100743740611e+00
1.047700000000000076e+00	4.625183045049515052e+00
1.051299999999999901e+00	4.377607849734064693e+00
1.054899999999999949e+00	4.353157436498857891e+00
1.058499999999999996e+00	3.632965911944611825e+00
1.062100000000000044e+00	5.272720242132153956e+00
1.065700000000000092e+00	5.116688369497231825e+00
1.069299999999999917e+00	5.325007414466527145e+00
1.072899999999999965e+00	4.693829210875298585e+00
1.076600000000000001e+00	4.803305510475063933e+00
1.080200000000000049e+00	4.568398282932043308e+00
1.083800000000000097e+00	4.306885260394070158e+00
1.087399999999999922e+00	4.652425205933368169e+00
1.090999999999999970e+00	5.484360204008190465e+00
1.094600000000000017e+00	6.649297151678953632e+00
1.098200000000000065e+00	7.235964821545930015e+00
1.101799999999999891e+00	6.727332051021279291e+00
1.105399999999999938e+00	7.113586492154347241e+00
1.108999999999999986e+00	6.842299454780280676e+00
1.112600000000000033e+00	6.607280805276762869e+00
1.116200000000000081e+00	5.473849933874157969e+00
1.119799999999999907e+00	4.747256823914465684e+00
1.123399999999999954e+00	4.695246164338856332e+00
1.127099999999999991e+00	4.665637454525552563e+00
1.130700000000000038e+00	5.245051186883410210e+00
1.134300000000000086e+00	4.450708557908336083e+00
1.137899999999999912e+00	3.698354168141834375e+00
1.141499999999999959e+00	4.277760636825203022e+00
1.145100000000000007e+00	4.952285960670038456e+00
1.148700000000000054e+00	5.373598934956984152e+00
1.152300000000000102e+00	7.042457647734794435e+00
1.155899999999999928e+00	7.877104928214929913e+00
1.159499999999999975e+00	8.455296416702585915e+00
1.163100000000000023e+00	8.544728530308114856e+00
1.166700000000000070e+00	7.630779627891586259e+00
1.170299999999999896e+00	7.030065255591080309e+00
1.173899999999999944e+00	5.699576776165061531e+00
1.177599999999999980e+00	5.246364132064917918e+00
1.181200000000000028e+00	4.803373726047090564e+00
1.184800000000000075e+00	5.334044274773678040e+00
1.188399999999999901e+00	5.949051692388778179e+00
1.191999999999999948e+00	6.531222895378532733e+00
1.195599999999999996e+00	6.568795070375430534e+00
1.199200000000000044e+00	7.077179560734766284e+00
1.202800000000000091e+00	7.756739843942886736e+00
1.206399999999999917e+00	6.903842028146542908e+00
1.209999999999999964e+00	6.490979844194907145e+00
1.213600000000000012e+00	6.303893808221721073e+00
1.217200000000000060e+00	6.116147464124977340e+00
1.220800000000000107e+00	5.062387219076078360e+00
1.224399999999999933e+00	5.466668359798445564e+00
1.228099999999999969e+00	5.851875073336863409e+00
1.231700000000000017e+00	5.687823666962891878e+00
1.235300000000000065e+00	5.179670103825647409e+00
1.238899999999999890e+00	5.418470533158817659e+00
1.242499999999999938e+00	6.041299676359833448e+00
1.246099999999999985e+00	6.069357218782065466e+00
1.249700000000000033e+00	6.023236977485606047e+00
1.253300000000000081e+00	6.245855912583182068e+00
1.256899999999999906e+00	5.408251994210407254e+00
1.260499999999999954e+00	5.468580670726957749e+00
1.264100000000000001e+00	5.523847675444221395e+00
1.267700000000000049e+00	5.712730370324987206e+00
1.271300000000000097e+00	5.909482800182364493e+00
1.274899999999999922e+00	6.258515104732481404e+00
1.278599999999999959e+00	5.470327525121493117e+00
1.282200000000000006e+00	5.696574145248854748e+00
1.285800000000000054e+00	5.280134175656421291e+00
1.289400000000000102e+00	5.109998982735584505e+00
1.292999999999999927e+00	5.534850769450860852e+00
1.296599999999999975e+00	6.284975962355755286e+00
1.300200000000000022e+00	4.966613681171043737e+00
1.303800000000000070e+00	5.432292924005453827e+00
1.307399999999999896e+00	5.725795258237656782e+00
1.310999999999999943e+00	5.897685781775722447e+00
1.314599999999999991e+00	5.970401136463724612e+00
1.318200000000000038e+00	6.312709471131111805e+00
1.321800000000000086e+00	5.884959334108153861e+00
1.325499999999999901e+00	6.435817772029250428e+00
1.329099999999999948e+00	6.010119884221717612e+00
1.332699999999999996e+00	6.163343330678126897e+00
1.336300000000000043e+00	6.615967896519617142e+00
1.339900000000000091e+00	6.327850920676023172e+00
1.343499999999999917e+00	6.470636972855080771e+00
1.347099999999999964e+00	6.461189266344914195e+00
1.350700000000000012e+00	6.332322608900642358e+00
1.354300000000000059e+00	6.136743468203490259e+00
1.357900000000000107e+00	6.047919863408612429e+00
1.361499999999999932e+00	6.024857701855617975e+00
1.365099999999999980e+00	6.326690403704802179e+00
1.368700000000000028e+00	6.805822886907563429e+00
1.372300000000000075e+00	6.952166508554734392e+00
1.375999999999999890e+00	6.385163638601878411e+00
1.379599999999999937e+00	6.765298348278491858e+00
1.383199999999999985e+00	7.157621243130870781e+00
1.386800000000000033e+00	7.257026188646194420e+00
1.390400000000000080e+00	6.802611771310560940e+00
1.393999999999999906e+00	6.674677466939223258e+00
1.397599999999999953e+00	7.618323471506776912e+00
1.401200000000000001e+00	7.354108827558184736e+00
1.404800000000000049e+00	8.822265753167062741e+00
1.408400000000000096e+00	8.511988961697330325e+00
1.411999999999999922e+00	8.992004193249487187e+00
1.415599999999999969e+00	9.099808383247125931e+00
1.419200000000000017e+00	8.950201069573196833e+00
1.422800000000000065e+00	8.040216177912103745e+00
1.426500000000000101e+00	7.591870873165106559e+00
1.430099999999999927e+00	6.853416609198709430e+00
1.433699999999999974e+00	6.802173903026984547e+00
1.437300000000000022e+00	7.020264160713748147e+00
1.440900000000000070e+00	7.234700664098006051e+00
1.444499999999999895e+00	6.680640705036459792e+00
1.448099999999999943e+00	7.024953001354234949e+00
1.451699999999999990e+00	7.475428229427318882e+00
1.455300000000000038e+00	8.043488553982875544e+00
1.458900000000000086e+00	7.201613261804493682e+00
1.462499999999999911e+00	7.229224171725965320e+00
1.466099999999999959e+00	8.457274787133748362e+00
1.469700000000000006e+00	7.684553510723159953e+00
1.473300000000000054e+00	8.777483270952965100e+00
1.477000000000000091e+00	7.515426624766259778e+00
1.480599999999999916e+00	7.470983071947054910e+00
1.484199999999999964e+00	7.670341727245378216e+00
1.487800000000000011e+00	7.795503693383773580e+00
1.491400000000000059e+00	7.996629663357103013e+00
1.495000000000000107e+00	7.326628718554278663e+00
1.498599999999999932e+00	7.225406476958457169e+00
1.502199999999999980e+00	7.068807714598612790e+00
1.505800000000000027e+00	7.504360543827809593e+00
1.509400000000000075e+00	6.446494583938772394e+00
1.512999999999999901e+00	7.269828260416575816e+00
1.516599999999999948e+00	8.110249420893817174e+00
1.520199999999999996e+00	7.930756236175644958e+00
1.523800000000000043e+00	7.384270882726641894e+00
1.527500000000000080e+00	7.183781186861207146e+00
1.531099999999999905e+00	7.800642923110364002e+00
1.534699999999999953e+00	7.324067320749639620e+00
1.538300000000000001e+00	7.132354400712041631e+00
1.541900000000000048e+00	7.855609825689788828e+00
1.545500000000000096e+00	7.452630143078018854e+00
1.549099999999999921e+00	7.148615325182647418e+00
1.552699999999999969e+00	7.911976588741405081e+00
1.556300000000000017e+00	7.756760360729726855e+00
1.559900000000000064e+00	7.589686143695284493e+00
1.563499999999999890e+00	7.904222196107685505e+00
1.567099999999999937e+00	8.037086254993900170e+00
1.570699999999999985e+00	7.848144712354716113e+00
1.574300000000000033e+00	7.759351909255485680e+00
1.578000000000000069e+00	7.972502131598615982e+00
1.581599999999999895e+00	8.547958642409598795e+00
1.585199999999999942e+00	8.464739966473860733e+00
1.588799999999999990e+00	9.064108624735338182e+00
1.592400000000000038e+00	9.460590976166979971e+00
1.596000000000000085e+00	9.628426792047303451e+00
1.599599999999999911e+00	9.437078110606940129e+00
1.603199999999999958e+00	9.972206999638459024e+00
1.606800000000000006e+00	9.115935863089166702e+00
1.610400000000000054e+00	9.303670842015792530e+00
1.614000000000000101e+00	1.002899804705037035e+01
1.617599999999999927e+00	1.026283741225962665e+01
1.621199999999999974e+00	1.059252994492689659e+01
1.624800000000000022e+00	1.116384734351310115e+01
1.628500000000000059e+00	1.073946079250911900e+01
1.632100000000000106e+00	1.040104539059586664e+01
1.635699999999999932e+00	1.056806544406835080e+01
1.639299999999999979e+00	1.008659346797149325e+01
1.642900000000000027e+00	1.072326979821564130e+01
1.646500000000000075e+00	1.129945544763911514e+01
1.650099999999999900e+00	1.162211420071218093e+01
1.653699999999999948e+00	1.331726810342198242e+01
1.657299999999999995e+00	1.591977999907114594e+01
1.660900000000000043e+00	1.828723365306096227e+01
1.664500000000000091e+00	2.094638039917212780e+01
1.668099999999999916e+00	2.247762241499755120e+01
1.671699999999999964e+00	2.271038294985798345e+01
1.675400000000000000e+00	2.018154359780437801e+01
1.679000000000000048e+00	1.777897961578480590e+01
1.682600000000000096e+00	1.429709889305948955e+01
1.686199999999999921e+00	1.111957890705831709e+01
1.689799999999999969e+00	9.670834356559552702e+00
1.693400000000000016e+00	9.652126359640465836e+00
1.697000000000000064e+00	9.793530716083562737e+00
1.700599999999999890e+00	1.101674971814127701e+01
1.704199999999999937e+00	1.314543008763100040e+01
1.707799999999999985e+00	1.580750591102190761e+01
1.711400000000000032e+00	1.664894364778244906e+01
1.715000000000000080e+00	1.748997547928748730e+01
1.718599999999999905e+00	1.574819512309809433e+01
1.722199999999999953e+00	1.345665056690064887e+01
1.725899999999999990e+00	1.084146856571888939e+01
1.729500000000000037e+00	9.111859149650113565e+00
1.733100000000000085e+00	7.355957546096091093e+00
1.736699999999999910e+00	6.890263213104134365e+00
1.740299999999999958e+00	7.694159098997680246e+00
1.743900000000000006e+00	8.487237141012505148e+00
1.747500000000000053e+00	8.621557171067083303e+00
1.751100000000000101e+00	8.060361268360489717e+00
1.754699999999999926e+00	9.015392443553796653e+00
1.758299999999999974e+00	8.259989768730424231e+00
1.761900000000000022e+00	7.579536932390829485e+00
1.765500000000000069e+00	7.509347167848651416e+00
1.769099999999999895e+00	6.821090673255302050e+00
1.772699999999999942e+00	6.887367445099850549e+00
1.776399999999999979e+00	6.380646897165566322e+00
1.780000000000000027e+00	6.610475194604072513e+00
1.783600000000000074e+00	6.686306241069116751e+00
1.787199999999999900e+00	6.432397749447206436e+00
1.790799999999999947e+00	6.605028974208774883e+00
1.794399999999999995e+00	7.185911324248742460e+00
1.798000000000000043e+00	6.344393220191754779e+00
1.801600000000000090e+00	6.598880962506284753e+00
1.805199999999999916e+00	6.788869584323644624e+00
1.808799999999999963e+00	7.165645086840014777e+00
1.812400000000000011e+00	6.657503039576617709e+00
1.816000000000000059e+00	5.477024033205619702e+00
1.819600000000000106e+00	6.573106530815028492e+00
1.823199999999999932e+00	5.816468032912346153e+00
1.826899999999999968e+00	5.459618418066925827e+00
1.830500000000000016e+00	5.537690527817441755e+00
1.834100000000000064e+00	4.602335838790168054e+00
1.837699999999999889e+00	4.835034156114866200e+00
1.841299999999999937e+00	4.700570709349023879e+00
1.844899999999999984e+00	4.747888570971598554e+00
1.848500000000000032e+00	4.854061217598097500e+00
1.852100000000000080e+00	5.815168397751043550e+00
1.855699999999999905e+00	6.318809416306670812e+00
1.859299999999999953e+00	6.545475826420358523e+00
1.862900000000000000e+00	6.565816063686690462e+00
1.866500000000000048e+00	6.904672139255101371e+00
1.870100000000000096e+00	6.653919479526651415e+00
1.873699999999999921e+00	5.276141254105936262e+00
1.877399999999999958e+00	5.049866918661423121e+00
1.881000000000000005e+00	3.763899988020595000e+00
1.884600000000000053e+00	3.710517654887647510e+00
1.888200000000000101e+00	4.556316762917079544e+00
1.891799999999999926e+00	3.807205666500497188e+00
1.895399999999999974e+00	4.462727892478810077e+00
1.899000000000000021e+00	4.169691944432440955e+00
1.902600000000000069e+00	4.129512951007738408e+00
1.906199999999999894e+00	4.416907891879820802e+00
1.909799999999999942e+00	4.460498370529305312e+00
1.913399999999999990e+00	4.992631549356214116e+00
1.917000000000000037e+00	5.656018146797846313e+00
1.920600000000000085e+00	5.496744256861747502e+00
1.924199999999999910e+00	5.250087956679273304e+00
1.927899999999999947e+00	4.820624826102487326e+00
1.931499999999999995e+00	5.023210494509246615e+00
1.935100000000000042e+00	4.527527207731078640e+00
1.938700000000000090e+00	4.449853821026377609e+00
1.942299999999999915e+00	4.341229162365930705e+00
1.945899999999999963e+00	4.459969911284457744e+00
1.949500000000000011e+00	4.327201272336169247e+00
1.953100000000000058e+00	4.838144816544492244e+00
1.956700000000000106e+00	4.499356242033293540e+00
1.960299999999999931e+00	3.905301689523511310e+00
1.963899999999999979e+00	4.318958196657465720e+00
1.967500000000000027e+00	4.273275984520419790e+00
1.971100000000000074e+00	4.435027783393832301e+00
1.974699999999999900e+00	4.738871848214889049e+00
1.978399999999999936e+00	4.321906990170987228e+00
1.981999999999999984e+00	4.969036606098018005e+00
1.985600000000000032e+00	5.436780211186797551e+00
1.989200000000000079e+00	5.338559851205192608e+00
1.992799999999999905e+00	6.274082978440666203e+00
1.996399999999999952e+00	6.481191627260161958e+00
2.000000000000000000e+00	7.395256834153363990e+00
