2.000000000000000111e-01	-8.912988781260684501e-01
2.036000000000000032e-01	-5.181626905092404645e-01
2.071999999999999953e-01	-3.527042479681987697e-01
2.107999999999999874e-01	-2.899434000914352660e-01
2.144000000000000072e-01	4.391059684302822674e-02
2.179999999999999993e-01	-1.313661594057620619e+00
2.215999999999999914e-01	-8.430270566446231850e-01
2.253000000000000003e-01	-3.241044258741057060e-01
2.288999999999999924e-01	-1.137682345689588148e+00
2.325000000000000122e-01	-2.206363293056426311e+00
2.361000000000000043e-01	-8.738771046112607799e-01
2.396999999999999964e-01	-8.436232830034093855e-01
2.432999999999999885e-01	-2.037254217068336981e+00
2.469000000000000083e-01	-1.844568645268589657e+00
2.505000000000000004e-01	-1.425229777819214227e+00
2.540999999999999925e-01	-4.915824804629989053e-01
2.576999999999999846e-01	-6.577879438969223003e-01
2.612999999999999767e-01	9.125888065192078180e-02
2.649000000000000243e-01	-8.551378776094578082e-01
2.685000000000000164e-01	7.994101661530239600e-02
2.721000000000000085e-01	-4.441114953435545409e-01
2.757999999999999896e-01	-3.981387268078487862e-01
2.793999999999999817e-01	-3.835981845916696664e-01
2.829999999999999738e-01	4.028089905406944671e-01
2.866000000000000214e-01	9.589449512902339934e-02
2.902000000000000135e-01	5.427917705311205987e-01
2.938000000000000056e-01	-6.286110374905554687e-01
2.973999999999999977e-01	-6.171962265758956789e-02
3.009999999999999898e-01	-8.010499252923184432e-01
3.045999999999999819e-01	-8.121983618573391794e-02
3.081999999999999740e-01	-1.152322217667475446e+00
3.118000000000000216e-01	-1.418199293101404468e+00
3.154000000000000137e-01	-1.094022769693491437e+00
3.190000000000000058e-01	-4.813613654968085243e-01
3.225999999999999979e-01	-2.295212137873694935e+00
3.262999999999999790e-01	-6.359460050051519708e-01
3.299000000000000266e-01	-1.196930167422887603e+00
3.335000000000000187e-01	-1.201134547480048553e+00
3.371000000000000107e-01	-1.224879648768783191e+00
3.407000000000000028e-01	-3.932989357139645703e-01
3.442999999999999949e-01	-9.061554762292778342e-02
3.478999999999999870e-01	2.067826680705170395e-02
3.514999999999999791e-01	4.260266184768000119e-01
3.551000000000000267e-01	-1.888285459761765706e-01
3.587000000000000188e-01	-5.214693433207352458e-01
3.623000000000000109e-01	9.976687574744587117e-01
3.659000000000000030e-01	9.200471561714886892e-01
3.694999999999999951e-01	4.117182196561956498e-01
3.730999999999999872e-01	-2.875592424612690157e-01
3.768000000000000238e-01	-1.182475350244450496e+00
3.804000000000000159e-01	-5.226063145678088162e-01
3.840000000000000080e-01	8.804760037849135301e-02
3.876000000000000001e-01	1.929524491506999784e-01
3.911999999999999922e-01	-8.504009324123160685e-01
3.947999999999999843e-01	-1.017152024877568284e+00
3.983999999999999764e-01	-5.465175551474428239e-01
4.020000000000000240e-01	-8.621803151285252209e-01
4.056000000000000161e-01	-1.283013669569930570e+00
4.092000000000000082e-01	-1.364312019860214331e-01
4.128000000000000003e-01	1.721505366926296965e-01
4.163999999999999924e-01	-3.341609680893314893e-01
4.199999999999999845e-01	4.995071720413636340e-01
4.235999999999999766e-01	-8.985017011037207957e-02
4.273000000000000131e-01	-5.426175204919249095e-01
4.309000000000000052e-01	4.521184082810212335e-01
4.344999999999999973e-01	1.395354774770920514e+00
4.380999999999999894e-01	1.176025568651723585e+00
4.416999999999999815e-01	1.486240786605491859e+00
4.452999999999999736e-01	9.905925912802495681e-01
4.489000000000000212e-01	7.253409898196383487e-01
4.525000000000000133e-01	-6.748821486093503630e-02
4.561000000000000054e-01	5.867331467162036907e-01
4.596999999999999975e-01	-1.447898657708188153e-02
4.632999999999999896e-01	1.277873179448523744e-01
4.668999999999999817e-01	-4.091270545137769554e-01
4.704999999999999738e-01	1.029791533059933317e-01
4.741000000000000214e-01	-5.700106125754822450e-01
4.778000000000000025e-01	-9.388320495873717642e-01
4.813999999999999946e-01	-3.517907807985812818e-01
4.849999999999999867e-01	8.465599939784779204e-02
4.885999999999999788e-01	4.758856240734600784e-01
4.922000000000000264e-01	3.212355198484494467e-01
4.958000000000000185e-01	1.235480918993051014e-01
4.994000000000000106e-01	1.548343350949022090e+00
5.030000000000000027e-01	7.209786342072121990e-01
5.066000000000000503e-01	1.155401671533555330e+00
5.101999999999999869e-01	1.929137116775582195e+00
5.138000000000000345e-01	1.753266980107927253e+00
5.173999999999999710e-01	1.154786522299544815e+00
5.210000000000000187e-01	8.291383938999707937e-01
5.245999999999999552e-01	2.025235955290278334e+00
5.282999999999999918e-01	1.774997226325503608e+00
5.319000000000000394e-01	1.206743938509963199e+00
5.354999999999999760e-01	9.532524421303625317e-01
5.391000000000000236e-01	1.245921831468654872e+00
5.426999999999999602e-01	7.880720449341205303e-01
5.463000000000000078e-01	9.530879611266453999e-01
5.499000000000000554e-01	1.222496570026831098e+00
5.534999999999999920e-01	1.433179479770558151e+00
5.571000000000000396e-01	3.354258121049661923e-01
5.606999999999999762e-01	1.052023618404639205e+00
5.643000000000000238e-01	1.174625826740250956e+00
5.678999999999999604e-01	1.444826426636894645e+00
5.715000000000000080e-01	2.285871561636059646e+00
5.752000000000000446e-01	1.954284582160362937e+00
5.787999999999999812e-01	1.581705343508814643e+00
5.824000000000000288e-01	2.137642439322303023e+00
5.859999999999999654e-01	3.147097751204531946e+00
5.896000000000000130e-01	2.177722297388824391e+00
5.931999999999999496e-01	1.822400640586808063e+00
5.967999999999999972e-01	1.805995223564325514e+00
6.004000000000000448e-01	2.077680981135438643e+00
6.039999999999999813e-01	2.507850996647735364e+00
6.076000000000000290e-01	2.440156107278386610e+00
6.111999999999999655e-01	1.679382358524587726e+00
6.148000000000000131e-01	1.616968719172286351e+00
6.183999999999999497e-01	1.475976613708203100e+00
6.219999999999999973e-01	1.205898632476414711e+00
6.257000000000000339e-01	1.165776766551427368e+00
6.292999999999999705e-01	1.399482308059772917e+00
6.329000000000000181e-01	1.286034359558871465e+00
6.364999999999999547e-01	1.258074271043510883e+00
6.401000000000000023e-01	1.602620657391529591e+00
6.437000000000000499e-01	1.796290407506293096e+00
6.472999999999999865e-01	1.849736869283433727e+00
6.509000000000000341e-01	2.452045329910643279e+00
6.544999999999999707e-01	2.492264968275014425e+00
6.581000000000000183e-01	1.959972393463722318e+00
6.616999999999999549e-01	3.218530329643200627e+00
6.653000000000000025e-01	3.761430317702641357e+00
6.689000000000000501e-01	3.648253114979226552e+00
6.724999999999999867e-01	3.589389734907394214e+00
6.762000000000000233e-01	4.151873257108437798e+00
6.797999999999999599e-01	3.704033941753869019e+00
6.834000000000000075e-01	3.904226285310628430e+00
6.870000000000000551e-01	4.627618091336464623e+00
6.905999999999999917e-01	4.111496910498944501e+00
6.942000000000000393e-01	4.600345414090201146e+00
6.977999999999999758e-01	3.913977870098967138e+00
7.014000000000000234e-01	3.133229970398893727e+00
7.049999999999999600e-01	3.174829802313031024e+00
7.086000000000000076e-01	3.207624999557488366e+00
7.122000000000000552e-01	2.593133879792541396e+00
7.157999999999999918e-01	2.636324720939190236e+00
7.194000000000000394e-01	3.750970599808148620e+00
7.229999999999999760e-01	3.458142099431937844e+00
7.267000000000000126e-01	3.159498582641079523e+00
7.302999999999999492e-01	3.299515685078109328e+00
7.338999999999999968e-01	3.103925791187849281e+00
7.375000000000000444e-01	3.633292596636397143e+00
7.410999999999999810e-01	4.368326912391323091e+00
7.447000000000000286e-01	4.631399970941248334e+00
7.482999999999999652e-01	4.612196266303629777e+00
7.519000000000000128e-01	5.259981437398476345e+00
7.554999999999999494e-01	4.391298793020976809e+00
7.590999999999999970e-01	4.093969645660654244e+00
7.627000000000000446e-01	4.850448341656321993e+00
7.662999999999999812e-01	4.460404825540026152e+00
7.699000000000000288e-01	4.754223232236538976e+00
7.734999999999999654e-01	3.996037965602945885e+00
7.772000000000000020e-01	4.284534999521792287e+00
7.808000000000000496e-01	4.199825193000297219e+00
7.843999999999999861e-01	3.835226253206289293e+00
7.880000000000000338e-01	3.263980404130387480e+00
7.915999999999999703e-01	3.479039474489653117e+00
7.952000000000000179e-01	3.598309729121209610e+00
7.987999999999999545e-01	2.777502970251169767e+00
8.024000000000000021e-01	3.820962779215089977e+00
8.060000000000000497e-01	3.040370769313899935e+00
8.095999999999999863e-01	3.890192568785497684e+00
8.132000000000000339e-01	3.555757897559826297e+00
8.167999999999999705e-01	3.758932665873075507e+00
8.204000000000000181e-01	2.580702456194864602e+00
8.239999999999999547e-01	3.638422323622872323e+00
8.276999999999999913e-01	3.705302546980999256e+00
8.313000000000000389e-01	3.353532018096442968e+00
8.348999999999999755e-01	3.685298763002272437e+00
8.385000000000000231e-01	2.694669494716527502e+00
8.420999999999999597e-01	3.227069031971934621e+00
8.457000000000000073e-01	3.119159333887299379e+00
8.493000000000000549e-01	2.507823241253877899e+00
8.528999999999999915e-01	2.547887559269953250e+00
8.565000000000000391e-01	2.790077732996678161e+00
8.600999999999999757e-01	2.710699288197894408e+00
8.637000000000000233e-01	2.266576692234720802e+00
8.672999999999999599e-01	2.089984392556723858e+00
8.709000000000000075e-01	2.913805186369681444e+00
8.745000000000000551e-01	2.153766801202727343e+00
8.781999999999999806e-01	2.440024565861559580e+00
8.818000000000000282e-01	2.541521518600919016e+00
8.853999999999999648e-01	2.998515023595456519e+00
8.890000000000000124e-01	2.973626018537290250e+00
8.925999999999999490e-01	2.624334533310152207e+00
8.961999999999999966e-01	2.449304184570040288e+00
8.998000000000000442e-01	3.220055915014164327e+00
9.033999999999999808e-01	2.011863833279605718e+00
9.070000000000000284e-01	2.909907866539569454e+00
9.105999999999999650e-01	2.973256579609213635e+00
9.142000000000000126e-01	2.636481944906735375e+00
9.177999999999999492e-01	2.662451502604473053e+00
9.213999999999999968e-01	2.433588264543955937e+00
9.251000000000000334e-01	2.382885756464783622e+00
9.286999999999999700e-01	2.557398285106467384e+00
9.323000000000000176e-01	1.738742246486864929e+00
9.358999999999999542e-01	3.163039092850793210e+00
9.395000000000000018e-01	3.201344072922567285e+00
9.431000000000000494e-01	2.195861378778826811e+00
9.466999999999999860e-01	2.830340899917700437e+00
9.503000000000000336e-01	2.728396960546823014e+00
9.538999999999999702e-01	1.784809556703401690e+00
9.575000000000000178e-01	2.281980806345552448e+00
9.610999999999999543e-01	1.966162071204010209e+00
9.647000000000000020e-01	2.107372180707336007e+00
9.683000000000000496e-01	1.900455569622258256e+00
9.718999999999999861e-01	2.398331391394526779e+00
9.756000000000000227e-01	2.294620204484479231e+00
9.791999999999999593e-01	2.372570483773455585e+00
9.828000000000000069e-01	1.912253218164824631e+00
9.864000000000000545e-01	2.520584542944898754e+00
9.899999999999999911e-01	2.607815592173205133e+00
9.936000000000000387e-01	2.619413563153608848e+00
9.971999999999999753e-01	2.297356945013359297e+00
1.000799999999999912e+00	2.510524670737264152e+00
1.004399999999999959e+00	3.353508722772183592e+00
1.008000000000000007e+00	2.188788040535361468e+00
1.011600000000000055e+00	2.701938698901082514e+00
1.015200000000000102e+00	2.330522098528687636e+00
1.018799999999999928e+00	1.399274233345879859e+00
1.022399999999999975e+00	1.979115793072379503e+00
1.026100000000000012e+00	2.181620406944289048e+00
1.029700000000000060e+00	1.759718768243280884e+00
1.033300000000000107e+00	1.495472919474485129e+00
1.036899999999999933e+00	2.028180179995129784e+00
1.040499999999999980e+00	1.982628561308947823e+00
1.044100000000000028e+00	1.342427487001270681e+00
1.047700000000000076e+00	1.373133407725743993e+00
1.051299999999999901e+00	1.312557030443285866e+00
1.054899999999999949e+00	1.492307320610862131e+00
1.058499999999999996e+00	1.622289039745571593e+00
1.062100000000000044e+00	1.508661562282089141e+00
1.065700000000000092e+00	1.509018517674733939e+00
1.069299999999999917e+00	2.269469036330090006e+00
1.072899999999999965e+00	2.301965713139263681e+00
1.076600000000000001e+00	2.220319086605179848e+00
1.080200000000000049e+00	2.174859559355022842e+00
1.083800000000000097e+00	3.127093940632823532e+00
1.087399999999999922e+00	3.173748189221841542e+00
1.090999999999999970e+00	3.541072019028218776e+00
1.094600000000000017e+00	3.942687099460609801e+00
1.098200000000000065e+00	3.486294750979283652e+00
1.101799999999999891e+00	4.473948963782950372e+00
1.105399999999999938e+00	3.174092564548729012e+00
1.108999999999999986e+00	4.058017662833030670e+00
1.112600000000000033e+00	2.947120331932971737e+00
1.116200000000000081e+00	3.482864211444466118e+00
1.119799999999999907e+00	3.187056292954838277e+00
1.123399999999999954e+00	2.976754652215926722e+00
1.127099999999999991e+00	2.528820662965379551e+00
1.130700000000000038e+00	3.254520624036093768e+00
1.134300000000000086e+00	3.011242584637195296e+00
1.137899999999999912e+00	3.166641881380478196e+00
1.141499999999999959e+00	2.304343273464879438e+00
1.145100000000000007e+00	3.549628771688849938e+00
1.148700000000000054e+00	3.350417950884100549e+00
1.152300000000000102e+00	4.381315187186222815e+00
1.155899999999999928e+00	5.135466638176190202e+00
1.159499999999999975e+00	6.389273917264999270e+00
1.163100000000000023e+00	6.318023878384492420e+00
1.166700000000000070e+00	5.418865885705174357e+00
1.170299999999999896e+00	4.628847230760452902e+00
1.173899999999999944e+00	4.127373136922609653e+00
1.177599999999999980e+00	3.948972149586294389e+00
1.181200000000000028e+00	3.375993392115308467e+00
1.184800000000000075e+00	4.767544640704294956e+00
1.188399999999999901e+00	4.945393807657025853e+00
1.191999999999999948e+00	5.212563087128768480e+00
1.195599999999999996e+00	4.176933914256398594e+00
1.199200000000000044e+00	4.977721319809417011e+00
1.202800000000000091e+00	5.674925317929787383e+00
1.206399999999999917e+00	4.992008785109119273e+00
1.209999999999999964e+00	4.489071701857831442e+00
1.213600000000000012e+00	4.798330437500566426e+00
1.217200000000000060e+00	4.697836726653873640e+00
1.220800000000000107e+00	3.890556302788556131e+00
1.224399999999999933e+00	4.054672425186839568e+00
1.228099999999999969e+00	4.199711921559480032e+00
1.231700000000000017e+00	3.934908826991672548e+00
1.235300000000000065e+00	4.218824293410699866e+00
1.238899999999999890e+00	4.447047610574903942e+00
1.242499999999999938e+00	3.923106061148541990e+00
1.246099999999999985e+00	4.872219845515243009e+00
1.249700000000000033e+00	4.002968991451910874e+00
1.253300000000000081e+00	5.174190241013283398e+00
1.256899999999999906e+00	4.010739931110603784e+00
1.260499999999999954e+00	3.680603898169048538e+00
1.264100000000000001e+00	4.715193118077727341e+00
1.267700000000000049e+00	4.186886488523633432e+00
1.271300000000000097e+00	3.306389379166761788e+00
1.274899999999999922e+00	4.202965793277884110e+00
1.278599999999999959e+00	4.208098805354106631e+00
1.282200000000000006e+00	3.749828595964909361e+00
1.285800000000000054e+00	4.231692673193087728e+00
1.289400000000000102e+00	4.343370999701924973e+00
1.292999999999999927e+00	4.490751497818644467e+00
1.296599999999999975e+00	4.284228756627626922e+00
1.300200000000000022e+00	4.117916986614320152e+00
1.303800000000000070e+00	4.701274378082194616e+00
1.307399999999999896e+00	4.668578960304294867e+00
1.310999999999999943e+00	5.455654063947037891e+00
1.314599999999999991e+00	5.762394714303264109e+00
1.318200000000000038e+00	5.661868145880554870e+00
1.321800000000000086e+00	5.404990102406872055e+00
1.325499999999999901e+00	5.107720605380732692e+00
1.329099999999999948e+00	4.977296528974533452e+00
1.332699999999999996e+00	5.915741128950045002e+00
1.336300000000000043e+00	4.867121691333047728e+00
1.339900000000000091e+00	5.538393327601976779e+00
1.343499999999999917e+00	4.281552303771419155e+00
1.347099999999999964e+00	4.825361676932188537e+00
1.350700000000000012e+00	5.009556849905410836e+00
1.354300000000000059e+00	3.905166002115473933e+00
1.357900000000000107e+00	6.165903433331042294e+00
1.361499999999999932e+00	4.644008868145582447e+00
1.365099999999999980e+00	4.839400408744960025e+00
1.368700000000000028e+00	4.502839839828700619e+00
1.372300000000000075e+00	5.549889697742866446e+00
1.375999999999999890e+00	5.052586028341261581e+00
1.379599999999999937e+00	5.422237961675659079e+00
1.383199999999999985e+00	6.192849182342345493e+00
1.386800000000000033e+00	6.102980499654648838e+00
1.390400000000000080e+00	6.009736414855420428e+00
1.393999999999999906e+00	5.850643464634370794e+00
1.397599999999999953e+00	6.724102386665592235e+00
1.401200000000000001e+00	6.398674650685475918e+00
1.404800000000000049e+00	6.710326241385084600e+00
1.408400000000000096e+00	6.770132978996164397e+00
1.411999999999999922e+00	7.119635453637085831e+00
1.415599999999999969e+00	6.995355691557177735e+00
1.419200000000000017e+00	7.293849451457456112e+00
1.422800000000000065e+00	5.905018703022430593e+00
1.426500000000000101e+00	6.148788036358774356e+00
1.430099999999999927e+00	5.928638034982268934e+00
1.433699999999999974e+00	6.380384117760457663e+00
1.437300000000000022e+00	5.940384733564411768e+00
1.440900000000000070e+00	6.569400897721639154e+00
1.444499999999999895e+00	5.892991409943490133e+00
1.448099999999999943e+00	5.706636653685924543e+00
1.451699999999999990e+00	5.936336770545485919e+00
1.455300000000000038e+00	5.908247432510917108e+00
1.458900000000000086e+00	6.735225105602479445e+00
1.462499999999999911e+00	6.563447263614562210e+00
1.466099999999999959e+00	6.522240351973939809e+00
1.469700000000000006e+00	5.770778291755538802e+00
1.473300000000000054e+00	7.012482152500289168e+00
1.477000000000000091e+00	7.753327954388510967e+00
1.480599999999999916e+00	7.490241251306974490e+00
1.484199999999999964e+00	6.842602440069007308e+00
1.487800000000000011e+00	7.138304123036986581e+00
1.491400000000000059e+00	7.861421644400307329e+00
1.495000000000000107e+00	7.315593547960788534e+00
1.498599999999999932e+00	6.600647252229626893e+00
1.502199999999999980e+00	6.594864179789576397e+00
1.505800000000000027e+00	6.080855908383987263e+00
1.509400000000000075e+00	6.314996884357025664e+00
1.512999999999999901e+00	6.708851596519061822e+00
1.516599999999999948e+00	7.082032757815375668e+00
1.520199999999999996e+00	7.541898291040386226e+00
1.523800000000000043e+00	7.374888950794299625e+00
1.527500000000000080e+00	7.918434085426119040e+00
1.531099999999999905e+00	7.452142970500616137e+00
1.534699999999999953e+00	8.655319920246947518e+00
1.538300000000000001e+00	9.121540483021925994e+00
1.541900000000000048e+00	8.440059036797558534e+00
1.545500000000000096e+00	8.430180574824413853e+00
1.549099999999999921e+00	8.161096311813569315e+00
1.552699999999999969e+00	8.445752140028790933e+00
1.556300000000000017e+00	8.930189481210193847e+00
1.559900000000000064e+00	8.546975972400536747e+00
1.563499999999999890e+00	8.744234943552038786e+00
1.567099999999999937e+00	8.659231636224351547e+00
1.570699999999999985e+00	9.121652456343028348e+00
1.574300000000000033e+00	8.482860466950537415e+00
1.578000000000000069e+00	9.035617195386876688e+00
1.581599999999999895e+00	9.700268469386468695e+00
1.585199999999999942e+00	8.441313015317595259e+00
1.588799999999999990e+00	9.061635738878937474e+00
1.592400000000000038e+00	9.809116526940526271e+00
1.596000000000000085e+00	9.239693163139724774e+00
1.599599999999999911e+00	1.036203858287854729e+01
1.603199999999999958e+00	1.094772679682685101e+01
1.606800000000000006e+00	1.069484600748715764e+01
1.610400000000000054e+00	1.023087978285989053e+01
1.614000000000000101e+00	1.160657975059521441e+01
1.617599999999999927e+00	1.147134286557215965e+01
1.621199999999999974e+00	1.086742104735616188e+01
1.624800000000000022e+00	1.139467770828728099e+01
1.628500000000000059e+00	1.229464082029701721e+01
1.632100000000000106e+00	1.269509918442633811e+01
1.635699999999999932e+00	1.338408019617540035e+01
1.639299999999999979e+00	1.400722991571207388e+01
1.642900000000000027e+00	1.379764148226455767e+01
1.646500000000000075e+00	1.522144400356284955e+01
1.650099999999999900e+00	1.545767183735302552e+01
1.653699999999999948e+00	1.635375800052685236e+01
1.657299999999999995e+00	1.832939357572756123e+01
1.660900000000000043e+00	2.030917540037478375e+01
1.664500000000000091e+00	2.090590758401296156e+01
1.668099999999999916e+00	2.276577366052878304e+01
1.671699999999999964e+00	2.241972385499888887e+01
1.675400000000000000e+00	2.101602402721409391e+01
1.679000000000000048e+00	1.938133235860964021e+01
1.682600000000000096e+00	1.793354150342749875e+01
1.686199999999999921e+00	1.644364587177521386e+01
1.689799999999999969e+00	1.423521071371949631e+01
1.693400000000000016e+00	1.412299329262970460e+01
1.697000000000000064e+00	1.467642830266280107e+01
1.700599999999999890e+00	1.619587012413773408e+01
1.704199999999999937e+00	1.661783189262845895e+01
1.707799999999999985e+00	1.796902591111993175e+01
1.711400000000000032e+00	1.831578222413201118e+01
1.715000000000000080e+00	1.929861982664753128e+01
1.718599999999999905e+00	1.844282213135527826e+01
1.722199999999999953e+00	1.623901181057657084e+01
1.725899999999999990e+00	1.374881006877350309e+01
1.729500000000000037e+00	1.170768099410375740e+01
1.733100000000000085e+00	9.818367678463319592e+00
1.736699999999999910e+00	1.049313672898322380e+01
1.740299999999999958e+00	9.900361311933462360e+00
1.743900000000000006e+00	1.123168390882990408e+01
1.747500000000000053e+00	1.157242505708946112e+01
1.751100000000000101e+00	1.110035841109293031e+01
1.754699999999999926e+00	1.035360713783954800e+01
1.758299999999999974e+00	1.103739085432970057e+01
1.761900000000000022e+00	9.771048450911568040e+00
1.765500000000000069e+00	1.056463866377725580e+01
1.769099999999999895e+00	1.084575396549609216e+01
1.772699999999999942e+00	1.172086398792543349e+01
1.776399999999999979e+00	1.116433976146716489e+01
1.780000000000000027e+00	1.061124057263168829e+01
1.783600000000000074e+00	1.028111524160829582e+01
1.787199999999999900e+00	1.083965996058521419e+01
1.790799999999999947e+00	1.027007107314680212e+01
1.794399999999999995e+00	1.015722085542862274e+01
1.798000000000000043e+00	1.082662048317797421e+01
1.801600000000000090e+00	9.722552168544115858e+00
1.805199999999999916e+00	1.122122979784188956e+01
1.808799999999999963e+00	1.069600865027372194e+01
1.812400000000000011e+00	9.500143467248076234e+00
1.816000000000000059e+00	9.750089059630576926e+00
1.819600000000000106e+00	9.321996263031639529e+00
1.823199999999999932e+00	9.007653760398666165e+00
1.826899999999999968e+00	9.763203216022745323e+00
1.830500000000000016e+00	9.092916336108466169e+00
1.834100000000000064e+00	8.924053460643044389e+00
1.837699999999999889e+00	9.625894951595196147e+00
1.841299999999999937e+00	9.407274355085617046e+00
1.844899999999999984e+00	9.617494545276988660e+00
1.848500000000000032e+00	1.016002150444818497e+01
1.852100000000000080e+00	1.098071234315607647e+01
1.855699999999999905e+00	1.095987697980745068e+01
1.859299999999999953e+00	1.210132926397689879e+01
1.862900000000000000e+00	1.274650509372306750e+01
1.866500000000000048e+00	1.240677333979599339e+01
1.870100000000000096e+00	1.261725390272620118e+01
1.873699999999999921e+00	1.147976269483935141e+01
1.877399999999999958e+00	1.056754503161492487e+01
1.881000000000000005e+00	1.062931206914315219e+01
1.884600000000000053e+00	1.026640666366646393e+01
1.888200000000000101e+00	1.079720745498749856e+01
1.891799999999999926e+00	1.207641979445772229e+01
1.895399999999999974e+00	1.186842700725534350e+01
1.899000000000000021e+00	1.213961723762334088e+01
1.902600000000000069e+00	1.212610686874769250e+01
1.906199999999999894e+00	1.244291407887918055e+01
1.909799999999999942e+00	1.214027015984118840e+01
1.913399999999999990e+00	1.284020697321944482e+01
1.917000000000000037e+00	1.296681092352815767e+01
1.920600000000000085e+00	1.226576321725890395e+01
1.924199999999999910e+00	1.232097711274089313e+01
1.927899999999999947e+00	1.208563916371165625e+01
1.931499999999999995e+00	1.325040223291882135e+01
1.935100000000000042e+00	1.180206014056119201e+01
1.938700000000000090e+00	1.225039971287402452e+01
1.942299999999999915e+00	1.202744738209449515e+01
1.945899999999999963e+00	1.333968455994961744e+01
1.949500000000000011e+00	1.547012332137127189e+01
1.953100000000000058e+00	1.549616082327584365e+01
1.956700000000000106e+00	1.526306417168398788e+01
1.960299999999999931e+00	1.734784407189346567e+01
1.963899999999999979e+00	1.721573138990896013e+01
1.967500000000000027e+00	1.610531195603952526e+01
1.971100000000000074e+00	1.563544704208106140e+01
1.974699999999999900e+00	1.483149329835314667e+01
1.978399999999999936e+00	1.439983434994331368e+01
1.981999999999999984e+00	1.444222453103838966e+01
1.985600000000000032e+00	1.446663325378293408e+01
1.989200000000000079e+00	1.464004591642988196e+01
1.992799999999999905e+00	1.564939628121957682e+01
1.996399999999999952e+00	1.691589362686359976e+01
2.000000000000000000e+00	1.880556597005687891e+01
