2.000000000000000111e-01	-8.081347651148376166e-01
2.036000000000000032e-01	-9.072123489583170386e-01
2.071999999999999953e-01	-8.452803154296157917e-01
2.107999999999999874e-01	-9.446939086123208318e-01
2.144000000000000072e-01	-1.175619073506342760e+00
2.179999999999999993e-01	-1.395971988134635522e+00
2.215999999999999914e-01	-1.609613681280458009e+00
2.253000000000000003e-01	-1.765274628606868124e+00
2.288999999999999924e-01	-1.887790567255416718e+00
2.325000000000000122e-01	-2.082028788122193053e+00
2.361000000000000043e-01	-2.098453528036515525e+00
2.396999999999999964e-01	-2.233044566138469023e+00
2.432999999999999885e-01	-2.036018228227431059e+00
2.469000000000000083e-01	-1.878356489044816557e+00
2.505000000000000004e-01	-1.614658575233323123e+00
2.540999999999999925e-01	-1.463850015182905917e+00
2.576999999999999846e-01	-1.154096271372301308e+00
2.612999999999999767e-01	-7.479534735553148295e-01
2.649000000000000243e-01	-7.117718213406794003e-01
2.685000000000000164e-01	-4.133673893118339771e-01
2.721000000000000085e-01	-2.523540321899414018e-01
2.757999999999999896e-01	-1.565843697161646841e-01
2.793999999999999817e-01	-1.976810586154235105e-01
2.829999999999999738e-01	-8.719980344405599271e-02
2.866000000000000214e-01	-1.665135927762813606e-01
2.902000000000000135e-01	-1.076064619222681096e-01
2.938000000000000056e-01	-3.248068628930540491e-01
2.973999999999999977e-01	-5.601070520046402823e-01
3.009999999999999898e-01	-8.630851867637431285e-01
3.045999999999999819e-01	-1.044187259159137460e+00
3.081999999999999740e-01	-1.115165676959343877e+00
3.118000000000000216e-01	-1.182410455461232246e+00
3.154000000000000137e-01	-1.253729423987091307e+00
3.190000000000000058e-01	-1.450592987625810570e+00
3.225999999999999979e-01	-1.428221489252899934e+00
3.262999999999999790e-01	-1.353819220183132277e+00
3.299000000000000266e-01	-1.250145682202574715e+00
3.335000000000000187e-01	-1.105415086044162498e+00
3.371000000000000107e-01	-8.348236580859064171e-01
3.407000000000000028e-01	-7.369330987974425096e-01
3.442999999999999949e-01	-4.952955424538002527e-01
3.478999999999999870e-01	-2.523414194934937016e-01
3.514999999999999791e-01	-8.128799849070837691e-02
3.551000000000000267e-01	-5.221289307632354104e-03
3.587000000000000188e-01	-5.872997130611309902e-02
3.623000000000000109e-01	2.541164392247494130e-02
3.659000000000000030e-01	-2.313855662457562634e-01
3.694999999999999951e-01	-2.325132081051733413e-01
3.730999999999999872e-01	-4.445782838875244614e-01
3.768000000000000238e-01	-5.660928998507261944e-01
3.804000000000000159e-01	-6.905747723158502938e-01
3.840000000000000080e-01	-1.041350100489315533e+00
3.876000000000000001e-01	-1.120138850905356254e+00
3.911999999999999922e-01	-1.201758293319460824e+00
3.947999999999999843e-01	-1.295389390904898130e+00
3.983999999999999764e-01	-1.335656956043188348e+00
4.020000000000000240e-01	-1.175953411895982237e+00
4.056000000000000161e-01	-1.115799132623056966e+00
4.092000000000000082e-01	-7.611923912188574004e-01
4.128000000000000003e-01	-6.136531992951502756e-01
4.163999999999999924e-01	-3.803694091755406292e-01
4.199999999999999845e-01	-2.478962110138075159e-01
4.235999999999999766e-01	-1.699635901859686549e-01
4.273000000000000131e-01	2.625661582087633894e-01
4.309000000000000052e-01	4.290407669974442562e-01
4.344999999999999973e-01	3.978171552139851963e-01
4.380999999999999894e-01	2.790496900763758115e-01
4.416999999999999815e-01	4.388531868786108570e-01
4.452999999999999736e-01	6.151655059717521246e-01
4.489000000000000212e-01	3.689403524562036019e-01
4.525000000000000133e-01	3.612109670012668694e-01
4.561000000000000054e-01	3.405611646423380989e-01
4.596999999999999975e-01	-2.180153183491112534e-02
4.632999999999999896e-01	-7.027281934108320360e-02
4.668999999999999817e-01	-2.097933575902194148e-01
4.704999999999999738e-01	-3.339198432476685463e-01
4.741000000000000214e-01	-4.586380721818146267e-01
4.778000000000000025e-01	-3.577826121192957398e-01
4.813999999999999946e-01	-3.216436417382248503e-01
4.849999999999999867e-01	-1.012218704197523911e-01
4.885999999999999788e-01	-8.329802705254088502e-03
4.922000000000000264e-01	3.006855394230835143e-01
4.958000000000000185e-01	5.438224736324811515e-01
4.994000000000000106e-01	6.110880004140597510e-01
5.030000000000000027e-01	9.358930719375657681e-01
5.066000000000000503e-01	1.217873742997309439e+00
5.101999999999999869e-01	1.246446155755332574e+00
5.138000000000000345e-01	1.462282341736651725e+00
5.173999999999999710e-01	1.508885550978360079e+00
5.210000000000000187e-01	1.212192724136708311e+00
5.245999999999999552e-01	1.216815642772080874e+00
5.282999999999999918e-01	1.113222722825655486e+00
5.319000000000000394e-01	9.113511943088919987e-01
5.354999999999999760e-01	7.299454520029026172e-01
5.391000000000000236e-01	5.911130739342635998e-01
5.426999999999999602e-01	4.552535110191640033e-01
5.463000000000000078e-01	3.875837918570393947e-01
5.499000000000000554e-01	4.770953883895583392e-01
5.534999999999999920e-01	5.511625085805603730e-01
5.571000000000000396e-01	7.580564046921545174e-01
5.606999999999999762e-01	8.741958588200119395e-01
5.643000000000000238e-01	8.715632676641552612e-01
5.678999999999999604e-01	1.010719972775594222e+00
5.715000000000000080e-01	1.238234949477638569e+00
5.752000000000000446e-01	1.420976078690939781e+00
5.787999999999999812e-01	1.561850680082964793e+00
5.824000000000000288e-01	1.707645980840420963e+00
5.859999999999999654e-01	1.851903615468205366e+00
5.896000000000000130e-01	1.921418497611166787e+00
5.931999999999999496e-01	2.107890103858592656e+00
5.967999999999999972e-01	2.072537224803643774e+00
6.004000000000000448e-01	2.132066384862977504e+00
6.039999999999999813e-01	2.093404261263169364e+00
6.076000000000000290e-01	1.997300447591400463e+00
6.111999999999999655e-01	1.785365331293395474e+00
6.148000000000000131e-01	1.668821823700626261e+00
6.183999999999999497e-01	1.552266726528683360e+00
6.219999999999999973e-01	1.331129782652384241e+00
6.257000000000000339e-01	1.231700748447952298e+00
6.292999999999999705e-01	1.133230187612069617e+00
6.329000000000000181e-01	1.104166031887672483e+00
6.364999999999999547e-01	1.204540899905487628e+00
6.401000000000000023e-01	1.265260204694586221e+00
6.437000000000000499e-01	1.433683418958875411e+00
6.472999999999999865e-01	1.487307438479453570e+00
6.509000000000000341e-01	1.815640455436334566e+00
6.544999999999999707e-01	2.133695100935510958e+00
6.581000000000000183e-01	2.382698798541191820e+00
6.616999999999999549e-01	2.679166430116563635e+00
6.653000000000000025e-01	3.006521785099087296e+00
6.689000000000000501e-01	3.206483367472402257e+00
6.724999999999999867e-01	3.226759450533870588e+00
6.762000000000000233e-01	3.289918706022953554e+00
6.797999999999999599e-01	3.426228988524788743e+00
6.834000000000000075e-01	3.529204778089683803e+00
6.870000000000000551e-01	3.508361825633803832e+00
6.905999999999999917e-01	3.379405511012751440e+00
6.942000000000000393e-01	3.426713074164667638e+00
6.977999999999999758e-01	3.239647734511658328e+00
7.014000000000000234e-01	2.970397047802539880e+00
7.049999999999999600e-01	2.826076972997953796e+00
7.086000000000000076e-01	2.587267762611213939e+00
7.122000000000000552e-01	2.686697835819260138e+00
7.157999999999999918e-01	2.635432507527356805e+00
7.194000000000000394e-01	2.844824125690180505e+00
7.229999999999999760e-01	2.915374535301189063e+00
7.267000000000000126e-01	3.000982976675571567e+00
7.302999999999999492e-01	3.092504342942510309e+00
7.338999999999999968e-01	3.243255091713408422e+00
7.375000000000000444e-01	3.375484345440261436e+00
7.410999999999999810e-01	3.511358505236942040e+00
7.447000000000000286e-01	3.915332681404228410e+00
7.482999999999999652e-01	4.362636088436034676e+00
7.519000000000000128e-01	4.398231558081782566e+00
7.554999999999999494e-01	4.671708121388881807e+00
7.590999999999999970e-01	4.499203737842973005e+00
7.627000000000000446e-01	4.274585922796407367e+00
7.662999999999999812e-01	4.218131553847104698e+00
7.699000000000000288e-01	3.939086434708273021e+00
7.734999999999999654e-01	3.809380888861591430e+00
7.772000000000000020e-01	3.698320292751047234e+00
7.808000000000000496e-01	3.562626720053666318e+00
7.843999999999999861e-01	3.439749418019132587e+00
7.880000000000000338e-01	3.268991755072252037e+00
7.915999999999999703e-01	3.209922860593562799e+00
7.952000000000000179e-01	3.130901617366737444e+00
7.987999999999999545e-01	3.213759367374074305e+00
8.024000000000000021e-01	3.216266976089251273e+00
8.060000000000000497e-01	3.242509087969746240e+00
8.095999999999999863e-01	3.293436874044687102e+00
8.132000000000000339e-01	3.195160422058691996e+00
8.167999999999999705e-01	3.205054272682741789e+00
8.204000000000000181e-01	3.181971951368046447e+00
8.239999999999999547e-01	3.085965564968287556e+00
8.276999999999999913e-01	3.276703627646224248e+00
8.313000000000000389e-01	3.330403171759183323e+00
8.348999999999999755e-01	3.189843492590410001e+00
8.385000000000000231e-01	3.140803606348207211e+00
8.420999999999999597e-01	2.937024514125374797e+00
8.457000000000000073e-01	2.967496341988086428e+00
8.493000000000000549e-01	2.841974528855800930e+00
8.528999999999999915e-01	2.729019117873881850e+00
8.565000000000000391e-01	2.274485206652111291e+00
8.600999999999999757e-01	2.320795236794690020e+00
8.637000000000000233e-01	2.270050909168576769e+00
8.672999999999999599e-01	2.288720051918760046e+00
8.709000000000000075e-01	2.394887032902218937e+00
8.745000000000000551e-01	2.384212079341144985e+00
8.781999999999999806e-01	2.472874088158704797e+00
8.818000000000000282e-01	2.409202223526436981e+00
8.853999999999999648e-01	2.210357081632890797e+00
8.890000000000000124e-01	2.251678078430242813e+00
8.925999999999999490e-01	2.168167328010357497e+00
8.961999999999999966e-01	2.226038459800756542e+00
8.998000000000000442e-01	2.243102811081638670e+00
9.033999999999999808e-01	2.262020217857698690e+00
9.070000000000000284e-01	2.298355588823655093e+00
9.105999999999999650e-01	2.262743129395045294e+00
9.142000000000000126e-01	2.165907386325823580e+00
9.177999999999999492e-01	2.141933660969644215e+00
9.213999999999999968e-01	2.048560689573123206e+00
9.251000000000000334e-01	2.175177467093220685e+00
9.286999999999999700e-01	2.209541843785345794e+00
9.323000000000000176e-01	2.185187744102305984e+00
9.358999999999999542e-01	2.243530246939090755e+00
9.395000000000000018e-01	2.229353852804009328e+00
9.431000000000000494e-01	2.153366906126882085e+00
9.466999999999999860e-01	1.895563005514755206e+00
9.503000000000000336e-01	1.998446720121533238e+00
9.538999999999999702e-01	2.046309570785274090e+00
9.575000000000000178e-01	1.902483865379228423e+00
9.610999999999999543e-01	2.002036819212299701e+00
9.647000000000000020e-01	1.896615404108810798e+00
9.683000000000000496e-01	1.818778545220870457e+00
9.718999999999999861e-01	1.849984203156220142e+00
9.756000000000000227e-01	1.664696505401907167e+00
9.791999999999999593e-01	1.823713821314839612e+00
9.828000000000000069e-01	1.857552493313989306e+00
9.864000000000000545e-01	1.803608743113166213e+00
9.899999999999999911e-01	2.065015552454253278e+00
9.936000000000000387e-01	2.108220857743656307e+00
9.971999999999999753e-01	1.939391390952732275e+00
1.000799999999999912e+00	1.971629926960133172e+00
1.004399999999999959e+00	1.937303353664127537e+00
1.008000000000000007e+00	1.938958635844524991e+00
1.011600000000000055e+00	1.842938538204501375e+00
1.015200000000000102e+00	1.861401793005466043e+00
1.018799999999999928e+00	1.658250769313679429e+00
1.022399999999999975e+00	1.593493589386540954e+00
1.026100000000000012e+00	1.553506340138381958e+00
1.029700000000000060e+00	1.557060460591177753e+00
1.033300000000000107e+00	1.387685703943090765e+00
1.036899999999999933e+00	1.215879223758801198e+00
1.040499999999999980e+00	1.191739135692128082e+00
1.044100000000000028e+00	1.091511385762143904e+00
1.047700000000000076e+00	1.194522953454993264e+00
1.051299999999999901e+00	1.086563075925610189e+00
1.054899999999999949e+00	1.160709959161795091e+00
1.058499999999999996e+00	1.300898695398731597e+00
1.062100000000000044e+00	1.437085417934328424e+00
1.065700000000000092e+00	1.453131448415576399e+00
1.069299999999999917e+00	1.602432399749083913e+00
1.072899999999999965e+00	1.691362228690126868e+00
1.076600000000000001e+00	1.987014580697667565e+00
1.080200000000000049e+00	1.925981978715480603e+00
1.083800000000000097e+00	2.067843733357117131e+00
1.087399999999999922e+00	2.597237823316726146e+00
1.090999999999999970e+00	2.975371833974101321e+00
1.094600000000000017e+00	3.317348910189055644e+00
1.098200000000000065e+00	3.882541270715849535e+00
1.101799999999999891e+00	3.860414855577486648e+00
1.105399999999999938e+00	3.687559670761481279e+00
1.108999999999999986e+00	3.306996199356470711e+00
1.112600000000000033e+00	2.917052350455739518e+00
1.116200000000000081e+00	2.503176612025549197e+00
1.119799999999999907e+00	2.296371554352651501e+00
1.123399999999999954e+00	2.165735707907182839e+00
1.127099999999999991e+00	2.161766571448784813e+00
1.130700000000000038e+00	1.899387513172512865e+00
1.134300000000000086e+00	1.892458490263408066e+00
1.137899999999999912e+00	2.069100179087904223e+00
1.141499999999999959e+00	2.133194618179486746e+00
1.145100000000000007e+00	2.810570344404073051e+00
1.148700000000000054e+00	3.679151879866040531e+00
1.152300000000000102e+00	4.633860506064174878e+00
1.155899999999999928e+00	5.489126523414552317e+00
1.159499999999999975e+00	5.886933692353141012e+00
1.163100000000000023e+00	5.870361795961033025e+00
1.166700000000000070e+00	5.336843690378020533e+00
1.170299999999999896e+00	4.803371206271770610e+00
1.173899999999999944e+00	4.141847293037700162e+00
1.177599999999999980e+00	3.827035113194374283e+00
1.181200000000000028e+00	3.973484469415332399e+00
1.184800000000000075e+00	4.104495877688302485e+00
1.188399999999999901e+00	4.391868023948185318e+00
1.191999999999999948e+00	4.471054649905964240e+00
1.195599999999999996e+00	4.591284600588593889e+00
1.199200000000000044e+00	4.484292882099849997e+00
1.202800000000000091e+00	4.469871758411370521e+00
1.206399999999999917e+00	4.358951052621105049e+00
1.209999999999999964e+00	4.303831169146361546e+00
1.213600000000000012e+00	4.054876914968779111e+00
1.217200000000000060e+00	3.966942441021412691e+00
1.220800000000000107e+00	3.805093938725887082e+00
1.224399999999999933e+00	3.706119785744819151e+00
1.228099999999999969e+00	3.893766917182867271e+00
1.231700000000000017e+00	4.058414098883159404e+00
1.235300000000000065e+00	4.108252901010559732e+00
1.238899999999999890e+00	4.269527134174992078e+00
1.242499999999999938e+00	4.306739045928257958e+00
1.246099999999999985e+00	4.513209108307809636e+00
1.249700000000000033e+00	4.510776632766972050e+00
1.253300000000000081e+00	4.288517649939548981e+00
1.256899999999999906e+00	4.117924465322976957e+00
1.260499999999999954e+00	3.922099484496122113e+00
1.264100000000000001e+00	3.632961239994799030e+00
1.267700000000000049e+00	3.490669939270394373e+00
1.271300000000000097e+00	3.519842858511339490e+00
1.274899999999999922e+00	3.670877323069551057e+00
1.278599999999999959e+00	3.558978222933543822e+00
1.282200000000000006e+00	3.791052703215912256e+00
1.285800000000000054e+00	3.650265930574262629e+00
1.289400000000000102e+00	3.946351347549303057e+00
1.292999999999999927e+00	4.020408206984825483e+00
1.296599999999999975e+00	4.157230582961381593e+00
1.300200000000000022e+00	4.410794679436707888e+00
1.303800000000000070e+00	4.514481645958661638e+00
1.307399999999999896e+00	4.832245911952537831e+00
1.310999999999999943e+00	4.854897917176381306e+00
1.314599999999999991e+00	5.144704727127940913e+00
1.318200000000000038e+00	5.297558983851441639e+00
1.321800000000000086e+00	5.177984419364815238e+00
1.325499999999999901e+00	5.050708402537018138e+00
1.329099999999999948e+00	4.967420909804137530e+00
1.332699999999999996e+00	4.927871191754158886e+00
1.336300000000000043e+00	4.663060169031095548e+00
1.339900000000000091e+00	4.563755773835963758e+00
1.343499999999999917e+00	4.577222292507630463e+00
1.347099999999999964e+00	4.561689163044818862e+00
1.350700000000000012e+00	4.568815861231102282e+00
1.354300000000000059e+00	4.403674836916286139e+00
1.357900000000000107e+00	4.396946820893941954e+00
1.361499999999999932e+00	4.388722072972784716e+00
1.365099999999999980e+00	4.536535219664889595e+00
1.368700000000000028e+00	4.620697967612108492e+00
1.372300000000000075e+00	4.652181610499817488e+00
1.375999999999999890e+00	4.836446511555934968e+00
1.379599999999999937e+00	5.155978818169443478e+00
1.383199999999999985e+00	5.283884080308298259e+00
1.386800000000000033e+00	5.494679725785278634e+00
1.390400000000000080e+00	5.540948247831160245e+00
1.393999999999999906e+00	5.763945568088786331e+00
1.397599999999999953e+00	6.071148153948012549e+00
1.401200000000000001e+00	6.138519742704460214e+00
1.404800000000000049e+00	6.489138429383932483e+00
1.408400000000000096e+00	6.847309821252869355e+00
1.411999999999999922e+00	6.928536201080516932e+00
1.415599999999999969e+00	6.956037310917269068e+00
1.419200000000000017e+00	6.600559868940356623e+00
1.422800000000000065e+00	6.037802128186612549e+00
1.426500000000000101e+00	5.800762561266284756e+00
1.430099999999999927e+00	5.726204679657226571e+00
1.433699999999999974e+00	5.459386397293659599e+00
1.437300000000000022e+00	5.484707157005012768e+00
1.440900000000000070e+00	5.485652755847872264e+00
1.444499999999999895e+00	5.643506748922470173e+00
1.448099999999999943e+00	5.754798978879898108e+00
1.451699999999999990e+00	5.759092514157198472e+00
1.455300000000000038e+00	5.723411862786830895e+00
1.458900000000000086e+00	5.809699077995277960e+00
1.462499999999999911e+00	6.042266210847437868e+00
1.466099999999999959e+00	6.208499955848702179e+00
1.469700000000000006e+00	6.518632480927453621e+00
1.473300000000000054e+00	6.846298664711777171e+00
1.477000000000000091e+00	6.968509637499799680e+00
1.480599999999999916e+00	6.854314675988743666e+00
1.484199999999999964e+00	6.916942346741090653e+00
1.487800000000000011e+00	6.939228328125070178e+00
1.491400000000000059e+00	6.848638005623088887e+00
1.495000000000000107e+00	6.795550486564366999e+00
1.498599999999999932e+00	6.783047749439990781e+00
1.502199999999999980e+00	6.645422846151861407e+00
1.505800000000000027e+00	6.725760076677512522e+00
1.509400000000000075e+00	6.761494515283106743e+00
1.512999999999999901e+00	6.629697231200450069e+00
1.516599999999999948e+00	6.644836852285087581e+00
1.520199999999999996e+00	6.913188412944762717e+00
1.523800000000000043e+00	7.159753725628712928e+00
1.527500000000000080e+00	7.413410156575434229e+00
1.531099999999999905e+00	7.785727553373903653e+00
1.534699999999999953e+00	8.042795126195436239e+00
1.538300000000000001e+00	8.151326370071627636e+00
1.541900000000000048e+00	8.297580927822808761e+00
1.545500000000000096e+00	8.265163507584292191e+00
1.549099999999999921e+00	8.326363066682962000e+00
1.552699999999999969e+00	8.417413777179152845e+00
1.556300000000000017e+00	8.374392012555960108e+00
1.559900000000000064e+00	8.369859885384316911e+00
1.563499999999999890e+00	8.531295284231509513e+00
1.567099999999999937e+00	8.512441030985213430e+00
1.570699999999999985e+00	8.306180358834836852e+00
1.574300000000000033e+00	8.396162125837646428e+00
1.578000000000000069e+00	8.331832193609709947e+00
1.581599999999999895e+00	8.418645368473862689e+00
1.585199999999999942e+00	8.649855321388573159e+00
1.588799999999999990e+00	8.929524616633662149e+00
1.592400000000000038e+00	9.294406343818694793e+00
1.596000000000000085e+00	9.718355000456453396e+00
1.599599999999999911e+00	1.004170333821386940e+01
1.603199999999999958e+00	1.007338473358089814e+01
1.606800000000000006e+00	1.030799315401614713e+01
1.610400000000000054e+00	1.044292670068983675e+01
1.614000000000000101e+00	1.052100055563310477e+01
1.617599999999999927e+00	1.059487946233901745e+01
1.621199999999999974e+00	1.094245908426659142e+01
1.624800000000000022e+00	1.125690019470850345e+01
1.628500000000000059e+00	1.165855778993690173e+01
1.632100000000000106e+00	1.242253938044068207e+01
1.635699999999999932e+00	1.294025062203473553e+01
1.639299999999999979e+00	1.335146245235144669e+01
1.642900000000000027e+00	1.376670726724120186e+01
1.646500000000000075e+00	1.446509201858322946e+01
1.650099999999999900e+00	1.503174848899230653e+01
1.653699999999999948e+00	1.603498764733243576e+01
1.657299999999999995e+00	1.736044573519947676e+01
1.660900000000000043e+00	1.920704213494754597e+01
1.664500000000000091e+00	2.071099081920246121e+01
1.668099999999999916e+00	2.190203798535306845e+01
1.671699999999999964e+00	2.186125551885579199e+01
1.675400000000000000e+00	2.078294685230081384e+01
1.679000000000000048e+00	1.914824108477159470e+01
1.682600000000000096e+00	1.718531093078801320e+01
1.686199999999999921e+00	1.553759986405593807e+01
1.689799999999999969e+00	1.458505558847027395e+01
1.693400000000000016e+00	1.390688517976088967e+01
1.697000000000000064e+00	1.413890281035604168e+01
1.700599999999999890e+00	1.487178967097924520e+01
1.704199999999999937e+00	1.626111308859283255e+01
1.707799999999999985e+00	1.777272510362151081e+01
1.711400000000000032e+00	1.860570267198460925e+01
1.715000000000000080e+00	1.890624278897887578e+01
1.718599999999999905e+00	1.769116904486865138e+01
1.722199999999999953e+00	1.569830712958304986e+01
1.725899999999999990e+00	1.347668554517922779e+01
1.729500000000000037e+00	1.164209865446571079e+01
1.733100000000000085e+00	1.050631952610248554e+01
1.736699999999999910e+00	9.995791911281870057e+00
1.740299999999999958e+00	1.004538701294833203e+01
1.743900000000000006e+00	1.023481716151634480e+01
1.747500000000000053e+00	1.045747895064613431e+01
1.751100000000000101e+00	1.052630917033258839e+01
1.754699999999999926e+00	1.051404828968004246e+01
1.758299999999999974e+00	1.040410067442775244e+01
1.761900000000000022e+00	1.063737844893870133e+01
1.765500000000000069e+00	1.048921581093823185e+01
1.769099999999999895e+00	1.049582440273236728e+01
1.772699999999999942e+00	1.056888980275903300e+01
1.776399999999999979e+00	1.049144886100659058e+01
1.780000000000000027e+00	1.040979393856847324e+01
1.783600000000000074e+00	1.023133326818143196e+01
1.787199999999999900e+00	1.003328329497845139e+01
1.790799999999999947e+00	9.752021342295995154e+00
1.794399999999999995e+00	9.883014131586099538e+00
1.798000000000000043e+00	9.823341343148866756e+00
1.801600000000000090e+00	9.864506531413761437e+00
1.805199999999999916e+00	9.754296874695032926e+00
1.808799999999999963e+00	9.764203611095519264e+00
1.812400000000000011e+00	9.633508161508654410e+00
1.816000000000000059e+00	9.273046854809560813e+00
1.819600000000000106e+00	9.194654253274704203e+00
1.823199999999999932e+00	8.947817953501262522e+00
1.826899999999999968e+00	8.898841227751407956e+00
1.830500000000000016e+00	8.631115599834028984e+00
1.834100000000000064e+00	8.643034600975118664e+00
1.837699999999999889e+00	8.775908906417415167e+00
1.841299999999999937e+00	8.783050990624738930e+00
1.844899999999999984e+00	9.162707990412753745e+00
1.848500000000000032e+00	9.662499253779571973e+00
1.852100000000000080e+00	1.030620077550550029e+01
1.855699999999999905e+00	1.107667058978699970e+01
1.859299999999999953e+00	1.172353562627985468e+01
1.862900000000000000e+00	1.217281367777533418e+01
1.866500000000000048e+00	1.221964503656128187e+01
1.870100000000000096e+00	1.161431188974402851e+01
1.873699999999999921e+00	1.101491292048272364e+01
1.877399999999999958e+00	1.034151606421187886e+01
1.881000000000000005e+00	1.020682752532639270e+01
1.884600000000000053e+00	1.017500967785993637e+01
1.888200000000000101e+00	1.062862791744898594e+01
1.891799999999999926e+00	1.121618774534260687e+01
1.895399999999999974e+00	1.170297635475208331e+01
1.899000000000000021e+00	1.203011334117853437e+01
1.902600000000000069e+00	1.205864802553972304e+01
1.906199999999999894e+00	1.214003665046523395e+01
1.909799999999999942e+00	1.213570604074645054e+01
1.913399999999999990e+00	1.213156333544598553e+01
1.917000000000000037e+00	1.205351472307870431e+01
1.920600000000000085e+00	1.217395205981871875e+01
1.924199999999999910e+00	1.202352256539089836e+01
1.927899999999999947e+00	1.181847036289993724e+01
1.931499999999999995e+00	1.167194747517252651e+01
1.935100000000000042e+00	1.151320801704253682e+01
1.938700000000000090e+00	1.168977785011067105e+01
1.942299999999999915e+00	1.226678870403270416e+01
1.945899999999999963e+00	1.331663192920638217e+01
1.949500000000000011e+00	1.433133107862289535e+01
1.953100000000000058e+00	1.535713123036359562e+01
1.956700000000000106e+00	1.589341941343409736e+01
1.960299999999999931e+00	1.629481384219701212e+01
1.963899999999999979e+00	1.604099605661886230e+01
1.967500000000000027e+00	1.587860858379289652e+01
1.971100000000000074e+00	1.546555820728557862e+01
1.974699999999999900e+00	1.499008814044138127e+01
1.978399999999999936e+00	1.456446891702228896e+01
1.981999999999999984e+00	1.418741938213593556e+01
1.985600000000000032e+00	1.425180004694714242e+01
1.989200000000000079e+00	1.450528434477016937e+01
1.992799999999999905e+00	1.533880373354339532e+01
1.996399999999999952e+00	1.655163086007147655e+01
2.000000000000000000e+00	1.863154965119588269e+01
