2.000000000000000111e-01	1.852000000000000091e+00
2.036000000000000032e-01	1.622700000000000031e+00
2.071999999999999953e-01	1.425799999999999956e+00
2.107999999999999874e-01	1.260299999999999976e+00
2.144000000000000072e-01	1.125599999999999934e+00
2.179999999999999993e-01	1.020699999999999941e+00
2.215999999999999914e-01	9.449999999999999512e-01
2.253000000000000003e-01	8.975999999999999535e-01
2.288999999999999924e-01	8.777000000000000357e-01
2.325000000000000122e-01	8.843999999999999639e-01
2.361000000000000043e-01	9.162000000000000144e-01
2.396999999999999964e-01	9.707999999999999963e-01
2.432999999999999885e-01	1.046399999999999997e+00
2.469000000000000083e-01	1.141100000000000003e+00
2.505000000000000004e-01	1.260499999999999954e+00
2.540999999999999925e-01	1.416900000000000048e+00
2.576999999999999846e-01	1.622999999999999998e+00
2.612999999999999767e-01	1.891100000000000003e+00
2.649000000000000243e-01	2.216000000000000192e+00
2.685000000000000164e-01	2.568400000000000016e+00
2.721000000000000085e-01	2.916799999999999837e+00
2.757999999999999896e-01	3.229800000000000004e+00
2.793999999999999817e-01	3.487200000000000077e+00
2.829999999999999738e-01	3.692400000000000126e+00
2.866000000000000214e-01	3.852199999999999847e+00
2.902000000000000135e-01	3.973199999999999843e+00
2.938000000000000056e-01	4.058600000000000207e+00
2.973999999999999977e-01	4.098399999999999821e+00
3.009999999999999898e-01	4.080099999999999838e+00
3.045999999999999819e-01	3.991400000000000059e+00
3.081999999999999740e-01	3.822900000000000187e+00
3.118000000000000216e-01	3.584200000000000053e+00
3.154000000000000137e-01	3.291199999999999903e+00
3.190000000000000058e-01	2.959799999999999986e+00
3.225999999999999979e-01	2.605599999999999916e+00
3.262999999999999790e-01	2.240299999999999958e+00
3.299000000000000266e-01	1.874100000000000099e+00
3.335000000000000187e-01	1.516699999999999937e+00
3.371000000000000107e-01	1.178600000000000092e+00
3.407000000000000028e-01	8.748000000000000220e-01
3.442999999999999949e-01	6.249000000000000110e-01
3.478999999999999870e-01	4.484000000000000208e-01
3.514999999999999791e-01	3.643000000000000127e-01
3.551000000000000267e-01	3.801999999999999824e-01
3.587000000000000188e-01	4.885999999999999788e-01
3.623000000000000109e-01	6.814000000000000057e-01
3.659000000000000030e-01	9.503000000000000336e-01
3.694999999999999951e-01	1.283500000000000085e+00
3.730999999999999872e-01	1.663100000000000023e+00
3.768000000000000238e-01	2.069999999999999840e+00
3.804000000000000159e-01	2.485399999999999832e+00
3.840000000000000080e-01	2.891099999999999781e+00
3.876000000000000001e-01	3.271100000000000119e+00
3.911999999999999922e-01	3.609500000000000153e+00
3.947999999999999843e-01	3.890699999999999825e+00
3.983999999999999764e-01	4.101899999999999658e+00
4.020000000000000240e-01	4.245099999999999874e+00
4.056000000000000161e-01	4.326399999999999579e+00
4.092000000000000082e-01	4.352199999999999847e+00
4.128000000000000003e-01	4.328000000000000291e+00
4.163999999999999924e-01	4.255799999999999805e+00
4.199999999999999845e-01	4.135600000000000165e+00
4.235999999999999766e-01	3.967400000000000038e+00
4.273000000000000131e-01	3.752099999999999991e+00
4.309000000000000052e-01	3.500700000000000145e+00
4.344999999999999973e-01	3.231599999999999806e+00
4.380999999999999894e-01	2.963299999999999823e+00
4.416999999999999815e-01	2.714300000000000157e+00
4.452999999999999736e-01	2.497199999999999864e+00
4.489000000000000212e-01	2.318499999999999783e+00
4.525000000000000133e-01	2.184400000000000119e+00
4.561000000000000054e-01	2.101100000000000190e+00
4.596999999999999975e-01	2.076900000000000190e+00
4.632999999999999896e-01	2.123499999999999943e+00
4.668999999999999817e-01	2.252899999999999903e+00
4.704999999999999738e-01	2.477100000000000080e+00
4.741000000000000214e-01	2.792600000000000193e+00
4.778000000000000025e-01	3.155800000000000161e+00
4.813999999999999946e-01	3.516900000000000137e+00
4.849999999999999867e-01	3.825800000000000090e+00
4.885999999999999788e-01	4.046400000000000219e+00
4.922000000000000264e-01	4.198800000000000310e+00
4.958000000000000185e-01	4.317400000000000126e+00
4.994000000000000106e-01	4.436600000000000321e+00
5.030000000000000027e-01	4.584600000000000009e+00
5.066000000000000503e-01	4.746100000000000207e+00
5.101999999999999869e-01	4.888499999999999623e+00
5.138000000000000345e-01	4.979099999999999859e+00
5.173999999999999710e-01	4.988000000000000433e+00
5.210000000000000187e-01	4.915899999999999714e+00
5.245999999999999552e-01	4.782600000000000406e+00
5.282999999999999918e-01	4.608699999999999797e+00
5.319000000000000394e-01	4.413800000000000168e+00
5.354999999999999760e-01	4.208599999999999675e+00
5.391000000000000236e-01	3.994600000000000151e+00
5.426999999999999602e-01	3.772800000000000153e+00
5.463000000000000078e-01	3.544500000000000206e+00
5.499000000000000554e-01	3.312399999999999789e+00
5.534999999999999920e-01	3.081399999999999917e+00
5.571000000000000396e-01	2.856700000000000017e+00
5.606999999999999762e-01	2.643499999999999961e+00
5.643000000000000238e-01	2.446299999999999919e+00
5.678999999999999604e-01	2.268699999999999939e+00
5.715000000000000080e-01	2.113900000000000112e+00
5.752000000000000446e-01	1.985200000000000076e+00
5.787999999999999812e-01	1.883999999999999897e+00
5.824000000000000288e-01	1.804899999999999949e+00
5.859999999999999654e-01	1.741000000000000103e+00
5.896000000000000130e-01	1.685300000000000020e+00
5.931999999999999496e-01	1.631799999999999917e+00
5.967999999999999972e-01	1.580100000000000060e+00
6.004000000000000448e-01	1.531400000000000095e+00
6.039999999999999813e-01	1.487200000000000077e+00
6.076000000000000290e-01	1.449400000000000022e+00
6.111999999999999655e-01	1.426199999999999912e+00
6.148000000000000131e-01	1.428900000000000059e+00
6.183999999999999497e-01	1.469100000000000072e+00
6.219999999999999973e-01	1.557500000000000107e+00
6.257000000000000339e-01	1.693100000000000049e+00
6.292999999999999705e-01	1.865299999999999958e+00
6.329000000000000181e-01	2.062699999999999978e+00
6.364999999999999547e-01	2.274300000000000210e+00
6.401000000000000023e-01	2.481799999999999784e+00
6.437000000000000499e-01	2.658399999999999874e+00
6.472999999999999865e-01	2.776800000000000157e+00
6.509000000000000341e-01	2.809800000000000075e+00
6.544999999999999707e-01	2.745400000000000063e+00
6.581000000000000183e-01	2.601100000000000190e+00
6.616999999999999549e-01	2.397899999999999920e+00
6.653000000000000025e-01	2.156899999999999817e+00
6.689000000000000501e-01	1.895199999999999996e+00
6.724999999999999867e-01	1.618999999999999995e+00
6.762000000000000233e-01	1.331900000000000084e+00
6.797999999999999599e-01	1.037800000000000056e+00
6.834000000000000075e-01	7.422999999999999599e-01
6.870000000000000551e-01	4.598999999999999755e-01
6.905999999999999917e-01	2.076999999999999957e-01
6.942000000000000393e-01	2.799999999999999972e-03
6.977999999999999758e-01	-1.393000000000000071e-01
7.014000000000000234e-01	-2.164999999999999980e-01
7.049999999999999600e-01	-2.330000000000000127e-01
7.086000000000000076e-01	-1.932999999999999996e-01
7.122000000000000552e-01	-1.018000000000000016e-01
7.157999999999999918e-01	3.189999999999999780e-02
7.194000000000000394e-01	1.950000000000000067e-01
7.229999999999999760e-01	3.744999999999999996e-01
7.267000000000000126e-01	5.576999999999999735e-01
7.302999999999999492e-01	7.393999999999999462e-01
7.338999999999999968e-01	9.223000000000000087e-01
7.375000000000000444e-01	1.110000000000000098e+00
7.410999999999999810e-01	1.305700000000000083e+00
7.447000000000000286e-01	1.509600000000000053e+00
7.482999999999999652e-01	1.716499999999999915e+00
7.519000000000000128e-01	1.920500000000000096e+00
7.554999999999999494e-01	2.115899999999999892e+00
7.590999999999999970e-01	2.294099999999999806e+00
7.627000000000000446e-01	2.438800000000000079e+00
7.662999999999999812e-01	2.532700000000000173e+00
7.699000000000000288e-01	2.558300000000000018e+00
7.734999999999999654e-01	2.506400000000000183e+00
7.772000000000000020e-01	2.403200000000000003e+00
7.808000000000000496e-01	2.283700000000000063e+00
7.843999999999999861e-01	2.182999999999999829e+00
7.880000000000000338e-01	2.129700000000000149e+00
7.915999999999999703e-01	2.105799999999999894e+00
7.952000000000000179e-01	2.074300000000000033e+00
7.987999999999999545e-01	1.997900000000000009e+00
8.024000000000000021e-01	1.843399999999999928e+00
8.060000000000000497e-01	1.623799999999999910e+00
8.095999999999999863e-01	1.381999999999999895e+00
8.132000000000000339e-01	1.161499999999999977e+00
8.167999999999999705e-01	1.004499999999999948e+00
8.204000000000000181e-01	9.316999999999999726e-01
8.239999999999999547e-01	9.426999999999999824e-01
8.276999999999999913e-01	1.035900000000000043e+00
8.313000000000000389e-01	1.209899999999999975e+00
8.348999999999999755e-01	1.455400000000000027e+00
8.385000000000000231e-01	1.751700000000000035e+00
8.420999999999999597e-01	2.077199999999999935e+00
8.457000000000000073e-01	2.410499999999999865e+00
8.493000000000000549e-01	2.736200000000000188e+00
8.528999999999999915e-01	3.052999999999999936e+00
8.565000000000000391e-01	3.361600000000000144e+00
8.600999999999999757e-01	3.662900000000000045e+00
8.637000000000000233e-01	3.954499999999999904e+00
8.672999999999999599e-01	4.222800000000000331e+00
8.709000000000000075e-01	4.451999999999999957e+00
8.745000000000000551e-01	4.625899999999999679e+00
8.781999999999999806e-01	4.730599999999999916e+00
8.818000000000000282e-01	4.763200000000000323e+00
8.853999999999999648e-01	4.724999999999999645e+00
8.890000000000000124e-01	4.617099999999999760e+00
8.925999999999999490e-01	4.442599999999999660e+00
8.961999999999999966e-01	4.222000000000000419e+00
8.998000000000000442e-01	3.986000000000000210e+00
9.033999999999999808e-01	3.764899999999999913e+00
9.070000000000000284e-01	3.588000000000000078e+00
9.105999999999999650e-01	3.458899999999999864e+00
9.142000000000000126e-01	3.359399999999999942e+00
9.177999999999999492e-01	3.270300000000000207e+00
9.213999999999999968e-01	3.173200000000000021e+00
9.251000000000000334e-01	3.067899999999999849e+00
9.286999999999999700e-01	2.977700000000000014e+00
9.323000000000000176e-01	2.927799999999999958e+00
9.358999999999999542e-01	2.942899999999999849e+00
9.395000000000000018e-01	3.037500000000000089e+00
9.431000000000000494e-01	3.204600000000000115e+00
9.466999999999999860e-01	3.434699999999999864e+00
9.503000000000000336e-01	3.718500000000000139e+00
9.538999999999999702e-01	4.043499999999999872e+00
9.575000000000000178e-01	4.388399999999999856e+00
9.610999999999999543e-01	4.730000000000000426e+00
9.647000000000000020e-01	5.045099999999999696e+00
9.683000000000000496e-01	5.314700000000000202e+00
9.718999999999999861e-01	5.540799999999999947e+00
9.756000000000000227e-01	5.731600000000000250e+00
9.791999999999999593e-01	5.895699999999999719e+00
9.828000000000000069e-01	6.040300000000000225e+00
9.864000000000000545e-01	6.165099999999999802e+00
9.899999999999999911e-01	6.265399999999999636e+00
9.936000000000000387e-01	6.336899999999999977e+00
9.971999999999999753e-01	6.374600000000000044e+00
1.000799999999999912e+00	6.368599999999999817e+00
1.004399999999999959e+00	6.305200000000000138e+00
1.008000000000000007e+00	6.170499999999999652e+00
1.011600000000000055e+00	5.951399999999999579e+00
1.015200000000000102e+00	5.658400000000000318e+00
1.018799999999999928e+00	5.328599999999999781e+00
1.022399999999999975e+00	5.000799999999999912e+00
1.026100000000000012e+00	4.713499999999999801e+00
1.029700000000000060e+00	4.488900000000000112e+00
1.033300000000000107e+00	4.320999999999999730e+00
1.036899999999999933e+00	4.200999999999999623e+00
1.040499999999999980e+00	4.120199999999999640e+00
1.044100000000000028e+00	4.073800000000000310e+00
1.047700000000000076e+00	4.068399999999999572e+00
1.051299999999999901e+00	4.112199999999999633e+00
1.054899999999999949e+00	4.213700000000000223e+00
1.058499999999999996e+00	4.374100000000000321e+00
1.062100000000000044e+00	4.565299999999999692e+00
1.065700000000000092e+00	4.750799999999999912e+00
1.069299999999999917e+00	4.894099999999999895e+00
1.072899999999999965e+00	4.967600000000000016e+00
1.076600000000000001e+00	5.003099999999999881e+00
1.080200000000000049e+00	5.057999999999999829e+00
1.083800000000000097e+00	5.190000000000000391e+00
1.087399999999999922e+00	5.450000000000000178e+00
1.090999999999999970e+00	5.810500000000000220e+00
1.094600000000000017e+00	6.192300000000000360e+00
1.098200000000000065e+00	6.514899999999999913e+00
1.101799999999999891e+00	6.700400000000000134e+00
1.105399999999999938e+00	6.722199999999999953e+00
1.108999999999999986e+00	6.605199999999999960e+00
1.112600000000000033e+00	6.376500000000000057e+00
1.116200000000000081e+00	6.063299999999999912e+00
1.119799999999999907e+00	5.702099999999999724e+00
1.123399999999999954e+00	5.343200000000000394e+00
1.127099999999999991e+00	5.038199999999999790e+00
1.130700000000000038e+00	4.838599999999999568e+00
1.134300000000000086e+00	4.774099999999999788e+00
1.137899999999999912e+00	4.824799999999999756e+00
1.141499999999999959e+00	4.963000000000000078e+00
1.145100000000000007e+00	5.161500000000000199e+00
1.148700000000000054e+00	5.389300000000000423e+00
1.152300000000000102e+00	5.602400000000000269e+00
1.155899999999999928e+00	5.753999999999999559e+00
1.159499999999999975e+00	5.796999999999999709e+00
1.163100000000000023e+00	5.697799999999999976e+00
1.166700000000000070e+00	5.502399999999999736e+00
1.170299999999999896e+00	5.286400000000000432e+00
1.173899999999999944e+00	5.125600000000000378e+00
1.177599999999999980e+00	5.087799999999999656e+00
1.181200000000000028e+00	5.162099999999999689e+00
1.184800000000000075e+00	5.292399999999999771e+00
1.188399999999999901e+00	5.421999999999999709e+00
1.191999999999999948e+00	5.496400000000000396e+00
1.195599999999999996e+00	5.501500000000000057e+00
1.199200000000000044e+00	5.458099999999999952e+00
1.202800000000000091e+00	5.388600000000000279e+00
1.206399999999999917e+00	5.314700000000000202e+00
1.209999999999999964e+00	5.236500000000000377e+00
1.213600000000000012e+00	5.125399999999999956e+00
1.217200000000000060e+00	4.950899999999999856e+00
1.220800000000000107e+00	4.682500000000000107e+00
1.224399999999999933e+00	4.317999999999999616e+00
1.228099999999999969e+00	3.911999999999999922e+00
1.231700000000000017e+00	3.525900000000000034e+00
1.235300000000000065e+00	3.221299999999999830e+00
1.238899999999999890e+00	3.034400000000000208e+00
1.242499999999999938e+00	2.920199999999999907e+00
1.246099999999999985e+00	2.817400000000000126e+00
1.249700000000000033e+00	2.664899999999999824e+00
1.253300000000000081e+00	2.417199999999999793e+00
1.256899999999999906e+00	2.110199999999999854e+00
1.260499999999999954e+00	1.805399999999999894e+00
1.264100000000000001e+00	1.564699999999999980e+00
1.267700000000000049e+00	1.440700000000000092e+00
1.271300000000000097e+00	1.410600000000000076e+00
1.274899999999999922e+00	1.413399999999999990e+00
1.278599999999999959e+00	1.387899999999999912e+00
1.282200000000000006e+00	1.277900000000000036e+00
1.285800000000000054e+00	1.105399999999999938e+00
1.289400000000000102e+00	9.519999999999999574e-01
1.292999999999999927e+00	9.010000000000000231e-01
1.296599999999999975e+00	1.032999999999999918e+00
1.300200000000000022e+00	1.345900000000000096e+00
1.303800000000000070e+00	1.741100000000000092e+00
1.307399999999999896e+00	2.114599999999999813e+00
1.310999999999999943e+00	2.363100000000000200e+00
1.314599999999999991e+00	2.447099999999999831e+00
1.318200000000000038e+00	2.439799999999999969e+00
1.321800000000000086e+00	2.425899999999999945e+00
1.325499999999999901e+00	2.490200000000000191e+00
1.329099999999999948e+00	2.680800000000000072e+00
1.332699999999999996e+00	2.944799999999999862e+00
1.336300000000000043e+00	3.212099999999999955e+00
1.339900000000000091e+00	3.412300000000000111e+00
1.343499999999999917e+00	3.492799999999999905e+00
1.347099999999999964e+00	3.478699999999999903e+00
1.350700000000000012e+00	3.416399999999999881e+00
1.354300000000000059e+00	3.352599999999999802e+00
1.357900000000000107e+00	3.327300000000000146e+00
1.361499999999999932e+00	3.336100000000000065e+00
1.365099999999999980e+00	3.354600000000000026e+00
1.368700000000000028e+00	3.358600000000000030e+00
1.372300000000000075e+00	3.325499999999999901e+00
1.375999999999999890e+00	3.257299999999999862e+00
1.379599999999999937e+00	3.171800000000000175e+00
1.383199999999999985e+00	3.087499999999999911e+00
1.386800000000000033e+00	3.023200000000000109e+00
1.390400000000000080e+00	3.009799999999999809e+00
1.393999999999999906e+00	3.090700000000000003e+00
1.397599999999999953e+00	3.309600000000000097e+00
1.401200000000000001e+00	3.709600000000000009e+00
1.404800000000000049e+00	4.273399999999999643e+00
1.408400000000000096e+00	4.891099999999999781e+00
1.411999999999999922e+00	5.444499999999999673e+00
1.415599999999999969e+00	5.815800000000000303e+00
1.419200000000000017e+00	5.946600000000000108e+00
1.422800000000000065e+00	5.921299999999999564e+00
1.426500000000000101e+00	5.844899999999999984e+00
1.430099999999999927e+00	5.822600000000000442e+00
1.433699999999999974e+00	5.928899999999999615e+00
1.437300000000000022e+00	6.121400000000000396e+00
1.440900000000000070e+00	6.329900000000000304e+00
1.444499999999999895e+00	6.484499999999999709e+00
1.448099999999999943e+00	6.529600000000000293e+00
1.451699999999999990e+00	6.499500000000000277e+00
1.455300000000000038e+00	6.462500000000000355e+00
1.458900000000000086e+00	6.487300000000000288e+00
1.462499999999999911e+00	6.635500000000000398e+00
1.466099999999999959e+00	6.899700000000000166e+00
1.469700000000000006e+00	7.231600000000000250e+00
1.473300000000000054e+00	7.582300000000000040e+00
1.477000000000000091e+00	7.903999999999999915e+00
1.480599999999999916e+00	8.166299999999999670e+00
1.484199999999999964e+00	8.355100000000000193e+00
1.487800000000000011e+00	8.456799999999999429e+00
1.491400000000000059e+00	8.458099999999999952e+00
1.495000000000000107e+00	8.374200000000000088e+00
1.498599999999999932e+00	8.257799999999999585e+00
1.502199999999999980e+00	8.164799999999999613e+00
1.505800000000000027e+00	8.150399999999999423e+00
1.509400000000000075e+00	8.240500000000000824e+00
1.512999999999999901e+00	8.399200000000000443e+00
1.516599999999999948e+00	8.583099999999999952e+00
1.520199999999999996e+00	8.748599999999999710e+00
1.523800000000000043e+00	8.862299999999999400e+00
1.527500000000000080e+00	8.924599999999999866e+00
1.531099999999999905e+00	8.942600000000000549e+00
1.534699999999999953e+00	8.923400000000000887e+00
1.538300000000000001e+00	8.873599999999999710e+00
1.541900000000000048e+00	8.797499999999999432e+00
1.545500000000000096e+00	8.698299999999999699e+00
1.549099999999999921e+00	8.579399999999999693e+00
1.552699999999999969e+00	8.445499999999999119e+00
1.556300000000000017e+00	8.312900000000000844e+00
1.559900000000000064e+00	8.203799999999999315e+00
1.563499999999999890e+00	8.140499999999999403e+00
1.567099999999999937e+00	8.144199999999999662e+00
1.570699999999999985e+00	8.217599999999999127e+00
1.574300000000000033e+00	8.349000000000000199e+00
1.578000000000000069e+00	8.526500000000000412e+00
1.581599999999999895e+00	8.737800000000000011e+00
1.585199999999999942e+00	8.963699999999999335e+00
1.588799999999999990e+00	9.176500000000000767e+00
1.592400000000000038e+00	9.348200000000000287e+00
1.596000000000000085e+00	9.451000000000000512e+00
1.599599999999999911e+00	9.489499999999999602e+00
1.603199999999999958e+00	9.526400000000000645e+00
1.606800000000000006e+00	9.630699999999999150e+00
1.610400000000000054e+00	9.871299999999999741e+00
1.614000000000000101e+00	1.028659999999999997e+01
1.617599999999999927e+00	1.082869999999999955e+01
1.621199999999999974e+00	1.143449999999999989e+01
1.624800000000000022e+00	1.204069999999999929e+01
1.628500000000000059e+00	1.259370000000000012e+01
1.632100000000000106e+00	1.308319999999999972e+01
1.635699999999999932e+00	1.351089999999999947e+01
1.639299999999999979e+00	1.387850000000000072e+01
1.642900000000000027e+00	1.420049999999999990e+01
1.646500000000000075e+00	1.458419999999999916e+01
1.650099999999999900e+00	1.517880000000000074e+01
1.653699999999999948e+00	1.613360000000000127e+01
1.657299999999999995e+00	1.757610000000000028e+01
1.660900000000000043e+00	1.935490000000000066e+01
1.664500000000000091e+00	2.112600000000000122e+01
1.668099999999999916e+00	2.254189999999999827e+01
1.671699999999999964e+00	2.326559999999999917e+01
1.675400000000000000e+00	2.322619999999999862e+01
1.679000000000000048e+00	2.263050000000000139e+01
1.682600000000000096e+00	2.169839999999999947e+01
1.686199999999999921e+00	2.064900000000000091e+01
1.689799999999999969e+00	1.964059999999999917e+01
1.693400000000000016e+00	1.873570000000000135e+01
1.697000000000000064e+00	1.798839999999999861e+01
1.700599999999999890e+00	1.745250000000000057e+01
1.704199999999999937e+00	1.713119999999999976e+01
1.707799999999999985e+00	1.690319999999999823e+01
1.711400000000000032e+00	1.662839999999999918e+01
1.715000000000000080e+00	1.616700000000000159e+01
1.718599999999999905e+00	1.542050000000000054e+01
1.722199999999999953e+00	1.445320000000000071e+01
1.725899999999999990e+00	1.336890000000000001e+01
1.729500000000000037e+00	1.227139999999999986e+01
1.733100000000000085e+00	1.125760000000000005e+01
1.736699999999999910e+00	1.038139999999999930e+01
1.740299999999999958e+00	9.679999999999999716e+00
1.743900000000000006e+00	9.190500000000000114e+00
1.747500000000000053e+00	8.941599999999999326e+00
1.751100000000000101e+00	8.874800000000000466e+00
1.754699999999999926e+00	8.878700000000000259e+00
1.758299999999999974e+00	8.841200000000000614e+00
1.761900000000000022e+00	8.655900000000000816e+00
1.765500000000000069e+00	8.328900000000000858e+00
1.769099999999999895e+00	7.969400000000000261e+00
1.772699999999999942e+00	7.690299999999999692e+00
1.776399999999999979e+00	7.603500000000000369e+00
1.780000000000000027e+00	7.761199999999999655e+00
1.783600000000000074e+00	8.133900000000000574e+00
1.787199999999999900e+00	8.685800000000000409e+00
1.790799999999999947e+00	9.380800000000000693e+00
1.794399999999999995e+00	1.015349999999999930e+01
1.798000000000000043e+00	1.087500000000000000e+01
1.801600000000000090e+00	1.140840000000000032e+01
1.805199999999999916e+00	1.161679999999999957e+01
1.808799999999999963e+00	1.142989999999999995e+01
1.812400000000000011e+00	1.100089999999999968e+01
1.816000000000000059e+00	1.052989999999999959e+01
1.819600000000000106e+00	1.021690000000000076e+01
1.823199999999999932e+00	1.021490000000000009e+01
1.826899999999999968e+00	1.042109999999999914e+01
1.830500000000000016e+00	1.064700000000000024e+01
1.834100000000000064e+00	1.070390000000000086e+01
1.837699999999999889e+00	1.043260000000000076e+01
1.841299999999999937e+00	9.939500000000000668e+00
1.844899999999999984e+00	9.470399999999999707e+00
1.848500000000000032e+00	9.272600000000000620e+00
1.852100000000000080e+00	9.576200000000000045e+00
1.855699999999999905e+00	1.033939999999999948e+01
1.859299999999999953e+00	1.130090000000000039e+01
1.862900000000000000e+00	1.219359999999999999e+01
1.866500000000000048e+00	1.275660000000000061e+01
1.870100000000000096e+00	1.293740000000000023e+01
1.873699999999999921e+00	1.293730000000000047e+01
1.877399999999999958e+00	1.297279999999999944e+01
1.881000000000000005e+00	1.325919999999999987e+01
1.884600000000000053e+00	1.386040000000000028e+01
1.888200000000000101e+00	1.455969999999999942e+01
1.891799999999999926e+00	1.510999999999999943e+01
1.895399999999999974e+00	1.526409999999999911e+01
1.899000000000000021e+00	1.489780000000000015e+01
1.902600000000000069e+00	1.424200000000000088e+01
1.906199999999999894e+00	1.359179999999999922e+01
1.909799999999999942e+00	1.324230000000000018e+01
1.913399999999999990e+00	1.341859999999999964e+01
1.917000000000000037e+00	1.402009999999999934e+01
1.920600000000000085e+00	1.485169999999999924e+01
1.924199999999999910e+00	1.571819999999999951e+01
1.927899999999999947e+00	1.644279999999999831e+01
1.931499999999999995e+00	1.698750000000000071e+01
1.935100000000000042e+00	1.737809999999999988e+01
1.938700000000000090e+00	1.764069999999999894e+01
1.942299999999999915e+00	1.780460000000000065e+01
1.945899999999999963e+00	1.794340000000000046e+01
1.949500000000000011e+00	1.816179999999999950e+01
1.953100000000000058e+00	1.856490000000000151e+01
1.956700000000000106e+00	1.925250000000000128e+01
1.960299999999999931e+00	2.017830000000000013e+01
1.963899999999999979e+00	2.114049999999999940e+01
1.967500000000000027e+00	2.192980000000000018e+01
1.971100000000000074e+00	2.233879999999999910e+01
1.974699999999999900e+00	2.229390000000000072e+01
1.978399999999999936e+00	2.193890000000000029e+01
1.981999999999999984e+00	2.143710000000000093e+01
1.985600000000000032e+00	2.095200000000000173e+01
1.989200000000000079e+00	2.064699999999999847e+01
1.992799999999999905e+00	2.068550000000000111e+01
1.996399999999999952e+00	2.123100000000000165e+01
2.000000000000000000e+00	2.244699999999999918e+01
