2.000000000000000111e-01	4.107904500460624497e+00
2.036000000000000032e-01	2.621698306970490222e+00
2.071999999999999953e-01	2.584550974136639923e+00
2.107999999999999874e-01	1.604715379398950148e+00
2.144000000000000072e-01	2.943826111342089824e+00
2.179999999999999993e-01	4.281403310267761775e+00
2.215999999999999914e-01	1.333361116054446516e+00
2.253000000000000003e-01	1.686603703210906247e+00
2.288999999999999924e-01	2.677226825729245530e+00
2.325000000000000122e-01	1.073688289278894814e+00
2.361000000000000043e-01	1.937606997579874868e+00
2.396999999999999964e-01	1.871031778152984604e+00
2.432999999999999885e-01	1.876244617795175484e+00
2.469000000000000083e-01	3.039189606509003383e+00
2.505000000000000004e-01	2.720804103289834242e+00
2.540999999999999925e-01	1.954429275201617910e+00
2.576999999999999846e-01	1.999215866171236478e+00
2.612999999999999767e-01	3.422428670378480753e+00
2.649000000000000243e-01	2.598751297698908225e+00
2.685000000000000164e-01	5.188244518958128992e+00
2.721000000000000085e-01	3.166468988127136619e+00
2.757999999999999896e-01	4.999087512727623306e+00
2.793999999999999817e-01	4.903189483355832934e+00
2.829999999999999738e-01	4.668769115045481755e+00
2.866000000000000214e-01	4.587733544063572921e+00
2.902000000000000135e-01	5.333882530488963880e+00
2.938000000000000056e-01	5.171695723877850703e+00
2.973999999999999977e-01	5.181901596466594206e+00
3.009999999999999898e-01	4.853559525210451753e+00
3.045999999999999819e-01	3.381897013896933313e+00
3.081999999999999740e-01	5.945316149960580887e+00
3.118000000000000216e-01	4.640327374883435496e+00
3.154000000000000137e-01	3.933640182543392427e+00
3.190000000000000058e-01	4.486853525615942750e+00
3.225999999999999979e-01	3.903641189569325931e+00
3.262999999999999790e-01	3.103694699951333291e+00
3.299000000000000266e-01	2.590164172779811924e+00
3.335000000000000187e-01	1.930036133656301889e+00
3.371000000000000107e-01	3.621927561119351324e+00
3.407000000000000028e-01	3.498356785246468093e+00
3.442999999999999949e-01	3.560783781129865488e+00
3.478999999999999870e-01	1.532527016924689178e+00
3.514999999999999791e-01	1.665034444751445353e+00
3.551000000000000267e-01	1.545247428787550614e+00
3.587000000000000188e-01	2.833768390484696642e+00
3.623000000000000109e-01	1.133387296210699446e+00
3.659000000000000030e-01	9.841285102595698220e-02
3.694999999999999951e-01	1.660708292869543135e+00
3.730999999999999872e-01	3.557599679766807022e+00
3.768000000000000238e-01	4.333505292475325454e+00
3.804000000000000159e-01	3.453778780179230790e+00
3.840000000000000080e-01	4.847476210666524565e+00
3.876000000000000001e-01	3.536563062395402746e+00
3.911999999999999922e-01	4.408917879499070658e+00
3.947999999999999843e-01	5.044591700151514146e+00
3.983999999999999764e-01	5.446074593609440129e+00
4.020000000000000240e-01	5.191398241583433659e+00
4.056000000000000161e-01	5.266261347083908362e+00
4.092000000000000082e-01	5.974013697155346136e+00
4.128000000000000003e-01	6.378634000667444681e+00
4.163999999999999924e-01	5.154127182651921935e+00
4.199999999999999845e-01	6.687759254828025135e+00
4.235999999999999766e-01	4.422176910596137489e+00
4.273000000000000131e-01	5.575202104737314812e+00
4.309000000000000052e-01	3.947546710745656107e+00
4.344999999999999973e-01	4.403576685573929339e+00
4.380999999999999894e-01	3.425987401998189963e+00
4.416999999999999815e-01	2.775349259420402781e+00
4.452999999999999736e-01	2.637312603946512901e+00
4.489000000000000212e-01	2.713986008338858280e+00
4.525000000000000133e-01	1.389401888162293819e+00
4.561000000000000054e-01	1.990429387987215248e+00
4.596999999999999975e-01	4.048467787516817573e+00
4.632999999999999896e-01	2.652205036330255616e+00
4.668999999999999817e-01	2.689511113816223098e+00
4.704999999999999738e-01	3.536976257124594181e+00
4.741000000000000214e-01	3.184257490418358927e+00
4.778000000000000025e-01	3.745836463150317819e+00
4.813999999999999946e-01	3.771521642451908019e+00
4.849999999999999867e-01	3.504974781635155967e+00
4.885999999999999788e-01	5.156475400851876500e+00
4.922000000000000264e-01	4.663543630692091213e+00
4.958000000000000185e-01	5.432132783763855777e+00
4.994000000000000106e-01	5.404884779426361696e+00
5.030000000000000027e-01	5.831985396106313502e+00
5.066000000000000503e-01	5.822950034737839786e+00
5.101999999999999869e-01	6.281307838210612893e+00
5.138000000000000345e-01	4.653947378968139148e+00
5.173999999999999710e-01	7.416301871567254622e+00
5.210000000000000187e-01	5.665921586388143361e+00
5.245999999999999552e-01	5.405847806083318829e+00
5.282999999999999918e-01	6.826456314059157648e+00
5.319000000000000394e-01	5.882496517471837549e+00
5.354999999999999760e-01	5.780247055452838012e+00
5.391000000000000236e-01	5.308072646467636879e+00
5.426999999999999602e-01	5.325646680658861598e+00
5.463000000000000078e-01	3.697037884205582436e+00
5.499000000000000554e-01	3.908641568992232251e+00
5.534999999999999920e-01	3.645276494467169837e+00
5.571000000000000396e-01	3.140188282143980381e+00
5.606999999999999762e-01	4.332794111235284795e+00
5.643000000000000238e-01	3.878601855239065976e+00
5.678999999999999604e-01	3.417857386952610543e+00
5.715000000000000080e-01	3.184495454232050271e+00
5.752000000000000446e-01	4.580236617851611847e+00
5.787999999999999812e-01	2.242062524891951014e+00
5.824000000000000288e-01	2.663661449585668972e+00
5.859999999999999654e-01	2.281020140106713612e+00
5.896000000000000130e-01	2.951723350165287307e+00
5.931999999999999496e-01	3.068269046763373531e+00
5.967999999999999972e-01	1.805373538993173765e+00
6.004000000000000448e-01	2.313731933971529209e+00
6.039999999999999813e-01	3.448164859961416084e+00
6.076000000000000290e-01	2.311662558565122705e+00
6.111999999999999655e-01	1.290562173477778352e+00
6.148000000000000131e-01	2.386162020293731256e+00
6.183999999999999497e-01	2.783708400125936677e+00
6.219999999999999973e-01	3.085352533151660914e+00
6.257000000000000339e-01	2.034518171392873054e+00
6.292999999999999705e-01	4.396964696122707572e+00
6.329000000000000181e-01	2.610924803781650816e+00
6.364999999999999547e-01	2.856658254376816419e+00
6.401000000000000023e-01	2.348852126224032055e+00
6.437000000000000499e-01	3.876537787067050544e+00
6.472999999999999865e-01	1.856944703731473911e+00
6.509000000000000341e-01	2.899559337032784789e+00
6.544999999999999707e-01	2.882371733756152743e+00
6.581000000000000183e-01	4.246702835678885180e+00
6.616999999999999549e-01	2.789053067008330000e+00
6.653000000000000025e-01	8.578728749718118607e-01
6.689000000000000501e-01	2.515645588981374026e+00
6.724999999999999867e-01	7.839876919099332264e-01
6.762000000000000233e-01	2.602260968576451283e+00
6.797999999999999599e-01	3.142917856534992005e+00
6.834000000000000075e-01	1.246188630372242923e+00
6.870000000000000551e-01	9.175457341726035443e-01
6.905999999999999917e-01	5.359238778628814259e-01
6.942000000000000393e-01	9.558364933100305105e-01
6.977999999999999758e-01	4.001126756294643982e-01
7.014000000000000234e-01	1.056270890454700684e+00
7.049999999999999600e-01	-1.078622381790063367e-01
7.086000000000000076e-01	1.116038409381814089e+00
7.122000000000000552e-01	6.565137783282314343e-01
7.157999999999999918e-01	-6.516478401415802812e-01
7.194000000000000394e-01	7.641581331940034971e-01
7.229999999999999760e-01	2.036190891044133533e+00
7.267000000000000126e-01	-5.388775005092738546e-02
7.302999999999999492e-01	1.321249410213933384e+00
7.338999999999999968e-01	-1.203483046251284660e-01
7.375000000000000444e-01	2.539653863903638786e+00
7.410999999999999810e-01	1.684428575678590390e+00
7.447000000000000286e-01	3.050686565521745663e+00
7.482999999999999652e-01	1.813436855125737157e+00
7.519000000000000128e-01	1.527747280672280272e+00
7.554999999999999494e-01	2.645960866418915813e+00
7.590999999999999970e-01	4.810179235450858570e+00
7.627000000000000446e-01	4.837840135441792810e+00
7.662999999999999812e-01	3.727473558627452110e+00
7.699000000000000288e-01	2.928032044956768498e+00
7.734999999999999654e-01	3.615632317955732145e+00
7.772000000000000020e-01	1.733323142725294197e+00
7.808000000000000496e-01	2.202372166082950944e+00
7.843999999999999861e-01	4.487087279058044942e+00
7.880000000000000338e-01	2.884850359509259388e+00
7.915999999999999703e-01	2.268380503361448142e+00
7.952000000000000179e-01	4.075530629563608898e+00
7.987999999999999545e-01	2.388360423646228803e+00
8.024000000000000021e-01	1.563803690154777826e+00
8.060000000000000497e-01	1.414693782487293827e+00
8.095999999999999863e-01	1.807958739791305725e+00
8.132000000000000339e-01	2.898329449060565999e+00
8.167999999999999705e-01	7.386902126203477303e-01
8.204000000000000181e-01	2.157677813276047463e+00
8.239999999999999547e-01	2.442585481029323713e+00
8.276999999999999913e-01	1.954563876126616417e+00
8.313000000000000389e-01	1.105955276974206036e+00
8.348999999999999755e-01	1.194078126190204259e+00
8.385000000000000231e-01	1.308588821895055876e+00
8.420999999999999597e-01	4.173535136549045177e+00
8.457000000000000073e-01	3.116344201675920633e+00
8.493000000000000549e-01	3.243856140370494412e+00
8.528999999999999915e-01	3.244843603616263117e+00
8.565000000000000391e-01	4.241620225546481215e+00
8.600999999999999757e-01	3.591391626620221711e+00
8.637000000000000233e-01	5.153804282378483315e+00
8.672999999999999599e-01	5.464995884300877904e+00
8.709000000000000075e-01	3.623803469709986569e+00
8.745000000000000551e-01	6.309676036848711256e+00
8.781999999999999806e-01	6.944367951199884814e+00
8.818000000000000282e-01	5.349602894369983375e+00
8.853999999999999648e-01	5.813225866849276002e+00
8.890000000000000124e-01	5.096435283708716568e+00
8.925999999999999490e-01	5.499220066328115664e+00
8.961999999999999966e-01	5.159686910352530020e+00
8.998000000000000442e-01	5.463218832257481061e+00
9.033999999999999808e-01	3.830656825785448305e+00
9.070000000000000284e-01	4.369550283940190738e+00
9.105999999999999650e-01	4.372666046929179373e+00
9.142000000000000126e-01	6.320012323380402641e+00
9.177999999999999492e-01	3.932988717477625240e+00
9.213999999999999968e-01	3.972830317036015746e+00
9.251000000000000334e-01	4.567542063450736656e+00
9.286999999999999700e-01	4.016145014154087534e+00
9.323000000000000176e-01	5.066983636534504676e+00
9.358999999999999542e-01	2.534155040400295267e+00
9.395000000000000018e-01	2.990133238730781073e+00
9.431000000000000494e-01	2.710101206724254919e+00
9.466999999999999860e-01	3.765424079544982483e+00
9.503000000000000336e-01	4.177223772787148626e+00
9.538999999999999702e-01	5.206317355185773543e+00
9.575000000000000178e-01	4.697621530391436373e+00
9.610999999999999543e-01	4.368802627646934056e+00
9.647000000000000020e-01	4.596810177569456535e+00
9.683000000000000496e-01	5.206041609315876784e+00
9.718999999999999861e-01	6.589845692427634738e+00
9.756000000000000227e-01	7.507664978402972977e+00
9.791999999999999593e-01	4.963719733139339674e+00
9.828000000000000069e-01	7.299599007698036601e+00
9.864000000000000545e-01	6.620027839430727035e+00
9.899999999999999911e-01	8.289740704060530874e+00
9.936000000000000387e-01	6.969659937624500756e+00
9.971999999999999753e-01	5.863726231837728342e+00
1.000799999999999912e+00	8.170840114019474854e+00
1.004399999999999959e+00	6.867005455456784979e+00
1.008000000000000007e+00	8.038662538520439327e+00
1.011600000000000055e+00	7.260048915860574326e+00
1.015200000000000102e+00	5.260339783156389615e+00
1.018799999999999928e+00	3.841955964512621335e+00
1.022399999999999975e+00	6.274960117309181129e+00
1.026100000000000012e+00	6.119336428294005259e+00
1.029700000000000060e+00	5.315877680113144876e+00
1.033300000000000107e+00	4.426810536036488664e+00
1.036899999999999933e+00	5.497201770285924383e+00
1.040499999999999980e+00	5.828233461247157798e+00
1.044100000000000028e+00	4.154942995063898081e+00
1.047700000000000076e+00	4.640532085549877728e+00
1.051299999999999901e+00	4.489924355149774726e+00
1.054899999999999949e+00	5.256152090248009223e+00
1.058499999999999996e+00	4.753049444917908595e+00
1.062100000000000044e+00	5.980305993456305202e+00
1.065700000000000092e+00	4.717878554956347337e+00
1.069299999999999917e+00	5.625886952638870397e+00
1.072899999999999965e+00	6.775687638223621079e+00
1.076600000000000001e+00	4.721664768606126827e+00
1.080200000000000049e+00	5.473221184258568961e+00
1.083800000000000097e+00	6.261499830899006191e+00
1.087399999999999922e+00	4.493365527243351920e+00
1.090999999999999970e+00	5.852825340487913586e+00
1.094600000000000017e+00	6.954841604775618080e+00
1.098200000000000065e+00	7.148988174197495660e+00
1.101799999999999891e+00	7.252182117935456418e+00
1.105399999999999938e+00	8.677110738972888981e+00
1.108999999999999986e+00	6.373873554614378989e+00
1.112600000000000033e+00	7.662664774885143082e+00
1.116200000000000081e+00	7.623007933124526403e+00
1.119799999999999907e+00	5.626927507918292548e+00
1.123399999999999954e+00	4.726323288662315214e+00
1.127099999999999991e+00	6.527878788100508700e+00
1.130700000000000038e+00	5.625696468600239974e+00
1.134300000000000086e+00	5.309739628131666223e+00
1.137899999999999912e+00	6.566221270995214354e+00
1.141499999999999959e+00	6.908645068741473771e+00
1.145100000000000007e+00	6.870885798333365102e+00
1.148700000000000054e+00	5.905927682449441107e+00
1.152300000000000102e+00	6.200393321427801752e+00
1.155899999999999928e+00	5.844651303391823483e+00
1.159499999999999975e+00	6.038507754430848529e+00
1.163100000000000023e+00	8.674973726866635815e+00
1.166700000000000070e+00	6.785169764198338171e+00
1.170299999999999896e+00	6.169796919498058863e+00
1.173899999999999944e+00	5.671996425006363474e+00
1.177599999999999980e+00	6.249398603569217059e+00
1.181200000000000028e+00	6.921594990374963174e+00
1.184800000000000075e+00	6.815286884586962302e+00
1.188399999999999901e+00	5.616201008803431982e+00
1.191999999999999948e+00	5.776959914927469519e+00
1.195599999999999996e+00	5.616877520353446229e+00
1.199200000000000044e+00	5.654860612350860016e+00
1.202800000000000091e+00	5.174040000320101917e+00
1.206399999999999917e+00	5.946697620642350302e+00
1.209999999999999964e+00	6.499441700341094474e+00
1.213600000000000012e+00	7.079036218861459062e+00
1.217200000000000060e+00	5.928761207629881014e+00
1.220800000000000107e+00	4.402212114504404639e+00
1.224399999999999933e+00	3.478370803157468938e+00
1.228099999999999969e+00	6.077648155284519405e+00
1.231700000000000017e+00	4.842155355544991657e+00
1.235300000000000065e+00	3.582413651862855097e+00
1.238899999999999890e+00	5.156750267595351822e+00
1.242499999999999938e+00	2.971718686331432213e+00
1.246099999999999985e+00	3.911522272282723200e+00
1.249700000000000033e+00	5.522370737641661975e+00
1.253300000000000081e+00	4.005848743636864384e+00
1.256899999999999906e+00	2.758939882620471185e+00
1.260499999999999954e+00	2.350142982047793261e+00
1.264100000000000001e+00	2.792049414943249985e+00
1.267700000000000049e+00	6.341391447548151428e-01
1.271300000000000097e+00	9.462321449219320835e-01
1.274899999999999922e+00	3.238303868864368162e+00
1.278599999999999959e+00	2.175905962725386278e+00
1.282200000000000006e+00	2.227604159368235415e+00
1.285800000000000054e+00	1.788853423499626283e+00
1.289400000000000102e+00	2.199190677498512159e+00
1.292999999999999927e+00	3.161414609270894793e+00
1.296599999999999975e+00	5.704026446384006244e-01
1.300200000000000022e+00	1.427330676877331284e+00
1.303800000000000070e+00	4.289791496212864708e+00
1.307399999999999896e+00	4.813741198452406778e+00
1.310999999999999943e+00	3.303314746206462704e+00
1.314599999999999991e+00	3.249868920938592254e+00
1.318200000000000038e+00	2.737077502488082459e+00
1.321800000000000086e+00	3.984594671660205645e+00
1.325499999999999901e+00	3.552158895507902869e+00
1.329099999999999948e+00	3.394319685078348137e+00
1.332699999999999996e+00	5.260707111436513372e+00
1.336300000000000043e+00	3.637997569445905466e+00
1.339900000000000091e+00	5.465962013895314442e+00
1.343499999999999917e+00	4.506958537133181508e+00
1.347099999999999964e+00	4.800779451264295616e+00
1.350700000000000012e+00	3.480950890573838663e+00
1.354300000000000059e+00	3.449600854913808412e+00
1.357900000000000107e+00	5.671761400065925329e+00
1.361499999999999932e+00	3.444020000104036860e+00
1.365099999999999980e+00	4.860821832177025570e+00
1.368700000000000028e+00	5.007547450683398793e+00
1.372300000000000075e+00	3.970001236028933622e+00
1.375999999999999890e+00	4.648231120005806183e+00
1.379599999999999937e+00	4.000609497494587607e+00
1.383199999999999985e+00	4.113067550835888042e+00
1.386800000000000033e+00	3.190745772568609251e+00
1.390400000000000080e+00	5.466066323772918345e+00
1.393999999999999906e+00	4.584775125427543507e+00
1.397599999999999953e+00	4.506257057437943025e+00
1.401200000000000001e+00	3.833448629523186657e+00
1.404800000000000049e+00	4.272787927055393453e+00
1.408400000000000096e+00	5.767470655315014127e+00
1.411999999999999922e+00	7.696605816387811494e+00
1.415599999999999969e+00	7.640037107205225553e+00
1.419200000000000017e+00	6.334911804137904667e+00
1.422800000000000065e+00	6.572918903870180074e+00
1.426500000000000101e+00	7.144203232784068547e+00
1.430099999999999927e+00	7.756097606525647947e+00
1.433699999999999974e+00	7.521118191652905516e+00
1.437300000000000022e+00	6.995108065386680174e+00
1.440900000000000070e+00	6.020269699450071954e+00
1.444499999999999895e+00	7.797064421321884709e+00
1.448099999999999943e+00	6.227775512588375584e+00
1.451699999999999990e+00	6.186796372642236364e+00
1.455300000000000038e+00	6.019717516664399248e+00
1.458900000000000086e+00	7.052041091279035001e+00
1.462499999999999911e+00	8.873466086659012930e+00
1.466099999999999959e+00	7.471809112085288085e+00
1.469700000000000006e+00	7.018032321799749340e+00
1.473300000000000054e+00	8.516479711707017231e+00
1.477000000000000091e+00	9.770013987055698124e+00
1.480599999999999916e+00	8.529773617215321124e+00
1.484199999999999964e+00	7.659527168019705456e+00
1.487800000000000011e+00	8.533005209467400931e+00
1.491400000000000059e+00	9.239324797460616523e+00
1.495000000000000107e+00	9.474633324691033920e+00
1.498599999999999932e+00	7.800441428536061927e+00
1.502199999999999980e+00	8.244114616229488490e+00
1.505800000000000027e+00	8.863118049737870763e+00
1.509400000000000075e+00	8.958680444900952722e+00
1.512999999999999901e+00	9.742934170650752179e+00
1.516599999999999948e+00	1.001294533606048986e+01
1.520199999999999996e+00	9.448326400524845070e+00
1.523800000000000043e+00	1.182884553052770471e+01
1.527500000000000080e+00	9.184498825934195310e+00
1.531099999999999905e+00	1.106367950965339375e+01
1.534699999999999953e+00	9.118119964338852412e+00
1.538300000000000001e+00	9.856683685442657605e+00
1.541900000000000048e+00	9.779423508763191109e+00
1.545500000000000096e+00	9.424695200187731103e+00
1.549099999999999921e+00	1.091038219641440321e+01
1.552699999999999969e+00	8.168984956383482654e+00
1.556300000000000017e+00	8.156012223524722771e+00
1.559900000000000064e+00	8.627627244690822650e+00
1.563499999999999890e+00	1.053632644561168163e+01
1.567099999999999937e+00	9.176642989903175618e+00
1.570699999999999985e+00	9.353793918042031308e+00
1.574300000000000033e+00	9.903728027608110551e+00
1.578000000000000069e+00	8.400135820126601871e+00
1.581599999999999895e+00	1.004054039375982121e+01
1.585199999999999942e+00	8.880813386500570061e+00
1.588799999999999990e+00	8.926003782009543031e+00
1.592400000000000038e+00	9.437996712619497686e+00
1.596000000000000085e+00	1.152159381746852951e+01
1.599599999999999911e+00	1.015017697354496207e+01
1.603199999999999958e+00	1.079938571811546488e+01
1.606800000000000006e+00	9.303395937717059638e+00
1.610400000000000054e+00	9.922229531911805012e+00
1.614000000000000101e+00	1.092935166119378643e+01
1.617599999999999927e+00	1.328248881038428486e+01
1.621199999999999974e+00	1.162552415669273564e+01
1.624800000000000022e+00	1.277098503473845525e+01
1.628500000000000059e+00	1.269998673179081194e+01
1.632100000000000106e+00	1.494634213812857482e+01
1.635699999999999932e+00	1.620155253590749211e+01
1.639299999999999979e+00	1.549162982973546221e+01
1.642900000000000027e+00	1.438404242098727437e+01
1.646500000000000075e+00	1.473035084235879921e+01
1.650099999999999900e+00	1.598863732346855215e+01
1.653699999999999948e+00	1.679837265470052188e+01
1.657299999999999995e+00	1.853442472556653442e+01
1.660900000000000043e+00	2.041640780924769771e+01
1.664500000000000091e+00	2.221790936002597405e+01
1.668099999999999916e+00	2.413040775809428595e+01
1.671699999999999964e+00	2.414824713724724958e+01
1.675400000000000000e+00	2.491316465120565837e+01
1.679000000000000048e+00	2.319217532682400673e+01
1.682600000000000096e+00	2.257876933602649316e+01
1.686199999999999921e+00	2.097342063956164537e+01
1.689799999999999969e+00	2.166205843129761988e+01
1.693400000000000016e+00	1.948677550490099364e+01
1.697000000000000064e+00	1.722618076826174871e+01
1.700599999999999890e+00	1.901436480857460865e+01
1.704199999999999937e+00	1.698511802996813458e+01
1.707799999999999985e+00	1.869045961085799945e+01
1.711400000000000032e+00	1.710203656748252143e+01
1.715000000000000080e+00	1.512159041215476130e+01
1.718599999999999905e+00	1.684157727003510274e+01
1.722199999999999953e+00	1.467813574802706356e+01
1.725899999999999990e+00	1.399832073187613268e+01
1.729500000000000037e+00	1.289892313370390653e+01
1.733100000000000085e+00	1.163798062003364997e+01
1.736699999999999910e+00	1.059064828241894674e+01
1.740299999999999958e+00	1.172619908820247225e+01
1.743900000000000006e+00	9.602634029720643838e+00
1.747500000000000053e+00	8.336751143168561029e+00
1.751100000000000101e+00	1.073419747316287953e+01
1.754699999999999926e+00	9.845425821787099352e+00
1.758299999999999974e+00	9.255318210259709133e+00
1.761900000000000022e+00	8.650320350293464244e+00
1.765500000000000069e+00	8.552439778906506973e+00
1.769099999999999895e+00	9.991904632860592272e+00
1.772699999999999942e+00	7.933211598385160102e+00
1.776399999999999979e+00	7.957463483542417393e+00
1.780000000000000027e+00	8.322143728377994876e+00
1.783600000000000074e+00	9.596706375880550866e+00
1.787199999999999900e+00	1.084139962977181071e+01
1.790799999999999947e+00	1.000790622325863843e+01
1.794399999999999995e+00	1.142036554641588531e+01
1.798000000000000043e+00	1.137232366042648835e+01
1.801600000000000090e+00	1.144639787741053638e+01
1.805199999999999916e+00	1.201913609488789447e+01
1.808799999999999963e+00	1.237972651124499635e+01
1.812400000000000011e+00	1.188447299091011544e+01
1.816000000000000059e+00	1.213953698476403886e+01
1.819600000000000106e+00	1.085147835753588019e+01
1.823199999999999932e+00	1.079838569132561688e+01
1.826899999999999968e+00	1.170063400650770014e+01
1.830500000000000016e+00	1.128203724549211451e+01
1.834100000000000064e+00	1.027862941204169189e+01
1.837699999999999889e+00	1.178338585003371719e+01
1.841299999999999937e+00	1.149397448434692492e+01
1.844899999999999984e+00	9.709885898025209627e+00
1.848500000000000032e+00	1.056228520470621923e+01
1.852100000000000080e+00	9.304407139687823403e+00
1.855699999999999905e+00	1.112563437432154245e+01
1.859299999999999953e+00	1.092686860188366182e+01
1.862900000000000000e+00	1.500541030138295717e+01
1.866500000000000048e+00	1.254516724963983343e+01
1.870100000000000096e+00	1.573479103412947211e+01
1.873699999999999921e+00	1.423607410426490638e+01
1.877399999999999958e+00	1.403441444007225947e+01
1.881000000000000005e+00	1.479956261090047676e+01
1.884600000000000053e+00	1.323974658012113359e+01
1.888200000000000101e+00	1.375172785651418117e+01
1.891799999999999926e+00	1.543249416711378608e+01
1.895399999999999974e+00	1.526446454670640840e+01
1.899000000000000021e+00	1.617769371204695261e+01
1.902600000000000069e+00	1.615709083490552800e+01
1.906199999999999894e+00	1.380739595828796595e+01
1.909799999999999942e+00	1.447911199413678673e+01
1.913399999999999990e+00	1.392918622339723100e+01
1.917000000000000037e+00	1.450245097023263163e+01
1.920600000000000085e+00	1.499750133958915121e+01
1.924199999999999910e+00	1.543533087169498152e+01
1.927899999999999947e+00	1.644272051530240475e+01
1.931499999999999995e+00	1.948373294449929460e+01
1.935100000000000042e+00	1.724372110012703985e+01
1.938700000000000090e+00	1.748795981125007870e+01
1.942299999999999915e+00	1.768207295472771889e+01
1.945899999999999963e+00	1.880493992826036376e+01
1.949500000000000011e+00	1.880102609884582776e+01
1.953100000000000058e+00	1.861641395628797824e+01
1.956700000000000106e+00	1.986565993104263583e+01
1.960299999999999931e+00	2.077663848753549658e+01
1.963899999999999979e+00	2.240025447525804836e+01
1.967500000000000027e+00	2.421470852158007148e+01
1.971100000000000074e+00	2.142649867499732963e+01
1.974699999999999900e+00	2.399265080245139004e+01
1.978399999999999936e+00	2.324601767398694818e+01
1.981999999999999984e+00	2.227076310919940383e+01
1.985600000000000032e+00	2.202694609220890953e+01
1.989200000000000079e+00	2.076008394868120988e+01
1.992799999999999905e+00	2.176705529424021535e+01
1.996399999999999952e+00	2.389593449650837442e+01
2.000000000000000000e+00	2.246462019794291720e+01
