2.000000000000000111e-01	1.590222188275707049e+00
2.036000000000000032e-01	1.573391130215388234e+00
2.071999999999999953e-01	1.499449968202080541e+00
2.107999999999999874e-01	1.484657786019762948e+00
2.144000000000000072e-01	9.411783909856703545e-01
2.179999999999999993e-01	9.677620421670583006e-01
2.215999999999999914e-01	3.914568669245984123e-01
2.253000000000000003e-01	6.050269630457670855e-01
2.288999999999999924e-01	1.063660895825492947e+00
2.325000000000000122e-01	1.326179602699029125e+00
2.361000000000000043e-01	1.326082798481809544e+00
2.396999999999999964e-01	1.211576654179407075e+00
2.432999999999999885e-01	1.303893660308974578e+00
2.469000000000000083e-01	9.871344049779477992e-01
2.505000000000000004e-01	1.429796379498366576e+00
2.540999999999999925e-01	1.964492647400804204e+00
2.576999999999999846e-01	1.652707352669869678e+00
2.612999999999999767e-01	2.859043126472724961e+00
2.649000000000000243e-01	1.643597374693518409e+00
2.685000000000000164e-01	3.242289233392675385e+00
2.721000000000000085e-01	3.072033444322663343e+00
2.757999999999999896e-01	2.709785870748385506e+00
2.793999999999999817e-01	3.824738334744207879e+00
2.829999999999999738e-01	4.144035272959037286e+00
2.866000000000000214e-01	3.880594233184327724e+00
2.902000000000000135e-01	4.653492619939903818e+00
2.938000000000000056e-01	4.177576099282958033e+00
2.973999999999999977e-01	3.680501223040075320e+00
3.009999999999999898e-01	4.079180583850478214e+00
3.045999999999999819e-01	4.108268265039860090e+00
3.081999999999999740e-01	4.286133259471249346e+00
3.118000000000000216e-01	3.530884377099151372e+00
3.154000000000000137e-01	3.400405883765622139e+00
3.190000000000000058e-01	2.492640105473683754e+00
3.225999999999999979e-01	2.492740634311254144e+00
3.262999999999999790e-01	2.277943879599102051e+00
3.299000000000000266e-01	1.802061760275823099e+00
3.335000000000000187e-01	1.657142374844747135e+00
3.371000000000000107e-01	1.193868848205716704e+00
3.407000000000000028e-01	9.180473227462252472e-01
3.442999999999999949e-01	1.224845852826207393e+00
3.478999999999999870e-01	2.587060216334928775e-01
3.514999999999999791e-01	7.991972105848964558e-01
3.551000000000000267e-01	5.357291667749691788e-02
3.587000000000000188e-01	7.520338183692046874e-01
3.623000000000000109e-01	6.871237321380672114e-01
3.659000000000000030e-01	1.186771197500255948e+00
3.694999999999999951e-01	1.277072230861393098e+00
3.730999999999999872e-01	1.936755990812543127e+00
3.768000000000000238e-01	1.868482929826651429e+00
3.804000000000000159e-01	2.467744852770832331e+00
3.840000000000000080e-01	2.603860465232529453e+00
3.876000000000000001e-01	3.465388446888099327e+00
3.911999999999999922e-01	3.804992549006833702e+00
3.947999999999999843e-01	4.973641172963112922e+00
3.983999999999999764e-01	4.784713667860388320e+00
4.020000000000000240e-01	4.461566998433074360e+00
4.056000000000000161e-01	4.254297904482938542e+00
4.092000000000000082e-01	4.684116605374437192e+00
4.128000000000000003e-01	4.846028404486310670e+00
4.163999999999999924e-01	4.607170294679844069e+00
4.199999999999999845e-01	3.766416919906522498e+00
4.235999999999999766e-01	3.571310181228336766e+00
4.273000000000000131e-01	4.227300192728215222e+00
4.309000000000000052e-01	3.278400201455388352e+00
4.344999999999999973e-01	3.410085045143359306e+00
4.380999999999999894e-01	3.025317347358157605e+00
4.416999999999999815e-01	2.885923520283629529e+00
4.452999999999999736e-01	2.633019007889561447e+00
4.489000000000000212e-01	2.834417157451639468e+00
4.525000000000000133e-01	2.638452440759578188e+00
4.561000000000000054e-01	2.358722806249463844e+00
4.596999999999999975e-01	1.700613378909250795e+00
4.632999999999999896e-01	2.202254251338632063e+00
4.668999999999999817e-01	3.018706842303897631e+00
4.704999999999999738e-01	2.478668835581401275e+00
4.741000000000000214e-01	3.361544294504839048e+00
4.778000000000000025e-01	2.874253636407275714e+00
4.813999999999999946e-01	3.867535795268605803e+00
4.849999999999999867e-01	3.102762867543340519e+00
4.885999999999999788e-01	4.941988343809342155e+00
4.922000000000000264e-01	4.413710821701338105e+00
4.958000000000000185e-01	4.387821246417543897e+00
4.994000000000000106e-01	4.447183503835956841e+00
5.030000000000000027e-01	4.669170556523165594e+00
5.066000000000000503e-01	4.620545382955879354e+00
5.101999999999999869e-01	5.559288437353345991e+00
5.138000000000000345e-01	5.059463995680227200e+00
5.173999999999999710e-01	3.866158232858841082e+00
5.210000000000000187e-01	5.316234301668674611e+00
5.245999999999999552e-01	5.563516724073088504e+00
5.282999999999999918e-01	5.038325337167240292e+00
5.319000000000000394e-01	3.957075994170252464e+00
5.354999999999999760e-01	4.520286332425072828e+00
5.391000000000000236e-01	4.688753030884891260e+00
5.426999999999999602e-01	3.798674334941509301e+00
5.463000000000000078e-01	4.222380009953546676e+00
5.499000000000000554e-01	3.498564625685442131e+00
5.534999999999999920e-01	3.473863564929150272e+00
5.571000000000000396e-01	3.640537515134828705e+00
5.606999999999999762e-01	3.185072272088913525e+00
5.643000000000000238e-01	2.724208747096029004e+00
5.678999999999999604e-01	2.147452650608316027e+00
5.715000000000000080e-01	2.354688213406552322e+00
5.752000000000000446e-01	1.967734253335921668e+00
5.787999999999999812e-01	1.796604989990467471e+00
5.824000000000000288e-01	2.122407448981567413e+00
5.859999999999999654e-01	1.151109602152277755e+00
5.896000000000000130e-01	1.870320381558490119e+00
5.931999999999999496e-01	1.834566913162445800e+00
5.967999999999999972e-01	1.913981799024289998e+00
6.004000000000000448e-01	1.728058182230622686e+00
6.039999999999999813e-01	8.349757556617909415e-01
6.076000000000000290e-01	1.054112608083566105e+00
6.111999999999999655e-01	1.017144133130226447e+00
6.148000000000000131e-01	1.551170734031542597e+00
6.183999999999999497e-01	1.011574548462894851e+00
6.219999999999999973e-01	1.181741346647108060e+00
6.257000000000000339e-01	1.923983382746697446e+00
6.292999999999999705e-01	1.672233609263257037e+00
6.329000000000000181e-01	1.441216354984246939e+00
6.364999999999999547e-01	2.332329342990921983e+00
6.401000000000000023e-01	3.006379429268764003e+00
6.437000000000000499e-01	2.695452221462373732e+00
6.472999999999999865e-01	2.902854883840354283e+00
6.509000000000000341e-01	2.302908204943068693e+00
6.544999999999999707e-01	2.676202117065086039e+00
6.581000000000000183e-01	2.957146182893214625e+00
6.616999999999999549e-01	2.541876259660618143e+00
6.653000000000000025e-01	1.549662393375218494e+00
6.689000000000000501e-01	2.030788998816178914e+00
6.724999999999999867e-01	1.234485617877237651e+00
6.762000000000000233e-01	1.868399920068001485e+00
6.797999999999999599e-01	1.008053630135892886e+00
6.834000000000000075e-01	9.376774453677205745e-01
6.870000000000000551e-01	1.115982030482558063e+00
6.905999999999999917e-01	-1.338908950474067550e-01
6.942000000000000393e-01	-1.357893813100741198e-02
6.977999999999999758e-01	-3.513924372215385672e-01
7.014000000000000234e-01	-4.479528006270661056e-02
7.049999999999999600e-01	3.049533986649912154e-01
7.086000000000000076e-01	7.542900951714442970e-02
7.122000000000000552e-01	-7.171552990583454079e-01
7.157999999999999918e-01	-3.084488708348290809e-01
7.194000000000000394e-01	7.695440672369062707e-01
7.229999999999999760e-01	7.738270791996465503e-02
7.267000000000000126e-01	2.005196693723364787e-01
7.302999999999999492e-01	3.101974812449675989e-01
7.338999999999999968e-01	8.570104016019277626e-01
7.375000000000000444e-01	1.653419477106074176e+00
7.410999999999999810e-01	1.622599316021512195e+00
7.447000000000000286e-01	1.524319383946121542e+00
7.482999999999999652e-01	2.081782574841974487e+00
7.519000000000000128e-01	1.625917859379004904e+00
7.554999999999999494e-01	2.488561820243029743e+00
7.590999999999999970e-01	2.084876946847836532e+00
7.627000000000000446e-01	2.727152565990019539e+00
7.662999999999999812e-01	2.518199312308826432e+00
7.699000000000000288e-01	2.841646332694201860e+00
7.734999999999999654e-01	2.492324441406147173e+00
7.772000000000000020e-01	2.057144026969889516e+00
7.808000000000000496e-01	1.539093361560154971e+00
7.843999999999999861e-01	2.170622345958695742e+00
7.880000000000000338e-01	1.945572768242771033e+00
7.915999999999999703e-01	2.461481575211661887e+00
7.952000000000000179e-01	2.200625253544928217e+00
7.987999999999999545e-01	2.050139805694925155e+00
8.024000000000000021e-01	1.395878235165836534e+00
8.060000000000000497e-01	1.690370794525235532e+00
8.095999999999999863e-01	2.134023068053085836e+00
8.132000000000000339e-01	1.706129867022079916e+00
8.167999999999999705e-01	9.525012558094503312e-01
8.204000000000000181e-01	1.191495372379168138e+00
8.239999999999999547e-01	7.904727775846922544e-01
8.276999999999999913e-01	7.831524828188829446e-01
8.313000000000000389e-01	1.319661329056709853e+00
8.348999999999999755e-01	1.438310643557057178e+00
8.385000000000000231e-01	1.498584885154973012e+00
8.420999999999999597e-01	1.899883558122879679e+00
8.457000000000000073e-01	2.159782733404589372e+00
8.493000000000000549e-01	2.726609008231186682e+00
8.528999999999999915e-01	3.127588100163732232e+00
8.565000000000000391e-01	3.998109716197737029e+00
8.600999999999999757e-01	3.740561582019479747e+00
8.637000000000000233e-01	3.790041374634848914e+00
8.672999999999999599e-01	4.429701249373777294e+00
8.709000000000000075e-01	4.625600242788094008e+00
8.745000000000000551e-01	4.362861788046211942e+00
8.781999999999999806e-01	4.548725878821197277e+00
8.818000000000000282e-01	5.446832218173794260e+00
8.853999999999999648e-01	5.193914433233340233e+00
8.890000000000000124e-01	4.562582859060667850e+00
8.925999999999999490e-01	4.700935233838810845e+00
8.961999999999999966e-01	4.311669645353051195e+00
8.998000000000000442e-01	3.857891870602262685e+00
9.033999999999999808e-01	4.243961642505325926e+00
9.070000000000000284e-01	3.720289283310148853e+00
9.105999999999999650e-01	3.533541916514693959e+00
9.142000000000000126e-01	3.476525893919416355e+00
9.177999999999999492e-01	3.422343043490647663e+00
9.213999999999999968e-01	3.096348422487298802e+00
9.251000000000000334e-01	2.588866462959924952e+00
9.286999999999999700e-01	3.178826745051990255e+00
9.323000000000000176e-01	3.057214459311631494e+00
9.358999999999999542e-01	3.162383077029174316e+00
9.395000000000000018e-01	2.640646503401050449e+00
9.431000000000000494e-01	3.531226756557999114e+00
9.466999999999999860e-01	2.935228801562433265e+00
9.503000000000000336e-01	3.936847311963892704e+00
9.538999999999999702e-01	4.458762256604479113e+00
9.575000000000000178e-01	4.460031763216873557e+00
9.610999999999999543e-01	4.785503135535585706e+00
9.647000000000000020e-01	4.810255661951600814e+00
9.683000000000000496e-01	5.042385935803864072e+00
9.718999999999999861e-01	5.653170345578852896e+00
9.756000000000000227e-01	5.223330370613442852e+00
9.791999999999999593e-01	5.858586398982854604e+00
9.828000000000000069e-01	6.042354844261955016e+00
9.864000000000000545e-01	5.988889885142556935e+00
9.899999999999999911e-01	6.501051236064594896e+00
9.936000000000000387e-01	7.104689054751599286e+00
9.971999999999999753e-01	6.598266928278690990e+00
1.000799999999999912e+00	6.334569856493526885e+00
1.004399999999999959e+00	5.670520359125661436e+00
1.008000000000000007e+00	6.244602837335625267e+00
1.011600000000000055e+00	6.011308794666916810e+00
1.015200000000000102e+00	5.803050467937397983e+00
1.018799999999999928e+00	5.672889123973078540e+00
1.022399999999999975e+00	5.090142581200956862e+00
1.026100000000000012e+00	4.981668725594460057e+00
1.029700000000000060e+00	5.287390338182866856e+00
1.033300000000000107e+00	4.505741258965063167e+00
1.036899999999999933e+00	4.605518969251209072e+00
1.040499999999999980e+00	4.243766959664793781e+00
1.044100000000000028e+00	4.504530761505753489e+00
1.047700000000000076e+00	3.997833643448326146e+00
1.051299999999999901e+00	3.892839268464079794e+00
1.054899999999999949e+00	4.397216421119836127e+00
1.058499999999999996e+00	4.640208299331471942e+00
1.062100000000000044e+00	4.815325794797371550e+00
1.065700000000000092e+00	4.821500976910663816e+00
1.069299999999999917e+00	4.780943042904851836e+00
1.072899999999999965e+00	5.038815489398603908e+00
1.076600000000000001e+00	5.148470729590352235e+00
1.080200000000000049e+00	5.555256201291504325e+00
1.083800000000000097e+00	6.077811661250597020e+00
1.087399999999999922e+00	5.689746691152798519e+00
1.090999999999999970e+00	6.176398314228879194e+00
1.094600000000000017e+00	6.956177808837720633e+00
1.098200000000000065e+00	7.021902085946243766e+00
1.101799999999999891e+00	6.926931143821403403e+00
1.105399999999999938e+00	7.181259712619841196e+00
1.108999999999999986e+00	7.267948968124564146e+00
1.112600000000000033e+00	6.586571777595880306e+00
1.116200000000000081e+00	5.958912860323144045e+00
1.119799999999999907e+00	6.409712509284782200e+00
1.123399999999999954e+00	5.708560666917756876e+00
1.127099999999999991e+00	5.585590442899447616e+00
1.130700000000000038e+00	4.819592869273412461e+00
1.134300000000000086e+00	4.685969059293950245e+00
1.137899999999999912e+00	5.006657448803855104e+00
1.141499999999999959e+00	4.706743779537497119e+00
1.145100000000000007e+00	4.980060394933642165e+00
1.148700000000000054e+00	5.666966221977708607e+00
1.152300000000000102e+00	6.327485224682789955e+00
1.155899999999999928e+00	6.359108924128198836e+00
1.159499999999999975e+00	6.313303128260298713e+00
1.163100000000000023e+00	6.300848080666919593e+00
1.166700000000000070e+00	6.271260867853778009e+00
1.170299999999999896e+00	5.418332744573143067e+00
1.173899999999999944e+00	4.688291758548839283e+00
1.177599999999999980e+00	4.164999982279010915e+00
1.181200000000000028e+00	4.831032302680237756e+00
1.184800000000000075e+00	4.754613271239664485e+00
1.188399999999999901e+00	5.543759160314068346e+00
1.191999999999999948e+00	5.276129907622219228e+00
1.195599999999999996e+00	6.056254756981123144e+00
1.199200000000000044e+00	5.891874080158767235e+00
1.202800000000000091e+00	5.345155264142009699e+00
1.206399999999999917e+00	5.284678382061168023e+00
1.209999999999999964e+00	5.443390724834679339e+00
1.213600000000000012e+00	4.700139692240815847e+00
1.217200000000000060e+00	4.955893125246111808e+00
1.220800000000000107e+00	5.218417574986387919e+00
1.224399999999999933e+00	4.877414192345089106e+00
1.228099999999999969e+00	4.220552882113382864e+00
1.231700000000000017e+00	3.914500398988016272e+00
1.235300000000000065e+00	3.065740723697811809e+00
1.238899999999999890e+00	3.046067830530840403e+00
1.242499999999999938e+00	2.508881111825935761e+00
1.246099999999999985e+00	2.759693762662243977e+00
1.249700000000000033e+00	2.706058479627728719e+00
1.253300000000000081e+00	1.716305409004742044e+00
1.256899999999999906e+00	1.248514238555743283e+00
1.260499999999999954e+00	1.629808923791884467e+00
1.264100000000000001e+00	1.468365063905474610e+00
1.267700000000000049e+00	1.541549147162094124e+00
1.271300000000000097e+00	9.526965230198163326e-01
1.274899999999999922e+00	1.345611999453858676e+00
1.278599999999999959e+00	1.869303186540186790e+00
1.282200000000000006e+00	1.426851022932113633e+00
1.285800000000000054e+00	1.144258225468119061e+00
1.289400000000000102e+00	5.717734815286119598e-01
1.292999999999999927e+00	6.632564454392961828e-01
1.296599999999999975e+00	1.585197393221041917e+00
1.300200000000000022e+00	1.783157244368387406e+00
1.303800000000000070e+00	1.508287276308813096e+00
1.307399999999999896e+00	1.756607583703108100e+00
1.310999999999999943e+00	2.299623184125666242e+00
1.314599999999999991e+00	2.183059483869502326e+00
1.318200000000000038e+00	2.039166032926927219e+00
1.321800000000000086e+00	2.583874757055081961e+00
1.325499999999999901e+00	1.927698653922466532e+00
1.329099999999999948e+00	2.875044134580402311e+00
1.332699999999999996e+00	2.624586466823333186e+00
1.336300000000000043e+00	2.772445859179361705e+00
1.339900000000000091e+00	2.495186723186311184e+00
1.343499999999999917e+00	2.648620674413108667e+00
1.347099999999999964e+00	3.465208380468003835e+00
1.350700000000000012e+00	3.398008153659509922e+00
1.354300000000000059e+00	3.241765559943858843e+00
1.357900000000000107e+00	2.980147520565624042e+00
1.361499999999999932e+00	3.824114851030663509e+00
1.365099999999999980e+00	3.473210598541366601e+00
1.368700000000000028e+00	2.663793278348124627e+00
1.372300000000000075e+00	2.740198170269799061e+00
1.375999999999999890e+00	2.804981901053441362e+00
1.379599999999999937e+00	3.962716757038044157e+00
1.383199999999999985e+00	2.822484599840014763e+00
1.386800000000000033e+00	2.938227031949551371e+00
1.390400000000000080e+00	2.907384984568518682e+00
1.393999999999999906e+00	3.317787133506237218e+00
1.397599999999999953e+00	3.115159864386852551e+00
1.401200000000000001e+00	3.799615227856760757e+00
1.404800000000000049e+00	4.573513425108586716e+00
1.408400000000000096e+00	5.651073705575578643e+00
1.411999999999999922e+00	5.411876522123724165e+00
1.415599999999999969e+00	6.310855625520402690e+00
1.419200000000000017e+00	5.927833290630065477e+00
1.422800000000000065e+00	6.261756501840513245e+00
1.426500000000000101e+00	5.618372269278936848e+00
1.430099999999999927e+00	5.943558002792785899e+00
1.433699999999999974e+00	5.578459170050868998e+00
1.437300000000000022e+00	6.050492297145961373e+00
1.440900000000000070e+00	6.472078481526710725e+00
1.444499999999999895e+00	6.132488729581502263e+00
1.448099999999999943e+00	6.669339998098409161e+00
1.451699999999999990e+00	6.721836280560184562e+00
1.455300000000000038e+00	6.788478502336535492e+00
1.458900000000000086e+00	6.095104432778479797e+00
1.462499999999999911e+00	7.513602704554941170e+00
1.466099999999999959e+00	6.839320813914615549e+00
1.469700000000000006e+00	7.973159440864424852e+00
1.473300000000000054e+00	8.116887427866878113e+00
1.477000000000000091e+00	8.329470824080070557e+00
1.480599999999999916e+00	8.630090085342217776e+00
1.484199999999999964e+00	8.234104034701346109e+00
1.487800000000000011e+00	8.127001880400881006e+00
1.491400000000000059e+00	7.306131476233179711e+00
1.495000000000000107e+00	8.036847954047537712e+00
1.498599999999999932e+00	7.786265297794201956e+00
1.502199999999999980e+00	8.412314632429753303e+00
1.505800000000000027e+00	8.361055774976193788e+00
1.509400000000000075e+00	8.321799397768078421e+00
1.512999999999999901e+00	7.680706382535181120e+00
1.516599999999999948e+00	7.969151247241212488e+00
1.520199999999999996e+00	8.283222670121457298e+00
1.523800000000000043e+00	8.772867588801402050e+00
1.527500000000000080e+00	8.389911528980247724e+00
1.531099999999999905e+00	8.923936124760315280e+00
1.534699999999999953e+00	8.401837708109832548e+00
1.538300000000000001e+00	9.587285857563987435e+00
1.541900000000000048e+00	9.893491766604338267e+00
1.545500000000000096e+00	8.917365252026373312e+00
1.549099999999999921e+00	9.764470609275397450e+00
1.552699999999999969e+00	9.605788672733593714e+00
1.556300000000000017e+00	8.610821243071152153e+00
1.559900000000000064e+00	8.240923798554137036e+00
1.563499999999999890e+00	8.026519320448350925e+00
1.567099999999999937e+00	8.446450478984369070e+00
1.570699999999999985e+00	7.805899545399045181e+00
1.574300000000000033e+00	7.999999153979441502e+00
1.578000000000000069e+00	8.717186351552255630e+00
1.581599999999999895e+00	8.868896377879105231e+00
1.585199999999999942e+00	8.999192915701827999e+00
1.588799999999999990e+00	9.170878887244896305e+00
1.592400000000000038e+00	8.540990284607705263e+00
1.596000000000000085e+00	9.057270675660426207e+00
1.599599999999999911e+00	8.343753595318377236e+00
1.603199999999999958e+00	9.210053792870541045e+00
1.606800000000000006e+00	9.620675818694516934e+00
1.610400000000000054e+00	1.000788919635321328e+01
1.614000000000000101e+00	1.044707944008928990e+01
1.617599999999999927e+00	1.039377598201531860e+01
1.621199999999999974e+00	1.156104442935177090e+01
1.624800000000000022e+00	1.149984509787934073e+01
1.628500000000000059e+00	1.170549651975649219e+01
1.632100000000000106e+00	1.178090635809115660e+01
1.635699999999999932e+00	1.195167124091436328e+01
1.639299999999999979e+00	1.275740314221495453e+01
1.642900000000000027e+00	1.252527652729297891e+01
1.646500000000000075e+00	1.307593585405608749e+01
1.650099999999999900e+00	1.397985063308806630e+01
1.653699999999999948e+00	1.536577556204538020e+01
1.657299999999999995e+00	1.730409494688559136e+01
1.660900000000000043e+00	1.842305293285326329e+01
1.664500000000000091e+00	2.093507420295107835e+01
1.668099999999999916e+00	2.223500026469358559e+01
1.671699999999999964e+00	2.331124797744624288e+01
1.675400000000000000e+00	2.228224696822777418e+01
1.679000000000000048e+00	2.102155761902006148e+01
1.682600000000000096e+00	1.946845721505859927e+01
1.686199999999999921e+00	1.822525603431669694e+01
1.689799999999999969e+00	1.699213998297219064e+01
1.693400000000000016e+00	1.673629660823318233e+01
1.697000000000000064e+00	1.652787755867097985e+01
1.700599999999999890e+00	1.725567430000813829e+01
1.704199999999999937e+00	1.706999141015528920e+01
1.707799999999999985e+00	1.872930661263050922e+01
1.711400000000000032e+00	1.829497999825308696e+01
1.715000000000000080e+00	1.765346065511771556e+01
1.718599999999999905e+00	1.653382168927693030e+01
1.722199999999999953e+00	1.581645514842956857e+01
1.725899999999999990e+00	1.354730723051890351e+01
1.729500000000000037e+00	1.178397245949264693e+01
1.733100000000000085e+00	1.038537751556284583e+01
1.736699999999999910e+00	8.956532807989891154e+00
1.740299999999999958e+00	7.724925906754574356e+00
1.743900000000000006e+00	7.025662853676728048e+00
1.747500000000000053e+00	7.702251678643325938e+00
1.751100000000000101e+00	7.930575538984418138e+00
1.754699999999999926e+00	8.052513679197160101e+00
1.758299999999999974e+00	8.368644827077943660e+00
1.761900000000000022e+00	8.476584077504503156e+00
1.765500000000000069e+00	7.842216522211985286e+00
1.769099999999999895e+00	8.223359716770191952e+00
1.772699999999999942e+00	6.981662979329497531e+00
1.776399999999999979e+00	7.506964357264457988e+00
1.780000000000000027e+00	7.781937261562766217e+00
1.783600000000000074e+00	9.046085817574599730e+00
1.787199999999999900e+00	9.200902450149573752e+00
1.790799999999999947e+00	1.011065394886763968e+01
1.794399999999999995e+00	9.602731830423717696e+00
1.798000000000000043e+00	1.075312951082206148e+01
1.801600000000000090e+00	9.903897315083442621e+00
1.805199999999999916e+00	1.022888052657403612e+01
1.808799999999999963e+00	9.888950641032630884e+00
1.812400000000000011e+00	1.086800825260810299e+01
1.816000000000000059e+00	9.969608973459271439e+00
1.819600000000000106e+00	9.070694077412454703e+00
1.823199999999999932e+00	9.666347331550845468e+00
1.826899999999999968e+00	1.004882913783052167e+01
1.830500000000000016e+00	9.263376528023744783e+00
1.834100000000000064e+00	9.810701227150781634e+00
1.837699999999999889e+00	9.314347426481345948e+00
1.841299999999999937e+00	9.030684201685122758e+00
1.844899999999999984e+00	9.158998877235717373e+00
1.848500000000000032e+00	9.447714756542969994e+00
1.852100000000000080e+00	1.006460660762485837e+01
1.855699999999999905e+00	1.032645811465213903e+01
1.859299999999999953e+00	1.142689094813172801e+01
1.862900000000000000e+00	1.221761635990021588e+01
1.866500000000000048e+00	1.275960164551637099e+01
1.870100000000000096e+00	1.206957537689175908e+01
1.873699999999999921e+00	1.265118016648666810e+01
1.877399999999999958e+00	1.239145229192902953e+01
1.881000000000000005e+00	1.284278103744718003e+01
1.884600000000000053e+00	1.216443264456628981e+01
1.888200000000000101e+00	1.389903852712114585e+01
1.891799999999999926e+00	1.401321021801077649e+01
1.895399999999999974e+00	1.401239091228989508e+01
1.899000000000000021e+00	1.421734521452289002e+01
1.902600000000000069e+00	1.429106784742034542e+01
1.906199999999999894e+00	1.387417700023765121e+01
1.909799999999999942e+00	1.386257953521379349e+01
1.913399999999999990e+00	1.400228354646657891e+01
1.917000000000000037e+00	1.394441688553395053e+01
1.920600000000000085e+00	1.335398478314850301e+01
1.924199999999999910e+00	1.416444973817444897e+01
1.927899999999999947e+00	1.496369134097925269e+01
1.931499999999999995e+00	1.482094675990875743e+01
1.935100000000000042e+00	1.715037902860156649e+01
1.938700000000000090e+00	1.663755285514561422e+01
1.942299999999999915e+00	1.703139713330535798e+01
1.945899999999999963e+00	1.646205211919029665e+01
1.949500000000000011e+00	1.656570123523123073e+01
1.953100000000000058e+00	1.696298392935827337e+01
1.956700000000000106e+00	1.708613773847398676e+01
1.960299999999999931e+00	1.783234330900178932e+01
1.963899999999999979e+00	1.749986787069824956e+01
1.967500000000000027e+00	1.812541039831672407e+01
1.971100000000000074e+00	1.751688804307853431e+01
1.974699999999999900e+00	1.884890142040510952e+01
1.978399999999999936e+00	1.948363898665072114e+01
1.981999999999999984e+00	1.998052369879705026e+01
1.985600000000000032e+00	2.109653444685805823e+01
1.989200000000000079e+00	2.210648072012081045e+01
1.992799999999999905e+00	2.265991573800337378e+01
1.996399999999999952e+00	2.258447375450755601e+01
2.000000000000000000e+00	2.336535439381835033e+01
