2.000000000000000111e-01	-3.145068562897084252e-01
2.036000000000000032e-01	-6.724797397218681416e-01
2.071999999999999953e-01	-1.408621556400124764e-02
2.107999999999999874e-01	-2.509545139223180454e-01
2.144000000000000072e-01	-6.760507882585884420e-01
2.179999999999999993e-01	-2.151733247357829892e-01
2.215999999999999914e-01	-9.693088190222758360e-01
2.253000000000000003e-01	-2.020232778626971815e+00
2.288999999999999924e-01	-1.525374050126898418e+00
2.325000000000000122e-01	-1.359056915517973696e+00
2.361000000000000043e-01	-1.838674190618943660e+00
2.396999999999999964e-01	-2.300225947743636201e+00
2.432999999999999885e-01	-9.688471367662065958e-01
2.469000000000000083e-01	-1.583515412439191250e+00
2.505000000000000004e-01	-3.597913437047097762e-01
2.540999999999999925e-01	5.525853740936170766e-03
2.576999999999999846e-01	-9.786445486406127880e-01
2.612999999999999767e-01	-5.629242868139137101e-01
2.649000000000000243e-01	-1.882024997994432014e-01
2.685000000000000164e-01	-1.591808509754997214e-01
2.721000000000000085e-01	2.314515368369503834e-01
2.757999999999999896e-01	-7.686681016954879930e-02
2.793999999999999817e-01	4.019234447541107369e-01
2.829999999999999738e-01	7.459137746589988849e-01
2.866000000000000214e-01	2.566399542411596513e-01
2.902000000000000135e-01	-1.732890996020481911e-01
2.938000000000000056e-01	3.665471144428585348e-01
2.973999999999999977e-01	-9.583568230952806966e-01
3.009999999999999898e-01	-3.337271378696730628e-01
3.045999999999999819e-01	-8.496668019740746258e-01
3.081999999999999740e-01	-3.718210637294325771e-01
3.118000000000000216e-01	-1.021021998032674016e+00
3.154000000000000137e-01	-6.343701508628735164e-01
3.190000000000000058e-01	-5.514772503841485207e-01
3.225999999999999979e-01	-1.435796456650990205e+00
3.262999999999999790e-01	-7.737130786626177370e-01
3.299000000000000266e-01	4.099756972606223293e-01
3.335000000000000187e-01	-4.138965803939852472e-01
3.371000000000000107e-01	-9.992253165695419437e-01
3.407000000000000028e-01	1.741159661678310933e-01
3.442999999999999949e-01	-7.639993681750685273e-01
3.478999999999999870e-01	1.003647447918598390e+00
3.514999999999999791e-01	9.323117238852804967e-01
3.551000000000000267e-01	1.743051979118563632e-01
3.587000000000000188e-01	7.553238342700769881e-01
3.623000000000000109e-01	-1.823852013365682145e-01
3.659000000000000030e-01	5.766595665510858559e-01
3.694999999999999951e-01	7.576481072557563756e-01
3.730999999999999872e-01	-1.386034276155939660e-02
3.768000000000000238e-01	4.255762047807000181e-01
3.804000000000000159e-01	-5.480469779442320721e-02
3.840000000000000080e-01	1.417917989972208304e-01
3.876000000000000001e-01	-9.586144443520708824e-01
3.911999999999999922e-01	-1.063003612586291169e+00
3.947999999999999843e-01	8.297192493691052384e-02
3.983999999999999764e-01	-7.925103836258864387e-01
4.020000000000000240e-01	5.587156045682228900e-02
4.056000000000000161e-01	-3.752249800996358964e-01
4.092000000000000082e-01	1.024658409679435334e-02
4.128000000000000003e-01	1.203626119953882245e-02
4.163999999999999924e-01	4.985215537925252738e-01
4.199999999999999845e-01	8.240263064452282293e-01
4.235999999999999766e-01	7.005466071444891307e-01
4.273000000000000131e-01	6.485711108454370599e-01
4.309000000000000052e-01	2.723876259016794754e-01
4.344999999999999973e-01	1.921739941841676735e+00
4.380999999999999894e-01	1.417576975983764420e+00
4.416999999999999815e-01	5.922272582880216962e-01
4.452999999999999736e-01	2.312159981959419630e-01
4.489000000000000212e-01	1.527575668435815048e+00
4.525000000000000133e-01	1.171045777304518642e+00
4.561000000000000054e-01	1.274011249367043908e+00
4.596999999999999975e-01	9.366379946398659673e-01
4.632999999999999896e-01	6.360801763844681211e-01
4.668999999999999817e-01	7.708236053144749134e-01
4.704999999999999738e-01	1.456508816920458194e-01
4.741000000000000214e-01	1.207113089319639121e+00
4.778000000000000025e-01	-3.078069121454763968e-01
4.813999999999999946e-01	2.800237429061794292e-01
4.849999999999999867e-01	3.943287533987993587e-01
4.885999999999999788e-01	1.411342588783723873e+00
4.922000000000000264e-01	1.225769910301135024e+00
4.958000000000000185e-01	6.828494425050166683e-01
4.994000000000000106e-01	9.097224030870574296e-01
5.030000000000000027e-01	2.149591650306460267e+00
5.066000000000000503e-01	1.117852318440710313e+00
5.101999999999999869e-01	1.302766711942590527e+00
5.138000000000000345e-01	2.434215892522155755e+00
5.173999999999999710e-01	8.632213247027515912e-01
5.210000000000000187e-01	2.452500333492200646e+00
5.245999999999999552e-01	1.689683950642244969e+00
5.282999999999999918e-01	1.161106462948354956e+00
5.319000000000000394e-01	2.912196206364220608e+00
5.354999999999999760e-01	1.490295488497667353e+00
5.391000000000000236e-01	1.378721161877096701e+00
5.426999999999999602e-01	7.603322666909551053e-01
5.463000000000000078e-01	8.867447905468843761e-01
5.499000000000000554e-01	2.229031055133331218e+00
5.534999999999999920e-01	2.021930948054448063e+00
5.571000000000000396e-01	2.067181682635924389e+00
5.606999999999999762e-01	2.281485374924737020e+00
5.643000000000000238e-01	8.993817522665015218e-01
5.678999999999999604e-01	1.797050433022362226e+00
5.715000000000000080e-01	1.164762420478504534e+00
5.752000000000000446e-01	2.643839863762656783e+00
5.787999999999999812e-01	2.274485812277646790e+00
5.824000000000000288e-01	2.925177203543015025e+00
5.859999999999999654e-01	3.102717927801930564e+00
5.896000000000000130e-01	3.239697985397855362e+00
5.931999999999999496e-01	2.625363131730193977e+00
5.967999999999999972e-01	1.800133141184337093e+00
6.004000000000000448e-01	2.859359273419570968e+00
6.039999999999999813e-01	1.917239143540674373e+00
6.076000000000000290e-01	2.196220172920922753e+00
6.111999999999999655e-01	1.498214556494092964e+00
6.148000000000000131e-01	3.094207680960816553e+00
6.183999999999999497e-01	2.188864593371766532e+00
6.219999999999999973e-01	2.484285986988274075e+00
6.257000000000000339e-01	1.743054215626954395e+00
6.292999999999999705e-01	1.749677416604650482e+00
6.329000000000000181e-01	1.881193679743532687e+00
6.364999999999999547e-01	2.716503200986785327e+00
6.401000000000000023e-01	2.360217829050565097e+00
6.437000000000000499e-01	2.210028766964097890e+00
6.472999999999999865e-01	1.665136004927375346e+00
6.509000000000000341e-01	1.724241076379744442e+00
6.544999999999999707e-01	1.665547532145703169e+00
6.581000000000000183e-01	3.159196731095557986e+00
6.616999999999999549e-01	3.493753051229560036e+00
6.653000000000000025e-01	2.868243414305709393e+00
6.689000000000000501e-01	4.160946992716986870e+00
6.724999999999999867e-01	4.786583163202440261e+00
6.762000000000000233e-01	4.596776739333520823e+00
6.797999999999999599e-01	3.591191228332494045e+00
6.834000000000000075e-01	5.003340796903919419e+00
6.870000000000000551e-01	4.765694445336626117e+00
6.905999999999999917e-01	3.358223842540230208e+00
6.942000000000000393e-01	3.900028694387974948e+00
6.977999999999999758e-01	2.966844573121180773e+00
7.014000000000000234e-01	3.624871105904474256e+00
7.049999999999999600e-01	3.091714457133160732e+00
7.086000000000000076e-01	3.075585166035601059e+00
7.122000000000000552e-01	2.676906228057025938e+00
7.157999999999999918e-01	4.454839200931351328e+00
7.194000000000000394e-01	3.615346633262971121e+00
7.229999999999999760e-01	3.553384270829877067e+00
7.267000000000000126e-01	4.107692250147915836e+00
7.302999999999999492e-01	3.368800294625800440e+00
7.338999999999999968e-01	4.635218964610283265e+00
7.375000000000000444e-01	3.303939598653077514e+00
7.410999999999999810e-01	3.721978438093135999e+00
7.447000000000000286e-01	4.880618290928961933e+00
7.482999999999999652e-01	5.389240570288669652e+00
7.519000000000000128e-01	4.628505377518877140e+00
7.554999999999999494e-01	6.212564311501923342e+00
7.590999999999999970e-01	5.323052390738171269e+00
7.627000000000000446e-01	6.155445678642958995e+00
7.662999999999999812e-01	4.651291761238236511e+00
7.699000000000000288e-01	5.164666870482052197e+00
7.734999999999999654e-01	3.849340146712484589e+00
7.772000000000000020e-01	3.830034712615816961e+00
7.808000000000000496e-01	4.569396487202995516e+00
7.843999999999999861e-01	3.557384133335350196e+00
7.880000000000000338e-01	4.393200022426198004e+00
7.915999999999999703e-01	4.083199397818225940e+00
7.952000000000000179e-01	4.818591921926046240e+00
7.987999999999999545e-01	4.140922287768512788e+00
8.024000000000000021e-01	4.358981020999152634e+00
8.060000000000000497e-01	3.212525308809602631e+00
8.095999999999999863e-01	4.343747551270944030e+00
8.132000000000000339e-01	3.681055816763487698e+00
8.167999999999999705e-01	4.306743437253719442e+00
8.204000000000000181e-01	2.609140252600787857e+00
8.239999999999999547e-01	3.387419893425414053e+00
8.276999999999999913e-01	3.959374095500781898e+00
8.313000000000000389e-01	3.577214542357647353e+00
8.348999999999999755e-01	3.479236430189638796e+00
8.385000000000000231e-01	3.693138652336296346e+00
8.420999999999999597e-01	2.443350647411695942e+00
8.457000000000000073e-01	3.452761518036531641e+00
8.493000000000000549e-01	3.305171076555503351e+00
8.528999999999999915e-01	3.123238502723024723e+00
8.565000000000000391e-01	2.524362371805614291e+00
8.600999999999999757e-01	2.212132882414197255e+00
8.637000000000000233e-01	3.251528714770292261e+00
8.672999999999999599e-01	2.342496414319914066e+00
8.709000000000000075e-01	3.032887691354905435e+00
8.745000000000000551e-01	3.066765976571343977e+00
8.781999999999999806e-01	2.878491613830342022e+00
8.818000000000000282e-01	2.065107949142886312e+00
8.853999999999999648e-01	2.048264040127710572e+00
8.890000000000000124e-01	2.823189934646378241e+00
8.925999999999999490e-01	3.078414877490859070e+00
8.961999999999999966e-01	3.301567163134182081e+00
8.998000000000000442e-01	1.605009839544846661e+00
9.033999999999999808e-01	2.300881662464681288e+00
9.070000000000000284e-01	3.657759847142212806e+00
9.105999999999999650e-01	2.415673696785084701e+00
9.142000000000000126e-01	2.687154576184306976e+00
9.177999999999999492e-01	2.730285267779896774e+00
9.213999999999999968e-01	2.605563780783644034e+00
9.251000000000000334e-01	2.683968051097959773e+00
9.286999999999999700e-01	1.220957612685193316e+00
9.323000000000000176e-01	2.921836071149029213e+00
9.358999999999999542e-01	2.420385384200660628e+00
9.395000000000000018e-01	2.586949837817036357e+00
9.431000000000000494e-01	2.308435202459548918e+00
9.466999999999999860e-01	2.991124706857919868e+00
9.503000000000000336e-01	2.065221884703242416e+00
9.538999999999999702e-01	2.596193619048840162e+00
9.575000000000000178e-01	2.515072207277761152e+00
9.610999999999999543e-01	3.218537532413340507e+00
9.647000000000000020e-01	3.152471770181183075e+00
9.683000000000000496e-01	2.751244224790230675e+00
9.718999999999999861e-01	1.426585055220060516e+00
9.756000000000000227e-01	2.587132651413407647e+00
9.791999999999999593e-01	2.929081656256979027e+00
9.828000000000000069e-01	2.951747674029657986e+00
9.864000000000000545e-01	3.920736291010792574e+00
9.899999999999999911e-01	1.672524626036569373e+00
9.936000000000000387e-01	2.348337151440841097e+00
9.971999999999999753e-01	2.685755953833227849e+00
1.000799999999999912e+00	2.294856461280436299e+00
1.004399999999999959e+00	2.623458436747433620e+00
1.008000000000000007e+00	2.458241103677318407e+00
1.011600000000000055e+00	3.260234630027979641e+00
1.015200000000000102e+00	3.037478265375966657e+00
1.018799999999999928e+00	2.340729776045331167e+00
1.022399999999999975e+00	2.938223425303441161e+00
1.026100000000000012e+00	2.264234773863493366e+00
1.029700000000000060e+00	1.325694756182099976e+00
1.033300000000000107e+00	1.048543749719735407e+00
1.036899999999999933e+00	2.085127469216979890e+00
1.040499999999999980e+00	2.137977559620566126e+00
1.044100000000000028e+00	1.779513982839382003e+00
1.047700000000000076e+00	2.184103189381422894e+00
1.051299999999999901e+00	1.380492707042267453e+00
1.054899999999999949e+00	2.169125621785739977e+00
1.058499999999999996e+00	2.559198951631732832e+00
1.062100000000000044e+00	2.330946519720225929e+00
1.065700000000000092e+00	1.489536165769203446e+00
1.069299999999999917e+00	3.282662303717018837e+00
1.072899999999999965e+00	1.599344804632829575e+00
1.076600000000000001e+00	1.403798257682939754e+00
1.080200000000000049e+00	2.988992018653221727e+00
1.083800000000000097e+00	3.023514563485502737e+00
1.087399999999999922e+00	3.179004365079383554e+00
1.090999999999999970e+00	4.605255660403288154e+00
1.094600000000000017e+00	6.170667621823123561e+00
1.098200000000000065e+00	6.883183793078545776e+00
1.101799999999999891e+00	5.911060797387763799e+00
1.105399999999999938e+00	6.125163641837702677e+00
1.108999999999999986e+00	4.204565726470554488e+00
1.112600000000000033e+00	3.681247698914949851e+00
1.116200000000000081e+00	5.067957328621739421e+00
1.119799999999999907e+00	3.385112700843462719e+00
1.123399999999999954e+00	3.768760912143349628e+00
1.127099999999999991e+00	3.237128208830049925e+00
1.130700000000000038e+00	2.627595179278179316e+00
1.134300000000000086e+00	2.074207592469748729e+00
1.137899999999999912e+00	2.582674205765098208e+00
1.141499999999999959e+00	3.348949148592781366e+00
1.145100000000000007e+00	3.168203822696571414e+00
1.148700000000000054e+00	5.007536883418260309e+00
1.152300000000000102e+00	7.116124123879966845e+00
1.155899999999999928e+00	6.712489697986660175e+00
1.159499999999999975e+00	7.917298681052951537e+00
1.163100000000000023e+00	9.031293788051694804e+00
1.166700000000000070e+00	7.032971580572982440e+00
1.170299999999999896e+00	6.660581547454846429e+00
1.173899999999999944e+00	4.117554778192396014e+00
1.177599999999999980e+00	4.096273715375808422e+00
1.181200000000000028e+00	5.122841546022447901e+00
1.184800000000000075e+00	4.651548625717190966e+00
1.188399999999999901e+00	4.415988320180437299e+00
1.191999999999999948e+00	5.133987722935296816e+00
1.195599999999999996e+00	5.709368802009011645e+00
1.199200000000000044e+00	5.699967637696779832e+00
1.202800000000000091e+00	5.420962066644959165e+00
1.206399999999999917e+00	6.128804612234318938e+00
1.209999999999999964e+00	5.284319242636572156e+00
1.213600000000000012e+00	5.393276323127727423e+00
1.217200000000000060e+00	3.635907747984263416e+00
1.220800000000000107e+00	5.846385030461503263e+00
1.224399999999999933e+00	4.697365623421770664e+00
1.228099999999999969e+00	4.092783561773577716e+00
1.231700000000000017e+00	5.395262698152903269e+00
1.235300000000000065e+00	4.620418283784008651e+00
1.238899999999999890e+00	5.839935510174501410e+00
1.242499999999999938e+00	5.940025803218567546e+00
1.246099999999999985e+00	4.908254092294401794e+00
1.249700000000000033e+00	4.831872706487764901e+00
1.253300000000000081e+00	4.559103981571497322e+00
1.256899999999999906e+00	4.677942225741904103e+00
1.260499999999999954e+00	4.380138399989252918e+00
1.264100000000000001e+00	3.936652165361734124e+00
1.267700000000000049e+00	3.450100677541082295e+00
1.271300000000000097e+00	4.306416323167981730e+00
1.274899999999999922e+00	5.048017347113546549e+00
1.278599999999999959e+00	4.240501804972911515e+00
1.282200000000000006e+00	4.896126442025675374e+00
1.285800000000000054e+00	3.449680341067174805e+00
1.289400000000000102e+00	4.696814187470573110e+00
1.292999999999999927e+00	4.283089894810256482e+00
1.296599999999999975e+00	4.910146817271051845e+00
1.300200000000000022e+00	4.407625223524857638e+00
1.303800000000000070e+00	6.850571496982823305e+00
1.307399999999999896e+00	5.507297777560488328e+00
1.310999999999999943e+00	4.906515282566722647e+00
1.314599999999999991e+00	5.952676300462433900e+00
1.318200000000000038e+00	5.752766783341860979e+00
1.321800000000000086e+00	5.941434472474825590e+00
1.325499999999999901e+00	5.831716352573754314e+00
1.329099999999999948e+00	5.379925367680031378e+00
1.332699999999999996e+00	6.777542687249880515e+00
1.336300000000000043e+00	5.754211062412716515e+00
1.339900000000000091e+00	5.407328050076666948e+00
1.343499999999999917e+00	5.848716625801728242e+00
1.347099999999999964e+00	5.652822087768319292e+00
1.350700000000000012e+00	4.349980510234052744e+00
1.354300000000000059e+00	4.033169702212004104e+00
1.357900000000000107e+00	4.797846865520281057e+00
1.361499999999999932e+00	5.162209590447106144e+00
1.365099999999999980e+00	4.068078014511904428e+00
1.368700000000000028e+00	4.524987052735072623e+00
1.372300000000000075e+00	5.520670736715613813e+00
1.375999999999999890e+00	5.994817133898804329e+00
1.379599999999999937e+00	5.406478758620202996e+00
1.383199999999999985e+00	5.964472489876493810e+00
1.386800000000000033e+00	6.583143813485721196e+00
1.390400000000000080e+00	6.950685164250478110e+00
1.393999999999999906e+00	6.770714420512673470e+00
1.397599999999999953e+00	7.106252126610312025e+00
1.401200000000000001e+00	7.751391189601585019e+00
1.404800000000000049e+00	7.765996781263100779e+00
1.408400000000000096e+00	8.317718995321168762e+00
1.411999999999999922e+00	8.958272025606108357e+00
1.415599999999999969e+00	8.130093966134861461e+00
1.419200000000000017e+00	8.238243536398259792e+00
1.422800000000000065e+00	7.673169356691531995e+00
1.426500000000000101e+00	7.206910092000176071e+00
1.430099999999999927e+00	5.917632571141165698e+00
1.433699999999999974e+00	6.341761549391535802e+00
1.437300000000000022e+00	5.799347468070171985e+00
1.440900000000000070e+00	6.577453700122057434e+00
1.444499999999999895e+00	6.009571762001273854e+00
1.448099999999999943e+00	5.303555306257466739e+00
1.451699999999999990e+00	6.138684447508229169e+00
1.455300000000000038e+00	6.054081849243529767e+00
1.458900000000000086e+00	5.876854509535590410e+00
1.462499999999999911e+00	5.945808165782495713e+00
1.466099999999999959e+00	6.787332226086972398e+00
1.469700000000000006e+00	6.360477146945004101e+00
1.473300000000000054e+00	7.896676968739218871e+00
1.477000000000000091e+00	7.206435575686836792e+00
1.480599999999999916e+00	8.280218518388025473e+00
1.484199999999999964e+00	7.582391628498602820e+00
1.487800000000000011e+00	6.827487571485391982e+00
1.491400000000000059e+00	7.845754675719683213e+00
1.495000000000000107e+00	8.211153020809346614e+00
1.498599999999999932e+00	6.634756264770465428e+00
1.502199999999999980e+00	8.047309598568363143e+00
1.505800000000000027e+00	7.707074719846434441e+00
1.509400000000000075e+00	7.446326159071525730e+00
1.512999999999999901e+00	7.642318147495930525e+00
1.516599999999999948e+00	7.282361827566552037e+00
1.520199999999999996e+00	7.113004261105337456e+00
1.523800000000000043e+00	8.512357069026473155e+00
1.527500000000000080e+00	9.237756962341721945e+00
1.531099999999999905e+00	7.468031902805066125e+00
1.534699999999999953e+00	7.849556950113697695e+00
1.538300000000000001e+00	8.247592986983416807e+00
1.541900000000000048e+00	8.786030847591668191e+00
1.545500000000000096e+00	9.325678766841853928e+00
1.549099999999999921e+00	9.328085061830476477e+00
1.552699999999999969e+00	9.657567577659788682e+00
1.556300000000000017e+00	8.853552707997994986e+00
1.559900000000000064e+00	9.153396764150993903e+00
1.563499999999999890e+00	9.515088558332072566e+00
1.567099999999999937e+00	1.029239513269123307e+01
1.570699999999999985e+00	1.003541804024655804e+01
1.574300000000000033e+00	9.927243468559822759e+00
1.578000000000000069e+00	9.858161714354622518e+00
1.581599999999999895e+00	8.554257086411331201e+00
1.585199999999999942e+00	9.445541524491062546e+00
1.588799999999999990e+00	9.653860147680685344e+00
1.592400000000000038e+00	9.585814271885032767e+00
1.596000000000000085e+00	1.114738505861852680e+01
1.599599999999999911e+00	1.127343686038757653e+01
1.603199999999999958e+00	1.172884516920386844e+01
1.606800000000000006e+00	1.118591386441589286e+01
1.610400000000000054e+00	1.190440717800079717e+01
1.614000000000000101e+00	1.236898223396622143e+01
1.617599999999999927e+00	1.279753794716223680e+01
1.621199999999999974e+00	1.126750784836661801e+01
1.624800000000000022e+00	1.240986186478546571e+01
1.628500000000000059e+00	1.259520822598550005e+01
1.632100000000000106e+00	1.347634699560668636e+01
1.635699999999999932e+00	1.334257681793204497e+01
1.639299999999999979e+00	1.542920476527285345e+01
1.642900000000000027e+00	1.496903493068645119e+01
1.646500000000000075e+00	1.509768544772616927e+01
1.650099999999999900e+00	1.740671967623634941e+01
1.653699999999999948e+00	1.803824133476268088e+01
1.657299999999999995e+00	2.125332814079725807e+01
1.660900000000000043e+00	2.569006060809861935e+01
1.664500000000000091e+00	2.792076368560213595e+01
1.668099999999999916e+00	3.001744840208566245e+01
1.671699999999999964e+00	3.067817134289009218e+01
1.675400000000000000e+00	2.639013796215163055e+01
1.679000000000000048e+00	2.315113613776015811e+01
1.682600000000000096e+00	1.866036301063624592e+01
1.686199999999999921e+00	1.703502192195708176e+01
1.689799999999999969e+00	1.450225762015259967e+01
1.693400000000000016e+00	1.243396522436646201e+01
1.697000000000000064e+00	1.391176733732814519e+01
1.700599999999999890e+00	1.541219677963248635e+01
1.704199999999999937e+00	1.796585256885781590e+01
1.707799999999999985e+00	2.238525761333861652e+01
1.711400000000000032e+00	2.268673456228436436e+01
1.715000000000000080e+00	2.418637115975334595e+01
1.718599999999999905e+00	2.299695417262883623e+01
1.722199999999999953e+00	2.001704589257949962e+01
1.725899999999999990e+00	1.643055341157169735e+01
1.729500000000000037e+00	1.260901741286592959e+01
1.733100000000000085e+00	1.203959539100179121e+01
1.736699999999999910e+00	9.984149359396409906e+00
1.740299999999999958e+00	1.056154507515614149e+01
1.743900000000000006e+00	1.010424694440727400e+01
1.747500000000000053e+00	1.100804225783216594e+01
1.751100000000000101e+00	1.071142423150863010e+01
1.754699999999999926e+00	1.196259380368187308e+01
1.758299999999999974e+00	1.214322071019878635e+01
1.761900000000000022e+00	1.097446740886130101e+01
1.765500000000000069e+00	1.066931959277933828e+01
1.769099999999999895e+00	9.714828954431196095e+00
1.772699999999999942e+00	9.758822344560826423e+00
1.776399999999999979e+00	1.093841986982540071e+01
1.780000000000000027e+00	1.114103139861867042e+01
1.783600000000000074e+00	1.115545084656291586e+01
1.787199999999999900e+00	1.146839006322188759e+01
1.790799999999999947e+00	1.241654453658955681e+01
1.794399999999999995e+00	1.133148627252412588e+01
1.798000000000000043e+00	1.074245809466861701e+01
1.801600000000000090e+00	1.161610791402392806e+01
1.805199999999999916e+00	1.035869731155709594e+01
1.808799999999999963e+00	9.382170122762717668e+00
1.812400000000000011e+00	9.257519836797278856e+00
1.816000000000000059e+00	9.929844500738060020e+00
1.819600000000000106e+00	9.804540918727814969e+00
1.823199999999999932e+00	1.007611289521351239e+01
1.826899999999999968e+00	1.028539706408773391e+01
1.830500000000000016e+00	9.615002966541087659e+00
1.834100000000000064e+00	1.118080617542436705e+01
1.837699999999999889e+00	9.901086329766519256e+00
1.841299999999999937e+00	1.069263830400672077e+01
1.844899999999999984e+00	9.371811918627930282e+00
1.848500000000000032e+00	1.167346736001012353e+01
1.852100000000000080e+00	1.177812983393886803e+01
1.855699999999999905e+00	1.422213536983326776e+01
1.859299999999999953e+00	1.497124494586794441e+01
1.862900000000000000e+00	1.642834183701159390e+01
1.866500000000000048e+00	1.700320313599681654e+01
1.870100000000000096e+00	1.572751661404032042e+01
1.873699999999999921e+00	1.382983268686306211e+01
1.877399999999999958e+00	1.037382076768805206e+01
1.881000000000000005e+00	9.661691210457865608e+00
1.884600000000000053e+00	1.036458642399819396e+01
1.888200000000000101e+00	9.568055139496390638e+00
1.891799999999999926e+00	1.014903284929948768e+01
1.895399999999999974e+00	1.175951688215305069e+01
1.899000000000000021e+00	1.164257366363289492e+01
1.902600000000000069e+00	1.181041996361505575e+01
1.906199999999999894e+00	1.322081901791648662e+01
1.909799999999999942e+00	1.269875914466095068e+01
1.913399999999999990e+00	1.355334998048044248e+01
1.917000000000000037e+00	1.289575710050001334e+01
1.920600000000000085e+00	1.314949509113012738e+01
1.924199999999999910e+00	1.224999066108414425e+01
1.927899999999999947e+00	1.306993971910381092e+01
1.931499999999999995e+00	1.360412760049675818e+01
1.935100000000000042e+00	1.429946623945231465e+01
1.938700000000000090e+00	1.400996382283299724e+01
1.942299999999999915e+00	1.232747506345404886e+01
1.945899999999999963e+00	1.409168496005194271e+01
1.949500000000000011e+00	1.429974235154164752e+01
1.953100000000000058e+00	1.508158628845076876e+01
1.956700000000000106e+00	1.549491090956739292e+01
1.960299999999999931e+00	1.500943192191827791e+01
1.963899999999999979e+00	1.596768417169962895e+01
1.967500000000000027e+00	1.613123179013082975e+01
1.971100000000000074e+00	1.648762575674061637e+01
1.974699999999999900e+00	1.573414978510631812e+01
1.978399999999999936e+00	1.426535459759969982e+01
1.981999999999999984e+00	1.488674422173984091e+01
1.985600000000000032e+00	1.377942862459449813e+01
1.989200000000000079e+00	1.409768068044707512e+01
1.992799999999999905e+00	1.519222207397483615e+01
1.996399999999999952e+00	1.631070712751871454e+01
2.000000000000000000e+00	2.114529480548844376e+01
