2.000000000000000111e-01	-1.224991263371756567e+00
2.036000000000000032e-01	-4.145451362870899992e-01
2.071999999999999953e-01	-6.852928629970103103e-01
2.107999999999999874e-01	-7.659489568474128207e-01
2.144000000000000072e-01	2.571427729428665820e-01
2.179999999999999993e-01	-9.168751145964816329e-01
2.215999999999999914e-01	-5.627336482955253016e-01
2.253000000000000003e-01	-1.367418514786971073e+00
2.288999999999999924e-01	-1.791884456746619225e+00
2.325000000000000122e-01	-1.826488395511490559e+00
2.361000000000000043e-01	-5.539054167698542752e-01
2.396999999999999964e-01	-9.859537992704718867e-01
2.432999999999999885e-01	-2.037260016503361193e+00
2.469000000000000083e-01	-1.356912268479361749e+00
2.505000000000000004e-01	-1.238914229676810752e+00
2.540999999999999925e-01	-6.129002458298888900e-01
2.576999999999999846e-01	-8.372716697658277862e-01
2.612999999999999767e-01	-1.900730636171149568e-01
2.649000000000000243e-01	-8.004332284423354427e-02
2.685000000000000164e-01	5.776045243293685960e-01
2.721000000000000085e-01	2.866626209175879292e-01
2.757999999999999896e-01	8.862380408035493984e-01
2.793999999999999817e-01	1.333808654961442075e+00
2.829999999999999738e-01	9.703737846083797525e-01
2.866000000000000214e-01	2.272338165861045312e-01
2.902000000000000135e-01	8.019888988599522817e-01
2.938000000000000056e-01	-6.760626003718847032e-01
2.973999999999999977e-01	-8.013944287466537864e-01
3.009999999999999898e-01	-4.259716955061009225e-01
3.045999999999999819e-01	-1.127425194433657740e+00
3.081999999999999740e-01	-9.656366674200501654e-01
3.118000000000000216e-01	-3.347403757392649615e-01
3.154000000000000137e-01	-8.570127523403512360e-01
3.190000000000000058e-01	-1.211948887565101218e+00
3.225999999999999979e-01	-9.752977834197379403e-01
3.262999999999999790e-01	-9.032101120062785427e-02
3.299000000000000266e-01	-6.734103699391998932e-01
3.335000000000000187e-01	-4.402079262750230315e-01
3.371000000000000107e-01	-7.334351812189716657e-01
3.407000000000000028e-01	-1.086014030072848691e+00
3.442999999999999949e-01	7.577026969523112943e-01
3.478999999999999870e-01	-7.511257707110328141e-01
3.514999999999999791e-01	3.161817938181025744e-01
3.551000000000000267e-01	1.431378525279763947e-02
3.587000000000000188e-01	2.109033191422161613e-01
3.623000000000000109e-01	6.592092096077680763e-01
3.659000000000000030e-01	3.552333406184993159e-02
3.694999999999999951e-01	9.659071801145439062e-01
3.730999999999999872e-01	2.207199982869961774e-01
3.768000000000000238e-01	-9.017366809543314599e-02
3.804000000000000159e-01	1.520434887161835613e-01
3.840000000000000080e-01	-3.535058404578038660e-01
3.876000000000000001e-01	-3.578368808714316174e-03
3.911999999999999922e-01	-7.162299244126603126e-01
3.947999999999999843e-01	-1.050798415943933417e+00
3.983999999999999764e-01	-6.819016488289750821e-01
4.020000000000000240e-01	-1.375845928406583596e+00
4.056000000000000161e-01	-5.844198486856151398e-01
4.092000000000000082e-01	-6.477158089259673623e-01
4.128000000000000003e-01	-2.984398633620401475e-01
4.163999999999999924e-01	-2.742714880780112163e-01
4.199999999999999845e-01	5.848783410101445757e-01
4.235999999999999766e-01	2.260805237388177347e-01
4.273000000000000131e-01	1.608476392856643455e+00
4.309000000000000052e-01	6.613848311113050826e-01
4.344999999999999973e-01	8.083895207109561554e-01
4.380999999999999894e-01	1.529340132155851073e+00
4.416999999999999815e-01	1.098010016600570626e+00
4.452999999999999736e-01	6.857528429884440779e-01
4.489000000000000212e-01	1.863417727253891210e+00
4.525000000000000133e-01	1.139692892849700989e+00
4.561000000000000054e-01	2.264245453744538894e-01
4.596999999999999975e-01	9.543337752915206362e-01
4.632999999999999896e-01	2.997032846380577875e-01
4.668999999999999817e-01	1.083926102708728800e+00
4.704999999999999738e-01	-7.092604956576747943e-02
4.741000000000000214e-01	5.101314568227656165e-01
4.778000000000000025e-01	1.092369473215427100e-01
4.813999999999999946e-01	4.807037969459721505e-01
4.849999999999999867e-01	-3.309748509869328004e-01
4.885999999999999788e-01	-4.404629161952905991e-01
4.922000000000000264e-01	4.458959292322390855e-01
4.958000000000000185e-01	9.629574167730641232e-01
4.994000000000000106e-01	1.382700389295916210e+00
5.030000000000000027e-01	1.006554498752740168e+00
5.066000000000000503e-01	2.178108620793011596e+00
5.101999999999999869e-01	1.809003586966265287e+00
5.138000000000000345e-01	2.286340313594956264e+00
5.173999999999999710e-01	1.737843102141941376e+00
5.210000000000000187e-01	2.335659231002685576e+00
5.245999999999999552e-01	1.900982445532465981e+00
5.282999999999999918e-01	2.176085055806364021e+00
5.319000000000000394e-01	2.482282930816249511e+00
5.354999999999999760e-01	1.039726081763198140e+00
5.391000000000000236e-01	1.400713643552877308e+00
5.426999999999999602e-01	6.796738006220792716e-01
5.463000000000000078e-01	1.276498175451049821e+00
5.499000000000000554e-01	1.045486385344404745e+00
5.534999999999999920e-01	1.433204519422318413e+00
5.571000000000000396e-01	1.606443438245698463e+00
5.606999999999999762e-01	1.790337523941301967e+00
5.643000000000000238e-01	1.706386184327945310e+00
5.678999999999999604e-01	6.925680306183819024e-01
5.715000000000000080e-01	1.811195670455145512e+00
5.752000000000000446e-01	2.090097601142883121e+00
5.787999999999999812e-01	2.341967402434963041e+00
5.824000000000000288e-01	2.592030615595257270e+00
5.859999999999999654e-01	2.180187481286282480e+00
5.896000000000000130e-01	3.297387142187617304e+00
5.931999999999999496e-01	2.122705437691855934e+00
5.967999999999999972e-01	2.497843165854770842e+00
6.004000000000000448e-01	2.070709677828090456e+00
6.039999999999999813e-01	2.995959715450373650e+00
6.076000000000000290e-01	2.519157714821068428e+00
6.111999999999999655e-01	2.470067033560127356e+00
6.148000000000000131e-01	1.923561005561971404e+00
6.183999999999999497e-01	1.578242802327162631e+00
6.219999999999999973e-01	2.241666641374029822e+00
6.257000000000000339e-01	1.376529359994982826e+00
6.292999999999999705e-01	1.959431648745401988e+00
6.329000000000000181e-01	2.331707791102378913e+00
6.364999999999999547e-01	1.774986150085975822e+00
6.401000000000000023e-01	1.959373917412675858e+00
6.437000000000000499e-01	2.379727460757795399e+00
6.472999999999999865e-01	2.150157868418829388e+00
6.509000000000000341e-01	1.754931573549834312e+00
6.544999999999999707e-01	1.986194766669142187e+00
6.581000000000000183e-01	1.826063277438379373e+00
6.616999999999999549e-01	3.803289468623563430e+00
6.653000000000000025e-01	3.774264273384629664e+00
6.689000000000000501e-01	3.635855159923554680e+00
6.724999999999999867e-01	4.137504124162715513e+00
6.762000000000000233e-01	4.269140102680148985e+00
6.797999999999999599e-01	4.014631972400245274e+00
6.834000000000000075e-01	3.768003588641060997e+00
6.870000000000000551e-01	4.671139812599868435e+00
6.905999999999999917e-01	3.400479582716025906e+00
6.942000000000000393e-01	3.599000906861746785e+00
6.977999999999999758e-01	3.743654060155721108e+00
7.014000000000000234e-01	3.634792194789274511e+00
7.049999999999999600e-01	3.339392882959431486e+00
7.086000000000000076e-01	3.135503465294228853e+00
7.122000000000000552e-01	2.765687227230283707e+00
7.157999999999999918e-01	3.109446421528381244e+00
7.194000000000000394e-01	4.087843442855749743e+00
7.229999999999999760e-01	3.380275159949746921e+00
7.267000000000000126e-01	3.287021850249242316e+00
7.302999999999999492e-01	3.805384659437309303e+00
7.338999999999999968e-01	3.664287002634262880e+00
7.375000000000000444e-01	3.739615262852704181e+00
7.410999999999999810e-01	4.480671327813370297e+00
7.447000000000000286e-01	3.992679517049403159e+00
7.482999999999999652e-01	4.822776192180574739e+00
7.519000000000000128e-01	5.067695380930355320e+00
7.554999999999999494e-01	5.593585713558068662e+00
7.590999999999999970e-01	4.670477494001341157e+00
7.627000000000000446e-01	5.402415027571848327e+00
7.662999999999999812e-01	4.851628882171106660e+00
7.699000000000000288e-01	3.951360254535151384e+00
7.734999999999999654e-01	4.916666422716534868e+00
7.772000000000000020e-01	3.646402458195073137e+00
7.808000000000000496e-01	3.357454364146071679e+00
7.843999999999999861e-01	4.807175485130516179e+00
7.880000000000000338e-01	4.324862711059020093e+00
7.915999999999999703e-01	4.742136915668131891e+00
7.952000000000000179e-01	4.178570274971612264e+00
7.987999999999999545e-01	4.257693245751600131e+00
8.024000000000000021e-01	3.952699382242958137e+00
8.060000000000000497e-01	3.540608336420040914e+00
8.095999999999999863e-01	3.531253606741151962e+00
8.132000000000000339e-01	4.151415214429105660e+00
8.167999999999999705e-01	3.858210243020506525e+00
8.204000000000000181e-01	3.542859771366964061e+00
8.239999999999999547e-01	3.494813356393175141e+00
8.276999999999999913e-01	4.466069333558620791e+00
8.313000000000000389e-01	4.136499194842811811e+00
8.348999999999999755e-01	3.810836191980706111e+00
8.385000000000000231e-01	3.769893346643386600e+00
8.420999999999999597e-01	4.211348277729981326e+00
8.457000000000000073e-01	2.108196552893958575e+00
8.493000000000000549e-01	2.625906677162898717e+00
8.528999999999999915e-01	3.271596437820996961e+00
8.565000000000000391e-01	3.515196882338819329e+00
8.600999999999999757e-01	2.692160406250778681e+00
8.637000000000000233e-01	3.318207405936404175e+00
8.672999999999999599e-01	2.576170339427287903e+00
8.709000000000000075e-01	3.105573763164652945e+00
8.745000000000000551e-01	1.890976083917256467e+00
8.781999999999999806e-01	2.185594522390509553e+00
8.818000000000000282e-01	3.350985713247554898e+00
8.853999999999999648e-01	2.480895174844894857e+00
8.890000000000000124e-01	1.744733127921301641e+00
8.925999999999999490e-01	2.780440517485496699e+00
8.961999999999999966e-01	2.635361143161345510e+00
8.998000000000000442e-01	2.499799921623541810e+00
9.033999999999999808e-01	2.729630532152474753e+00
9.070000000000000284e-01	1.567765974072115709e+00
9.105999999999999650e-01	2.278063571651631314e+00
9.142000000000000126e-01	2.631431744670250428e+00
9.177999999999999492e-01	3.004419253730940209e+00
9.213999999999999968e-01	1.582874616355897990e+00
9.251000000000000334e-01	3.434431458140311033e+00
9.286999999999999700e-01	3.446995816999229412e+00
9.323000000000000176e-01	3.317813868696143587e+00
9.358999999999999542e-01	1.570763569284864047e+00
9.395000000000000018e-01	2.413913573117167033e+00
9.431000000000000494e-01	2.526749163568361212e+00
9.466999999999999860e-01	2.495755149243900739e+00
9.503000000000000336e-01	2.247677453259833591e+00
9.538999999999999702e-01	2.117377577104286424e+00
9.575000000000000178e-01	2.715509792024174196e+00
9.610999999999999543e-01	3.054961666011716925e+00
9.647000000000000020e-01	2.832742888269645931e+00
9.683000000000000496e-01	2.757875017628408809e+00
9.718999999999999861e-01	2.379701705276819457e+00
9.756000000000000227e-01	2.836553036676997763e+00
9.791999999999999593e-01	1.750226574643276134e+00
9.828000000000000069e-01	2.211410030521432368e+00
9.864000000000000545e-01	2.190914592666775018e+00
9.899999999999999911e-01	3.421311921632145925e+00
9.936000000000000387e-01	2.129196994328580228e+00
9.971999999999999753e-01	1.741290856820638000e+00
1.000799999999999912e+00	2.637739142715922469e+00
1.004399999999999959e+00	3.075448644158480072e+00
1.008000000000000007e+00	2.750431758549773953e+00
1.011600000000000055e+00	2.065123043245330692e+00
1.015200000000000102e+00	1.541346694590355781e+00
1.018799999999999928e+00	2.717145855152043765e+00
1.022399999999999975e+00	1.560784276565607032e+00
1.026100000000000012e+00	2.513894028443037776e+00
1.029700000000000060e+00	3.197971066975886956e+00
1.033300000000000107e+00	2.014960707940248064e+00
1.036899999999999933e+00	2.578627040690903538e+00
1.040499999999999980e+00	2.682817003064339012e+00
1.044100000000000028e+00	1.791260632941606090e+00
1.047700000000000076e+00	2.509105997885110906e+00
1.051299999999999901e+00	1.787343919420989025e+00
1.054899999999999949e+00	3.214178011927601997e+00
1.058499999999999996e+00	2.746101216452573102e+00
1.062100000000000044e+00	1.814729897666843339e+00
1.065700000000000092e+00	3.056689177353156595e+00
1.069299999999999917e+00	2.385372497758808663e+00
1.072899999999999965e+00	2.073491877327715116e+00
1.076600000000000001e+00	3.389146679094036774e+00
1.080200000000000049e+00	2.863090176964267819e+00
1.083800000000000097e+00	2.555100061020468161e+00
1.087399999999999922e+00	3.266560231990343954e+00
1.090999999999999970e+00	3.940428180894631538e+00
1.094600000000000017e+00	5.167105685830762241e+00
1.098200000000000065e+00	5.098973485224779445e+00
1.101799999999999891e+00	4.463763463360174377e+00
1.105399999999999938e+00	4.985694331601927765e+00
1.108999999999999986e+00	4.122892165857908076e+00
1.112600000000000033e+00	3.322974090195486951e+00
1.116200000000000081e+00	3.808299564436887774e+00
1.119799999999999907e+00	3.177426635970356905e+00
1.123399999999999954e+00	3.245790011956008136e+00
1.127099999999999991e+00	3.449953034873441737e+00
1.130700000000000038e+00	2.384762264353506911e+00
1.134300000000000086e+00	2.481658552209175639e+00
1.137899999999999912e+00	3.037490080897960354e+00
1.141499999999999959e+00	3.211568977265756963e+00
1.145100000000000007e+00	3.814566555870383624e+00
1.148700000000000054e+00	5.064493500012612337e+00
1.152300000000000102e+00	6.536859082330028770e+00
1.155899999999999928e+00	6.495833462502854871e+00
1.159499999999999975e+00	6.327474416013752823e+00
1.163100000000000023e+00	6.952129978560532386e+00
1.166700000000000070e+00	6.296288564795776033e+00
1.170299999999999896e+00	6.033208220245280806e+00
1.173899999999999944e+00	4.837416595257901797e+00
1.177599999999999980e+00	4.331276239314524545e+00
1.181200000000000028e+00	5.217187924665871890e+00
1.184800000000000075e+00	5.459871886995571799e+00
1.188399999999999901e+00	4.608262386147383260e+00
1.191999999999999948e+00	5.204294358266523979e+00
1.195599999999999996e+00	5.332738698054589221e+00
1.199200000000000044e+00	5.243303295395052466e+00
1.202800000000000091e+00	5.275937363787406298e+00
1.206399999999999917e+00	5.762272292282823116e+00
1.209999999999999964e+00	5.573825340626260783e+00
1.213600000000000012e+00	4.439870297675285293e+00
1.217200000000000060e+00	3.960046706567873720e+00
1.220800000000000107e+00	5.076711032332383411e+00
1.224399999999999933e+00	5.061976524480674478e+00
1.228099999999999969e+00	4.774909923488236174e+00
1.231700000000000017e+00	4.894981397516936283e+00
1.235300000000000065e+00	4.765112458078759161e+00
1.238899999999999890e+00	4.303578410071529525e+00
1.242499999999999938e+00	5.055445916634743853e+00
1.246099999999999985e+00	4.695520844748846123e+00
1.249700000000000033e+00	6.201911240993390528e+00
1.253300000000000081e+00	4.876768891465673939e+00
1.256899999999999906e+00	4.771688917237772998e+00
1.260499999999999954e+00	4.779211039814081907e+00
1.264100000000000001e+00	5.590359352036510465e+00
1.267700000000000049e+00	4.192862032241654546e+00
1.271300000000000097e+00	4.305415529110125483e+00
1.274899999999999922e+00	4.427008160576879625e+00
1.278599999999999959e+00	4.519113747038228546e+00
1.282200000000000006e+00	4.544532280049091710e+00
1.285800000000000054e+00	4.921552189429686308e+00
1.289400000000000102e+00	4.769317012303730507e+00
1.292999999999999927e+00	3.718983144612553637e+00
1.296599999999999975e+00	4.712943336340428502e+00
1.300200000000000022e+00	4.242516891484655162e+00
1.303800000000000070e+00	4.494563565816161343e+00
1.307399999999999896e+00	4.875160225493217148e+00
1.310999999999999943e+00	5.773905748084892764e+00
1.314599999999999991e+00	6.568433976272620711e+00
1.318200000000000038e+00	5.284170634395239929e+00
1.321800000000000086e+00	6.648337317239572997e+00
1.325499999999999901e+00	5.071420859720639385e+00
1.329099999999999948e+00	4.930917335142009250e+00
1.332699999999999996e+00	5.450704974203699038e+00
1.336300000000000043e+00	5.880463505396194002e+00
1.339900000000000091e+00	5.287965359187702497e+00
1.343499999999999917e+00	4.456929291463713305e+00
1.347099999999999964e+00	5.226124767202670718e+00
1.350700000000000012e+00	4.807931090499653060e+00
1.354300000000000059e+00	4.734546213144717797e+00
1.357900000000000107e+00	4.682528134985277646e+00
1.361499999999999932e+00	4.609582848326571280e+00
1.365099999999999980e+00	3.944687660184455158e+00
1.368700000000000028e+00	5.453373397281664481e+00
1.372300000000000075e+00	5.334255392727207834e+00
1.375999999999999890e+00	5.976508091146828683e+00
1.379599999999999937e+00	4.998169465651854715e+00
1.383199999999999985e+00	5.279811449434125059e+00
1.386800000000000033e+00	6.496054498419314704e+00
1.390400000000000080e+00	6.584134864116816033e+00
1.393999999999999906e+00	6.201251687216069897e+00
1.397599999999999953e+00	6.487094532013340853e+00
1.401200000000000001e+00	6.022934935826371294e+00
1.404800000000000049e+00	7.841978628100979343e+00
1.408400000000000096e+00	7.136384213430120305e+00
1.411999999999999922e+00	6.836404574102081355e+00
1.415599999999999969e+00	7.363577404599105591e+00
1.419200000000000017e+00	7.064798000943058653e+00
1.422800000000000065e+00	6.847739916882741973e+00
1.426500000000000101e+00	7.363379648721114279e+00
1.430099999999999927e+00	5.237671608570382276e+00
1.433699999999999974e+00	5.794277311757874749e+00
1.437300000000000022e+00	6.593293667425299986e+00
1.440900000000000070e+00	6.144382976291003828e+00
1.444499999999999895e+00	6.939463972689228655e+00
1.448099999999999943e+00	6.669190036818068990e+00
1.451699999999999990e+00	7.419457751931370026e+00
1.455300000000000038e+00	7.185670238581908009e+00
1.458900000000000086e+00	7.627962633478286847e+00
1.462499999999999911e+00	6.024183146743355977e+00
1.466099999999999959e+00	6.990935633257945980e+00
1.469700000000000006e+00	7.785171063585219819e+00
1.473300000000000054e+00	7.649432887162284089e+00
1.477000000000000091e+00	7.031645759557424213e+00
1.480599999999999916e+00	7.847151910373082018e+00
1.484199999999999964e+00	7.041219722600989606e+00
1.487800000000000011e+00	7.250676937829080515e+00
1.491400000000000059e+00	7.753017159387360913e+00
1.495000000000000107e+00	7.137851251809482989e+00
1.498599999999999932e+00	7.975186053379823115e+00
1.502199999999999980e+00	7.108462810070178328e+00
1.505800000000000027e+00	6.858583674662664720e+00
1.509400000000000075e+00	7.076726149489791062e+00
1.512999999999999901e+00	7.623030772146637268e+00
1.516599999999999948e+00	6.568408804523611089e+00
1.520199999999999996e+00	6.449267018053921774e+00
1.523800000000000043e+00	8.397023254093589628e+00
1.527500000000000080e+00	7.410468811124355071e+00
1.531099999999999905e+00	7.876456452601786395e+00
1.534699999999999953e+00	9.448867330518357477e+00
1.538300000000000001e+00	8.514268365415613715e+00
1.541900000000000048e+00	7.748559816162039482e+00
1.545500000000000096e+00	8.381016233718369790e+00
1.549099999999999921e+00	8.819980824796687102e+00
1.552699999999999969e+00	8.786841720041213222e+00
1.556300000000000017e+00	8.718667208085014053e+00
1.559900000000000064e+00	8.661031044321294559e+00
1.563499999999999890e+00	8.470451111083411533e+00
1.567099999999999937e+00	8.781550037845637036e+00
1.570699999999999985e+00	9.349013704924855617e+00
1.574300000000000033e+00	8.671099594498842933e+00
1.578000000000000069e+00	9.046320812986486715e+00
1.581599999999999895e+00	9.191254420716063578e+00
1.585199999999999942e+00	8.858103985422678406e+00
1.588799999999999990e+00	9.582926529175598063e+00
1.592400000000000038e+00	9.429566165007559064e+00
1.596000000000000085e+00	9.783509753326029568e+00
1.599599999999999911e+00	1.021483664028100868e+01
1.603199999999999958e+00	1.102022848934536547e+01
1.606800000000000006e+00	1.145335083278751753e+01
1.610400000000000054e+00	1.162831410286423406e+01
1.614000000000000101e+00	1.195219128145207854e+01
1.617599999999999927e+00	1.122853670489933897e+01
1.621199999999999974e+00	1.254915035037828019e+01
1.624800000000000022e+00	1.297100947878389121e+01
1.628500000000000059e+00	1.293508564590850263e+01
1.632100000000000106e+00	1.309250831547679361e+01
1.635699999999999932e+00	1.427558194978309025e+01
1.639299999999999979e+00	1.513349040207691054e+01
1.642900000000000027e+00	1.545943069542736303e+01
1.646500000000000075e+00	1.563277540183858783e+01
1.650099999999999900e+00	1.588977311263492354e+01
1.653699999999999948e+00	1.726468718109244804e+01
1.657299999999999995e+00	1.848714895952437232e+01
1.660900000000000043e+00	2.158860293651992990e+01
1.664500000000000091e+00	2.352719672400346695e+01
1.668099999999999916e+00	2.511986181689276876e+01
1.671699999999999964e+00	2.536709165656169773e+01
1.675400000000000000e+00	2.420226383217426758e+01
1.679000000000000048e+00	2.234614758946531765e+01
1.682600000000000096e+00	1.982564275999785863e+01
1.686199999999999921e+00	1.833221807824844163e+01
1.689799999999999969e+00	1.697105311366054181e+01
1.693400000000000016e+00	1.651720657680263216e+01
1.697000000000000064e+00	1.661904506744743060e+01
1.700599999999999890e+00	1.743067076377724334e+01
1.704199999999999937e+00	1.832093957524557482e+01
1.707799999999999985e+00	2.121936497678608546e+01
1.711400000000000032e+00	2.166085978263589595e+01
1.715000000000000080e+00	2.207543224891901090e+01
1.718599999999999905e+00	2.041249903713689662e+01
1.722199999999999953e+00	1.799978717694607866e+01
1.725899999999999990e+00	1.415510010045117539e+01
1.729500000000000037e+00	1.265880668212980176e+01
1.733100000000000085e+00	1.266739389300879282e+01
1.736699999999999910e+00	1.093771859930335566e+01
1.740299999999999958e+00	1.179015010252561702e+01
1.743900000000000006e+00	1.210279001186146886e+01
1.747500000000000053e+00	1.304867516595543542e+01
1.751100000000000101e+00	1.265743638543783867e+01
1.754699999999999926e+00	1.261159908701791110e+01
1.758299999999999974e+00	1.221511752590719979e+01
1.761900000000000022e+00	1.127825746578697164e+01
1.765500000000000069e+00	1.122575048279375309e+01
1.769099999999999895e+00	1.095620406031794403e+01
1.772699999999999942e+00	1.146399499120378529e+01
1.776399999999999979e+00	1.021940358802440585e+01
1.780000000000000027e+00	1.025516793618136013e+01
1.783600000000000074e+00	1.080345183759557415e+01
1.787199999999999900e+00	1.230541570803923790e+01
1.790799999999999947e+00	1.175037862934759225e+01
1.794399999999999995e+00	1.220951432404776327e+01
1.798000000000000043e+00	1.177567684063491527e+01
1.801600000000000090e+00	1.105353834434780325e+01
1.805199999999999916e+00	1.080894656478877636e+01
1.808799999999999963e+00	9.529480223560009122e+00
1.812400000000000011e+00	1.051090228007082672e+01
1.816000000000000059e+00	9.846216645376772547e+00
1.819600000000000106e+00	8.946853638552068944e+00
1.823199999999999932e+00	9.946956216178350019e+00
1.826899999999999968e+00	9.679574126852079630e+00
1.830500000000000016e+00	1.079879061204846025e+01
1.834100000000000064e+00	1.038349100871060848e+01
1.837699999999999889e+00	9.098032420332039294e+00
1.841299999999999937e+00	1.024342467660990152e+01
1.844899999999999984e+00	9.843111341304769724e+00
1.848500000000000032e+00	9.526386032010101701e+00
1.852100000000000080e+00	1.170090962646520261e+01
1.855699999999999905e+00	1.177990796075131641e+01
1.859299999999999953e+00	1.316566055050255279e+01
1.862900000000000000e+00	1.303417738582151131e+01
1.866500000000000048e+00	1.412664362340395385e+01
1.870100000000000096e+00	1.326936085210485139e+01
1.873699999999999921e+00	1.274482566926755212e+01
1.877399999999999958e+00	1.084140577787141702e+01
1.881000000000000005e+00	1.179609346220116350e+01
1.884600000000000053e+00	1.073190583889764582e+01
1.888200000000000101e+00	1.151737426745792092e+01
1.891799999999999926e+00	1.225847432442038709e+01
1.895399999999999974e+00	1.298295579346303441e+01
1.899000000000000021e+00	1.298693454117844936e+01
1.902600000000000069e+00	1.336419426164519564e+01
1.906199999999999894e+00	1.294887234498060202e+01
1.909799999999999942e+00	1.401713108530096719e+01
1.913399999999999990e+00	1.274371423287658267e+01
1.917000000000000037e+00	1.339247183532409480e+01
1.920600000000000085e+00	1.379918903133925490e+01
1.924199999999999910e+00	1.441510613796304341e+01
1.927899999999999947e+00	1.456349452793525145e+01
1.931499999999999995e+00	1.450416405352756755e+01
1.935100000000000042e+00	1.494696523530368104e+01
1.938700000000000090e+00	1.533680535255078148e+01
1.942299999999999915e+00	1.489779285342156712e+01
1.945899999999999963e+00	1.346080469563974447e+01
1.949500000000000011e+00	1.286489188538575412e+01
1.953100000000000058e+00	1.324857005646560815e+01
1.956700000000000106e+00	1.339747841476989976e+01
1.960299999999999931e+00	1.426432531837142825e+01
1.963899999999999979e+00	1.420714190048200010e+01
1.967500000000000027e+00	1.484283399672354165e+01
1.971100000000000074e+00	1.589478010694158350e+01
1.974699999999999900e+00	1.577712835825143323e+01
1.978399999999999936e+00	1.593629469329271586e+01
1.981999999999999984e+00	1.528632479810290512e+01
1.985600000000000032e+00	1.496015026577721052e+01
1.989200000000000079e+00	1.547496367944937745e+01
1.992799999999999905e+00	1.512930035168092147e+01
1.996399999999999952e+00	1.574048203856827932e+01
2.000000000000000000e+00	1.760885683071687779e+01
