2.000000000000000111e-01	2.516276032191159473e+00
2.036000000000000032e-01	2.757004290811679859e+00
2.071999999999999953e-01	2.185654140624594177e+00
2.107999999999999874e-01	1.672067027700699038e+00
2.144000000000000072e-01	8.959211908000075386e-01
2.179999999999999993e-01	3.107825754499518478e+00
2.215999999999999914e-01	1.861251820732798379e+00
2.253000000000000003e-01	1.174902769897530064e+00
2.288999999999999924e-01	1.851333398672998953e+00
2.325000000000000122e-01	3.156562150088206842e+00
2.361000000000000043e-01	1.747804294953052784e+00
2.396999999999999964e-01	2.455131605528666938e+00
2.432999999999999885e-01	2.699759475393030517e+00
2.469000000000000083e-01	-4.637728917513397331e-01
2.505000000000000004e-01	5.642880524983389101e-01
2.540999999999999925e-01	2.829147053831179370e+00
2.576999999999999846e-01	3.908455498318684995e+00
2.612999999999999767e-01	3.998608631437306382e+00
2.649000000000000243e-01	3.095121440858245698e+00
2.685000000000000164e-01	3.091662743070734187e+00
2.721000000000000085e-01	4.272293297024988945e+00
2.757999999999999896e-01	3.034025148509097658e+00
2.793999999999999817e-01	5.421113355490758678e+00
2.829999999999999738e-01	4.510124657336460174e+00
2.866000000000000214e-01	3.852955491248847952e+00
2.902000000000000135e-01	4.222550297741436864e+00
2.938000000000000056e-01	3.971654255027529334e+00
2.973999999999999977e-01	4.007380392708130401e+00
3.009999999999999898e-01	4.571264032149355394e+00
3.045999999999999819e-01	4.711227831292691626e+00
3.081999999999999740e-01	3.945203159362726808e+00
3.118000000000000216e-01	3.157790156988735220e+00
3.154000000000000137e-01	3.550406109821087508e+00
3.190000000000000058e-01	4.931034473672031737e+00
3.225999999999999979e-01	3.240984766904107861e+00
3.262999999999999790e-01	1.682304122643211164e+00
3.299000000000000266e-01	5.181582200983154252e+00
3.335000000000000187e-01	2.539456208445545649e+00
3.371000000000000107e-01	1.724338419816199286e+00
3.407000000000000028e-01	1.994786802914779056e+00
3.442999999999999949e-01	1.675751777236392792e+00
3.478999999999999870e-01	-1.123272345944775763e-01
3.514999999999999791e-01	2.415562951545473958e+00
3.551000000000000267e-01	1.227674136658126525e+00
3.587000000000000188e-01	1.075115085353921973e+00
3.623000000000000109e-01	8.089775593547056110e-01
3.659000000000000030e-01	1.949432087882585707e+00
3.694999999999999951e-01	3.213049712411494063e+00
3.730999999999999872e-01	3.177582319478185813e+00
3.768000000000000238e-01	2.552629084950535088e+00
3.804000000000000159e-01	2.476742911480382947e+00
3.840000000000000080e-01	3.507326437557623411e+00
3.876000000000000001e-01	2.550405272293139625e+00
3.911999999999999922e-01	4.402701701673028545e+00
3.947999999999999843e-01	4.013490818273015570e+00
3.983999999999999764e-01	4.924280858238477165e+00
4.020000000000000240e-01	6.658103847753363169e+00
4.056000000000000161e-01	5.954934304412088153e+00
4.092000000000000082e-01	6.685123110918667066e+00
4.128000000000000003e-01	5.904097989202668373e+00
4.163999999999999924e-01	5.521679149832374733e+00
4.199999999999999845e-01	3.966010144221973732e+00
4.235999999999999766e-01	5.032195112578885521e+00
4.273000000000000131e-01	4.222344169156755811e+00
4.309000000000000052e-01	3.701600004165933377e+00
4.344999999999999973e-01	3.990079961322260171e+00
4.380999999999999894e-01	3.860980786036564361e+00
4.416999999999999815e-01	3.078253653496912712e+00
4.452999999999999736e-01	3.436882253870537696e+00
4.489000000000000212e-01	3.613724744636019004e+00
4.525000000000000133e-01	2.290223892478887802e+00
4.561000000000000054e-01	3.945670697538937954e+00
4.596999999999999975e-01	1.691331967684772453e+00
4.632999999999999896e-01	3.085755166607932587e+00
4.668999999999999817e-01	2.372246570445765812e+00
4.704999999999999738e-01	3.328131793584754750e+00
4.741000000000000214e-01	4.418934415053405118e+00
4.778000000000000025e-01	4.947221723537849059e+00
4.813999999999999946e-01	5.309737688023928648e+00
4.849999999999999867e-01	5.108855058083267231e+00
4.885999999999999788e-01	6.492655109761100718e+00
4.922000000000000264e-01	5.720559039535337398e+00
4.958000000000000185e-01	5.022518792904053342e+00
4.994000000000000106e-01	4.687822982662430249e+00
5.030000000000000027e-01	4.160430353142720250e+00
5.066000000000000503e-01	4.406079281714423423e+00
5.101999999999999869e-01	5.500717935461469033e+00
5.138000000000000345e-01	3.645745224345710689e+00
5.173999999999999710e-01	6.895352189945170629e+00
5.210000000000000187e-01	5.110382974351495022e+00
5.245999999999999552e-01	5.322713971443142178e+00
5.282999999999999918e-01	4.803846996742159092e+00
5.319000000000000394e-01	4.977780896709326441e+00
5.354999999999999760e-01	2.738374968211583216e+00
5.391000000000000236e-01	4.662338401163925283e+00
5.426999999999999602e-01	2.651241800302807761e+00
5.463000000000000078e-01	4.068958328406504954e+00
5.499000000000000554e-01	3.453398322327776881e+00
5.534999999999999920e-01	3.528068584186724088e+00
5.571000000000000396e-01	3.129046443368842745e+00
5.606999999999999762e-01	3.095686052101711550e+00
5.643000000000000238e-01	3.748506364205590469e+00
5.678999999999999604e-01	1.311239575239708133e+00
5.715000000000000080e-01	9.747317347654098629e-01
5.752000000000000446e-01	2.858314977225543174e+00
5.787999999999999812e-01	9.403778309233319366e-01
5.824000000000000288e-01	3.691531236723564202e+00
5.859999999999999654e-01	3.691656969548801737e+00
5.896000000000000130e-01	1.977011006604393772e+00
5.931999999999999496e-01	2.995425273313530923e+00
5.967999999999999972e-01	2.184368766057898537e+00
6.004000000000000448e-01	2.621501047084659142e+00
6.039999999999999813e-01	6.011487263435211226e-02
6.076000000000000290e-01	3.599310538728814457e+00
6.111999999999999655e-01	6.748588585718466870e-01
6.148000000000000131e-01	5.420669317027435596e-01
6.183999999999999497e-01	5.105890077149736861e+00
6.219999999999999973e-01	3.539800462022853367e+00
6.257000000000000339e-01	1.047815404736837097e+00
6.292999999999999705e-01	3.549126903439550951e+00
6.329000000000000181e-01	2.700912226098889146e+00
6.364999999999999547e-01	3.879368066750609856e+00
6.401000000000000023e-01	2.261838460038519294e+00
6.437000000000000499e-01	3.799212093200509788e+00
6.472999999999999865e-01	1.908620551921599295e+00
6.509000000000000341e-01	4.751469538713317675e+00
6.544999999999999707e-01	3.226684639510807528e+00
6.581000000000000183e-01	4.153357076460288511e+00
6.616999999999999549e-01	3.602030453840688651e+00
6.653000000000000025e-01	2.276148641472692358e+00
6.689000000000000501e-01	9.181666715437113435e-01
6.724999999999999867e-01	2.993868462562200072e+00
6.762000000000000233e-01	3.085568610173550219e+00
6.797999999999999599e-01	1.365320381512545644e+00
6.834000000000000075e-01	1.079285214565813389e+00
6.870000000000000551e-01	2.890927979040738727e+00
6.905999999999999917e-01	4.605175045783411747e-01
6.942000000000000393e-01	2.376614155598252509e+00
6.977999999999999758e-01	1.623276185001118810e+00
7.014000000000000234e-01	-4.744579253684389486e-01
7.049999999999999600e-01	2.656897969571617057e+00
7.086000000000000076e-01	1.361412976467712088e+00
7.122000000000000552e-01	5.557830217339086998e-01
7.157999999999999918e-01	1.559875530291729984e+00
7.194000000000000394e-01	1.490146487066543957e+00
7.229999999999999760e-01	3.582092222477873955e-01
7.267000000000000126e-01	2.039581895343875129e+00
7.302999999999999492e-01	2.032557145586334268e+00
7.338999999999999968e-01	9.663575322873145801e-01
7.375000000000000444e-01	2.193754044680630955e+00
7.410999999999999810e-01	2.927776941646316189e+00
7.447000000000000286e-01	2.401281430679274465e+00
7.482999999999999652e-01	4.990894580813356463e-01
7.519000000000000128e-01	1.579971379163801704e+00
7.554999999999999494e-01	3.809476331346506761e+00
7.590999999999999970e-01	3.367317386253587230e+00
7.627000000000000446e-01	2.783810149184563265e+00
7.662999999999999812e-01	1.867973836763235029e+00
7.699000000000000288e-01	2.409972438274639472e+00
7.734999999999999654e-01	3.876529016161324392e+00
7.772000000000000020e-01	3.317265030853100427e+00
7.808000000000000496e-01	4.259275787258898660e+00
7.843999999999999861e-01	2.713614761157199240e+00
7.880000000000000338e-01	2.219908456921549256e+00
7.915999999999999703e-01	2.220351805785799826e+00
7.952000000000000179e-01	3.786033495974248098e+00
7.987999999999999545e-01	2.940964886659114264e+00
8.024000000000000021e-01	4.207769329418670878e+00
8.060000000000000497e-01	2.743062264747652801e+00
8.095999999999999863e-01	7.511840689971553964e-01
8.132000000000000339e-01	1.192528576700147003e+00
8.167999999999999705e-01	2.086068127728091692e+00
8.204000000000000181e-01	1.934282065200276790e+00
8.239999999999999547e-01	3.219308434860740364e-01
8.276999999999999913e-01	2.731121603005817633e+00
8.313000000000000389e-01	3.144180523871327626e+00
8.348999999999999755e-01	2.160316025735707690e+00
8.385000000000000231e-01	2.995534090136959815e+00
8.420999999999999597e-01	2.599643651140539191e+00
8.457000000000000073e-01	3.380990192162338648e+00
8.493000000000000549e-01	4.198039533249589894e+00
8.528999999999999915e-01	2.372381992644509552e+00
8.565000000000000391e-01	5.599083960118564463e+00
8.600999999999999757e-01	6.759997816858720476e+00
8.637000000000000233e-01	5.071536452809183970e+00
8.672999999999999599e-01	5.230489444969295576e+00
8.709000000000000075e-01	5.692184837977328549e+00
8.745000000000000551e-01	5.028385725099390413e+00
8.781999999999999806e-01	4.105158050300693695e+00
8.818000000000000282e-01	5.999981215562893766e+00
8.853999999999999648e-01	7.838194041957363467e+00
8.890000000000000124e-01	5.065279607002151963e+00
8.925999999999999490e-01	6.464739456712263355e+00
8.961999999999999966e-01	3.470846222412009574e+00
8.998000000000000442e-01	5.506276066171849948e+00
9.033999999999999808e-01	4.605722945723025319e+00
9.070000000000000284e-01	4.425560976737920704e+00
9.105999999999999650e-01	4.264426078056156477e+00
9.142000000000000126e-01	6.138765108179225827e+00
9.177999999999999492e-01	4.206797840307019420e+00
9.213999999999999968e-01	3.593868419690506855e+00
9.251000000000000334e-01	3.894625415013002190e+00
9.286999999999999700e-01	3.393035765068025178e+00
9.323000000000000176e-01	3.832525743649116912e+00
9.358999999999999542e-01	3.296704504942201019e+00
9.395000000000000018e-01	3.253500511716473476e+00
9.431000000000000494e-01	2.937509410920177366e+00
9.466999999999999860e-01	4.932549415667056181e+00
9.503000000000000336e-01	3.906022952294494921e+00
9.538999999999999702e-01	5.433164259909862182e+00
9.575000000000000178e-01	5.831462122540582271e+00
9.610999999999999543e-01	4.929543440366122908e+00
9.647000000000000020e-01	5.454266342127288780e+00
9.683000000000000496e-01	5.740544246969973230e+00
9.718999999999999861e-01	5.745554899962846740e+00
9.756000000000000227e-01	7.412197718104669875e+00
9.791999999999999593e-01	4.697064244297566304e+00
9.828000000000000069e-01	5.979307720110915270e+00
9.864000000000000545e-01	8.143978434777583431e+00
9.899999999999999911e-01	7.682275448953895136e+00
9.936000000000000387e-01	5.779975421957136206e+00
9.971999999999999753e-01	7.502578101844000535e+00
1.000799999999999912e+00	7.476211696979284227e+00
1.004399999999999959e+00	7.867880280257313785e+00
1.008000000000000007e+00	6.991236283197940438e+00
1.011600000000000055e+00	6.352833813890204517e+00
1.015200000000000102e+00	6.081566088025107675e+00
1.018799999999999928e+00	5.539924696585074138e+00
1.022399999999999975e+00	4.599101164915669671e+00
1.026100000000000012e+00	5.942606373435514122e+00
1.029700000000000060e+00	7.421059463138310441e+00
1.033300000000000107e+00	5.082378662787959911e+00
1.036899999999999933e+00	5.574961739774261460e+00
1.040499999999999980e+00	4.755164421903888439e+00
1.044100000000000028e+00	4.580140109156420891e+00
1.047700000000000076e+00	5.927489930649283423e+00
1.051299999999999901e+00	3.549403180488030607e+00
1.054899999999999949e+00	3.630210153855273347e+00
1.058499999999999996e+00	5.853225480609978604e+00
1.062100000000000044e+00	4.088486034511303657e+00
1.065700000000000092e+00	5.879250378615220818e+00
1.069299999999999917e+00	5.565732621944979641e+00
1.072899999999999965e+00	6.679965341278079727e+00
1.076600000000000001e+00	5.450681746718042398e+00
1.080200000000000049e+00	3.997281380458971078e+00
1.083800000000000097e+00	4.498366414135012370e+00
1.087399999999999922e+00	6.160879651130525936e+00
1.090999999999999970e+00	7.718327851210219137e+00
1.094600000000000017e+00	6.424513646156666091e+00
1.098200000000000065e+00	8.203258122618928283e+00
1.101799999999999891e+00	7.880599523309020249e+00
1.105399999999999938e+00	7.421292070085133474e+00
1.108999999999999986e+00	6.323628806017310922e+00
1.112600000000000033e+00	6.786045990102154590e+00
1.116200000000000081e+00	7.361240957330762669e+00
1.119799999999999907e+00	6.839163897578438345e+00
1.123399999999999954e+00	7.334537518544260948e+00
1.127099999999999991e+00	6.788177049021866694e+00
1.130700000000000038e+00	6.651350842407891761e+00
1.134300000000000086e+00	6.275870810538333622e+00
1.137899999999999912e+00	4.535482269829493873e+00
1.141499999999999959e+00	6.291571859712881576e+00
1.145100000000000007e+00	6.450886337487225397e+00
1.148700000000000054e+00	4.765306421397665027e+00
1.152300000000000102e+00	7.467452771503613640e+00
1.155899999999999928e+00	7.532340699386584681e+00
1.159499999999999975e+00	5.688998411827663304e+00
1.163100000000000023e+00	6.078771420008971305e+00
1.166700000000000070e+00	5.776770054692345724e+00
1.170299999999999896e+00	6.104290385767432880e+00
1.173899999999999944e+00	5.196227595307210123e+00
1.177599999999999980e+00	5.272859357760298238e+00
1.181200000000000028e+00	6.599789239949300779e+00
1.184800000000000075e+00	6.647472136915656193e+00
1.188399999999999901e+00	6.455964145993909220e+00
1.191999999999999948e+00	6.119735350291586329e+00
1.195599999999999996e+00	7.028519332963400146e+00
1.199200000000000044e+00	5.757498587320823091e+00
1.202800000000000091e+00	5.820957032142393572e+00
1.206399999999999917e+00	4.556831945775548398e+00
1.209999999999999964e+00	6.310768084591163785e+00
1.213600000000000012e+00	4.520907285612201676e+00
1.217200000000000060e+00	4.265755399131027303e+00
1.220800000000000107e+00	4.930306965910432382e+00
1.224399999999999933e+00	4.056220273321399006e+00
1.228099999999999969e+00	5.340798594609305283e+00
1.231700000000000017e+00	4.107040589708345735e+00
1.235300000000000065e+00	4.134166642712472139e+00
1.238899999999999890e+00	2.804483297409183784e+00
1.242499999999999938e+00	2.831743372879745202e+00
1.246099999999999985e+00	3.602442060471331864e+00
1.249700000000000033e+00	3.062486139194296353e+00
1.253300000000000081e+00	3.734636764292072364e+00
1.256899999999999906e+00	1.452645809533159138e+00
1.260499999999999954e+00	2.269277149439003161e+00
1.264100000000000001e+00	1.678673312153979191e+00
1.267700000000000049e+00	2.579911759829536244e+00
1.271300000000000097e+00	2.017087104912717033e-01
1.274899999999999922e+00	1.838237258705259780e+00
1.278599999999999959e+00	3.077099382431646823e+00
1.282200000000000006e+00	9.476879270887533790e-01
1.285800000000000054e+00	2.594515768654130916e+00
1.289400000000000102e+00	1.826939940408700114e+00
1.292999999999999927e+00	2.378996704298396825e+00
1.296599999999999975e+00	1.170941531993899165e+00
1.300200000000000022e+00	2.281165833855818725e+00
1.303800000000000070e+00	1.959969628526297747e+00
1.307399999999999896e+00	3.440650490251210503e+00
1.310999999999999943e+00	1.966826378343598414e+00
1.314599999999999991e+00	2.958198025239912710e+00
1.318200000000000038e+00	3.077553287660389714e+00
1.321800000000000086e+00	2.508667994352710373e+00
1.325499999999999901e+00	3.812499080807742580e+00
1.329099999999999948e+00	2.827941811738012845e+00
1.332699999999999996e+00	2.434919213930721860e+00
1.336300000000000043e+00	2.650808876476208109e+00
1.339900000000000091e+00	4.683473520051446570e+00
1.343499999999999917e+00	3.717885950373504222e+00
1.347099999999999964e+00	3.954569257841892949e+00
1.350700000000000012e+00	4.113545319169025660e+00
1.354300000000000059e+00	2.741946686380151377e+00
1.357900000000000107e+00	4.150665515580572063e+00
1.361499999999999932e+00	2.823893858568236048e+00
1.365099999999999980e+00	3.302089912597422572e+00
1.368700000000000028e+00	2.505312845751297868e+00
1.372300000000000075e+00	4.166771791999068775e+00
1.375999999999999890e+00	4.297685819601714030e+00
1.379599999999999937e+00	1.222944299332940910e+00
1.383199999999999985e+00	5.095163325092393336e+00
1.386800000000000033e+00	4.629280355978219852e+00
1.390400000000000080e+00	4.064369023955580751e+00
1.393999999999999906e+00	4.348794480811957186e+00
1.397599999999999953e+00	3.060993954089204827e+00
1.401200000000000001e+00	5.312246629872315218e+00
1.404800000000000049e+00	4.580540967989843892e+00
1.408400000000000096e+00	5.153863547740898277e+00
1.411999999999999922e+00	4.760986517025099118e+00
1.415599999999999969e+00	8.035281365417361599e+00
1.419200000000000017e+00	6.145629032075419218e+00
1.422800000000000065e+00	5.918935927514938911e+00
1.426500000000000101e+00	5.680142050936399123e+00
1.430099999999999927e+00	5.327598208233069066e+00
1.433699999999999974e+00	6.199566609138579487e+00
1.437300000000000022e+00	7.381229790702798610e+00
1.440900000000000070e+00	5.020702556158436636e+00
1.444499999999999895e+00	7.035736768456445134e+00
1.448099999999999943e+00	5.967040176361905424e+00
1.451699999999999990e+00	6.461329998994180812e+00
1.455300000000000038e+00	7.261720669786575932e+00
1.458900000000000086e+00	7.591043747748875248e+00
1.462499999999999911e+00	9.784866529117504541e+00
1.466099999999999959e+00	6.438752874593500763e+00
1.469700000000000006e+00	6.886039400519171849e+00
1.473300000000000054e+00	8.623729765522440971e+00
1.477000000000000091e+00	7.750272147741308792e+00
1.480599999999999916e+00	6.462877558508928644e+00
1.484199999999999964e+00	6.834076302183266449e+00
1.487800000000000011e+00	8.830485901460686904e+00
1.491400000000000059e+00	7.948362337036702030e+00
1.495000000000000107e+00	6.855086988190798536e+00
1.498599999999999932e+00	9.679305005481026569e+00
1.502199999999999980e+00	7.995856291098123236e+00
1.505800000000000027e+00	9.566890751267596471e+00
1.509400000000000075e+00	7.240967798446337866e+00
1.512999999999999901e+00	9.601599988523165763e+00
1.516599999999999948e+00	8.118410708746244708e+00
1.520199999999999996e+00	8.379135478015172112e+00
1.523800000000000043e+00	8.728926913241878083e+00
1.527500000000000080e+00	9.456256214350295508e+00
1.531099999999999905e+00	9.643357736242093026e+00
1.534699999999999953e+00	8.076993419560389853e+00
1.538300000000000001e+00	1.013300972133141364e+01
1.541900000000000048e+00	1.076291157114209440e+01
1.545500000000000096e+00	1.015487070183139373e+01
1.549099999999999921e+00	8.941688188185155539e+00
1.552699999999999969e+00	9.220665735525921392e+00
1.556300000000000017e+00	8.707643984574286122e+00
1.559900000000000064e+00	8.567667116954865492e+00
1.563499999999999890e+00	7.358057213139514552e+00
1.567099999999999937e+00	8.209931576783617402e+00
1.570699999999999985e+00	8.185541804352904904e+00
1.574300000000000033e+00	9.760920895225387639e+00
1.578000000000000069e+00	1.162963029848779684e+01
1.581599999999999895e+00	1.036414979572548845e+01
1.585199999999999942e+00	9.740800628742796619e+00
1.588799999999999990e+00	8.870606407687642303e+00
1.592400000000000038e+00	1.037625411456333424e+01
1.596000000000000085e+00	8.122810964452591875e+00
1.599599999999999911e+00	1.018324435708112574e+01
1.603199999999999958e+00	1.055389273744688872e+01
1.606800000000000006e+00	1.150461005828378092e+01
1.610400000000000054e+00	1.136548623292775062e+01
1.614000000000000101e+00	1.119855062880506402e+01
1.617599999999999927e+00	1.185396779564284486e+01
1.621199999999999974e+00	1.046275344957405551e+01
1.624800000000000022e+00	1.055118146526955414e+01
1.628500000000000059e+00	1.338825691565461540e+01
1.632100000000000106e+00	1.339673567098776097e+01
1.635699999999999932e+00	1.479771817067848083e+01
1.639299999999999979e+00	1.463348740569579931e+01
1.642900000000000027e+00	1.501412198965910072e+01
1.646500000000000075e+00	1.479807029603229296e+01
1.650099999999999900e+00	1.732705058382707719e+01
1.653699999999999948e+00	1.721091157949588535e+01
1.657299999999999995e+00	1.797517218789964843e+01
1.660900000000000043e+00	1.867568396814318277e+01
1.664500000000000091e+00	1.875881884041901060e+01
1.668099999999999916e+00	1.978801455636328654e+01
1.671699999999999964e+00	2.144890412682995517e+01
1.675400000000000000e+00	2.177872245974480592e+01
1.679000000000000048e+00	1.961287953640355042e+01
1.682600000000000096e+00	2.124492553552941132e+01
1.686199999999999921e+00	2.003471380931921075e+01
1.689799999999999969e+00	1.916237104348864051e+01
1.693400000000000016e+00	1.917091614541300970e+01
1.697000000000000064e+00	1.675235408012606442e+01
1.700599999999999890e+00	1.635401957321641930e+01
1.704199999999999937e+00	1.518622165825478199e+01
1.707799999999999985e+00	1.485951727216712293e+01
1.711400000000000032e+00	1.612940424646023629e+01
1.715000000000000080e+00	1.585166155444683866e+01
1.718599999999999905e+00	1.519262105326203915e+01
1.722199999999999953e+00	1.313560733401074998e+01
1.725899999999999990e+00	1.298840066884052646e+01
1.729500000000000037e+00	1.319438351682736510e+01
1.733100000000000085e+00	9.797286205841048812e+00
1.736699999999999910e+00	8.754081482622231292e+00
1.740299999999999958e+00	9.014751189820866983e+00
1.743900000000000006e+00	8.679909065152166647e+00
1.747500000000000053e+00	7.770440767313674613e+00
1.751100000000000101e+00	9.401963548126831327e+00
1.754699999999999926e+00	8.986516826025820137e+00
1.758299999999999974e+00	9.962863730874333967e+00
1.761900000000000022e+00	9.195442720826550342e+00
1.765500000000000069e+00	8.642787739381814660e+00
1.769099999999999895e+00	7.770777362416772860e+00
1.772699999999999942e+00	7.352836814199400273e+00
1.776399999999999979e+00	8.645555978001578268e+00
1.780000000000000027e+00	8.171953452027873155e+00
1.783600000000000074e+00	8.862337029300361380e+00
1.787199999999999900e+00	9.460956345920596533e+00
1.790799999999999947e+00	9.417353400910590366e+00
1.794399999999999995e+00	1.086150646309424950e+01
1.798000000000000043e+00	1.245172067414332062e+01
1.801600000000000090e+00	1.091331707165106124e+01
1.805199999999999916e+00	1.291260684310094042e+01
1.808799999999999963e+00	1.060445413458522168e+01
1.812400000000000011e+00	1.108253298306963330e+01
1.816000000000000059e+00	1.132130515913595126e+01
1.819600000000000106e+00	1.073454852963767081e+01
1.823199999999999932e+00	9.733725163900116328e+00
1.826899999999999968e+00	9.605749316647141711e+00
1.830500000000000016e+00	1.122870884406276204e+01
1.834100000000000064e+00	1.069856916029495864e+01
1.837699999999999889e+00	1.205202070363559663e+01
1.841299999999999937e+00	1.084426554421136402e+01
1.844899999999999984e+00	1.250439443119687510e+01
1.848500000000000032e+00	1.322919861638979278e+01
1.852100000000000080e+00	1.269790202338903207e+01
1.855699999999999905e+00	1.173844089129595503e+01
1.859299999999999953e+00	1.193374744843953295e+01
1.862900000000000000e+00	1.136660773720992346e+01
1.866500000000000048e+00	1.024395448547249821e+01
1.870100000000000096e+00	1.205153463037337502e+01
1.873699999999999921e+00	1.074279521686037597e+01
1.877399999999999958e+00	1.043227632533588434e+01
1.881000000000000005e+00	1.270986486841196061e+01
1.884600000000000053e+00	1.366199112718468633e+01
1.888200000000000101e+00	1.504417569307551261e+01
1.891799999999999926e+00	1.376335586424830915e+01
1.895399999999999974e+00	1.451754426013577692e+01
1.899000000000000021e+00	1.367071470207672412e+01
1.902600000000000069e+00	1.573532999604551463e+01
1.906199999999999894e+00	1.574762501629555445e+01
1.909799999999999942e+00	1.356833601326063388e+01
1.913399999999999990e+00	1.403758539413226636e+01
1.917000000000000037e+00	1.501640813290521415e+01
1.920600000000000085e+00	1.573719325679355663e+01
1.924199999999999910e+00	1.485844991878747834e+01
1.927899999999999947e+00	1.609334166510317488e+01
1.931499999999999995e+00	1.656866283666435891e+01
1.935100000000000042e+00	1.672118309011278114e+01
1.938700000000000090e+00	1.570045983457408134e+01
1.942299999999999915e+00	1.760292006290102407e+01
1.945899999999999963e+00	1.759776076545819379e+01
1.949500000000000011e+00	1.956806989274091890e+01
1.953100000000000058e+00	1.935058950681233014e+01
1.956700000000000106e+00	1.864236678020798621e+01
1.960299999999999931e+00	2.072987695431526234e+01
1.963899999999999979e+00	2.395966792738750684e+01
1.967500000000000027e+00	2.031007710011626344e+01
1.971100000000000074e+00	1.984270073213669150e+01
1.974699999999999900e+00	2.188252901377165571e+01
1.978399999999999936e+00	1.952105443542742691e+01
1.981999999999999984e+00	2.093162576409485354e+01
1.985600000000000032e+00	2.071656964161313397e+01
1.989200000000000079e+00	2.089827908432348735e+01
1.992799999999999905e+00	2.219917403892138097e+01
1.996399999999999952e+00	2.113974218225024870e+01
2.000000000000000000e+00	2.315557839737363466e+01
