2.000000000000000111e-01	-2.022601662406134260e+00
2.036000000000000032e-01	-9.147827327769292305e-01
2.071999999999999953e-01	-6.672877502405274441e-01
2.107999999999999874e-01	-1.370463735782436299e+00
2.144000000000000072e-01	-3.734718383559172405e-01
2.179999999999999993e-01	-8.256228590335028539e-01
2.215999999999999914e-01	1.516994600068908294e-01
2.253000000000000003e-01	-1.512443113357764268e-01
2.288999999999999924e-01	-6.424189836291900324e-01
2.325000000000000122e-01	-6.959745996950134073e-01
2.361000000000000043e-01	1.258717746321080133e+00
2.396999999999999964e-01	8.645740358319622398e-01
2.432999999999999885e-01	2.004857730116212711e+00
2.469000000000000083e-01	8.937677298482076260e-01
2.505000000000000004e-01	4.665887784017521689e-01
2.540999999999999925e-01	1.022538939149446324e-01
2.576999999999999846e-01	5.503548499964846519e-01
2.612999999999999767e-01	3.885958351824987389e-01
2.649000000000000243e-01	-1.207520364394858436e-01
2.685000000000000164e-01	-4.035201717505055297e-01
2.721000000000000085e-01	-1.166664150001482936e+00
2.757999999999999896e-01	-4.892333672726791871e-01
2.793999999999999817e-01	-9.542325859857003767e-01
2.829999999999999738e-01	1.909183185623832824e-01
2.866000000000000214e-01	4.420381318105712776e-01
2.902000000000000135e-01	-6.180011738545381217e-01
2.938000000000000056e-01	-1.334795452507667068e+00
2.973999999999999977e-01	-2.530945022915230158e+00
3.009999999999999898e-01	-8.947191296766398017e-01
3.045999999999999819e-01	-1.777336125375589049e+00
3.081999999999999740e-01	-1.045285412431386840e+00
3.118000000000000216e-01	-8.566386725587827877e-01
3.154000000000000137e-01	-4.286883258469487146e-01
3.190000000000000058e-01	1.517016632017400557e-01
3.225999999999999979e-01	2.310131681834931561e-01
3.262999999999999790e-01	7.027561887446985844e-01
3.299000000000000266e-01	7.095213085831764133e-01
3.335000000000000187e-01	8.125420494020142437e-01
3.371000000000000107e-01	1.067688414384776685e+00
3.407000000000000028e-01	1.656391405834113595e+00
3.442999999999999949e-01	2.047642855906514736e+00
3.478999999999999870e-01	7.457356454589774142e-01
3.514999999999999791e-01	1.240003960219465906e+00
3.551000000000000267e-01	1.151088404948548582e+00
3.587000000000000188e-01	1.131161106704108743e+00
3.623000000000000109e-01	1.302319218980207527e+00
3.659000000000000030e-01	6.807606515404186487e-01
3.694999999999999951e-01	4.900102515583784624e-01
3.730999999999999872e-01	4.563293641670100875e-01
3.768000000000000238e-01	1.454059811382530931e-01
3.804000000000000159e-01	-1.403209269978388241e-01
3.840000000000000080e-01	-4.261324695380943606e-01
3.876000000000000001e-01	-7.770938589848674916e-02
3.911999999999999922e-01	-9.552452790765729729e-01
3.947999999999999843e-01	-2.183197452185696719e+00
3.983999999999999764e-01	-5.155985197813577336e-01
4.020000000000000240e-01	-2.979328952847604128e-01
4.056000000000000161e-01	-4.347832602127923440e-01
4.092000000000000082e-01	-4.410770553378255965e-01
4.128000000000000003e-01	1.536918700857105025e+00
4.163999999999999924e-01	2.750164198307740726e-01
4.199999999999999845e-01	1.547086344207785347e+00
4.235999999999999766e-01	3.084827982462670093e+00
4.273000000000000131e-01	2.982072317889491675e+00
4.309000000000000052e-01	3.763251476282181596e+00
4.344999999999999973e-01	4.065642309209176908e+00
4.380999999999999894e-01	5.495222218086722066e+00
4.416999999999999815e-01	3.868990137963933318e+00
4.452999999999999736e-01	4.678533126437629974e+00
4.489000000000000212e-01	4.171839238603390676e+00
4.525000000000000133e-01	4.939899422364378623e+00
4.561000000000000054e-01	3.954242657022517538e+00
4.596999999999999975e-01	2.850510436288460792e+00
4.632999999999999896e-01	4.891931595796893184e+00
4.668999999999999817e-01	3.212093105403037274e+00
4.704999999999999738e-01	4.995797204045646644e+00
4.741000000000000214e-01	4.815122727210103371e+00
4.778000000000000025e-01	4.823819389371943878e+00
4.813999999999999946e-01	4.384686031404151585e+00
4.849999999999999867e-01	4.798478921442669076e+00
4.885999999999999788e-01	5.692037400975080708e+00
4.922000000000000264e-01	4.210093164688861300e+00
4.958000000000000185e-01	3.858332554325676345e+00
4.994000000000000106e-01	4.574872170399430615e+00
5.030000000000000027e-01	3.875363871238169722e+00
5.066000000000000503e-01	5.471727138919023403e+00
5.101999999999999869e-01	5.453025771611582861e+00
5.138000000000000345e-01	5.242972257323479823e+00
5.173999999999999710e-01	5.718634785728809788e+00
5.210000000000000187e-01	5.432914459654537787e+00
5.245999999999999552e-01	4.852886088504819284e+00
5.282999999999999918e-01	5.544277992501364771e+00
5.319000000000000394e-01	6.220669226197347079e+00
5.354999999999999760e-01	5.743757007368375689e+00
5.391000000000000236e-01	5.738953508762761224e+00
5.426999999999999602e-01	5.788849454877525780e+00
5.463000000000000078e-01	5.796336978703139131e+00
5.499000000000000554e-01	4.981781677558115184e+00
5.534999999999999920e-01	4.926336596966802261e+00
5.571000000000000396e-01	5.035388783950200065e+00
5.606999999999999762e-01	4.386312072873516321e+00
5.643000000000000238e-01	3.190448917560336550e+00
5.678999999999999604e-01	3.545526501696727895e+00
5.715000000000000080e-01	3.339110298722674397e+00
5.752000000000000446e-01	3.093719678931872608e+00
5.787999999999999812e-01	3.541614802402494266e+00
5.824000000000000288e-01	3.560833061495555008e+00
5.859999999999999654e-01	2.184500547289945693e+00
5.896000000000000130e-01	1.789945586891595664e+00
5.931999999999999496e-01	2.603733094429412365e+00
5.967999999999999972e-01	2.408965343500233391e+00
6.004000000000000448e-01	2.264437349025043567e+00
6.039999999999999813e-01	3.223030468854182207e+00
6.076000000000000290e-01	2.812439165778901629e+00
6.111999999999999655e-01	3.665519927658497323e+00
6.148000000000000131e-01	2.012777972894775669e+00
6.183999999999999497e-01	1.163681390783827041e+00
6.219999999999999973e-01	2.394653318902494554e+00
6.257000000000000339e-01	2.409988010641816558e+00
6.292999999999999705e-01	2.329742506170356720e+00
6.329000000000000181e-01	2.359260597117873726e+00
6.364999999999999547e-01	3.621948724428134536e+00
6.401000000000000023e-01	3.520552962939308639e+00
6.437000000000000499e-01	3.860124560189063914e+00
6.472999999999999865e-01	1.751122907317991473e+00
6.509000000000000341e-01	3.516884048410538810e+00
6.544999999999999707e-01	2.419426204938391223e+00
6.581000000000000183e-01	2.887516745550183561e+00
6.616999999999999549e-01	2.878433151663479350e+00
6.653000000000000025e-01	3.531032198964814572e+00
6.689000000000000501e-01	2.855639241085556002e+00
6.724999999999999867e-01	1.588058291716372583e+00
6.762000000000000233e-01	2.416347805146370042e+00
6.797999999999999599e-01	6.930542709823480640e-01
6.834000000000000075e-01	2.547857731777617651e+00
6.870000000000000551e-01	1.299063858929224047e+00
6.905999999999999917e-01	1.749008314966966848e+00
6.942000000000000393e-01	-5.479819104756676884e-01
6.977999999999999758e-01	1.316007794980261325e+00
7.014000000000000234e-01	1.082353093332114824e+00
7.049999999999999600e-01	-1.078831161337163724e-01
7.086000000000000076e-01	2.570349722017489791e-01
7.122000000000000552e-01	9.782499081181854628e-01
7.157999999999999918e-01	4.717763807906122375e-02
7.194000000000000394e-01	1.839923114364578671e+00
7.229999999999999760e-01	1.451745656680704988e+00
7.267000000000000126e-01	1.649532187755119672e+00
7.302999999999999492e-01	1.224693814224172117e+00
7.338999999999999968e-01	1.825759316704534285e+00
7.375000000000000444e-01	3.152439710438228904e+00
7.410999999999999810e-01	2.038667061014946658e+00
7.447000000000000286e-01	2.148107479539165698e+00
7.482999999999999652e-01	2.529443475560703813e+00
7.519000000000000128e-01	2.358271652349506198e+00
7.554999999999999494e-01	2.772083534713419617e+00
7.590999999999999970e-01	2.400840993295217718e+00
7.627000000000000446e-01	1.031798456080885273e+00
7.662999999999999812e-01	2.175019899624166975e+00
7.699000000000000288e-01	3.321549624349558805e+00
7.734999999999999654e-01	1.074166338576112656e+00
7.772000000000000020e-01	1.878442174168212464e+00
7.808000000000000496e-01	2.193581449559374619e+00
7.843999999999999861e-01	1.573854515756631489e+00
7.880000000000000338e-01	1.522248748426648923e+00
7.915999999999999703e-01	3.762907617087370982e-01
7.952000000000000179e-01	1.932771929108737741e+00
7.987999999999999545e-01	2.476909740176320263e+00
8.024000000000000021e-01	2.347694618640979058e+00
8.060000000000000497e-01	1.805974940522569794e+00
8.095999999999999863e-01	2.633005519966341801e+00
8.132000000000000339e-01	2.187816356795345030e+00
8.167999999999999705e-01	1.933756830406670790e+00
8.204000000000000181e-01	3.484003926473828727e+00
8.239999999999999547e-01	2.621783838117746068e+00
8.276999999999999913e-01	2.831132286171460510e+00
8.313000000000000389e-01	2.556603006907230746e+00
8.348999999999999755e-01	3.826723207854927811e+00
8.385000000000000231e-01	4.363525187862536292e+00
8.420999999999999597e-01	4.865488790226898175e+00
8.457000000000000073e-01	4.149204497983885354e+00
8.493000000000000549e-01	5.762194217560995035e+00
8.528999999999999915e-01	5.384979619775773330e+00
8.565000000000000391e-01	5.690847611035294129e+00
8.600999999999999757e-01	5.995563726379098846e+00
8.637000000000000233e-01	4.897884415772653988e+00
8.672999999999999599e-01	5.549958458607187062e+00
8.709000000000000075e-01	5.075556946446042161e+00
8.745000000000000551e-01	4.144339548518919614e+00
8.781999999999999806e-01	3.677774458699424542e+00
8.818000000000000282e-01	4.040904121813469807e+00
8.853999999999999648e-01	5.262472614733207266e+00
8.890000000000000124e-01	4.965441793785725366e+00
8.925999999999999490e-01	5.084629966358853004e+00
8.961999999999999966e-01	4.086876231713730157e+00
8.998000000000000442e-01	4.781122993050168191e+00
9.033999999999999808e-01	4.787907253556294762e+00
9.070000000000000284e-01	5.408163706006884119e+00
9.105999999999999650e-01	5.227687379380758337e+00
9.142000000000000126e-01	6.345870317171701913e+00
9.177999999999999492e-01	4.691346373356134691e+00
9.213999999999999968e-01	7.655181534699492474e+00
9.251000000000000334e-01	6.384187463137740437e+00
9.286999999999999700e-01	6.468614140378198485e+00
9.323000000000000176e-01	8.214067926809210718e+00
9.358999999999999542e-01	7.629763815669136306e+00
9.395000000000000018e-01	7.911398049170847990e+00
9.431000000000000494e-01	8.875796945169557972e+00
9.466999999999999860e-01	9.051610660496992367e+00
9.503000000000000336e-01	8.020362156688642941e+00
9.538999999999999702e-01	8.501461383987193088e+00
9.575000000000000178e-01	8.179133410573411922e+00
9.610999999999999543e-01	8.080909664765385969e+00
9.647000000000000020e-01	7.729195403046221102e+00
9.683000000000000496e-01	7.894460749545840095e+00
9.718999999999999861e-01	8.193330138226144754e+00
9.756000000000000227e-01	8.144425326637472651e+00
9.791999999999999593e-01	7.253703853729835060e+00
9.828000000000000069e-01	7.659188306851755002e+00
9.864000000000000545e-01	6.962024426746142858e+00
9.899999999999999911e-01	7.909848833363295029e+00
9.936000000000000387e-01	7.113520402457169212e+00
9.971999999999999753e-01	7.725637869402033786e+00
1.000799999999999912e+00	9.342341145614611264e+00
1.004399999999999959e+00	7.764302537873087218e+00
1.008000000000000007e+00	8.498414433429697823e+00
1.011600000000000055e+00	7.754602195530165609e+00
1.015200000000000102e+00	9.100843359096643326e+00
1.018799999999999928e+00	8.186773713632515381e+00
1.022399999999999975e+00	9.456790691762114065e+00
1.026100000000000012e+00	9.447446695596587674e+00
1.029700000000000060e+00	9.300584346141310021e+00
1.033300000000000107e+00	9.730790745937749620e+00
1.036899999999999933e+00	9.554171615801324791e+00
1.040499999999999980e+00	1.063632526271640266e+01
1.044100000000000028e+00	9.486850238260895907e+00
1.047700000000000076e+00	9.632649962613074379e+00
1.051299999999999901e+00	9.176606382397743289e+00
1.054899999999999949e+00	9.643752748636782002e+00
1.058499999999999996e+00	8.313681005602434837e+00
1.062100000000000044e+00	8.750373757511912487e+00
1.065700000000000092e+00	8.412186571058946072e+00
1.069299999999999917e+00	8.714900818252885983e+00
1.072899999999999965e+00	9.103735805945618154e+00
1.076600000000000001e+00	7.937669059569086194e+00
1.080200000000000049e+00	9.025398580388898750e+00
1.083800000000000097e+00	8.868712103239975164e+00
1.087399999999999922e+00	9.249349083377744307e+00
1.090999999999999970e+00	8.831091390338277947e+00
1.094600000000000017e+00	8.560639569470124499e+00
1.098200000000000065e+00	9.324862913940295428e+00
1.101799999999999891e+00	9.711463241427704673e+00
1.105399999999999938e+00	1.066487301546315969e+01
1.108999999999999986e+00	1.051051189288236110e+01
1.112600000000000033e+00	9.507478009956582099e+00
1.116200000000000081e+00	1.040334026313797189e+01
1.119799999999999907e+00	1.001783334430784400e+01
1.123399999999999954e+00	1.036384587386408640e+01
1.127099999999999991e+00	1.120991574030288618e+01
1.130700000000000038e+00	1.092233030319617271e+01
1.134300000000000086e+00	1.065778311660991129e+01
1.137899999999999912e+00	1.111896707870846512e+01
1.141499999999999959e+00	1.134240253454047043e+01
1.145100000000000007e+00	1.280414005165572533e+01
1.148700000000000054e+00	1.260703996952626404e+01
1.152300000000000102e+00	1.316170029576347744e+01
1.155899999999999928e+00	1.288987568704544096e+01
1.159499999999999975e+00	1.406169815827718317e+01
1.163100000000000023e+00	1.509203278541343174e+01
1.166700000000000070e+00	1.496611700443281023e+01
1.170299999999999896e+00	1.426991386539585172e+01
1.173899999999999944e+00	1.526197012540100140e+01
1.177599999999999980e+00	1.471464161987768904e+01
1.181200000000000028e+00	1.597565601494849119e+01
1.184800000000000075e+00	1.535419598174858002e+01
1.188399999999999901e+00	1.577033763022276069e+01
1.191999999999999948e+00	1.556410190890583500e+01
1.195599999999999996e+00	1.659194879178812698e+01
1.199200000000000044e+00	1.736572851851658683e+01
1.202800000000000091e+00	1.711528868325819985e+01
1.206399999999999917e+00	1.822216828034442671e+01
1.209999999999999964e+00	1.934600680658397920e+01
1.213600000000000012e+00	1.996682830240839834e+01
1.217200000000000060e+00	2.048016127019169375e+01
1.220800000000000107e+00	2.086573086759668172e+01
1.224399999999999933e+00	2.078947085536971073e+01
1.228099999999999969e+00	2.279051152305468264e+01
1.231700000000000017e+00	2.192050414190264362e+01
1.235300000000000065e+00	2.288651163566689206e+01
1.238899999999999890e+00	2.219379797811467725e+01
1.242499999999999938e+00	2.278045763204315932e+01
1.246099999999999985e+00	2.240603667651438258e+01
1.249700000000000033e+00	2.494976892303898808e+01
1.253300000000000081e+00	2.421604398421238002e+01
1.256899999999999906e+00	2.459747795988332086e+01
1.260499999999999954e+00	2.553664779000780527e+01
1.264100000000000001e+00	2.497994297172702005e+01
1.267700000000000049e+00	2.530514067047594651e+01
1.271300000000000097e+00	2.618351273467369467e+01
1.274899999999999922e+00	2.573100692404428003e+01
1.278599999999999959e+00	2.593150707993780912e+01
1.282200000000000006e+00	2.584827297730271667e+01
1.285800000000000054e+00	2.580613601357936204e+01
1.289400000000000102e+00	2.599315419730893595e+01
1.292999999999999927e+00	2.545694200120122730e+01
1.296599999999999975e+00	2.555078975502670247e+01
1.300200000000000022e+00	2.523169109488619100e+01
1.303800000000000070e+00	2.465412710107102612e+01
1.307399999999999896e+00	2.510750083793315568e+01
1.310999999999999943e+00	2.548238382471937058e+01
1.314599999999999991e+00	2.458765960179755439e+01
1.318200000000000038e+00	2.545619196497861836e+01
1.321800000000000086e+00	2.579455626131562695e+01
1.325499999999999901e+00	2.531422658655596081e+01
1.329099999999999948e+00	2.594286241330932086e+01
1.332699999999999996e+00	2.283947777340130969e+01
1.336300000000000043e+00	2.384572649452150372e+01
1.339900000000000091e+00	2.232746756163993851e+01
1.343499999999999917e+00	2.340800281535431537e+01
1.347099999999999964e+00	2.292814249464323240e+01
1.350700000000000012e+00	2.296110831450126000e+01
1.354300000000000059e+00	2.300862868180091425e+01
1.357900000000000107e+00	2.219509525935462690e+01
1.361499999999999932e+00	2.264854042487218067e+01
1.365099999999999980e+00	2.081125526110158575e+01
1.368700000000000028e+00	2.016378181057016050e+01
1.372300000000000075e+00	2.026100508242833342e+01
1.375999999999999890e+00	2.035753780541757507e+01
1.379599999999999937e+00	1.961565775824918845e+01
1.383199999999999985e+00	1.998275036865372201e+01
1.386800000000000033e+00	1.966975288742246519e+01
1.390400000000000080e+00	2.054054030488094540e+01
1.393999999999999906e+00	1.930000780801917415e+01
1.397599999999999953e+00	1.955184178268497419e+01
1.401200000000000001e+00	2.003714511204380955e+01
1.404800000000000049e+00	1.938793672117174793e+01
1.408400000000000096e+00	1.843994741907178891e+01
1.411999999999999922e+00	1.871560264132574503e+01
1.415599999999999969e+00	1.985374993281428146e+01
1.419200000000000017e+00	1.861782707493072309e+01
1.422800000000000065e+00	1.939039500293299412e+01
1.426500000000000101e+00	1.952819994983448382e+01
1.430099999999999927e+00	1.849979451631521243e+01
1.433699999999999974e+00	2.003156279727342692e+01
1.437300000000000022e+00	1.896149405580272429e+01
1.440900000000000070e+00	1.899700230373736431e+01
1.444499999999999895e+00	1.825638396292297472e+01
1.448099999999999943e+00	1.826590448710597059e+01
1.451699999999999990e+00	1.949286323926122932e+01
1.455300000000000038e+00	1.925687350773661777e+01
1.458900000000000086e+00	1.897221085455905154e+01
1.462499999999999911e+00	1.962828877207642364e+01
1.466099999999999959e+00	1.964987019313694816e+01
1.469700000000000006e+00	2.056110040142693407e+01
1.473300000000000054e+00	2.010416892846732750e+01
1.477000000000000091e+00	2.055772910735695547e+01
1.480599999999999916e+00	2.013153221908450874e+01
1.484199999999999964e+00	2.093758485868502106e+01
1.487800000000000011e+00	2.110131437518534270e+01
1.491400000000000059e+00	2.291309715024031846e+01
1.495000000000000107e+00	2.216813312471380115e+01
1.498599999999999932e+00	2.277925654503120967e+01
1.502199999999999980e+00	2.220781110196005415e+01
1.505800000000000027e+00	2.284134883868727428e+01
1.509400000000000075e+00	2.277880929194822102e+01
1.512999999999999901e+00	2.352804158703551707e+01
1.516599999999999948e+00	2.224974095049882550e+01
1.520199999999999996e+00	2.343427331502595123e+01
1.523800000000000043e+00	2.451359291274662411e+01
1.527500000000000080e+00	2.355983667975397111e+01
1.531099999999999905e+00	2.455116094570670882e+01
1.534699999999999953e+00	2.447851867613514187e+01
1.538300000000000001e+00	2.406729916260449542e+01
1.541900000000000048e+00	2.458698597963709531e+01
1.545500000000000096e+00	2.443023575477151610e+01
1.549099999999999921e+00	2.364488698435884118e+01
1.552699999999999969e+00	2.319133045260711157e+01
1.556300000000000017e+00	2.262496184250656484e+01
1.559900000000000064e+00	2.191169409789444700e+01
1.563499999999999890e+00	2.217108321463487286e+01
1.567099999999999937e+00	2.189634168224936772e+01
1.570699999999999985e+00	2.136131571496314407e+01
1.574300000000000033e+00	2.190423420922024178e+01
1.578000000000000069e+00	2.231616654124458776e+01
1.581599999999999895e+00	2.325929799870493397e+01
1.585199999999999942e+00	2.340365620228089227e+01
1.588799999999999990e+00	2.344113610519112356e+01
1.592400000000000038e+00	2.269761083073670349e+01
1.596000000000000085e+00	2.407674027720293353e+01
1.599599999999999911e+00	2.429508829322131902e+01
1.603199999999999958e+00	2.423744586509358712e+01
1.606800000000000006e+00	2.438151195090537016e+01
1.610400000000000054e+00	2.404073020330999100e+01
1.614000000000000101e+00	2.289031465039100510e+01
1.617599999999999927e+00	2.102822829940255289e+01
1.621199999999999974e+00	2.059159295698324499e+01
1.624800000000000022e+00	1.963091078293840397e+01
1.628500000000000059e+00	1.958855704369813466e+01
1.632100000000000106e+00	1.924077359167751311e+01
1.635699999999999932e+00	1.955381058732712773e+01
1.639299999999999979e+00	2.018189863965693576e+01
1.642900000000000027e+00	1.949339440586521022e+01
1.646500000000000075e+00	1.920080974434427645e+01
1.650099999999999900e+00	1.899231903046282710e+01
1.653699999999999948e+00	1.728480654659506399e+01
1.657299999999999995e+00	1.806050492440312638e+01
1.660900000000000043e+00	1.662976658324292600e+01
1.664500000000000091e+00	1.502498776567858307e+01
1.668099999999999916e+00	1.657714007749765628e+01
1.671699999999999964e+00	1.743208296565056159e+01
1.675400000000000000e+00	1.712257706019932613e+01
1.679000000000000048e+00	1.620537461144760272e+01
1.682600000000000096e+00	1.746363507673993709e+01
1.686199999999999921e+00	1.636539228637273169e+01
1.689799999999999969e+00	1.719804049102877030e+01
1.693400000000000016e+00	1.699396409787858886e+01
1.697000000000000064e+00	1.624421088243194689e+01
1.700599999999999890e+00	1.577891136236257985e+01
1.704199999999999937e+00	1.741617662447513126e+01
1.707799999999999985e+00	1.830021039505494329e+01
1.711400000000000032e+00	2.004039883994632731e+01
1.715000000000000080e+00	2.028974477036294388e+01
1.718599999999999905e+00	2.026234603525792011e+01
1.722199999999999953e+00	1.917699000846139867e+01
1.725899999999999990e+00	1.964960611035932558e+01
1.729500000000000037e+00	1.878099204955435653e+01
1.733100000000000085e+00	1.907967428969093859e+01
1.736699999999999910e+00	2.178367121278677132e+01
1.740299999999999958e+00	2.140039995466882772e+01
1.743900000000000006e+00	2.179082239303378543e+01
1.747500000000000053e+00	2.381998072188771687e+01
1.751100000000000101e+00	2.317754628598285649e+01
1.754699999999999926e+00	2.308654588580976963e+01
1.758299999999999974e+00	2.323666179837491796e+01
1.761900000000000022e+00	2.277724405621960457e+01
1.765500000000000069e+00	2.271501869023357756e+01
1.769099999999999895e+00	2.234712387444346859e+01
1.772699999999999942e+00	2.189268744266013655e+01
1.776399999999999979e+00	2.311456435807818721e+01
1.780000000000000027e+00	2.168011057754365822e+01
1.783600000000000074e+00	2.415187682001440805e+01
1.787199999999999900e+00	2.367699299611458841e+01
1.790799999999999947e+00	2.498735010290798542e+01
1.794399999999999995e+00	2.512848913428488373e+01
1.798000000000000043e+00	2.528945167678194395e+01
1.801600000000000090e+00	2.536878485338981548e+01
1.805199999999999916e+00	2.597624233578135744e+01
1.808799999999999963e+00	2.672736114811644015e+01
1.812400000000000011e+00	2.625833246716006997e+01
1.816000000000000059e+00	2.621083452392660362e+01
1.819600000000000106e+00	2.690576007689774229e+01
1.823199999999999932e+00	2.845889000915281741e+01
1.826899999999999968e+00	2.791288415194911465e+01
1.830500000000000016e+00	2.962308211673498093e+01
1.834100000000000064e+00	2.875052406291937501e+01
1.837699999999999889e+00	2.884203535386730266e+01
1.841299999999999937e+00	2.916053687136632178e+01
1.844899999999999984e+00	2.824179464180386034e+01
1.848500000000000032e+00	2.766027887239886596e+01
1.852100000000000080e+00	2.951502264706870804e+01
1.855699999999999905e+00	2.886836285894463572e+01
1.859299999999999953e+00	3.189682209424092107e+01
1.862900000000000000e+00	3.274777981355988743e+01
1.866500000000000048e+00	3.456077613979779528e+01
1.870100000000000096e+00	3.432440244149171349e+01
1.873699999999999921e+00	3.440861372374178728e+01
1.877399999999999958e+00	3.639296131482686292e+01
1.881000000000000005e+00	3.717351384653711932e+01
1.884600000000000053e+00	3.706726043192802678e+01
1.888200000000000101e+00	3.975793299079738574e+01
1.891799999999999926e+00	4.196554773131077809e+01
1.895399999999999974e+00	4.250506344117308544e+01
1.899000000000000021e+00	4.552151142581913490e+01
1.902600000000000069e+00	4.634381792997285032e+01
1.906199999999999894e+00	4.522530585096960465e+01
1.909799999999999942e+00	4.566219141397143488e+01
1.913399999999999990e+00	4.365663278229182964e+01
1.917000000000000037e+00	3.867351259561317534e+01
1.920600000000000085e+00	3.641433064578423995e+01
1.924199999999999910e+00	3.778172112702603158e+01
1.927899999999999947e+00	4.315361524655612868e+01
1.931499999999999995e+00	5.279994774821107484e+01
1.935100000000000042e+00	6.332970918963615503e+01
1.938700000000000090e+00	7.020545061485942995e+01
1.942299999999999915e+00	7.242925195010775496e+01
1.945899999999999963e+00	7.096112843448119634e+01
1.949500000000000011e+00	6.548666068383157324e+01
1.953100000000000058e+00	6.001993534622486948e+01
1.956700000000000106e+00	5.700331884020739892e+01
1.960299999999999931e+00	5.580439444408376914e+01
1.963899999999999979e+00	5.718190539867282496e+01
1.967500000000000027e+00	5.929510326529238284e+01
1.971100000000000074e+00	6.091871871332984512e+01
1.974699999999999900e+00	6.340092363955066190e+01
1.978399999999999936e+00	6.501346033747444153e+01
1.981999999999999984e+00	6.743617541871944354e+01
1.985600000000000032e+00	6.800109069229498004e+01
1.989200000000000079e+00	6.728609562318442272e+01
1.992799999999999905e+00	6.754928194717464862e+01
1.996399999999999952e+00	6.574199040817754280e+01
2.000000000000000000e+00	6.283848380231695785e+01
