2.000000000000000111e-01	-2.617640251202864587e-01
2.036000000000000032e-01	7.433844687200172885e-01
2.071999999999999953e-01	5.780886087074040003e-02
2.107999999999999874e-01	8.617640897154421609e-01
2.144000000000000072e-01	1.495664479826189996e+00
2.179999999999999993e-01	1.932070175433242110e+00
2.215999999999999914e-01	2.537980812278245235e+00
2.253000000000000003e-01	1.468541650098344808e+00
2.288999999999999924e-01	2.257933425478983125e+00
2.325000000000000122e-01	2.524314795268124634e+00
2.361000000000000043e-01	2.115234571151278331e+00
2.396999999999999964e-01	2.144628694305934502e+00
2.432999999999999885e-01	1.632489209014345244e+00
2.469000000000000083e-01	6.989805996330019644e-01
2.505000000000000004e-01	3.284305378376094486e-01
2.540999999999999925e-01	4.645872795193864979e-01
2.576999999999999846e-01	-3.152076045484004663e-01
2.612999999999999767e-01	5.661197674163334637e-02
2.649000000000000243e-01	8.504031165755638888e-01
2.685000000000000164e-01	7.864462780133566477e-01
2.721000000000000085e-01	1.300424822922119361e-01
2.757999999999999896e-01	1.459050234423141745e+00
2.793999999999999817e-01	1.418348715867263410e+00
2.829999999999999738e-01	2.056741155016963418e+00
2.866000000000000214e-01	2.375365922687633358e+00
2.902000000000000135e-01	3.032003254900657030e+00
2.938000000000000056e-01	3.426302422420782534e+00
2.973999999999999977e-01	2.938825823096212542e+00
3.009999999999999898e-01	2.910124023641489810e+00
3.045999999999999819e-01	2.447433040411122196e+00
3.081999999999999740e-01	2.463925350378940227e+00
3.118000000000000216e-01	1.160900899720575641e+00
3.154000000000000137e-01	1.389331977154907527e+00
3.190000000000000058e-01	9.766781134152684452e-01
3.225999999999999979e-01	5.010283602873786268e-01
3.262999999999999790e-01	1.393799315162814745e+00
3.299000000000000266e-01	8.185563295596086641e-01
3.335000000000000187e-01	7.154115524039317275e-01
3.371000000000000107e-01	1.363031614468289021e+00
3.407000000000000028e-01	2.298346166990022255e+00
3.442999999999999949e-01	1.445203972677548299e+00
3.478999999999999870e-01	2.735284820101155479e+00
3.514999999999999791e-01	2.438218636840720155e+00
3.551000000000000267e-01	3.038998767506730037e+00
3.587000000000000188e-01	3.147873007093231479e+00
3.623000000000000109e-01	2.519868774667123112e+00
3.659000000000000030e-01	1.809082552109346986e+00
3.694999999999999951e-01	2.520941519125790009e+00
3.730999999999999872e-01	1.589863560519067853e+00
3.768000000000000238e-01	2.875997555828776475e-01
3.804000000000000159e-01	1.118783096265000720e+00
3.840000000000000080e-01	-3.857396862719295050e-01
3.876000000000000001e-01	7.885001462105523107e-02
3.911999999999999922e-01	3.783304993450899434e-01
3.947999999999999843e-01	-6.200470770945942789e-01
3.983999999999999764e-01	5.074191447400486776e-01
4.020000000000000240e-01	1.431375651896985124e+00
4.056000000000000161e-01	1.842715825833985743e+00
4.092000000000000082e-01	2.118657186114264235e+00
4.128000000000000003e-01	1.820111964830100959e+00
4.163999999999999924e-01	1.754670621617812731e+00
4.199999999999999845e-01	2.430458465441545091e+00
4.235999999999999766e-01	2.520879216218074870e+00
4.273000000000000131e-01	2.126570507053659576e+00
4.309000000000000052e-01	2.068878404168804419e+00
4.344999999999999973e-01	1.513557969708118733e+00
4.380999999999999894e-01	1.764567228083713912e+00
4.416999999999999815e-01	1.101311602331257467e+00
4.452999999999999736e-01	5.775229757591142654e-01
4.489000000000000212e-01	-6.374963631604124714e-01
4.525000000000000133e-01	-1.720258739457570241e-01
4.561000000000000054e-01	-1.379694427632872089e-01
4.596999999999999975e-01	-3.001402131279226060e-01
4.632999999999999896e-01	2.156915596504601351e-01
4.668999999999999817e-01	1.019905336373748916e+00
4.704999999999999738e-01	1.776976395876361803e+00
4.741000000000000214e-01	1.518881779957501177e+00
4.778000000000000025e-01	1.711304701790296257e+00
4.813999999999999946e-01	2.790024207116072574e+00
4.849999999999999867e-01	2.819126459963767317e+00
4.885999999999999788e-01	2.150000104473364537e+00
4.922000000000000264e-01	1.715731083697651149e+00
4.958000000000000185e-01	1.624435489696320678e+00
4.994000000000000106e-01	1.601816880145970012e+00
5.030000000000000027e-01	4.838186139916258455e-01
5.066000000000000503e-01	-3.503269745271019864e-01
5.101999999999999869e-01	-5.368028304999157285e-01
5.138000000000000345e-01	-7.655112728283556267e-01
5.173999999999999710e-01	-1.351310808940017649e+00
5.210000000000000187e-01	-1.537933084727573174e+00
5.245999999999999552e-01	-7.440966041464134317e-01
5.282999999999999918e-01	-1.655464857885245999e-01
5.319000000000000394e-01	-6.562656833125314337e-01
5.354999999999999760e-01	3.231397145999014286e-01
5.391000000000000236e-01	9.778612107533061204e-01
5.426999999999999602e-01	8.655659634796231128e-01
5.463000000000000078e-01	6.151287788060619821e-01
5.499000000000000554e-01	1.207417979877931646e+00
5.534999999999999920e-01	7.650296027781970931e-01
5.571000000000000396e-01	6.684321102218103716e-01
5.606999999999999762e-01	2.165999233609340879e-01
5.643000000000000238e-01	-3.267749266998970503e-01
5.678999999999999604e-01	9.638719039170484670e-02
5.715000000000000080e-01	-9.691673736627638425e-01
5.752000000000000446e-01	-1.259838430169634593e+00
5.787999999999999812e-01	-1.009902257313294749e+00
5.824000000000000288e-01	-5.919094421097728098e-01
5.859999999999999654e-01	-1.010155411352980703e+00
5.896000000000000130e-01	-6.037943671099115228e-01
5.931999999999999496e-01	3.998718863287520908e-01
5.967999999999999972e-01	7.883955354839211616e-02
6.004000000000000448e-01	7.054626581584506617e-01
6.039999999999999813e-01	1.316078860328523614e+00
6.076000000000000290e-01	4.676716228139830012e-01
6.111999999999999655e-01	6.112794044854329423e-01
6.148000000000000131e-01	1.404884656186743630e+00
6.183999999999999497e-01	5.029155061507597502e-01
6.219999999999999973e-01	1.020333444447271143e+00
6.257000000000000339e-01	4.644872600102564197e-01
6.292999999999999705e-01	4.425394084768524694e-02
6.329000000000000181e-01	-1.187850501375357748e+00
6.364999999999999547e-01	8.844593889883667348e-02
6.401000000000000023e-01	1.556362058666543868e-01
6.437000000000000499e-01	-3.173375212673669177e-01
6.472999999999999865e-01	1.408885919816201815e-01
6.509000000000000341e-01	-5.203594358822366539e-02
6.544999999999999707e-01	3.875708403384807155e-01
6.581000000000000183e-01	1.733468944052998228e+00
6.616999999999999549e-01	1.836337866160233201e+00
6.653000000000000025e-01	1.679208093404018776e+00
6.689000000000000501e-01	2.256650128413832057e+00
6.724999999999999867e-01	3.215441064420097028e+00
6.762000000000000233e-01	2.755794321364036126e+00
6.797999999999999599e-01	3.219118114745811887e+00
6.834000000000000075e-01	2.798954738469811687e+00
6.870000000000000551e-01	1.873332210774676376e+00
6.905999999999999917e-01	2.638236073751760280e+00
6.942000000000000393e-01	1.925216936598647122e+00
6.977999999999999758e-01	1.848771456316650186e+00
7.014000000000000234e-01	8.185282178360252514e-01
7.049999999999999600e-01	1.282243741217608202e+00
7.086000000000000076e-01	2.053673125982207637e+00
7.122000000000000552e-01	1.100410615341329335e+00
7.157999999999999918e-01	1.751988925678654274e+00
7.194000000000000394e-01	1.730697716547574316e+00
7.229999999999999760e-01	2.251460562639601370e+00
7.267000000000000126e-01	2.880216477863514424e+00
7.302999999999999492e-01	2.081025096445694444e+00
7.338999999999999968e-01	2.695900359587606765e+00
7.375000000000000444e-01	3.021782188782011769e+00
7.410999999999999810e-01	3.354853148484126191e+00
7.447000000000000286e-01	3.034865227583392056e+00
7.482999999999999652e-01	3.101511545064306041e+00
7.519000000000000128e-01	2.766465991782683265e+00
7.554999999999999494e-01	2.604952461160461308e+00
7.590999999999999970e-01	2.734785699768060852e+00
7.627000000000000446e-01	2.649251744585936930e+00
7.662999999999999812e-01	2.135166070710339259e+00
7.699000000000000288e-01	1.884738613498678328e+00
7.734999999999999654e-01	2.352516531561046786e+00
7.772000000000000020e-01	2.554993272879019894e+00
7.808000000000000496e-01	3.554413454113897863e+00
7.843999999999999861e-01	3.121928041364641082e+00
7.880000000000000338e-01	3.634898036947886713e+00
7.915999999999999703e-01	4.010887691727794468e+00
7.952000000000000179e-01	4.032748176168972520e+00
7.987999999999999545e-01	5.167584671151571385e+00
8.024000000000000021e-01	4.638188290600546715e+00
8.060000000000000497e-01	4.015081156096525383e+00
8.095999999999999863e-01	4.215109773822997674e+00
8.132000000000000339e-01	3.795580750725703112e+00
8.167999999999999705e-01	3.728775518169074488e+00
8.204000000000000181e-01	3.178367276307505485e+00
8.239999999999999547e-01	3.109512127632425571e+00
8.276999999999999913e-01	2.887338852797478150e+00
8.313000000000000389e-01	3.184648725975351091e+00
8.348999999999999755e-01	3.064014307496298883e+00
8.385000000000000231e-01	3.057573617947083378e+00
8.420999999999999597e-01	2.994236891532799483e+00
8.457000000000000073e-01	3.283316005014671468e+00
8.493000000000000549e-01	4.051158547762474527e+00
8.528999999999999915e-01	3.707176025517568974e+00
8.565000000000000391e-01	3.997938834162084731e+00
8.600999999999999757e-01	4.816680589495249798e+00
8.637000000000000233e-01	5.040762428377473903e+00
8.672999999999999599e-01	5.248205515735713256e+00
8.709000000000000075e-01	4.495376275311929071e+00
8.745000000000000551e-01	5.296708993439151136e+00
8.781999999999999806e-01	5.609239483059676346e+00
8.818000000000000282e-01	5.164808706625992230e+00
8.853999999999999648e-01	5.318980494026376071e+00
8.890000000000000124e-01	4.417744592314958751e+00
8.925999999999999490e-01	5.471850069227413016e+00
8.961999999999999966e-01	3.934536317711949671e+00
8.998000000000000442e-01	4.427477059430160899e+00
9.033999999999999808e-01	4.688603576988043642e+00
9.070000000000000284e-01	4.975650729416538631e+00
9.105999999999999650e-01	5.274690307602246442e+00
9.142000000000000126e-01	5.685670611571496558e+00
9.177999999999999492e-01	5.090535323318666983e+00
9.213999999999999968e-01	5.576850105649443279e+00
9.251000000000000334e-01	6.490204498595804949e+00
9.286999999999999700e-01	6.556653905999949572e+00
9.323000000000000176e-01	6.673161081217667601e+00
9.358999999999999542e-01	6.302096423031421146e+00
9.395000000000000018e-01	6.545250504766947586e+00
9.431000000000000494e-01	6.278662510493249194e+00
9.466999999999999860e-01	6.235732370339761133e+00
9.503000000000000336e-01	6.398922391120264841e+00
9.538999999999999702e-01	6.469920140262006569e+00
9.575000000000000178e-01	6.478686589364330395e+00
9.610999999999999543e-01	6.267713794058642485e+00
9.647000000000000020e-01	7.073110034350436059e+00
9.683000000000000496e-01	7.074939777221418424e+00
9.718999999999999861e-01	6.789022142541482729e+00
9.756000000000000227e-01	6.756500965231728273e+00
9.791999999999999593e-01	6.880188148870357345e+00
9.828000000000000069e-01	8.037144257162468719e+00
9.864000000000000545e-01	8.563098343643154919e+00
9.899999999999999911e-01	8.286962811883373803e+00
9.936000000000000387e-01	8.900643198243290755e+00
9.971999999999999753e-01	8.278555907563077909e+00
1.000799999999999912e+00	8.177937647989971026e+00
1.004399999999999959e+00	7.655373958071751694e+00
1.008000000000000007e+00	7.355784835753487627e+00
1.011600000000000055e+00	7.483719270772019705e+00
1.015200000000000102e+00	7.400437646163236849e+00
1.018799999999999928e+00	7.386145808289697356e+00
1.022399999999999975e+00	7.898269670969568779e+00
1.026100000000000012e+00	8.002458629975823357e+00
1.029700000000000060e+00	7.740580112088969678e+00
1.033300000000000107e+00	7.946456053384544305e+00
1.036899999999999933e+00	8.641930892235059503e+00
1.040499999999999980e+00	8.194326248897651155e+00
1.044100000000000028e+00	9.804186222821490659e+00
1.047700000000000076e+00	1.039598938293773855e+01
1.051299999999999901e+00	9.555235262773864591e+00
1.054899999999999949e+00	1.026544893321165830e+01
1.058499999999999996e+00	1.093217715911691279e+01
1.062100000000000044e+00	1.018130508533251621e+01
1.065700000000000092e+00	1.035753016219743294e+01
1.069299999999999917e+00	1.093836806845713205e+01
1.072899999999999965e+00	9.306787261216475926e+00
1.076600000000000001e+00	8.987926171785289853e+00
1.080200000000000049e+00	9.650381407023427727e+00
1.083800000000000097e+00	1.060611946949020634e+01
1.087399999999999922e+00	1.007487438181948036e+01
1.090999999999999970e+00	9.667877468856028500e+00
1.094600000000000017e+00	1.040391677084952882e+01
1.098200000000000065e+00	1.076388582835598839e+01
1.101799999999999891e+00	1.095026006222073534e+01
1.105399999999999938e+00	1.137434997706602147e+01
1.108999999999999986e+00	1.134604807306047469e+01
1.112600000000000033e+00	1.256751115613051084e+01
1.116200000000000081e+00	1.232032917835096519e+01
1.119799999999999907e+00	1.190539936115398056e+01
1.123399999999999954e+00	1.189196250570210545e+01
1.127099999999999991e+00	1.120363332686683044e+01
1.130700000000000038e+00	1.173206009588453469e+01
1.134300000000000086e+00	1.251370664532783827e+01
1.137899999999999912e+00	1.239656136455494462e+01
1.141499999999999959e+00	1.294737682567600778e+01
1.145100000000000007e+00	1.237615894849740172e+01
1.148700000000000054e+00	1.373909481823016243e+01
1.152300000000000102e+00	1.380930371341410279e+01
1.155899999999999928e+00	1.459595329424624488e+01
1.159499999999999975e+00	1.417894394814629067e+01
1.163100000000000023e+00	1.460047467843989111e+01
1.166700000000000070e+00	1.537279635317043613e+01
1.170299999999999896e+00	1.583638007566814743e+01
1.173899999999999944e+00	1.587745034510595588e+01
1.177599999999999980e+00	1.614353622589190351e+01
1.181200000000000028e+00	1.693716267753450211e+01
1.184800000000000075e+00	1.862337503751633960e+01
1.188399999999999901e+00	1.734289267233113918e+01
1.191999999999999948e+00	1.736446343472787390e+01
1.195599999999999996e+00	1.857671511316700474e+01
1.199200000000000044e+00	1.849502981371376720e+01
1.202800000000000091e+00	1.884179963088524801e+01
1.206399999999999917e+00	1.934989664886749239e+01
1.209999999999999964e+00	1.917197326693510817e+01
1.213600000000000012e+00	2.029504049830925538e+01
1.217200000000000060e+00	2.073638744587155358e+01
1.220800000000000107e+00	2.191016760512635386e+01
1.224399999999999933e+00	2.181720981761619171e+01
1.228099999999999969e+00	2.352640395401925488e+01
1.231700000000000017e+00	2.362360626058422852e+01
1.235300000000000065e+00	2.425106994922197146e+01
1.238899999999999890e+00	2.445733415293470614e+01
1.242499999999999938e+00	2.481311729425382495e+01
1.246099999999999985e+00	2.527322485292352638e+01
1.249700000000000033e+00	2.454574945055482615e+01
1.253300000000000081e+00	2.489884169720557949e+01
1.256899999999999906e+00	2.451387378359267188e+01
1.260499999999999954e+00	2.582783362928785564e+01
1.264100000000000001e+00	2.584542237509598550e+01
1.267700000000000049e+00	2.664301119663940653e+01
1.271300000000000097e+00	2.743913626460071598e+01
1.274899999999999922e+00	2.697148249620888905e+01
1.278599999999999959e+00	2.725017830810721264e+01
1.282200000000000006e+00	2.728984987781916516e+01
1.285800000000000054e+00	2.842316779308401919e+01
1.289400000000000102e+00	2.772678097255893448e+01
1.292999999999999927e+00	2.782711436671288752e+01
1.296599999999999975e+00	2.711599590055282505e+01
1.300200000000000022e+00	2.632501514844229717e+01
1.303800000000000070e+00	2.686698096743354824e+01
1.307399999999999896e+00	2.625094087963401890e+01
1.310999999999999943e+00	2.537598874720231024e+01
1.314599999999999991e+00	2.628276470093757666e+01
1.318200000000000038e+00	2.541123102156252145e+01
1.321800000000000086e+00	2.633095172107977433e+01
1.325499999999999901e+00	2.469925946763505564e+01
1.329099999999999948e+00	2.533077333477594451e+01
1.332699999999999996e+00	2.312669130949896257e+01
1.336300000000000043e+00	2.225968536914907148e+01
1.339900000000000091e+00	2.105372350502662115e+01
1.343499999999999917e+00	2.032398124414963902e+01
1.347099999999999964e+00	2.024032858321562145e+01
1.350700000000000012e+00	2.093354772704966393e+01
1.354300000000000059e+00	2.082204285661816812e+01
1.357900000000000107e+00	2.020805829258526742e+01
1.361499999999999932e+00	2.030256577534249374e+01
1.365099999999999980e+00	1.852742440423660142e+01
1.368700000000000028e+00	1.871236005145911818e+01
1.372300000000000075e+00	1.785129371767782658e+01
1.375999999999999890e+00	1.772515083773334510e+01
1.379599999999999937e+00	1.803932397928764431e+01
1.383199999999999985e+00	1.876399398828338150e+01
1.386800000000000033e+00	1.785850277650295226e+01
1.390400000000000080e+00	1.783795902029635272e+01
1.393999999999999906e+00	1.697657378940733608e+01
1.397599999999999953e+00	1.686701249763232013e+01
1.401200000000000001e+00	1.636256290643576961e+01
1.404800000000000049e+00	1.645803357420742685e+01
1.408400000000000096e+00	1.656474606932138016e+01
1.411999999999999922e+00	1.610978995480356346e+01
1.415599999999999969e+00	1.537523008957927573e+01
1.419200000000000017e+00	1.462457151105857456e+01
1.422800000000000065e+00	1.637802007948307192e+01
1.426500000000000101e+00	1.543206253388909488e+01
1.430099999999999927e+00	1.566826027711800862e+01
1.433699999999999974e+00	1.493940669382855191e+01
1.437300000000000022e+00	1.506384477190041160e+01
1.440900000000000070e+00	1.554702121005289150e+01
1.444499999999999895e+00	1.499478711021935240e+01
1.448099999999999943e+00	1.527261318270638490e+01
1.451699999999999990e+00	1.393700322249450707e+01
1.455300000000000038e+00	1.546790588300057223e+01
1.458900000000000086e+00	1.526509602414985878e+01
1.462499999999999911e+00	1.620581986987510348e+01
1.466099999999999959e+00	1.516635739201831434e+01
1.469700000000000006e+00	1.541278597707411357e+01
1.473300000000000054e+00	1.491780513589274548e+01
1.477000000000000091e+00	1.535223650603620094e+01
1.480599999999999916e+00	1.516744298255714085e+01
1.484199999999999964e+00	1.564421226407213261e+01
1.487800000000000011e+00	1.553613203167522094e+01
1.491400000000000059e+00	1.575908232313351576e+01
1.495000000000000107e+00	1.704463883641855304e+01
1.498599999999999932e+00	1.749997094903270423e+01
1.502199999999999980e+00	1.796533791109834866e+01
1.505800000000000027e+00	1.856869114811275878e+01
1.509400000000000075e+00	1.813301162507720932e+01
1.512999999999999901e+00	1.808022791509590377e+01
1.516599999999999948e+00	1.713372219679629893e+01
1.520199999999999996e+00	1.682814281165481063e+01
1.523800000000000043e+00	1.759660059662040510e+01
1.527500000000000080e+00	1.835727452825259576e+01
1.531099999999999905e+00	1.850932924878773989e+01
1.534699999999999953e+00	1.932361574314264985e+01
1.538300000000000001e+00	2.011363056826512263e+01
1.541900000000000048e+00	1.996095505549060434e+01
1.545500000000000096e+00	2.039930333426051590e+01
1.549099999999999921e+00	1.992036510920110715e+01
1.552699999999999969e+00	2.007360868970440748e+01
1.556300000000000017e+00	1.880730830705163115e+01
1.559900000000000064e+00	1.954184173522047985e+01
1.563499999999999890e+00	1.997813954250436908e+01
1.567099999999999937e+00	1.905467194815536303e+01
1.570699999999999985e+00	1.928156776205290157e+01
1.574300000000000033e+00	2.032373929931822332e+01
1.578000000000000069e+00	2.019678705845270983e+01
1.581599999999999895e+00	2.133881639835029631e+01
1.585199999999999942e+00	2.168082602287857696e+01
1.588799999999999990e+00	2.222116587722556602e+01
1.592400000000000038e+00	2.251005630765091325e+01
1.596000000000000085e+00	2.207371773361094114e+01
1.599599999999999911e+00	2.201698792029734619e+01
1.603199999999999958e+00	2.153002445642916030e+01
1.606800000000000006e+00	2.156812172865859623e+01
1.610400000000000054e+00	2.203801442096163754e+01
1.614000000000000101e+00	2.276628978302961670e+01
1.617599999999999927e+00	2.341352360427620383e+01
1.621199999999999974e+00	2.503445848991989919e+01
1.624800000000000022e+00	2.530615746599160332e+01
1.628500000000000059e+00	2.511225046259595928e+01
1.632100000000000106e+00	2.393755792440884278e+01
1.635699999999999932e+00	2.081636686201285258e+01
1.639299999999999979e+00	2.018434208443227718e+01
1.642900000000000027e+00	1.935604061358919381e+01
1.646500000000000075e+00	2.028612098133520547e+01
1.650099999999999900e+00	2.045957497904739952e+01
1.653699999999999948e+00	2.202273249234379193e+01
1.657299999999999995e+00	2.229067278925528939e+01
1.660900000000000043e+00	2.232599670704578187e+01
1.664500000000000091e+00	2.263548246780105089e+01
1.668099999999999916e+00	2.203627794601425194e+01
1.671699999999999964e+00	2.255517081725699313e+01
1.675400000000000000e+00	2.145255785253721115e+01
1.679000000000000048e+00	2.064223755173734176e+01
1.682600000000000096e+00	2.089985815428142857e+01
1.686199999999999921e+00	2.024311690224207183e+01
1.689799999999999969e+00	2.042042837167853975e+01
1.693400000000000016e+00	2.160606289157072268e+01
1.697000000000000064e+00	2.147719694178779548e+01
1.700599999999999890e+00	2.216655153601077188e+01
1.704199999999999937e+00	2.252400983232032772e+01
1.707799999999999985e+00	2.338699119103202406e+01
1.711400000000000032e+00	2.476061302663996955e+01
1.715000000000000080e+00	2.410974932721122244e+01
1.718599999999999905e+00	2.451217253531455498e+01
1.722199999999999953e+00	2.446929597331739714e+01
1.725899999999999990e+00	2.555412117683333406e+01
1.729500000000000037e+00	2.499307880566389173e+01
1.733100000000000085e+00	2.439808844321929726e+01
1.736699999999999910e+00	2.429246795280526428e+01
1.740299999999999958e+00	2.301587740329647858e+01
1.743900000000000006e+00	2.206359318719436047e+01
1.747500000000000053e+00	2.200814347357356482e+01
1.751100000000000101e+00	2.139387357804023537e+01
1.754699999999999926e+00	2.213104337920908904e+01
1.758299999999999974e+00	2.196009072040611798e+01
1.761900000000000022e+00	2.424729299640351599e+01
1.765500000000000069e+00	2.378112793351399645e+01
1.769099999999999895e+00	2.606705467626089856e+01
1.772699999999999942e+00	2.648014636410069045e+01
1.776399999999999979e+00	2.702288502755267530e+01
1.780000000000000027e+00	2.626958659061652313e+01
1.783600000000000074e+00	2.569165965944363705e+01
1.787199999999999900e+00	2.597271424120556205e+01
1.790799999999999947e+00	2.627717754769540903e+01
1.794399999999999995e+00	2.731463578800775238e+01
1.798000000000000043e+00	2.857626273057394783e+01
1.801600000000000090e+00	2.995251119727701550e+01
1.805199999999999916e+00	3.023386136782288602e+01
1.808799999999999963e+00	3.097395249468995360e+01
1.812400000000000011e+00	3.068292446446042732e+01
1.816000000000000059e+00	3.135002587430929921e+01
1.819600000000000106e+00	3.048184895154230034e+01
1.823199999999999932e+00	3.029924252169690035e+01
1.826899999999999968e+00	3.128238761004823942e+01
1.830500000000000016e+00	3.111080729875217088e+01
1.834100000000000064e+00	3.333907873509913600e+01
1.837699999999999889e+00	3.315261526909777956e+01
1.841299999999999937e+00	3.405865466879868109e+01
1.844899999999999984e+00	3.657549581323225851e+01
1.848500000000000032e+00	3.771537396813857868e+01
1.852100000000000080e+00	3.829507319199554871e+01
1.855699999999999905e+00	3.995322795335553678e+01
1.859299999999999953e+00	4.052203757734067580e+01
1.862900000000000000e+00	4.143721370618782629e+01
1.866500000000000048e+00	4.052266942693766083e+01
1.870100000000000096e+00	3.915610589767118910e+01
1.873699999999999921e+00	3.878009447224633277e+01
1.877399999999999958e+00	3.931303037488665808e+01
1.881000000000000005e+00	4.143167473425175729e+01
1.884600000000000053e+00	4.617762527654053883e+01
1.888200000000000101e+00	5.105176729158221605e+01
1.891799999999999926e+00	5.496133656668979484e+01
1.895399999999999974e+00	5.700759742930210905e+01
1.899000000000000021e+00	5.488373078002063465e+01
1.902600000000000069e+00	5.018452844278549208e+01
1.906199999999999894e+00	4.774719816012230922e+01
1.909799999999999942e+00	4.807970157516405152e+01
1.913399999999999990e+00	5.390763370010394340e+01
1.917000000000000037e+00	6.107416133247033940e+01
1.920600000000000085e+00	6.900193120341437236e+01
1.924199999999999910e+00	7.328373595595813583e+01
1.927899999999999947e+00	7.223057408619291664e+01
1.931499999999999995e+00	6.709526139664380651e+01
1.935100000000000042e+00	6.011556899396995135e+01
1.938700000000000090e+00	5.508593240869249286e+01
1.942299999999999915e+00	5.593163994513223258e+01
1.945899999999999963e+00	5.830120739860515755e+01
1.949500000000000011e+00	6.341575510796911885e+01
1.953100000000000058e+00	6.641199382899053205e+01
1.956700000000000106e+00	6.561789231834752911e+01
1.960299999999999931e+00	5.937283685667443223e+01
1.963899999999999979e+00	5.178069251726844868e+01
1.967500000000000027e+00	4.401922395494570139e+01
1.971100000000000074e+00	3.977983850602949190e+01
1.974699999999999900e+00	4.163149282514714145e+01
1.978399999999999936e+00	4.558163345715216508e+01
1.981999999999999984e+00	5.221823616326535955e+01
1.985600000000000032e+00	5.848575548526549994e+01
1.989200000000000079e+00	6.371793723653945563e+01
1.992799999999999905e+00	6.503749695661740304e+01
1.996399999999999952e+00	6.247288681330562810e+01
2.000000000000000000e+00	5.361989750126825527e+01
