2.000000000000000111e-01	-2.448493487107241684e+00
2.036000000000000032e-01	-1.807048178010376649e+00
2.071999999999999953e-01	-1.614654078565289419e+00
2.107999999999999874e-01	-1.714480164019643871e+00
2.144000000000000072e-01	-2.310137356739515813e+00
2.179999999999999993e-01	-7.941371999136528359e-01
2.215999999999999914e-01	-8.341500361894005344e-02
2.253000000000000003e-01	-1.330089853342098394e+00
2.288999999999999924e-01	-1.013128299809190613e+00
2.325000000000000122e-01	-4.061170765595509824e-01
2.361000000000000043e-01	3.982178353242118440e-01
2.396999999999999964e-01	-1.726943945401715474e-02
2.432999999999999885e-01	3.949894174281732839e-01
2.469000000000000083e-01	8.136156908516523067e-01
2.505000000000000004e-01	2.663988599517727041e-01
2.540999999999999925e-01	2.156219501075561651e-01
2.576999999999999846e-01	-3.493678927685421320e-01
2.612999999999999767e-01	8.906209072492292655e-01
2.649000000000000243e-01	-3.716829196489548903e-01
2.685000000000000164e-01	7.183292642473471101e-02
2.721000000000000085e-01	-5.762266384879810577e-01
2.757999999999999896e-01	1.629670188053038427e-01
2.793999999999999817e-01	-4.432254305693752450e-01
2.829999999999999738e-01	-2.453649561214066743e+00
2.866000000000000214e-01	-1.338966762181773795e+00
2.902000000000000135e-01	-2.141621435809540230e+00
2.938000000000000056e-01	-1.957555828388940267e+00
2.973999999999999977e-01	-1.356542173165410148e+00
3.009999999999999898e-01	-1.303434459796239064e+00
3.045999999999999819e-01	-8.454979580506298831e-01
3.081999999999999740e-01	-1.393330599350714349e+00
3.118000000000000216e-01	-1.222957981612258216e+00
3.154000000000000137e-01	-1.150842623949541288e+00
3.190000000000000058e-01	-1.343120054851462353e+00
3.225999999999999979e-01	-1.631700774504604379e+00
3.262999999999999790e-01	1.616529642958507429e-01
3.299000000000000266e-01	-3.973642376438231705e-01
3.335000000000000187e-01	8.266383488094575238e-02
3.371000000000000107e-01	6.726816468604689403e-01
3.407000000000000028e-01	-3.504010502177360986e-01
3.442999999999999949e-01	1.140362643959520472e+00
3.478999999999999870e-01	9.969751098963897107e-01
3.514999999999999791e-01	4.877557702049393762e-01
3.551000000000000267e-01	-5.384808127344242745e-02
3.587000000000000188e-01	3.340108133352678310e-01
3.623000000000000109e-01	1.077277255307837800e+00
3.659000000000000030e-01	6.490408347255025578e-01
3.694999999999999951e-01	-1.571112996752556668e-01
3.730999999999999872e-01	-3.672100973503232280e-01
3.768000000000000238e-01	-7.616958554051324048e-01
3.804000000000000159e-01	-6.892994178842155595e-01
3.840000000000000080e-01	-1.150683377328008294e+00
3.876000000000000001e-01	-1.086923081916856715e+00
3.911999999999999922e-01	-1.809155376235417112e+00
3.947999999999999843e-01	-1.390410723349430500e+00
3.983999999999999764e-01	-1.307664840285798880e+00
4.020000000000000240e-01	-7.126479308426233450e-01
4.056000000000000161e-01	2.951176127370647162e-02
4.092000000000000082e-01	-6.410649664536516301e-01
4.128000000000000003e-01	2.372441561663002907e-01
4.163999999999999924e-01	7.365576742811608124e-01
4.199999999999999845e-01	1.898491847680542355e+00
4.235999999999999766e-01	2.246194169796177142e+00
4.273000000000000131e-01	2.373903255433065240e+00
4.309000000000000052e-01	2.611669646751854312e+00
4.344999999999999973e-01	3.090061961090026177e+00
4.380999999999999894e-01	3.860497396612490029e+00
4.416999999999999815e-01	3.926588167572009347e+00
4.452999999999999736e-01	3.791788636851430194e+00
4.489000000000000212e-01	4.088284309376867931e+00
4.525000000000000133e-01	4.064220511751153175e+00
4.561000000000000054e-01	3.707498089817950593e+00
4.596999999999999975e-01	4.105939364173991635e+00
4.632999999999999896e-01	4.593324310051970727e+00
4.668999999999999817e-01	3.778678327743673293e+00
4.704999999999999738e-01	3.208279631978603330e+00
4.741000000000000214e-01	4.229369156109280325e+00
4.778000000000000025e-01	3.361477573039031608e+00
4.813999999999999946e-01	3.981724052322243246e+00
4.849999999999999867e-01	3.899201443935290445e+00
4.885999999999999788e-01	3.653004877494482106e+00
4.922000000000000264e-01	3.430292052806235947e+00
4.958000000000000185e-01	4.078367736261206744e+00
4.994000000000000106e-01	3.332487329088789973e+00
5.030000000000000027e-01	3.209227246634840380e+00
5.066000000000000503e-01	4.058891772066949066e+00
5.101999999999999869e-01	4.368241582913049648e+00
5.138000000000000345e-01	4.759915653147206882e+00
5.173999999999999710e-01	4.494869553760581837e+00
5.210000000000000187e-01	5.729755261298903335e+00
5.245999999999999552e-01	4.939193514001624763e+00
5.282999999999999918e-01	5.412398495206558913e+00
5.319000000000000394e-01	5.510965006304237690e+00
5.354999999999999760e-01	4.881823572545380685e+00
5.391000000000000236e-01	5.362999898005095467e+00
5.426999999999999602e-01	5.185066341090730724e+00
5.463000000000000078e-01	5.643654131265262386e+00
5.499000000000000554e-01	4.505496436493850787e+00
5.534999999999999920e-01	4.151291782256940621e+00
5.571000000000000396e-01	3.847832940088472320e+00
5.606999999999999762e-01	3.890788965046707570e+00
5.643000000000000238e-01	3.491372002440282341e+00
5.678999999999999604e-01	3.002366640768843631e+00
5.715000000000000080e-01	3.488136038628084634e+00
5.752000000000000446e-01	2.083113971412166698e+00
5.787999999999999812e-01	3.562922392764818813e+00
5.824000000000000288e-01	2.059371996860105192e+00
5.859999999999999654e-01	3.028062990229249962e+00
5.896000000000000130e-01	2.218609870209696577e+00
5.931999999999999496e-01	2.524940224924390630e+00
5.967999999999999972e-01	2.058741230732084926e+00
6.004000000000000448e-01	2.436708716672614017e+00
6.039999999999999813e-01	1.835286433637589365e+00
6.076000000000000290e-01	1.682976640111407463e+00
6.111999999999999655e-01	2.339835090959969666e+00
6.148000000000000131e-01	1.458892388968795029e+00
6.183999999999999497e-01	1.151464334918425259e+00
6.219999999999999973e-01	2.137586791890323301e+00
6.257000000000000339e-01	2.185633275930141117e+00
6.292999999999999705e-01	2.151273211001275776e+00
6.329000000000000181e-01	1.838517543035796509e+00
6.364999999999999547e-01	2.539110686467675126e+00
6.401000000000000023e-01	1.935547855883601009e+00
6.437000000000000499e-01	2.780344745290654451e+00
6.472999999999999865e-01	3.153863412126281851e+00
6.509000000000000341e-01	2.409156397693041463e+00
6.544999999999999707e-01	2.805118607943778652e+00
6.581000000000000183e-01	2.471004539063314187e+00
6.616999999999999549e-01	3.063119485082312909e+00
6.653000000000000025e-01	1.963710704150222419e+00
6.689000000000000501e-01	2.130621520338653596e+00
6.724999999999999867e-01	2.156259670661333061e+00
6.762000000000000233e-01	2.142331204751231510e+00
6.797999999999999599e-01	1.498300294860731796e+00
6.834000000000000075e-01	7.383479413792004564e-01
6.870000000000000551e-01	5.255399845975471385e-01
6.905999999999999917e-01	4.123985451602392160e-01
6.942000000000000393e-01	3.923537093111707508e-01
6.977999999999999758e-01	-5.293766496134674759e-02
7.014000000000000234e-01	1.250966318975600400e-01
7.049999999999999600e-01	-1.099287464994548547e+00
7.086000000000000076e-01	4.812905922748129117e-01
7.122000000000000552e-01	3.123067731754937681e-01
7.157999999999999918e-01	4.442312718601431620e-01
7.194000000000000394e-01	4.129357961244271014e-01
7.229999999999999760e-01	4.946825156169853410e-01
7.267000000000000126e-01	6.355767074724354426e-01
7.302999999999999492e-01	8.304511771746853066e-01
7.338999999999999968e-01	8.519192124610691641e-01
7.375000000000000444e-01	1.680417447321515656e+00
7.410999999999999810e-01	1.616723453295433321e+00
7.447000000000000286e-01	1.947461929407071857e+00
7.482999999999999652e-01	2.101714932198848196e+00
7.519000000000000128e-01	1.439107588545068150e+00
7.554999999999999494e-01	2.401969141981673772e+00
7.590999999999999970e-01	2.751457042844558387e+00
7.627000000000000446e-01	1.581820076281320597e+00
7.662999999999999812e-01	1.616688150316349715e+00
7.699000000000000288e-01	2.048787205109394272e+00
7.734999999999999654e-01	1.460723172471602771e+00
7.772000000000000020e-01	1.076049437379837936e+00
7.808000000000000496e-01	1.501341625928705792e+00
7.843999999999999861e-01	1.966064444528514255e+00
7.880000000000000338e-01	1.158567445034682786e+00
7.915999999999999703e-01	1.110188557584024682e+00
7.952000000000000179e-01	1.735575043070254786e+00
7.987999999999999545e-01	1.863975334390134186e+00
8.024000000000000021e-01	1.532057862436298379e+00
8.060000000000000497e-01	9.171200874854045226e-01
8.095999999999999863e-01	2.087663607220072493e+00
8.132000000000000339e-01	2.416790260448370642e+00
8.167999999999999705e-01	2.049911708301410229e+00
8.204000000000000181e-01	2.802762819113467252e+00
8.239999999999999547e-01	2.797119946646189348e+00
8.276999999999999913e-01	2.781296760739144780e+00
8.313000000000000389e-01	3.782694698221483520e+00
8.348999999999999755e-01	3.793573768951606251e+00
8.385000000000000231e-01	3.934742693441845240e+00
8.420999999999999597e-01	5.310810286349489928e+00
8.457000000000000073e-01	4.862268308946881668e+00
8.493000000000000549e-01	4.324713209219024357e+00
8.528999999999999915e-01	4.254354269434238667e+00
8.565000000000000391e-01	4.849938517057342580e+00
8.600999999999999757e-01	5.015925920509405778e+00
8.637000000000000233e-01	4.982570455891741190e+00
8.672999999999999599e-01	4.620935622099011653e+00
8.709000000000000075e-01	4.599827499250046081e+00
8.745000000000000551e-01	4.857675493808734757e+00
8.781999999999999806e-01	4.726052044210708125e+00
8.818000000000000282e-01	4.808088697754264729e+00
8.853999999999999648e-01	4.041242907142209795e+00
8.890000000000000124e-01	3.805346823690068270e+00
8.925999999999999490e-01	4.440258620285289837e+00
8.961999999999999966e-01	4.475012358729662409e+00
8.998000000000000442e-01	4.285388366536028393e+00
9.033999999999999808e-01	4.944189561391106658e+00
9.070000000000000284e-01	4.530683899915612045e+00
9.105999999999999650e-01	4.878729436236850070e+00
9.142000000000000126e-01	5.585055641435089591e+00
9.177999999999999492e-01	5.420283629827283178e+00
9.213999999999999968e-01	6.234644402466313906e+00
9.251000000000000334e-01	6.785209171943143325e+00
9.286999999999999700e-01	7.057612399396650638e+00
9.323000000000000176e-01	7.217886290787117076e+00
9.358999999999999542e-01	7.436044055022397181e+00
9.395000000000000018e-01	7.339782592118806015e+00
9.431000000000000494e-01	7.933382251265212126e+00
9.466999999999999860e-01	7.394631534257084304e+00
9.503000000000000336e-01	7.305404687592066182e+00
9.538999999999999702e-01	8.379911255951586924e+00
9.575000000000000178e-01	7.956127872375095222e+00
9.610999999999999543e-01	8.315532040004827152e+00
9.647000000000000020e-01	7.621213020942090743e+00
9.683000000000000496e-01	7.536429457197686865e+00
9.718999999999999861e-01	7.560278365065650874e+00
9.756000000000000227e-01	6.306015924902379055e+00
9.791999999999999593e-01	7.143367017808846420e+00
9.828000000000000069e-01	6.977579204909392985e+00
9.864000000000000545e-01	6.678777626746892793e+00
9.899999999999999911e-01	6.513025912892199010e+00
9.936000000000000387e-01	6.452409308714983638e+00
9.971999999999999753e-01	6.862250088363287759e+00
1.000799999999999912e+00	8.280292479235978220e+00
1.004399999999999959e+00	8.369570706786220171e+00
1.008000000000000007e+00	7.773682720578968919e+00
1.011600000000000055e+00	8.598718043624355545e+00
1.015200000000000102e+00	7.857111591088866476e+00
1.018799999999999928e+00	8.934006509504639482e+00
1.022399999999999975e+00	8.948672204895729010e+00
1.026100000000000012e+00	9.051408243983201984e+00
1.029700000000000060e+00	8.871446283428763735e+00
1.033300000000000107e+00	8.982427528528706517e+00
1.036899999999999933e+00	8.758599686654632066e+00
1.040499999999999980e+00	8.250147287091115444e+00
1.044100000000000028e+00	8.761924687527082867e+00
1.047700000000000076e+00	8.996085553733344398e+00
1.051299999999999901e+00	8.288866316600232764e+00
1.054899999999999949e+00	7.680795335220850895e+00
1.058499999999999996e+00	8.097950701730495027e+00
1.062100000000000044e+00	8.043615105843926472e+00
1.065700000000000092e+00	7.356216386989956391e+00
1.069299999999999917e+00	8.146176150134635918e+00
1.072899999999999965e+00	7.459111659749642520e+00
1.076600000000000001e+00	8.303162043033655237e+00
1.080200000000000049e+00	8.086446071337686448e+00
1.083800000000000097e+00	8.434772589541502441e+00
1.087399999999999922e+00	7.727151254480687292e+00
1.090999999999999970e+00	8.698418699053537040e+00
1.094600000000000017e+00	8.516878603686649285e+00
1.098200000000000065e+00	8.692807284365024145e+00
1.101799999999999891e+00	8.827517224128008877e+00
1.105399999999999938e+00	9.062327743064166441e+00
1.108999999999999986e+00	9.653372859776309767e+00
1.112600000000000033e+00	9.934435713721608607e+00
1.116200000000000081e+00	1.012322815827446831e+01
1.119799999999999907e+00	9.664384496248098699e+00
1.123399999999999954e+00	1.073668250938596103e+01
1.127099999999999991e+00	1.062706693482612330e+01
1.130700000000000038e+00	1.086812303238345301e+01
1.134300000000000086e+00	1.070473018816357502e+01
1.137899999999999912e+00	1.159490212661538777e+01
1.141499999999999959e+00	1.148778027220463116e+01
1.145100000000000007e+00	1.228575599218132730e+01
1.148700000000000054e+00	1.171427630801514752e+01
1.152300000000000102e+00	1.247104457758849350e+01
1.155899999999999928e+00	1.267031353654531145e+01
1.159499999999999975e+00	1.325835342495966707e+01
1.163100000000000023e+00	1.361664582283474090e+01
1.166700000000000070e+00	1.382682509175458563e+01
1.170299999999999896e+00	1.244724886211670700e+01
1.173899999999999944e+00	1.404006302066962775e+01
1.177599999999999980e+00	1.436179134780683420e+01
1.181200000000000028e+00	1.400210676729061632e+01
1.184800000000000075e+00	1.506732091513380745e+01
1.188399999999999901e+00	1.532999411800117961e+01
1.191999999999999948e+00	1.614659929401271299e+01
1.195599999999999996e+00	1.736816766069865636e+01
1.199200000000000044e+00	1.744937899080602506e+01
1.202800000000000091e+00	1.789895260286825973e+01
1.206399999999999917e+00	1.823194088972736182e+01
1.209999999999999964e+00	1.889359413258351239e+01
1.213600000000000012e+00	1.939248562524957009e+01
1.217200000000000060e+00	1.966210955103506564e+01
1.220800000000000107e+00	1.996260601111141497e+01
1.224399999999999933e+00	2.039297348278147481e+01
1.228099999999999969e+00	2.095619728973874984e+01
1.231700000000000017e+00	2.157761696611377999e+01
1.235300000000000065e+00	2.151362542821986779e+01
1.238899999999999890e+00	2.219117775594183328e+01
1.242499999999999938e+00	2.247782953312365350e+01
1.246099999999999985e+00	2.289942470627753934e+01
1.249700000000000033e+00	2.293487068799803197e+01
1.253300000000000081e+00	2.274594125987641746e+01
1.256899999999999906e+00	2.364539209266824571e+01
1.260499999999999954e+00	2.401628918612256314e+01
1.264100000000000001e+00	2.454771077961460080e+01
1.267700000000000049e+00	2.501493313365329030e+01
1.271300000000000097e+00	2.437719069162929841e+01
1.274899999999999922e+00	2.540810474831326005e+01
1.278599999999999959e+00	2.556629924861439562e+01
1.282200000000000006e+00	2.579004482414582711e+01
1.285800000000000054e+00	2.507402982753497511e+01
1.289400000000000102e+00	2.472824748109992754e+01
1.292999999999999927e+00	2.450560328954351874e+01
1.296599999999999975e+00	2.421449780717650313e+01
1.300200000000000022e+00	2.516596090700904753e+01
1.303800000000000070e+00	2.611680108958599433e+01
1.307399999999999896e+00	2.612802970891290855e+01
1.310999999999999943e+00	2.590418265100263540e+01
1.314599999999999991e+00	2.539732620661241569e+01
1.318200000000000038e+00	2.480814358309945789e+01
1.321800000000000086e+00	2.425543823715832659e+01
1.325499999999999901e+00	2.344264616934866297e+01
1.329099999999999948e+00	2.299161292727643868e+01
1.332699999999999996e+00	2.298176735608057442e+01
1.336300000000000043e+00	2.219246025548693169e+01
1.339900000000000091e+00	2.121367909583938172e+01
1.343499999999999917e+00	2.170743485158827468e+01
1.347099999999999964e+00	2.222112058912114207e+01
1.350700000000000012e+00	2.193845617972899475e+01
1.354300000000000059e+00	2.122063285374576935e+01
1.357900000000000107e+00	2.195615854771533648e+01
1.361499999999999932e+00	2.217970877917698047e+01
1.365099999999999980e+00	2.143113752757327717e+01
1.368700000000000028e+00	2.053419713949273628e+01
1.372300000000000075e+00	2.067113521551060984e+01
1.375999999999999890e+00	1.904857570240249842e+01
1.379599999999999937e+00	1.983708879246782075e+01
1.383199999999999985e+00	1.951768178646115715e+01
1.386800000000000033e+00	1.891777421834633444e+01
1.390400000000000080e+00	1.942858038873364990e+01
1.393999999999999906e+00	1.849962882210992277e+01
1.397599999999999953e+00	1.852362762044905153e+01
1.401200000000000001e+00	1.865294368718812024e+01
1.404800000000000049e+00	2.010662307646942537e+01
1.408400000000000096e+00	1.923201928254483306e+01
1.411999999999999922e+00	2.003819221955260588e+01
1.415599999999999969e+00	1.986601555603893843e+01
1.419200000000000017e+00	2.049023849545650933e+01
1.422800000000000065e+00	1.941883567330703286e+01
1.426500000000000101e+00	1.885037501494009149e+01
1.430099999999999927e+00	1.921176471117692941e+01
1.433699999999999974e+00	1.890407495503978197e+01
1.437300000000000022e+00	1.916411695107659696e+01
1.440900000000000070e+00	1.922988967881645905e+01
1.444499999999999895e+00	1.933402058308105254e+01
1.448099999999999943e+00	1.907374410952128230e+01
1.451699999999999990e+00	1.963981089914811307e+01
1.455300000000000038e+00	1.929938535743398020e+01
1.458900000000000086e+00	1.945077684803957396e+01
1.462499999999999911e+00	2.002170348613753958e+01
1.466099999999999959e+00	2.085609620334111369e+01
1.469700000000000006e+00	2.038869366799966443e+01
1.473300000000000054e+00	2.032169547152813038e+01
1.477000000000000091e+00	2.039889143847778286e+01
1.480599999999999916e+00	2.138375750707215062e+01
1.484199999999999964e+00	2.093663159244263383e+01
1.487800000000000011e+00	2.114659992938438293e+01
1.491400000000000059e+00	2.157572510063086568e+01
1.495000000000000107e+00	2.145952092590648164e+01
1.498599999999999932e+00	2.093655495546490997e+01
1.502199999999999980e+00	2.057987598546218422e+01
1.505800000000000027e+00	2.099292784215987950e+01
1.509400000000000075e+00	2.100556566164469530e+01
1.512999999999999901e+00	2.199087389570602724e+01
1.516599999999999948e+00	2.273180681164308936e+01
1.520199999999999996e+00	2.251944709912049092e+01
1.523800000000000043e+00	2.436898055058351531e+01
1.527500000000000080e+00	2.418857198544365872e+01
1.531099999999999905e+00	2.360525043193115025e+01
1.534699999999999953e+00	2.415771240815636034e+01
1.538300000000000001e+00	2.382762801468324199e+01
1.541900000000000048e+00	2.321713096801230236e+01
1.545500000000000096e+00	2.251615491356463394e+01
1.549099999999999921e+00	2.212323389390212114e+01
1.552699999999999969e+00	2.173291621399365070e+01
1.556300000000000017e+00	2.123146914158369825e+01
1.559900000000000064e+00	2.123821890854150851e+01
1.563499999999999890e+00	2.180437481168580405e+01
1.567099999999999937e+00	2.218143758430615975e+01
1.570699999999999985e+00	2.230943253235785662e+01
1.574300000000000033e+00	2.285246417812928854e+01
1.578000000000000069e+00	2.278130974577775802e+01
1.581599999999999895e+00	2.270942578120480704e+01
1.585199999999999942e+00	2.292152267446399705e+01
1.588799999999999990e+00	2.263045284433587412e+01
1.592400000000000038e+00	2.219233654411735301e+01
1.596000000000000085e+00	2.239211938085655262e+01
1.599599999999999911e+00	2.316345654988772651e+01
1.603199999999999958e+00	2.306330422992829909e+01
1.606800000000000006e+00	2.275786925880988321e+01
1.610400000000000054e+00	2.288617255416968277e+01
1.614000000000000101e+00	2.159753835297722091e+01
1.617599999999999927e+00	2.101038409434320542e+01
1.621199999999999974e+00	1.971122056286282387e+01
1.624800000000000022e+00	1.894299894705896747e+01
1.628500000000000059e+00	1.921448358790349431e+01
1.632100000000000106e+00	1.937135281608244952e+01
1.635699999999999932e+00	2.009503039202784080e+01
1.639299999999999979e+00	1.962310617217542230e+01
1.642900000000000027e+00	1.916158677954300060e+01
1.646500000000000075e+00	1.938597635474421921e+01
1.650099999999999900e+00	1.870837294618189262e+01
1.653699999999999948e+00	1.812426815062710617e+01
1.657299999999999995e+00	1.786014059681007282e+01
1.660900000000000043e+00	1.759019440789194277e+01
1.664500000000000091e+00	1.713591932922919270e+01
1.668099999999999916e+00	1.716573474420452428e+01
1.671699999999999964e+00	1.704745506630802865e+01
1.675400000000000000e+00	1.821488231470925712e+01
1.679000000000000048e+00	1.793283684742975836e+01
1.682600000000000096e+00	1.805483073721322640e+01
1.686199999999999921e+00	1.818260017932060180e+01
1.689799999999999969e+00	1.672537390535823221e+01
1.693400000000000016e+00	1.645940084794237990e+01
1.697000000000000064e+00	1.621836464246952758e+01
1.700599999999999890e+00	1.594822310267699450e+01
1.704199999999999937e+00	1.711604058578296872e+01
1.707799999999999985e+00	1.884056385473954265e+01
1.711400000000000032e+00	2.013751516448616030e+01
1.715000000000000080e+00	2.212347039844636853e+01
1.718599999999999905e+00	2.249676488448043798e+01
1.722199999999999953e+00	2.225092385370734860e+01
1.725899999999999990e+00	2.138851912136412281e+01
1.729500000000000037e+00	2.080289269338908653e+01
1.733100000000000085e+00	1.959382626600162425e+01
1.736699999999999910e+00	2.037299366175015081e+01
1.740299999999999958e+00	2.059180300613375891e+01
1.743900000000000006e+00	2.040511431975859580e+01
1.747500000000000053e+00	2.247238531254003746e+01
1.751100000000000101e+00	2.248075268785591874e+01
1.754699999999999926e+00	2.280511698431474343e+01
1.758299999999999974e+00	2.324235848683220595e+01
1.761900000000000022e+00	2.415567088431297549e+01
1.765500000000000069e+00	2.405237145969746848e+01
1.769099999999999895e+00	2.439590449241608283e+01
1.772699999999999942e+00	2.467840149670688277e+01
1.776399999999999979e+00	2.476933254748382751e+01
1.780000000000000027e+00	2.424785012303726361e+01
1.783600000000000074e+00	2.510774416316074209e+01
1.787199999999999900e+00	2.588635892903516122e+01
1.790799999999999947e+00	2.523503861032945750e+01
1.794399999999999995e+00	2.571777177230523748e+01
1.798000000000000043e+00	2.558632076413565315e+01
1.801600000000000090e+00	2.571929669509107796e+01
1.805199999999999916e+00	2.578678116593067671e+01
1.808799999999999963e+00	2.649104529268657160e+01
1.812400000000000011e+00	2.621512649662170702e+01
1.816000000000000059e+00	2.671668663790981313e+01
1.819600000000000106e+00	2.777869102914555555e+01
1.823199999999999932e+00	2.851601971928653256e+01
1.826899999999999968e+00	2.903768350114573593e+01
1.830500000000000016e+00	3.027065013131684879e+01
1.834100000000000064e+00	3.080543490146255081e+01
1.837699999999999889e+00	3.213507659534748484e+01
1.841299999999999937e+00	3.221513792152177302e+01
1.844899999999999984e+00	3.286371337276356996e+01
1.848500000000000032e+00	3.301099023846190050e+01
1.852100000000000080e+00	3.352767178167513151e+01
1.855699999999999905e+00	3.371754216294976203e+01
1.859299999999999953e+00	3.380277455703985368e+01
1.862900000000000000e+00	3.406222303486393344e+01
1.866500000000000048e+00	3.410148114515161666e+01
1.870100000000000096e+00	3.459756441328880783e+01
1.873699999999999921e+00	3.459260723693141415e+01
1.877399999999999958e+00	3.481703377660319632e+01
1.881000000000000005e+00	3.571271586660970598e+01
1.884600000000000053e+00	3.686725992562375609e+01
1.888200000000000101e+00	3.823972384412098080e+01
1.891799999999999926e+00	3.931193631635311192e+01
1.895399999999999974e+00	3.981671617231932458e+01
1.899000000000000021e+00	4.147311001840068201e+01
1.902600000000000069e+00	4.156429461302200679e+01
1.906199999999999894e+00	4.235888377180349806e+01
1.909799999999999942e+00	4.188952355732357091e+01
1.913399999999999990e+00	4.268794943992402580e+01
1.917000000000000037e+00	4.343973241590174439e+01
1.920600000000000085e+00	4.338075865177965795e+01
1.924199999999999910e+00	4.405540189990195188e+01
1.927899999999999947e+00	4.383524538172899554e+01
1.931499999999999995e+00	4.334112061965721097e+01
1.935100000000000042e+00	4.416609449774870200e+01
1.938700000000000090e+00	4.456539887652831311e+01
1.942299999999999915e+00	4.760006493234764946e+01
1.945899999999999963e+00	5.095937284143328583e+01
1.949500000000000011e+00	5.274855636796007019e+01
1.953100000000000058e+00	5.500868052874323411e+01
1.956700000000000106e+00	5.506460631061202804e+01
1.960299999999999931e+00	5.346287859167445333e+01
1.963899999999999979e+00	5.119187787251131994e+01
1.967500000000000027e+00	5.261304495394628589e+01
1.971100000000000074e+00	5.791292769397726659e+01
1.974699999999999900e+00	6.944142203585467144e+01
1.978399999999999936e+00	8.249319629549177080e+01
1.981999999999999984e+00	9.544977965574290124e+01
1.985600000000000032e+00	1.051479023350230477e+02
1.989200000000000079e+00	1.091674087681495990e+02
1.992799999999999905e+00	1.043840384157114158e+02
1.996399999999999952e+00	8.838856924645314450e+01
2.000000000000000000e+00	5.681433769899079067e+01
