2.000000000000000111e-01	-7.149999999999999689e-01
2.036000000000000032e-01	-4.628999999999999782e-01
2.071999999999999953e-01	-1.136999999999999955e-01
2.107999999999999874e-01	2.936000000000000276e-01
2.144000000000000072e-01	7.201999999999999513e-01
2.179999999999999993e-01	1.127299999999999969e+00
2.215999999999999914e-01	1.475899999999999990e+00
2.253000000000000003e-01	1.727200000000000069e+00
2.288999999999999924e-01	1.842200000000000060e+00
2.325000000000000122e-01	1.786999999999999922e+00
2.361000000000000043e-01	1.580100000000000060e+00
2.396999999999999964e-01	1.272499999999999964e+00
2.432999999999999885e-01	9.157999999999999474e-01
2.469000000000000083e-01	5.607999999999999652e-01
2.505000000000000004e-01	2.462999999999999912e-01
2.540999999999999925e-01	-8.000000000000000383e-04
2.576999999999999846e-01	-1.539000000000000090e-01
2.612999999999999767e-01	-1.864999999999999991e-01
2.649000000000000243e-01	-8.759999999999999731e-02
2.685000000000000164e-01	1.320000000000000062e-01
2.721000000000000085e-01	4.602999999999999869e-01
2.757999999999999896e-01	8.847000000000000419e-01
2.793999999999999817e-01	1.376300000000000079e+00
2.829999999999999738e-01	1.870000000000000107e+00
2.866000000000000214e-01	2.295500000000000096e+00
2.902000000000000135e-01	2.583000000000000185e+00
2.938000000000000056e-01	2.681999999999999940e+00
2.973999999999999977e-01	2.609599999999999920e+00
3.009999999999999898e-01	2.397299999999999986e+00
3.045999999999999819e-01	2.076900000000000190e+00
3.081999999999999740e-01	1.681899999999999951e+00
3.118000000000000216e-01	1.256999999999999895e+00
3.154000000000000137e-01	8.508000000000000007e-01
3.190000000000000058e-01	5.118000000000000327e-01
3.225999999999999979e-01	2.854999999999999760e-01
3.262999999999999790e-01	1.882999999999999952e-01
3.299000000000000266e-01	2.209000000000000130e-01
3.335000000000000187e-01	3.840000000000000080e-01
3.371000000000000107e-01	6.761000000000000343e-01
3.407000000000000028e-01	1.059600000000000097e+00
3.442999999999999949e-01	1.467799999999999994e+00
3.478999999999999870e-01	1.832899999999999974e+00
3.514999999999999791e-01	2.088000000000000078e+00
3.551000000000000267e-01	2.198599999999999888e+00
3.587000000000000188e-01	2.170599999999999863e+00
3.623000000000000109e-01	2.012000000000000011e+00
3.659000000000000030e-01	1.731300000000000061e+00
3.694999999999999951e-01	1.350100000000000078e+00
3.730999999999999872e-01	9.149000000000000465e-01
3.768000000000000238e-01	4.751000000000000223e-01
3.804000000000000159e-01	7.989999999999999880e-02
3.840000000000000080e-01	-2.255000000000000060e-01
3.876000000000000001e-01	-4.084999999999999742e-01
3.911999999999999922e-01	-4.391999999999999793e-01
3.947999999999999843e-01	-2.871000000000000218e-01
3.983999999999999764e-01	6.040000000000000230e-02
4.020000000000000240e-01	5.341000000000000192e-01
4.056000000000000161e-01	1.039900000000000047e+00
4.092000000000000082e-01	1.484099999999999975e+00
4.128000000000000003e-01	1.782100000000000017e+00
4.163999999999999924e-01	1.924500000000000099e+00
4.199999999999999845e-01	1.936700000000000088e+00
4.235999999999999766e-01	1.844300000000000050e+00
4.273000000000000131e-01	1.672199999999999909e+00
4.309000000000000052e-01	1.432700000000000085e+00
4.344999999999999973e-01	1.129199999999999982e+00
4.380999999999999894e-01	7.650000000000000133e-01
4.416999999999999815e-01	3.444999999999999729e-01
4.452999999999999736e-01	-9.370000000000000551e-02
4.489000000000000212e-01	-4.737999999999999989e-01
4.525000000000000133e-01	-7.181999999999999496e-01
4.561000000000000054e-01	-7.499000000000000110e-01
4.596999999999999975e-01	-5.466999999999999638e-01
4.632999999999999896e-01	-1.771000000000000074e-01
4.668999999999999817e-01	2.818999999999999839e-01
4.704999999999999738e-01	7.534999999999999476e-01
4.741000000000000214e-01	1.173499999999999988e+00
4.778000000000000025e-01	1.510299999999999976e+00
4.813999999999999946e-01	1.737900000000000000e+00
4.849999999999999867e-01	1.829900000000000082e+00
4.885999999999999788e-01	1.766999999999999904e+00
4.922000000000000264e-01	1.558300000000000018e+00
4.958000000000000185e-01	1.220199999999999951e+00
4.994000000000000106e-01	7.690000000000000169e-01
5.030000000000000027e-01	2.268999999999999906e-01
5.066000000000000503e-01	-3.463999999999999857e-01
5.101999999999999869e-01	-8.752999999999999670e-01
5.138000000000000345e-01	-1.284399999999999986e+00
5.173999999999999710e-01	-1.504099999999999993e+00
5.210000000000000187e-01	-1.529400000000000093e+00
5.245999999999999552e-01	-1.396600000000000064e+00
5.282999999999999918e-01	-1.142400000000000082e+00
5.319000000000000394e-01	-8.041000000000000369e-01
5.354999999999999760e-01	-4.284999999999999920e-01
5.391000000000000236e-01	-7.130000000000000226e-02
5.426999999999999602e-01	2.111999999999999988e-01
5.463000000000000078e-01	3.633000000000000118e-01
5.499000000000000554e-01	3.622000000000000219e-01
5.534999999999999920e-01	2.320000000000000118e-01
5.571000000000000396e-01	8.999999999999999754e-04
5.606999999999999762e-01	-3.033000000000000140e-01
5.643000000000000238e-01	-6.478000000000000425e-01
5.678999999999999604e-01	-9.892999999999999572e-01
5.715000000000000080e-01	-1.283199999999999896e+00
5.752000000000000446e-01	-1.485000000000000098e+00
5.787999999999999812e-01	-1.559399999999999897e+00
5.824000000000000288e-01	-1.504699999999999926e+00
5.859999999999999654e-01	-1.326699999999999990e+00
5.896000000000000130e-01	-1.030899999999999928e+00
5.931999999999999496e-01	-6.307000000000000384e-01
5.967999999999999972e-01	-1.821000000000000119e-01
6.004000000000000448e-01	2.434999999999999942e-01
6.039999999999999813e-01	5.748999999999999666e-01
6.076000000000000290e-01	7.470999999999999863e-01
6.111999999999999655e-01	7.568000000000000282e-01
6.148000000000000131e-01	6.343999999999999639e-01
6.183999999999999497e-01	4.107000000000000095e-01
6.219999999999999973e-01	1.168000000000000010e-01
6.257000000000000339e-01	-2.083000000000000129e-01
6.292999999999999705e-01	-5.193999999999999728e-01
6.329000000000000181e-01	-7.708000000000000407e-01
6.364999999999999547e-01	-9.176999999999999602e-01
6.401000000000000023e-01	-9.367999999999999661e-01
6.437000000000000499e-01	-8.320999999999999508e-01
6.472999999999999865e-01	-6.096000000000000307e-01
6.509000000000000341e-01	-2.752999999999999892e-01
6.544999999999999707e-01	1.501000000000000112e-01
6.581000000000000183e-01	6.177000000000000268e-01
6.616999999999999549e-01	1.075199999999999934e+00
6.653000000000000025e-01	1.470199999999999951e+00
6.689000000000000501e-01	1.763400000000000079e+00
6.724999999999999867e-01	1.954399999999999915e+00
6.762000000000000233e-01	2.050300000000000011e+00
6.797999999999999599e-01	2.058399999999999785e+00
6.834000000000000075e-01	1.987500000000000044e+00
6.870000000000000551e-01	1.855199999999999960e+00
6.905999999999999917e-01	1.681799999999999962e+00
6.942000000000000393e-01	1.487500000000000044e+00
6.977999999999999758e-01	1.293099999999999916e+00
7.014000000000000234e-01	1.123499999999999943e+00
7.049999999999999600e-01	1.005900000000000016e+00
7.086000000000000076e-01	9.671999999999999487e-01
7.122000000000000552e-01	1.032200000000000006e+00
7.157999999999999918e-01	1.194299999999999917e+00
7.194000000000000394e-01	1.423300000000000010e+00
7.229999999999999760e-01	1.688800000000000079e+00
7.267000000000000126e-01	1.960299999999999931e+00
7.302999999999999492e-01	2.211899999999999977e+00
7.338999999999999968e-01	2.422499999999999876e+00
7.375000000000000444e-01	2.571000000000000174e+00
7.410999999999999810e-01	2.637000000000000011e+00
7.447000000000000286e-01	2.613799999999999901e+00
7.482999999999999652e-01	2.519099999999999895e+00
7.519000000000000128e-01	2.373099999999999987e+00
7.554999999999999494e-01	2.195699999999999985e+00
7.590999999999999970e-01	2.009799999999999809e+00
7.627000000000000446e-01	1.845800000000000107e+00
7.662999999999999812e-01	1.735200000000000076e+00
7.699000000000000288e-01	1.709500000000000020e+00
7.734999999999999654e-01	1.790399999999999991e+00
7.772000000000000020e-01	1.957400000000000029e+00
7.808000000000000496e-01	2.179100000000000037e+00
7.843999999999999861e-01	2.424100000000000144e+00
7.880000000000000338e-01	2.662799999999999834e+00
7.915999999999999703e-01	2.879300000000000193e+00
7.952000000000000179e-01	3.062800000000000189e+00
7.987999999999999545e-01	3.202799999999999869e+00
8.024000000000000021e-01	3.289400000000000102e+00
8.060000000000000497e-01	3.319599999999999884e+00
8.095999999999999863e-01	3.294599999999999973e+00
8.132000000000000339e-01	3.215899999999999981e+00
8.167999999999999705e-01	3.085599999999999898e+00
8.204000000000000181e-01	2.918699999999999850e+00
8.239999999999999547e-01	2.743100000000000094e+00
8.276999999999999913e-01	2.587299999999999933e+00
8.313000000000000389e-01	2.479400000000000048e+00
8.348999999999999755e-01	2.439599999999999991e+00
8.385000000000000231e-01	2.476100000000000190e+00
8.420999999999999597e-01	2.596099999999999852e+00
8.457000000000000073e-01	2.806700000000000195e+00
8.493000000000000549e-01	3.102899999999999991e+00
8.528999999999999915e-01	3.452399999999999913e+00
8.565000000000000391e-01	3.818799999999999972e+00
8.600999999999999757e-01	4.165899999999999714e+00
8.637000000000000233e-01	4.461400000000000254e+00
8.672999999999999599e-01	4.687899999999999956e+00
8.709000000000000075e-01	4.831699999999999662e+00
8.745000000000000551e-01	4.878599999999999604e+00
8.781999999999999806e-01	4.821100000000000385e+00
8.818000000000000282e-01	4.687999999999999723e+00
8.853999999999999648e-01	4.521600000000000286e+00
8.890000000000000124e-01	4.364099999999999646e+00
8.925999999999999490e-01	4.255399999999999849e+00
8.961999999999999966e-01	4.210600000000000342e+00
8.998000000000000442e-01	4.231499999999999595e+00
9.033999999999999808e-01	4.319499999999999673e+00
9.070000000000000284e-01	4.475200000000000067e+00
9.105999999999999650e-01	4.687800000000000189e+00
9.142000000000000126e-01	4.936399999999999899e+00
9.177999999999999492e-01	5.199799999999999756e+00
9.213999999999999968e-01	5.456599999999999895e+00
9.251000000000000334e-01	5.688100000000000378e+00
9.286999999999999700e-01	5.878199999999999648e+00
9.323000000000000176e-01	6.011099999999999888e+00
9.358999999999999542e-01	6.070999999999999730e+00
9.395000000000000018e-01	6.055500000000000327e+00
9.431000000000000494e-01	5.987800000000000011e+00
9.466999999999999860e-01	5.894400000000000084e+00
9.503000000000000336e-01	5.801999999999999602e+00
9.538999999999999702e-01	5.734700000000000131e+00
9.575000000000000178e-01	5.709999999999999964e+00
9.610999999999999543e-01	5.744200000000000195e+00
9.647000000000000020e-01	5.853299999999999947e+00
9.683000000000000496e-01	6.047699999999999854e+00
9.718999999999999861e-01	6.307400000000000340e+00
9.756000000000000227e-01	6.603399999999999714e+00
9.791999999999999593e-01	6.906399999999999650e+00
9.828000000000000069e-01	7.187999999999999723e+00
9.864000000000000545e-01	7.426099999999999923e+00
9.899999999999999911e-01	7.601399999999999935e+00
9.936000000000000387e-01	7.694899999999999629e+00
9.971999999999999753e-01	7.689499999999999780e+00
1.000799999999999912e+00	7.600600000000000023e+00
1.004399999999999959e+00	7.467399999999999594e+00
1.008000000000000007e+00	7.329900000000000304e+00
1.011600000000000055e+00	7.227500000000000036e+00
1.015200000000000102e+00	7.181099999999999817e+00
1.018799999999999928e+00	7.190299999999999692e+00
1.022399999999999975e+00	7.253800000000000026e+00
1.026100000000000012e+00	7.370400000000000063e+00
1.029700000000000060e+00	7.538100000000000023e+00
1.033300000000000107e+00	7.754100000000000215e+00
1.036899999999999933e+00	8.015700000000000713e+00
1.040499999999999980e+00	8.319900000000000517e+00
1.044100000000000028e+00	8.654600000000000293e+00
1.047700000000000076e+00	8.981899999999999551e+00
1.051299999999999901e+00	9.259999999999999787e+00
1.054899999999999949e+00	9.446899999999999409e+00
1.058499999999999996e+00	9.513099999999999667e+00
1.062100000000000044e+00	9.482699999999999463e+00
1.065700000000000092e+00	9.394399999999999196e+00
1.069299999999999917e+00	9.286799999999999500e+00
1.072899999999999965e+00	9.195800000000000196e+00
1.076600000000000001e+00	9.139799999999999258e+00
1.080200000000000049e+00	9.129500000000000171e+00
1.083800000000000097e+00	9.175499999999999545e+00
1.087399999999999922e+00	9.288000000000000256e+00
1.090999999999999970e+00	9.471899999999999764e+00
1.094600000000000017e+00	9.728600000000000136e+00
1.098200000000000065e+00	1.005940000000000012e+01
1.101799999999999891e+00	1.046410000000000018e+01
1.105399999999999938e+00	1.090970000000000084e+01
1.108999999999999986e+00	1.132980000000000054e+01
1.112600000000000033e+00	1.165700000000000003e+01
1.116200000000000081e+00	1.182469999999999999e+01
1.119799999999999907e+00	1.182419999999999938e+01
1.123399999999999954e+00	1.173460000000000036e+01
1.127099999999999991e+00	1.164230000000000054e+01
1.130700000000000038e+00	1.163349999999999973e+01
1.134300000000000086e+00	1.175779999999999959e+01
1.137899999999999912e+00	1.197940000000000005e+01
1.141499999999999959e+00	1.225000000000000000e+01
1.145100000000000007e+00	1.252139999999999986e+01
1.148700000000000054e+00	1.276420000000000066e+01
1.152300000000000102e+00	1.301880000000000059e+01
1.155899999999999928e+00	1.334179999999999922e+01
1.159499999999999975e+00	1.378979999999999961e+01
1.163100000000000023e+00	1.440099999999999980e+01
1.166700000000000070e+00	1.510360000000000014e+01
1.170299999999999896e+00	1.578480000000000061e+01
1.173899999999999944e+00	1.633190000000000097e+01
1.177599999999999980e+00	1.664620000000000033e+01
1.181200000000000028e+00	1.676980000000000004e+01
1.184800000000000075e+00	1.682600000000000051e+01
1.188399999999999901e+00	1.693929999999999936e+01
1.191999999999999948e+00	1.722830000000000084e+01
1.195599999999999996e+00	1.770909999999999940e+01
1.199200000000000044e+00	1.830760000000000076e+01
1.202800000000000091e+00	1.894640000000000057e+01
1.206399999999999917e+00	1.954970000000000141e+01
1.209999999999999964e+00	2.009110000000000085e+01
1.213600000000000012e+00	2.061019999999999897e+01
1.217200000000000060e+00	2.115149999999999864e+01
1.220800000000000107e+00	2.175880000000000081e+01
1.224399999999999933e+00	2.244020000000000081e+01
1.228099999999999969e+00	2.313070000000000093e+01
1.231700000000000017e+00	2.375629999999999953e+01
1.235300000000000065e+00	2.424309999999999832e+01
1.238899999999999890e+00	2.454589999999999961e+01
1.242499999999999938e+00	2.471219999999999928e+01
1.246099999999999985e+00	2.480750000000000099e+01
1.249700000000000033e+00	2.489770000000000039e+01
1.253300000000000081e+00	2.504090000000000060e+01
1.256899999999999906e+00	2.525730000000000075e+01
1.260499999999999954e+00	2.555480000000000018e+01
1.264100000000000001e+00	2.594129999999999825e+01
1.267700000000000049e+00	2.641669999999999874e+01
1.271300000000000097e+00	2.691130000000000067e+01
1.274899999999999922e+00	2.732079999999999842e+01
1.278599999999999959e+00	2.754060000000000130e+01
1.282200000000000006e+00	2.747400000000000020e+01
1.285800000000000054e+00	2.714219999999999899e+01
1.289400000000000102e+00	2.665709999999999980e+01
1.292999999999999927e+00	2.613309999999999889e+01
1.296599999999999975e+00	2.568209999999999837e+01
1.300200000000000022e+00	2.534270000000000067e+01
1.303800000000000070e+00	2.506830000000000069e+01
1.307399999999999896e+00	2.480740000000000123e+01
1.310999999999999943e+00	2.450870000000000104e+01
1.314599999999999991e+00	2.414669999999999916e+01
1.318200000000000038e+00	2.374139999999999873e+01
1.321800000000000086e+00	2.331719999999999970e+01
1.325499999999999901e+00	2.289890000000000114e+01
1.329099999999999948e+00	2.250349999999999895e+01
1.332699999999999996e+00	2.212780000000000058e+01
1.336300000000000043e+00	2.176480000000000103e+01
1.339900000000000091e+00	2.140790000000000148e+01
1.343499999999999917e+00	2.104799999999999827e+01
1.347099999999999964e+00	2.066710000000000136e+01
1.350700000000000012e+00	2.024449999999999861e+01
1.354300000000000059e+00	1.975969999999999871e+01
1.357900000000000107e+00	1.919910000000000139e+01
1.361499999999999932e+00	1.859949999999999903e+01
1.365099999999999980e+00	1.801970000000000027e+01
1.368700000000000028e+00	1.751879999999999882e+01
1.372300000000000075e+00	1.715080000000000027e+01
1.375999999999999890e+00	1.691019999999999968e+01
1.379599999999999937e+00	1.675100000000000122e+01
1.383199999999999985e+00	1.662679999999999936e+01
1.386800000000000033e+00	1.649200000000000088e+01
1.390400000000000080e+00	1.633249999999999957e+01
1.393999999999999906e+00	1.616560000000000130e+01
1.397599999999999953e+00	1.601000000000000156e+01
1.401200000000000001e+00	1.588449999999999918e+01
1.404800000000000049e+00	1.579320000000000057e+01
1.408400000000000096e+00	1.571819999999999951e+01
1.411999999999999922e+00	1.563959999999999972e+01
1.415599999999999969e+00	1.553759999999999941e+01
1.419200000000000017e+00	1.539920000000000044e+01
1.422800000000000065e+00	1.522780000000000022e+01
1.426500000000000101e+00	1.502919999999999945e+01
1.430099999999999927e+00	1.480920000000000059e+01
1.433699999999999974e+00	1.457719999999999949e+01
1.437300000000000022e+00	1.435580000000000034e+01
1.440900000000000070e+00	1.417099999999999937e+01
1.444499999999999895e+00	1.404879999999999995e+01
1.448099999999999943e+00	1.401019999999999932e+01
1.451699999999999990e+00	1.404729999999999990e+01
1.455300000000000038e+00	1.414119999999999955e+01
1.458900000000000086e+00	1.427299999999999969e+01
1.462499999999999911e+00	1.442389999999999972e+01
1.466099999999999959e+00	1.458050000000000068e+01
1.469700000000000006e+00	1.473189999999999955e+01
1.473300000000000054e+00	1.486730000000000018e+01
1.477000000000000091e+00	1.497729999999999961e+01
1.480599999999999916e+00	1.507970000000000077e+01
1.484199999999999964e+00	1.521679999999999922e+01
1.487800000000000011e+00	1.543130000000000024e+01
1.491400000000000059e+00	1.576510000000000034e+01
1.495000000000000107e+00	1.620080000000000098e+01
1.498599999999999932e+00	1.664189999999999969e+01
1.502199999999999980e+00	1.698570000000000135e+01
1.505800000000000027e+00	1.713019999999999854e+01
1.509400000000000075e+00	1.705020000000000024e+01
1.512999999999999901e+00	1.688019999999999854e+01
1.516599999999999948e+00	1.677449999999999974e+01
1.520199999999999996e+00	1.688739999999999952e+01
1.523800000000000043e+00	1.730959999999999965e+01
1.527500000000000080e+00	1.792249999999999943e+01
1.531099999999999905e+00	1.856490000000000151e+01
1.534699999999999953e+00	1.907539999999999836e+01
1.538300000000000001e+00	1.932600000000000051e+01
1.541900000000000048e+00	1.936360000000000170e+01
1.545500000000000096e+00	1.929260000000000019e+01
1.549099999999999921e+00	1.921730000000000160e+01
1.552699999999999969e+00	1.923250000000000171e+01
1.556300000000000017e+00	1.935000000000000142e+01
1.559900000000000064e+00	1.953859999999999886e+01
1.563499999999999890e+00	1.976679999999999993e+01
1.567099999999999937e+00	2.000390000000000157e+01
1.570699999999999985e+00	2.023590000000000089e+01
1.574300000000000033e+00	2.046099999999999852e+01
1.578000000000000069e+00	2.067810000000000059e+01
1.581599999999999895e+00	2.088530000000000086e+01
1.585199999999999942e+00	2.106660000000000110e+01
1.588799999999999990e+00	2.118819999999999837e+01
1.592400000000000038e+00	2.121569999999999823e+01
1.596000000000000085e+00	2.111469999999999914e+01
1.599599999999999911e+00	2.089440000000000097e+01
1.603199999999999958e+00	2.064150000000000063e+01
1.606800000000000006e+00	2.045149999999999935e+01
1.610400000000000054e+00	2.041939999999999955e+01
1.614000000000000101e+00	2.059459999999999980e+01
1.617599999999999927e+00	2.089600000000000080e+01
1.621199999999999974e+00	2.121979999999999933e+01
1.624800000000000022e+00	2.146219999999999928e+01
1.628500000000000059e+00	2.154550000000000054e+01
1.632100000000000106e+00	2.151030000000000086e+01
1.635699999999999932e+00	2.143100000000000094e+01
1.639299999999999979e+00	2.138169999999999860e+01
1.642900000000000027e+00	2.142539999999999978e+01
1.646500000000000075e+00	2.154179999999999851e+01
1.650099999999999900e+00	2.167320000000000135e+01
1.653699999999999948e+00	2.176180000000000092e+01
1.657299999999999995e+00	2.175420000000000087e+01
1.660900000000000043e+00	2.165650000000000119e+01
1.664500000000000091e+00	2.151520000000000010e+01
1.668099999999999916e+00	2.137790000000000035e+01
1.671699999999999964e+00	2.129210000000000136e+01
1.675400000000000000e+00	2.131159999999999854e+01
1.679000000000000048e+00	2.149680000000000035e+01
1.682600000000000096e+00	2.190810000000000102e+01
1.686199999999999921e+00	2.260409999999999897e+01
1.689799999999999969e+00	2.352250000000000085e+01
1.693400000000000016e+00	2.440940000000000154e+01
1.697000000000000064e+00	2.499409999999999954e+01
1.700599999999999890e+00	2.500609999999999999e+01
1.704199999999999937e+00	2.435379999999999967e+01
1.707799999999999985e+00	2.338279999999999959e+01
1.711400000000000032e+00	2.250509999999999877e+01
1.715000000000000080e+00	2.213210000000000122e+01
1.718599999999999905e+00	2.253839999999999932e+01
1.722199999999999953e+00	2.346300000000000097e+01
1.725899999999999990e+00	2.451409999999999911e+01
1.729500000000000037e+00	2.530020000000000024e+01
1.733100000000000085e+00	2.550140000000000029e+01
1.736699999999999910e+00	2.525090000000000146e+01
1.740299999999999958e+00	2.485839999999999961e+01
1.743900000000000006e+00	2.463340000000000174e+01
1.747500000000000053e+00	2.484990000000000165e+01
1.751100000000000101e+00	2.539649999999999963e+01
1.754699999999999926e+00	2.593019999999999925e+01
1.758299999999999974e+00	2.610429999999999851e+01
1.761900000000000022e+00	2.559219999999999828e+01
1.765500000000000069e+00	2.445959999999999823e+01
1.769099999999999895e+00	2.313149999999999906e+01
1.772699999999999942e+00	2.204619999999999891e+01
1.776399999999999979e+00	2.163609999999999900e+01
1.780000000000000027e+00	2.206340000000000146e+01
1.783600000000000074e+00	2.311540000000000106e+01
1.787199999999999900e+00	2.455150000000000077e+01
1.790799999999999947e+00	2.613139999999999930e+01
1.794399999999999995e+00	2.762389999999999901e+01
1.798000000000000043e+00	2.881629999999999825e+01
1.801600000000000090e+00	2.949879999999999924e+01
1.805199999999999916e+00	2.946130000000000138e+01
1.808799999999999963e+00	2.864789999999999992e+01
1.812400000000000011e+00	2.751920000000000144e+01
1.816000000000000059e+00	2.664450000000000074e+01
1.819600000000000106e+00	2.659299999999999997e+01
1.823199999999999932e+00	2.778399999999999892e+01
1.826899999999999968e+00	2.982659999999999911e+01
1.830500000000000016e+00	3.205709999999999837e+01
1.834100000000000064e+00	3.381139999999999901e+01
1.837699999999999889e+00	3.450209999999999866e+01
1.841299999999999937e+00	3.422460000000000235e+01
1.844899999999999984e+00	3.343449999999999989e+01
1.848500000000000032e+00	3.259049999999999869e+01
1.852100000000000080e+00	3.213210000000000122e+01
1.855699999999999905e+00	3.219120000000000203e+01
1.859299999999999953e+00	3.265240000000000009e+01
1.862900000000000000e+00	3.339309999999999690e+01
1.866500000000000048e+00	3.429379999999999740e+01
1.870100000000000096e+00	3.533169999999999789e+01
1.873699999999999921e+00	3.660210000000000008e+01
1.877399999999999958e+00	3.820709999999999695e+01
1.881000000000000005e+00	4.024699999999999989e+01
1.884600000000000053e+00	4.261350000000000193e+01
1.888200000000000101e+00	4.481139999999999901e+01
1.891799999999999926e+00	4.630349999999999966e+01
1.895399999999999974e+00	4.655290000000000106e+01
1.899000000000000021e+00	4.539750000000000085e+01
1.902600000000000069e+00	4.376120000000000232e+01
1.906199999999999894e+00	4.276389999999999958e+01
1.909799999999999942e+00	4.352570000000000050e+01
1.913399999999999990e+00	4.681589999999999918e+01
1.917000000000000037e+00	5.177590000000000003e+01
1.920600000000000085e+00	5.707410000000000139e+01
1.924199999999999910e+00	6.137859999999999872e+01
1.927899999999999947e+00	6.351219999999999999e+01
1.931499999999999995e+00	6.346790000000000020e+01
1.935100000000000042e+00	6.177559999999999718e+01
1.938700000000000090e+00	5.896840000000000259e+01
1.942299999999999915e+00	5.558749999999999858e+01
1.945899999999999963e+00	5.228629999999999711e+01
1.949500000000000011e+00	4.979699999999999704e+01
1.953100000000000058e+00	4.885340000000000060e+01
1.956700000000000106e+00	5.015409999999999968e+01
1.960299999999999931e+00	5.348409999999999798e+01
1.963899999999999979e+00	5.765290000000000248e+01
1.967500000000000027e+00	6.142249999999999943e+01
1.971100000000000074e+00	6.356450000000000244e+01
1.974699999999999900e+00	6.349210000000000065e+01
1.978399999999999936e+00	6.165910000000000224e+01
1.981999999999999984e+00	5.861419999999999675e+01
1.985600000000000032e+00	5.490619999999999834e+01
1.989200000000000079e+00	5.108370000000000033e+01
1.992799999999999905e+00	4.769550000000000267e+01
1.996399999999999952e+00	4.529039999999999822e+01
2.000000000000000000e+00	4.441700000000000159e+01
