2.000000000000000111e-01	-6.022463974615788196e-01
2.036000000000000032e-01	-2.158783052164705007e-01
2.071999999999999953e-01	4.292783241198582234e-01
2.107999999999999874e-01	9.996658679349114118e-01
2.144000000000000072e-01	1.185800033215928639e+00
2.179999999999999993e-01	1.328430664288154706e+00
2.215999999999999914e-01	1.740492945662869273e+00
2.253000000000000003e-01	2.085897738414167701e+00
2.288999999999999924e-01	2.358619678995454105e+00
2.325000000000000122e-01	2.095967063124976271e+00
2.361000000000000043e-01	1.936479959650849736e+00
2.396999999999999964e-01	1.762508141872184186e+00
2.432999999999999885e-01	1.546606719915575301e+00
2.469000000000000083e-01	9.939011004339975974e-01
2.505000000000000004e-01	5.048112719115400715e-01
2.540999999999999925e-01	4.232683634751423507e-01
2.576999999999999846e-01	4.204030288600252296e-04
2.612999999999999767e-01	-6.048931842439880802e-02
2.649000000000000243e-01	-2.375271512310364874e-01
2.685000000000000164e-01	3.120487196636101968e-01
2.721000000000000085e-01	8.075725146629528783e-01
2.757999999999999896e-01	1.275887187253218258e+00
2.793999999999999817e-01	1.896163325485784590e+00
2.829999999999999738e-01	2.506030842860841990e+00
2.866000000000000214e-01	2.507052377010706046e+00
2.902000000000000135e-01	3.029136476740879491e+00
2.938000000000000056e-01	3.174156859308583378e+00
2.973999999999999977e-01	2.831948116797582404e+00
3.009999999999999898e-01	2.814115591834511321e+00
3.045999999999999819e-01	2.203051520682236752e+00
3.081999999999999740e-01	2.147958819122730567e+00
3.118000000000000216e-01	1.538792609666098432e+00
3.154000000000000137e-01	1.301107982280295783e+00
3.190000000000000058e-01	6.963631529287070965e-01
3.225999999999999979e-01	3.420752070744476070e-01
3.262999999999999790e-01	1.441017129917958606e-01
3.299000000000000266e-01	3.872273127775069379e-01
3.335000000000000187e-01	4.561894181718098018e-01
3.371000000000000107e-01	9.085827776580988058e-01
3.407000000000000028e-01	9.594467411699258985e-01
3.442999999999999949e-01	1.584923257058837631e+00
3.478999999999999870e-01	2.196524579207686845e+00
3.514999999999999791e-01	2.325548689450347872e+00
3.551000000000000267e-01	2.774973537275083668e+00
3.587000000000000188e-01	2.790486389581163795e+00
3.623000000000000109e-01	2.304145771091553829e+00
3.659000000000000030e-01	2.564772375680533845e+00
3.694999999999999951e-01	1.551136390845106350e+00
3.730999999999999872e-01	1.059818916392805122e+00
3.768000000000000238e-01	9.540633963563933673e-01
3.804000000000000159e-01	3.885809087164832087e-01
3.840000000000000080e-01	-1.412587061212931261e-01
3.876000000000000001e-01	-2.675809554142239421e-01
3.911999999999999922e-01	1.882996116303753409e-02
3.947999999999999843e-01	3.493062113958833592e-02
3.983999999999999764e-01	2.105658572389137451e-01
4.020000000000000240e-01	1.059111348499254923e+00
4.056000000000000161e-01	1.450463000610069608e+00
4.092000000000000082e-01	1.951825805246609313e+00
4.128000000000000003e-01	2.256475647766650994e+00
4.163999999999999924e-01	2.245602518418041260e+00
4.199999999999999845e-01	2.423453516576729250e+00
4.235999999999999766e-01	2.434223933097067416e+00
4.273000000000000131e-01	2.031509518554590610e+00
4.309000000000000052e-01	1.982531800249934140e+00
4.344999999999999973e-01	1.207288825130568233e+00
4.380999999999999894e-01	1.141742575207416843e+00
4.416999999999999815e-01	5.225781447243398325e-01
4.452999999999999736e-01	2.719780885690736838e-01
4.489000000000000212e-01	-2.508461034134017442e-01
4.525000000000000133e-01	-6.686415415179347566e-01
4.561000000000000054e-01	-5.340135548410480659e-01
4.596999999999999975e-01	1.157477704342354530e-01
4.632999999999999896e-01	1.928940759208155609e-01
4.668999999999999817e-01	7.097418196587617079e-01
4.704999999999999738e-01	1.112052300916094083e+00
4.741000000000000214e-01	1.615841823105569341e+00
4.778000000000000025e-01	1.768668436021067158e+00
4.813999999999999946e-01	2.290595407282848495e+00
4.849999999999999867e-01	2.364394600663650703e+00
4.885999999999999788e-01	2.029201422040659786e+00
4.922000000000000264e-01	1.819957018835455020e+00
4.958000000000000185e-01	1.056809035889010540e+00
4.994000000000000106e-01	1.025613844923777940e+00
5.030000000000000027e-01	6.060121817537309497e-01
5.066000000000000503e-01	-5.507224839297442109e-02
5.101999999999999869e-01	-8.890986736321460082e-01
5.138000000000000345e-01	-7.919419843505515200e-01
5.173999999999999710e-01	-9.487035086614450385e-01
5.210000000000000187e-01	-1.299094489831783550e+00
5.245999999999999552e-01	-8.706366690113112039e-01
5.282999999999999918e-01	-8.143448374054271799e-01
5.319000000000000394e-01	-3.918317431650799598e-01
5.354999999999999760e-01	-2.291398057450034220e-01
5.391000000000000236e-01	7.574929409628274046e-02
5.426999999999999602e-01	4.349445002908336466e-02
5.463000000000000078e-01	8.327945773211360425e-01
5.499000000000000554e-01	6.576020728610052490e-01
5.534999999999999920e-01	3.365101008661013360e-01
5.571000000000000396e-01	3.537186748211002540e-01
5.606999999999999762e-01	4.379704534364314283e-01
5.643000000000000238e-01	-3.784830083511129262e-01
5.678999999999999604e-01	-8.434286721829364897e-01
5.715000000000000080e-01	-1.196629759973851570e+00
5.752000000000000446e-01	-1.102598546159790249e+00
5.787999999999999812e-01	-9.291798454636890359e-01
5.824000000000000288e-01	-1.098383280172705145e+00
5.859999999999999654e-01	-8.179002055449617892e-01
5.896000000000000130e-01	-6.514212136645393114e-01
5.931999999999999496e-01	-1.335035636421436078e-01
5.967999999999999972e-01	2.695925515172913900e-01
6.004000000000000448e-01	6.536955504196899636e-01
6.039999999999999813e-01	9.598886745436707724e-01
6.076000000000000290e-01	7.103435936823412344e-01
6.111999999999999655e-01	1.188810358572329751e+00
6.148000000000000131e-01	9.933608022217988998e-01
6.183999999999999497e-01	9.047381829436100809e-01
6.219999999999999973e-01	8.780148525188824493e-01
6.257000000000000339e-01	3.900060259043754141e-02
6.292999999999999705e-01	-4.985324201551409873e-01
6.329000000000000181e-01	-4.387082974738298891e-01
6.364999999999999547e-01	-7.554655474503524371e-01
6.401000000000000023e-01	-2.813406918426040737e-01
6.437000000000000499e-01	-4.310854327804198305e-01
6.472999999999999865e-01	-6.210717492423083463e-01
6.509000000000000341e-01	2.726874832798199533e-01
6.544999999999999707e-01	2.314588957655558388e-01
6.581000000000000183e-01	6.087265006930748790e-01
6.616999999999999549e-01	1.322077333718093328e+00
6.653000000000000025e-01	1.439786759476739064e+00
6.689000000000000501e-01	1.938145512005805093e+00
6.724999999999999867e-01	2.023373914145122132e+00
6.762000000000000233e-01	2.534346152620435166e+00
6.797999999999999599e-01	2.684072641774602808e+00
6.834000000000000075e-01	2.329666756077643619e+00
6.870000000000000551e-01	2.023751972692183987e+00
6.905999999999999917e-01	1.885603969098132549e+00
6.942000000000000393e-01	1.952159082943735413e+00
6.977999999999999758e-01	1.520869782788069724e+00
7.014000000000000234e-01	1.241439775618816688e+00
7.049999999999999600e-01	1.404784448743458647e+00
7.086000000000000076e-01	1.293464057941769108e+00
7.122000000000000552e-01	1.207730162315028499e+00
7.157999999999999918e-01	1.975148550617860099e+00
7.194000000000000394e-01	1.768002266014273349e+00
7.229999999999999760e-01	2.148734579756363949e+00
7.267000000000000126e-01	2.627395023603354751e+00
7.302999999999999492e-01	2.624880218547411825e+00
7.338999999999999968e-01	2.659167068853340421e+00
7.375000000000000444e-01	2.598342507076236263e+00
7.410999999999999810e-01	2.586895609839152232e+00
7.447000000000000286e-01	2.371887529601607536e+00
7.482999999999999652e-01	3.008724975429017956e+00
7.519000000000000128e-01	2.769207901699416219e+00
7.554999999999999494e-01	2.525449160721154218e+00
7.590999999999999970e-01	2.632744281189069557e+00
7.627000000000000446e-01	2.346526811706751925e+00
7.662999999999999812e-01	1.837519815008656021e+00
7.699000000000000288e-01	2.000045509674344579e+00
7.734999999999999654e-01	1.655978563196778941e+00
7.772000000000000020e-01	2.235095545334862877e+00
7.808000000000000496e-01	2.439303605387216578e+00
7.843999999999999861e-01	2.676380637873414514e+00
7.880000000000000338e-01	2.939343121152006244e+00
7.915999999999999703e-01	3.207091208619047951e+00
7.952000000000000179e-01	3.616705896237569107e+00
7.987999999999999545e-01	3.625655895015388541e+00
8.024000000000000021e-01	3.599230325659748431e+00
8.060000000000000497e-01	3.616796807160898020e+00
8.095999999999999863e-01	3.354617863198714467e+00
8.132000000000000339e-01	3.477373984852252242e+00
8.167999999999999705e-01	3.303562514165804487e+00
8.204000000000000181e-01	3.215846929328684656e+00
8.239999999999999547e-01	2.840020026799008335e+00
8.276999999999999913e-01	2.757276604947529908e+00
8.313000000000000389e-01	2.734257500313826306e+00
8.348999999999999755e-01	2.708511415467708794e+00
8.385000000000000231e-01	2.784994342751603735e+00
8.420999999999999597e-01	2.925938739028236313e+00
8.457000000000000073e-01	3.255806596537635489e+00
8.493000000000000549e-01	3.462351066432142410e+00
8.528999999999999915e-01	3.937438847255865682e+00
8.565000000000000391e-01	4.400703679884027331e+00
8.600999999999999757e-01	4.276370547968205038e+00
8.637000000000000233e-01	4.718715154281498236e+00
8.672999999999999599e-01	4.825604474416430811e+00
8.709000000000000075e-01	5.160598411349243797e+00
8.745000000000000551e-01	4.801391339465952868e+00
8.781999999999999806e-01	4.940916329907052429e+00
8.818000000000000282e-01	4.929127031937394321e+00
8.853999999999999648e-01	4.971845118140221231e+00
8.890000000000000124e-01	4.526055406530921310e+00
8.925999999999999490e-01	4.847250338643014800e+00
8.961999999999999966e-01	4.826122987739943859e+00
8.998000000000000442e-01	4.545055332521871883e+00
9.033999999999999808e-01	4.355664209172734225e+00
9.070000000000000284e-01	4.952500988464013432e+00
9.105999999999999650e-01	5.115463043407905808e+00
9.142000000000000126e-01	5.133789426471753181e+00
9.177999999999999492e-01	5.564161198247424167e+00
9.213999999999999968e-01	5.946170431824477909e+00
9.251000000000000334e-01	5.783702465648877578e+00
9.286999999999999700e-01	5.981830345543929894e+00
9.323000000000000176e-01	6.605941712127403775e+00
9.358999999999999542e-01	6.460145810985907566e+00
9.395000000000000018e-01	6.109022317387304390e+00
9.431000000000000494e-01	6.128421423693895420e+00
9.466999999999999860e-01	6.302438594305921349e+00
9.503000000000000336e-01	6.223839284082191448e+00
9.538999999999999702e-01	5.957590422812486075e+00
9.575000000000000178e-01	6.049455058760945469e+00
9.610999999999999543e-01	6.116509076634818243e+00
9.647000000000000020e-01	6.484484084829533757e+00
9.683000000000000496e-01	6.822135733019903725e+00
9.718999999999999861e-01	6.699219715950909482e+00
9.756000000000000227e-01	6.903330626841254869e+00
9.791999999999999593e-01	7.048817879080905513e+00
9.828000000000000069e-01	7.676257683418923783e+00
9.864000000000000545e-01	7.837162617401640219e+00
9.899999999999999911e-01	7.953750480126940303e+00
9.936000000000000387e-01	8.418297603744715474e+00
9.971999999999999753e-01	7.947716873114837988e+00
1.000799999999999912e+00	7.977735727572395241e+00
1.004399999999999959e+00	7.741583573816598118e+00
1.008000000000000007e+00	7.330211941451447721e+00
1.011600000000000055e+00	7.065201510180700417e+00
1.015200000000000102e+00	7.364573241544375648e+00
1.018799999999999928e+00	7.394234823424312708e+00
1.022399999999999975e+00	7.418916834901588153e+00
1.026100000000000012e+00	7.487839016024826044e+00
1.029700000000000060e+00	7.988688057733940084e+00
1.033300000000000107e+00	8.363677650542499009e+00
1.036899999999999933e+00	8.567617409102821213e+00
1.040499999999999980e+00	9.037548868370649302e+00
1.044100000000000028e+00	8.730554112457120652e+00
1.047700000000000076e+00	9.541705352211256042e+00
1.051299999999999901e+00	9.787527772484262201e+00
1.054899999999999949e+00	9.820881995257122909e+00
1.058499999999999996e+00	9.630919570110210159e+00
1.062100000000000044e+00	9.772486549825373459e+00
1.065700000000000092e+00	9.743526134012048701e+00
1.069299999999999917e+00	9.480799451821601664e+00
1.072899999999999965e+00	8.946476696936343842e+00
1.076600000000000001e+00	9.180832229139449296e+00
1.080200000000000049e+00	9.160328508203562592e+00
1.083800000000000097e+00	9.540354121105677265e+00
1.087399999999999922e+00	9.896947844484412116e+00
1.090999999999999970e+00	9.829130282240166494e+00
1.094600000000000017e+00	1.016082646752908225e+01
1.098200000000000065e+00	1.025360766267325907e+01
1.101799999999999891e+00	1.071226157380494115e+01
1.105399999999999938e+00	1.114371007126322155e+01
1.108999999999999986e+00	1.094613174933966704e+01
1.112600000000000033e+00	1.116803742510731823e+01
1.116200000000000081e+00	1.166819541777413605e+01
1.119799999999999907e+00	1.134391396571133193e+01
1.123399999999999954e+00	1.207534530860412048e+01
1.127099999999999991e+00	1.187914725862120413e+01
1.130700000000000038e+00	1.180204466988872625e+01
1.134300000000000086e+00	1.220875320512811868e+01
1.137899999999999912e+00	1.190346846793883095e+01
1.141499999999999959e+00	1.251405964797911352e+01
1.145100000000000007e+00	1.290461773838601722e+01
1.148700000000000054e+00	1.331489941167860813e+01
1.152300000000000102e+00	1.350393909837691453e+01
1.155899999999999928e+00	1.402561830165561751e+01
1.159499999999999975e+00	1.425289594685980532e+01
1.163100000000000023e+00	1.465914477326974108e+01
1.166700000000000070e+00	1.502449583335690519e+01
1.170299999999999896e+00	1.539544068795202136e+01
1.173899999999999944e+00	1.553780199368969228e+01
1.177599999999999980e+00	1.624819591119202045e+01
1.181200000000000028e+00	1.655390551693849943e+01
1.184800000000000075e+00	1.670634255527385648e+01
1.188399999999999901e+00	1.732228295424198450e+01
1.191999999999999948e+00	1.737339727560715019e+01
1.195599999999999996e+00	1.810322949306489804e+01
1.199200000000000044e+00	1.862175203695071701e+01
1.202800000000000091e+00	1.896253059060204649e+01
1.206399999999999917e+00	1.923307367951721147e+01
1.209999999999999964e+00	1.997950113101570579e+01
1.213600000000000012e+00	2.028194688618541619e+01
1.217200000000000060e+00	2.076719877735705921e+01
1.220800000000000107e+00	2.123447172739916766e+01
1.224399999999999933e+00	2.231586113419835726e+01
1.228099999999999969e+00	2.292925248689801165e+01
1.231700000000000017e+00	2.385852956225622279e+01
1.235300000000000065e+00	2.418618836048761622e+01
1.238899999999999890e+00	2.417979757590589074e+01
1.242499999999999938e+00	2.430645087169196827e+01
1.246099999999999985e+00	2.433420110959395188e+01
1.249700000000000033e+00	2.404042049178087126e+01
1.253300000000000081e+00	2.466809170540066631e+01
1.256899999999999906e+00	2.480954627563101766e+01
1.260499999999999954e+00	2.568636482325693748e+01
1.264100000000000001e+00	2.595723242212523019e+01
1.267700000000000049e+00	2.638522614032505942e+01
1.271300000000000097e+00	2.658743292442639827e+01
1.274899999999999922e+00	2.668753216315043986e+01
1.278599999999999959e+00	2.669976137554797191e+01
1.282200000000000006e+00	2.742406708099176527e+01
1.285800000000000054e+00	2.727070535794840822e+01
1.289400000000000102e+00	2.759268287100542238e+01
1.292999999999999927e+00	2.727216275599165840e+01
1.296599999999999975e+00	2.732320961760524725e+01
1.300200000000000022e+00	2.654384795866825542e+01
1.303800000000000070e+00	2.630628283504396592e+01
1.307399999999999896e+00	2.574063090735995374e+01
1.310999999999999943e+00	2.590704417566832873e+01
1.314599999999999991e+00	2.593282984936280755e+01
1.318200000000000038e+00	2.586642542556031898e+01
1.321800000000000086e+00	2.596275156807165629e+01
1.325499999999999901e+00	2.526517123647532159e+01
1.329099999999999948e+00	2.458413293495807750e+01
1.332699999999999996e+00	2.301007408854298575e+01
1.336300000000000043e+00	2.211773815522874287e+01
1.339900000000000091e+00	2.144844085952412271e+01
1.343499999999999917e+00	2.071130056067964631e+01
1.347099999999999964e+00	2.105486223519130817e+01
1.350700000000000012e+00	2.028804812121147094e+01
1.354300000000000059e+00	2.034719988745190733e+01
1.357900000000000107e+00	2.032391751022949578e+01
1.361499999999999932e+00	1.925329795629187046e+01
1.365099999999999980e+00	1.902382605248899239e+01
1.368700000000000028e+00	1.842140816279309945e+01
1.372300000000000075e+00	1.802968594284645576e+01
1.375999999999999890e+00	1.757784121085462914e+01
1.379599999999999937e+00	1.806028032016585527e+01
1.383199999999999985e+00	1.779199689581393784e+01
1.386800000000000033e+00	1.782372546383499312e+01
1.390400000000000080e+00	1.736909605381794819e+01
1.393999999999999906e+00	1.717473981741184730e+01
1.397599999999999953e+00	1.682124333539292493e+01
1.401200000000000001e+00	1.659594116311129142e+01
1.404800000000000049e+00	1.559040293377505115e+01
1.408400000000000096e+00	1.597514930247727882e+01
1.411999999999999922e+00	1.597551366986376564e+01
1.415599999999999969e+00	1.551020305280496991e+01
1.419200000000000017e+00	1.547590932647049122e+01
1.422800000000000065e+00	1.558775204625741750e+01
1.426500000000000101e+00	1.506427822107685088e+01
1.430099999999999927e+00	1.481421544461398909e+01
1.433699999999999974e+00	1.490825608648999889e+01
1.437300000000000022e+00	1.478063513696878495e+01
1.440900000000000070e+00	1.479070229966825067e+01
1.444499999999999895e+00	1.494974716166535877e+01
1.448099999999999943e+00	1.528380007132820673e+01
1.451699999999999990e+00	1.502906704388496983e+01
1.455300000000000038e+00	1.507759736990537647e+01
1.458900000000000086e+00	1.505564382453927941e+01
1.462499999999999911e+00	1.505876107013089005e+01
1.466099999999999959e+00	1.497011386307294778e+01
1.469700000000000006e+00	1.522977176093673179e+01
1.473300000000000054e+00	1.493431610543902011e+01
1.477000000000000091e+00	1.459957688755967098e+01
1.480599999999999916e+00	1.511575158550160225e+01
1.484199999999999964e+00	1.531620437692964565e+01
1.487800000000000011e+00	1.562289330286926159e+01
1.491400000000000059e+00	1.589934223754593567e+01
1.495000000000000107e+00	1.668259423593514157e+01
1.498599999999999932e+00	1.692169534058960068e+01
1.502199999999999980e+00	1.783655278732575766e+01
1.505800000000000027e+00	1.790880455350672662e+01
1.509400000000000075e+00	1.794015970317091302e+01
1.512999999999999901e+00	1.752434169713109213e+01
1.516599999999999948e+00	1.758706217251977932e+01
1.520199999999999996e+00	1.770468668470822138e+01
1.523800000000000043e+00	1.781497312194185412e+01
1.527500000000000080e+00	1.792250921557488041e+01
1.531099999999999905e+00	1.879465956842294361e+01
1.534699999999999953e+00	1.900822976972808931e+01
1.538300000000000001e+00	1.941174011750059591e+01
1.541900000000000048e+00	1.934092629260219809e+01
1.545500000000000096e+00	1.984132098532734645e+01
1.549099999999999921e+00	1.959543458284565531e+01
1.552699999999999969e+00	1.956053030200049747e+01
1.556300000000000017e+00	1.968406169628298485e+01
1.559900000000000064e+00	1.920184376643745594e+01
1.563499999999999890e+00	1.950881700193043145e+01
1.567099999999999937e+00	1.936690020371824872e+01
1.570699999999999985e+00	1.935227927063468911e+01
1.574300000000000033e+00	1.965031578655629119e+01
1.578000000000000069e+00	2.029599410420737016e+01
1.581599999999999895e+00	2.060867249811602164e+01
1.585199999999999942e+00	2.110060413246113598e+01
1.588799999999999990e+00	2.216619977587579982e+01
1.592400000000000038e+00	2.196626597388599933e+01
1.596000000000000085e+00	2.188825330994344043e+01
1.599599999999999911e+00	2.160956761426881556e+01
1.603199999999999958e+00	2.135106295219217643e+01
1.606800000000000006e+00	2.104889776257426703e+01
1.610400000000000054e+00	2.144837732286690013e+01
1.614000000000000101e+00	2.246161568757506544e+01
1.617599999999999927e+00	2.400072921785992008e+01
1.621199999999999974e+00	2.479074690847825124e+01
1.624800000000000022e+00	2.534900818814871926e+01
1.628500000000000059e+00	2.408953441018430297e+01
1.632100000000000106e+00	2.304995688189250203e+01
1.635699999999999932e+00	2.142262210478752849e+01
1.639299999999999979e+00	2.008687244559550322e+01
1.642900000000000027e+00	1.956896043483249770e+01
1.646500000000000075e+00	2.038568985120257793e+01
1.650099999999999900e+00	2.058581419049729178e+01
1.653699999999999948e+00	2.124491482639843909e+01
1.657299999999999995e+00	2.230354515005686977e+01
1.660900000000000043e+00	2.256435392237019499e+01
1.664500000000000091e+00	2.263354370063785481e+01
1.668099999999999916e+00	2.207546081326788112e+01
1.671699999999999964e+00	2.190160851570276890e+01
1.675400000000000000e+00	2.114487415528590475e+01
1.679000000000000048e+00	2.005749983742002129e+01
1.682600000000000096e+00	2.056853370134322390e+01
1.686199999999999921e+00	1.997940434657762410e+01
1.689799999999999969e+00	2.026902464813094085e+01
1.693400000000000016e+00	2.125477636892367528e+01
1.697000000000000064e+00	2.166084648527548850e+01
1.700599999999999890e+00	2.229686876419584252e+01
1.704199999999999937e+00	2.267044599766790824e+01
1.707799999999999985e+00	2.333563551247481982e+01
1.711400000000000032e+00	2.365851415806671199e+01
1.715000000000000080e+00	2.398773129315712893e+01
1.718599999999999905e+00	2.432283136468758400e+01
1.722199999999999953e+00	2.454254331524531452e+01
1.725899999999999990e+00	2.490470398570286292e+01
1.729500000000000037e+00	2.508957418700786945e+01
1.733100000000000085e+00	2.397695119419331178e+01
1.736699999999999910e+00	2.352284544759947948e+01
1.740299999999999958e+00	2.266436008204713559e+01
1.743900000000000006e+00	2.195090965195857891e+01
1.747500000000000053e+00	2.123006644525385056e+01
1.751100000000000101e+00	2.159833973437637056e+01
1.754699999999999926e+00	2.195928856570466436e+01
1.758299999999999974e+00	2.262087392523968177e+01
1.761900000000000022e+00	2.347963921096453888e+01
1.765500000000000069e+00	2.447757206081536197e+01
1.769099999999999895e+00	2.544255390637050240e+01
1.772699999999999942e+00	2.632099733354614557e+01
1.776399999999999979e+00	2.604836356036327061e+01
1.780000000000000027e+00	2.666887429117018016e+01
1.783600000000000074e+00	2.564850608090215900e+01
1.787199999999999900e+00	2.538177932969507822e+01
1.790799999999999947e+00	2.586888532516269379e+01
1.794399999999999995e+00	2.670854341560910328e+01
1.798000000000000043e+00	2.830531803170986294e+01
1.801600000000000090e+00	2.955023509896014033e+01
1.805199999999999916e+00	3.092346819000096403e+01
1.808799999999999963e+00	3.134223828116260080e+01
1.812400000000000011e+00	3.116044365014665019e+01
1.816000000000000059e+00	3.066202503863626561e+01
1.819600000000000106e+00	3.013831156212375362e+01
1.823199999999999932e+00	3.053340571066139830e+01
1.826899999999999968e+00	3.079298055665392297e+01
1.830500000000000016e+00	3.155564103795352793e+01
1.834100000000000064e+00	3.210620713540572524e+01
1.837699999999999889e+00	3.361370364820453460e+01
1.841299999999999937e+00	3.406238209036096265e+01
1.844899999999999984e+00	3.571388329379536941e+01
1.848500000000000032e+00	3.711215591469441932e+01
1.852100000000000080e+00	3.795215693769846865e+01
1.855699999999999905e+00	3.969122580008991008e+01
1.859299999999999953e+00	4.036422118951453797e+01
1.862900000000000000e+00	4.082667513123668357e+01
1.866500000000000048e+00	4.047670692191887554e+01
1.870100000000000096e+00	3.910818225564965189e+01
1.873699999999999921e+00	3.838222067497108725e+01
1.877399999999999958e+00	3.845686861319234850e+01
1.881000000000000005e+00	4.095724282500705726e+01
1.884600000000000053e+00	4.565882517666580753e+01
1.888200000000000101e+00	5.094187347849730685e+01
1.891799999999999926e+00	5.521722853384531504e+01
1.895399999999999974e+00	5.697087301215436383e+01
1.899000000000000021e+00	5.444045776603152831e+01
1.902600000000000069e+00	5.054022809455410936e+01
1.906199999999999894e+00	4.737364539203304048e+01
1.909799999999999942e+00	4.774227416112429978e+01
1.913399999999999990e+00	5.303176169872443069e+01
1.917000000000000037e+00	6.058826673537950569e+01
1.920600000000000085e+00	6.879224208843906752e+01
1.924199999999999910e+00	7.336085695688963426e+01
1.927899999999999947e+00	7.232429406085358892e+01
1.931499999999999995e+00	6.699494056759144200e+01
1.935100000000000042e+00	6.013975867566026068e+01
1.938700000000000090e+00	5.497490598969397979e+01
1.942299999999999915e+00	5.455005447302654886e+01
1.945899999999999963e+00	5.847166110180387477e+01
1.949500000000000011e+00	6.352619373125107671e+01
1.953100000000000058e+00	6.675809377172396353e+01
1.956700000000000106e+00	6.552415503178904999e+01
1.960299999999999931e+00	5.918438791829070311e+01
1.963899999999999979e+00	5.126640381567363391e+01
1.967500000000000027e+00	4.361958811402557501e+01
1.971100000000000074e+00	3.970609415242629581e+01
1.974699999999999900e+00	4.079381981079819752e+01
1.978399999999999936e+00	4.518174036208169042e+01
1.981999999999999984e+00	5.164362620622045341e+01
1.985600000000000032e+00	5.834172952898708076e+01
1.989200000000000079e+00	6.306569800196731990e+01
1.992799999999999905e+00	6.496477413754632835e+01
1.996399999999999952e+00	6.255219697746588992e+01
2.000000000000000000e+00	5.410685367558861003e+01
