2.000000000000000111e-01	-8.645221049689106874e-01
2.036000000000000032e-01	1.744337144158798036e+00
2.071999999999999953e-01	8.297019890886332405e-01
2.107999999999999874e-01	9.345334465824517434e-01
2.144000000000000072e-01	1.272325900038426827e+00
2.179999999999999993e-01	2.347462677707992107e+00
2.215999999999999914e-01	3.732284589142199849e+00
2.253000000000000003e-01	2.630718567153905951e+00
2.288999999999999924e-01	2.550312378655821277e+00
2.325000000000000122e-01	3.812518485399774448e+00
2.361000000000000043e-01	2.333584907378802864e+00
2.396999999999999964e-01	2.153697033415651330e+00
2.432999999999999885e-01	1.250205640967095855e+00
2.469000000000000083e-01	1.450232939397689158e+00
2.505000000000000004e-01	2.992359410018425869e+00
2.540999999999999925e-01	1.310307438837808647e+00
2.576999999999999846e-01	1.162819018880256960e+00
2.612999999999999767e-01	3.227931608861959178e-01
2.649000000000000243e-01	2.171087924371986333e-01
2.685000000000000164e-01	2.410979495454542487e+00
2.721000000000000085e-01	1.980520986419362472e+00
2.757999999999999896e-01	1.703712890132922375e+00
2.793999999999999817e-01	2.630624472062973673e+00
2.829999999999999738e-01	3.341529727638123504e+00
2.866000000000000214e-01	2.941073687698864347e+00
2.902000000000000135e-01	4.512852089146507595e+00
2.938000000000000056e-01	3.938579454169507610e+00
2.973999999999999977e-01	3.824206121720389540e+00
3.009999999999999898e-01	2.886051060014662273e+00
3.045999999999999819e-01	2.305624294475859148e+00
3.081999999999999740e-01	2.174969263925335738e+00
3.118000000000000216e-01	1.206062382143048506e+00
3.154000000000000137e-01	1.838804346413971169e+00
3.190000000000000058e-01	1.475238485061561855e-01
3.225999999999999979e-01	5.711466875376152164e-01
3.262999999999999790e-01	9.448004576000270660e-01
3.299000000000000266e-01	8.533562543752771790e-01
3.335000000000000187e-01	1.360095407532735834e+00
3.371000000000000107e-01	3.721703362558544947e-01
3.407000000000000028e-01	3.573437308027919812e+00
3.442999999999999949e-01	3.169449055326326370e+00
3.478999999999999870e-01	9.940086993618889588e-01
3.514999999999999791e-01	1.431131294251801300e+00
3.551000000000000267e-01	4.898012905030741493e+00
3.587000000000000188e-01	2.729132424188775552e+00
3.623000000000000109e-01	3.400446560398838081e+00
3.659000000000000030e-01	2.941158594387593972e+00
3.694999999999999951e-01	2.604346300203356890e+00
3.730999999999999872e-01	3.454168601155560125e+00
3.768000000000000238e-01	5.336046170725038396e-01
3.804000000000000159e-01	2.164555965015646954e+00
3.840000000000000080e-01	1.325070834491533400e+00
3.876000000000000001e-01	-3.893203524259687409e-01
3.911999999999999922e-01	4.657132516885730822e-01
3.947999999999999843e-01	4.768576890365773258e-01
3.983999999999999764e-01	2.278925749605051898e+00
4.020000000000000240e-01	2.272012810391834225e+00
4.056000000000000161e-01	3.573753757335770498e+00
4.092000000000000082e-01	2.117036916186286533e+00
4.128000000000000003e-01	2.308051643886380511e+00
4.163999999999999924e-01	2.271474324045851478e+00
4.199999999999999845e-01	3.671674428284800396e+00
4.235999999999999766e-01	1.341943020567079259e+00
4.273000000000000131e-01	3.566886906661711265e+00
4.309000000000000052e-01	2.721070017854915868e+00
4.344999999999999973e-01	1.113259577456997551e+00
4.380999999999999894e-01	1.680023977739860896e+00
4.416999999999999815e-01	2.535362677221928429e+00
4.452999999999999736e-01	1.380242271212061222e+00
4.489000000000000212e-01	-2.192175045359677110e+00
4.525000000000000133e-01	1.013651254191543227e-01
4.561000000000000054e-01	-1.483431562015353755e-01
4.596999999999999975e-01	-9.735582047707188602e-01
4.632999999999999896e-01	-5.273382522019896823e-02
4.668999999999999817e-01	7.324911072881692409e-01
4.704999999999999738e-01	2.296588284378326961e+00
4.741000000000000214e-01	2.969321975264959779e+00
4.778000000000000025e-01	1.748767601261363769e+00
4.813999999999999946e-01	2.166281235245212322e+00
4.849999999999999867e-01	3.752370414598413362e+00
4.885999999999999788e-01	2.124896522648071162e+00
4.922000000000000264e-01	2.925476443153164574e+00
4.958000000000000185e-01	2.527785110976144445e+00
4.994000000000000106e-01	1.666899465937038638e+00
5.030000000000000027e-01	1.599371395113019290e+00
5.066000000000000503e-01	2.757521680253257057e-01
5.101999999999999869e-01	8.652926693865600205e-01
5.138000000000000345e-01	-6.431602447714099835e-01
5.173999999999999710e-01	-2.058100731993888211e-01
5.210000000000000187e-01	-2.304112222913923258e+00
5.245999999999999552e-01	6.476599870622989918e-02
5.282999999999999918e-01	-1.010003132767423040e+00
5.319000000000000394e-01	-3.429522197988127408e-01
5.354999999999999760e-01	2.134386421420055413e+00
5.391000000000000236e-01	1.469192265368378880e+00
5.426999999999999602e-01	4.829558294686474018e-01
5.463000000000000078e-01	1.137548986624085767e+00
5.499000000000000554e-01	1.882692936168240072e+00
5.534999999999999920e-01	1.285878713999087264e+00
5.571000000000000396e-01	1.428731849160958411e+00
5.606999999999999762e-01	6.035271722270634243e-01
5.643000000000000238e-01	8.462050732809267561e-02
5.678999999999999604e-01	-1.088260860343162051e-01
5.715000000000000080e-01	3.912132452644592195e-01
5.752000000000000446e-01	-1.022874737981706694e+00
5.787999999999999812e-01	5.908574924008709317e-01
5.824000000000000288e-01	1.996924304208058665e-01
5.859999999999999654e-01	1.480662706931431094e+00
5.896000000000000130e-01	-5.482147542136216467e-01
5.931999999999999496e-01	1.304944583749420239e+00
5.967999999999999972e-01	1.626322414797329419e+00
6.004000000000000448e-01	1.430354920071854163e+00
6.039999999999999813e-01	3.441790126796590243e+00
6.076000000000000290e-01	1.526405361348088352e+00
6.111999999999999655e-01	2.085283438433523706e+00
6.148000000000000131e-01	3.101008031644310936e+00
6.183999999999999497e-01	2.541261619176268027e+00
6.219999999999999973e-01	1.539587698149635475e+00
6.257000000000000339e-01	1.216703985677947575e+00
6.292999999999999705e-01	1.391929226888695803e+00
6.329000000000000181e-01	4.719963151066692841e-01
6.364999999999999547e-01	-6.834922341697426962e-01
6.401000000000000023e-01	1.117857681459490937e-01
6.437000000000000499e-01	-7.647563689506675644e-02
6.472999999999999865e-01	-1.149916197497743653e+00
6.509000000000000341e-01	-4.757415812779953734e-01
6.544999999999999707e-01	1.404749171463417490e+00
6.581000000000000183e-01	6.066642989998725088e-01
6.616999999999999549e-01	1.985133744715253279e+00
6.653000000000000025e-01	1.701327635109185721e+00
6.689000000000000501e-01	3.568737109164366039e+00
6.724999999999999867e-01	2.262790967331425485e+00
6.762000000000000233e-01	2.135963656348063733e+00
6.797999999999999599e-01	1.562514282894091888e+00
6.834000000000000075e-01	1.795014076379534806e+00
6.870000000000000551e-01	2.885122484897558959e+00
6.905999999999999917e-01	3.517455763978333039e+00
6.942000000000000393e-01	2.110724219176185024e+00
6.977999999999999758e-01	3.031782902323842954e+00
7.014000000000000234e-01	2.009269135765968439e+00
7.049999999999999600e-01	2.683360598656561180e+00
7.086000000000000076e-01	7.383341403462908570e-01
7.122000000000000552e-01	1.556075969192684871e+00
7.157999999999999918e-01	1.747854595435595737e+00
7.194000000000000394e-01	2.903606330756746345e+00
7.229999999999999760e-01	3.365884763499126464e+00
7.267000000000000126e-01	4.826252418759571228e+00
7.302999999999999492e-01	3.183013604975958977e+00
7.338999999999999968e-01	4.179867105590021836e+00
7.375000000000000444e-01	2.838028992844664256e+00
7.410999999999999810e-01	2.202003175178044447e+00
7.447000000000000286e-01	3.033562081553195622e+00
7.482999999999999652e-01	4.017483025577266886e+00
7.519000000000000128e-01	6.123861429103589771e-01
7.554999999999999494e-01	2.899429652402060409e+00
7.590999999999999970e-01	3.262119920921548122e+00
7.627000000000000446e-01	-2.077795436697882359e-02
7.662999999999999812e-01	1.483594377205974535e+00
7.699000000000000288e-01	3.038589169312596816e+00
7.734999999999999654e-01	1.827918529746547227e+00
7.772000000000000020e-01	2.727043555671390784e+00
7.808000000000000496e-01	2.506114623392333929e+00
7.843999999999999861e-01	3.638712613990867428e+00
7.880000000000000338e-01	3.406903052724996606e+00
7.915999999999999703e-01	4.334649901259769678e+00
7.952000000000000179e-01	6.040085883640745834e+00
7.987999999999999545e-01	4.314393213824839535e+00
8.024000000000000021e-01	3.742888892184711214e+00
8.060000000000000497e-01	3.870475767399895517e+00
8.095999999999999863e-01	3.547869460076184200e+00
8.132000000000000339e-01	2.661719450844380219e+00
8.167999999999999705e-01	3.113121755993766726e+00
8.204000000000000181e-01	5.236024360830545454e+00
8.239999999999999547e-01	3.181703723430559627e+00
8.276999999999999913e-01	3.925844433578489223e+00
8.313000000000000389e-01	3.930619733248684078e+00
8.348999999999999755e-01	5.348588897843224998e+00
8.385000000000000231e-01	3.230968656052178645e+00
8.420999999999999597e-01	3.774108363890893880e+00
8.457000000000000073e-01	4.785970950644349742e+00
8.493000000000000549e-01	3.091068888809235471e+00
8.528999999999999915e-01	4.199112032478259593e+00
8.565000000000000391e-01	3.321118070173362469e+00
8.600999999999999757e-01	5.466730256805494292e+00
8.637000000000000233e-01	5.873838829149695684e+00
8.672999999999999599e-01	5.418903438059860633e+00
8.709000000000000075e-01	7.495715433686331863e+00
8.745000000000000551e-01	5.624561642371912029e+00
8.781999999999999806e-01	5.342855123790493543e+00
8.818000000000000282e-01	6.196862900220670767e+00
8.853999999999999648e-01	5.170804525405523933e+00
8.890000000000000124e-01	6.307192907127940451e+00
8.925999999999999490e-01	3.620360895410898117e+00
8.961999999999999966e-01	5.607440780179572037e+00
8.998000000000000442e-01	5.617909244139022817e+00
9.033999999999999808e-01	5.776154774185320306e+00
9.070000000000000284e-01	5.564954793408916522e+00
9.105999999999999650e-01	5.908314499257213193e+00
9.142000000000000126e-01	7.996977339672486806e+00
9.177999999999999492e-01	6.256508378797522418e+00
9.213999999999999968e-01	6.237615025288571147e+00
9.251000000000000334e-01	7.293025374383876880e+00
9.286999999999999700e-01	6.106523131290775730e+00
9.323000000000000176e-01	6.004557729414251810e+00
9.358999999999999542e-01	7.538686655176606521e+00
9.395000000000000018e-01	6.899467921796350822e+00
9.431000000000000494e-01	5.828050070122505311e+00
9.466999999999999860e-01	6.997225271459760698e+00
9.503000000000000336e-01	7.695766903031191930e+00
9.538999999999999702e-01	8.266053992507242043e+00
9.575000000000000178e-01	7.088254612075303385e+00
9.610999999999999543e-01	4.951437942303474671e+00
9.647000000000000020e-01	5.894652605844309612e+00
9.683000000000000496e-01	8.935492917977095217e+00
9.718999999999999861e-01	6.446831835202615046e+00
9.756000000000000227e-01	7.015025884384670007e+00
9.791999999999999593e-01	7.722746643204579264e+00
9.828000000000000069e-01	8.698984526710658471e+00
9.864000000000000545e-01	7.602850298705721599e+00
9.899999999999999911e-01	7.641221138044711481e+00
9.936000000000000387e-01	9.329037638382656539e+00
9.971999999999999753e-01	8.187140896608601892e+00
1.000799999999999912e+00	9.219985671032466357e+00
1.004399999999999959e+00	8.966905662036797509e+00
1.008000000000000007e+00	9.094661195985951352e+00
1.011600000000000055e+00	8.610393772973129245e+00
1.015200000000000102e+00	7.538427843357958125e+00
1.018799999999999928e+00	8.542166050102832031e+00
1.022399999999999975e+00	9.140937697833726006e+00
1.026100000000000012e+00	7.232202747103869456e+00
1.029700000000000060e+00	7.606262367372343292e+00
1.033300000000000107e+00	8.793420248741840695e+00
1.036899999999999933e+00	8.377527032218646141e+00
1.040499999999999980e+00	9.860871608967968882e+00
1.044100000000000028e+00	8.957846854487149457e+00
1.047700000000000076e+00	7.641765090408355832e+00
1.051299999999999901e+00	1.026220743525170320e+01
1.054899999999999949e+00	1.106923466860135008e+01
1.058499999999999996e+00	1.216960358373136586e+01
1.062100000000000044e+00	9.780572085906849011e+00
1.065700000000000092e+00	1.021351383074539854e+01
1.069299999999999917e+00	8.521404680820364064e+00
1.072899999999999965e+00	1.060598066878746160e+01
1.076600000000000001e+00	9.500996287719681632e+00
1.080200000000000049e+00	8.734260867964273700e+00
1.083800000000000097e+00	1.135772990129991200e+01
1.087399999999999922e+00	1.093047912680641964e+01
1.090999999999999970e+00	1.104165571169246363e+01
1.094600000000000017e+00	1.078956975217696446e+01
1.098200000000000065e+00	1.111740653939910217e+01
1.101799999999999891e+00	1.098670609090907035e+01
1.105399999999999938e+00	1.307715899895124601e+01
1.108999999999999986e+00	1.194931641105214482e+01
1.112600000000000033e+00	1.382965475985758452e+01
1.116200000000000081e+00	1.253370665756913738e+01
1.119799999999999907e+00	1.358951376946273726e+01
1.123399999999999954e+00	1.319065123861512134e+01
1.127099999999999991e+00	1.272142150865668064e+01
1.130700000000000038e+00	1.300537694762528851e+01
1.134300000000000086e+00	1.248329400349753904e+01
1.137899999999999912e+00	1.253171019921148854e+01
1.141499999999999959e+00	1.384225254088064183e+01
1.145100000000000007e+00	1.276416958802590429e+01
1.148700000000000054e+00	1.318929345513534912e+01
1.152300000000000102e+00	1.385687989445762014e+01
1.155899999999999928e+00	1.530641888273072304e+01
1.159499999999999975e+00	1.475117540315060793e+01
1.163100000000000023e+00	1.404144384922076938e+01
1.166700000000000070e+00	1.678289864564080602e+01
1.170299999999999896e+00	1.562615874311839903e+01
1.173899999999999944e+00	1.804056840511830728e+01
1.177599999999999980e+00	1.670160579254104505e+01
1.181200000000000028e+00	1.687411606365687788e+01
1.184800000000000075e+00	1.924915468360652682e+01
1.188399999999999901e+00	1.775769141450154009e+01
1.191999999999999948e+00	1.805326497866878199e+01
1.195599999999999996e+00	1.858749943861845821e+01
1.199200000000000044e+00	1.831775568754924421e+01
1.202800000000000091e+00	1.635476802588520684e+01
1.206399999999999917e+00	1.958024397095698177e+01
1.209999999999999964e+00	2.167352615539883232e+01
1.213600000000000012e+00	2.026877161685811402e+01
1.217200000000000060e+00	2.203393591838906573e+01
1.220800000000000107e+00	2.243405761822207367e+01
1.224399999999999933e+00	2.254728656576813606e+01
1.228099999999999969e+00	2.355344132360895415e+01
1.231700000000000017e+00	2.577216229379529011e+01
1.235300000000000065e+00	2.366046110065410346e+01
1.238899999999999890e+00	2.418748871741862061e+01
1.242499999999999938e+00	2.406887528391802533e+01
1.246099999999999985e+00	2.319832417627346999e+01
1.249700000000000033e+00	2.513700972158572711e+01
1.253300000000000081e+00	2.496002720359354754e+01
1.256899999999999906e+00	2.339641659621833725e+01
1.260499999999999954e+00	2.609022236978591636e+01
1.264100000000000001e+00	2.519813922437158027e+01
1.267700000000000049e+00	2.494735577764186019e+01
1.271300000000000097e+00	2.568870379658290659e+01
1.274899999999999922e+00	2.676966569885160752e+01
1.278599999999999959e+00	2.672874131691564159e+01
1.282200000000000006e+00	2.727950567957890371e+01
1.285800000000000054e+00	2.741343725532805919e+01
1.289400000000000102e+00	2.742448637254505428e+01
1.292999999999999927e+00	2.679814959222797910e+01
1.296599999999999975e+00	2.705284270980075334e+01
1.300200000000000022e+00	2.758785250141801981e+01
1.303800000000000070e+00	2.684837856844080051e+01
1.307399999999999896e+00	2.735811515032663266e+01
1.310999999999999943e+00	2.662536525494211048e+01
1.314599999999999991e+00	2.546407810704148744e+01
1.318200000000000038e+00	2.547577539688300163e+01
1.321800000000000086e+00	2.552327295057222756e+01
1.325499999999999901e+00	2.463410501743523540e+01
1.329099999999999948e+00	2.365854836757372581e+01
1.332699999999999996e+00	2.246791847414290899e+01
1.336300000000000043e+00	2.322946087957032191e+01
1.339900000000000091e+00	2.209333230755059319e+01
1.343499999999999917e+00	2.199493717006357940e+01
1.347099999999999964e+00	2.136265676726691964e+01
1.350700000000000012e+00	2.174380265317499550e+01
1.354300000000000059e+00	2.216994294982920266e+01
1.357900000000000107e+00	2.067409723847918457e+01
1.361499999999999932e+00	2.010386791156254915e+01
1.365099999999999980e+00	1.912816084857975341e+01
1.368700000000000028e+00	1.937135151871281735e+01
1.372300000000000075e+00	1.858761442765079153e+01
1.375999999999999890e+00	1.854662986160666804e+01
1.379599999999999937e+00	1.815203118458385845e+01
1.383199999999999985e+00	1.692914204160319969e+01
1.386800000000000033e+00	1.556734742355536305e+01
1.390400000000000080e+00	1.598124762063102366e+01
1.393999999999999906e+00	1.867114093063811708e+01
1.397599999999999953e+00	1.698184888070274923e+01
1.401200000000000001e+00	1.884816585977406334e+01
1.404800000000000049e+00	1.618789278505104079e+01
1.408400000000000096e+00	1.636202777355446258e+01
1.411999999999999922e+00	1.515659314270824787e+01
1.415599999999999969e+00	1.604493161843861060e+01
1.419200000000000017e+00	1.575244967903505433e+01
1.422800000000000065e+00	1.554507691186254803e+01
1.426500000000000101e+00	1.629093545535634746e+01
1.430099999999999927e+00	1.576096719332939955e+01
1.433699999999999974e+00	1.698098307893503645e+01
1.437300000000000022e+00	1.583049613514668152e+01
1.440900000000000070e+00	1.541773251181405691e+01
1.444499999999999895e+00	1.706924478342868312e+01
1.448099999999999943e+00	1.603179078139002200e+01
1.451699999999999990e+00	1.484279823354849626e+01
1.455300000000000038e+00	1.544851807986273862e+01
1.458900000000000086e+00	1.565139535864440745e+01
1.462499999999999911e+00	1.637387127129289865e+01
1.466099999999999959e+00	1.486229311262083108e+01
1.469700000000000006e+00	1.582870889785425561e+01
1.473300000000000054e+00	1.753357697454367070e+01
1.477000000000000091e+00	1.695190233863537443e+01
1.480599999999999916e+00	1.635368640773285165e+01
1.484199999999999964e+00	1.577488157879992237e+01
1.487800000000000011e+00	1.572304980826710263e+01
1.491400000000000059e+00	1.599026371162143789e+01
1.495000000000000107e+00	1.817188831652278580e+01
1.498599999999999932e+00	1.859653741330503252e+01
1.502199999999999980e+00	1.808581894098635701e+01
1.505800000000000027e+00	1.842909327932176566e+01
1.509400000000000075e+00	1.700910422167486757e+01
1.512999999999999901e+00	1.872656793223860205e+01
1.516599999999999948e+00	1.887770499396044244e+01
1.520199999999999996e+00	2.032026083834933061e+01
1.523800000000000043e+00	1.768471796030253174e+01
1.527500000000000080e+00	2.001224101360564234e+01
1.531099999999999905e+00	1.667822388438782966e+01
1.534699999999999953e+00	1.930558516389811530e+01
1.538300000000000001e+00	1.981022375371859212e+01
1.541900000000000048e+00	1.990912943847856553e+01
1.545500000000000096e+00	2.012563328870492185e+01
1.549099999999999921e+00	1.902441951913869289e+01
1.552699999999999969e+00	1.999086947538398107e+01
1.556300000000000017e+00	1.973657462934345119e+01
1.559900000000000064e+00	2.033950156651347285e+01
1.563499999999999890e+00	1.991680924270025344e+01
1.567099999999999937e+00	1.823790109842952489e+01
1.570699999999999985e+00	2.068134123641812749e+01
1.574300000000000033e+00	1.961439867800061521e+01
1.578000000000000069e+00	2.203506654663675945e+01
1.581599999999999895e+00	1.904028273372550828e+01
1.585199999999999942e+00	2.243880795167638453e+01
1.588799999999999990e+00	2.202436759226577223e+01
1.592400000000000038e+00	2.110324164864847418e+01
1.596000000000000085e+00	2.176638337581701776e+01
1.599599999999999911e+00	2.081228262196523104e+01
1.603199999999999958e+00	2.162926807321571943e+01
1.606800000000000006e+00	2.238771310316822039e+01
1.610400000000000054e+00	2.269445211107941063e+01
1.614000000000000101e+00	2.158181755504061883e+01
1.617599999999999927e+00	2.220267634330005180e+01
1.621199999999999974e+00	2.244026376262368316e+01
1.624800000000000022e+00	2.335710735421978157e+01
1.628500000000000059e+00	2.246401979489997203e+01
1.632100000000000106e+00	2.374371182245562295e+01
1.635699999999999932e+00	2.499905555419016068e+01
1.639299999999999979e+00	2.536007031103576992e+01
1.642900000000000027e+00	2.567133820367751085e+01
1.646500000000000075e+00	2.428817743772624382e+01
1.650099999999999900e+00	2.459918750551661404e+01
1.653699999999999948e+00	2.388296340559130471e+01
1.657299999999999995e+00	2.307320669887739584e+01
1.660900000000000043e+00	2.267248676284487985e+01
1.664500000000000091e+00	2.277915797605799497e+01
1.668099999999999916e+00	2.109347272230566972e+01
1.671699999999999964e+00	2.164369180186180941e+01
1.675400000000000000e+00	2.340810423227553017e+01
1.679000000000000048e+00	2.506223679685782102e+01
1.682600000000000096e+00	2.290133087724780125e+01
1.686199999999999921e+00	2.411114119817331769e+01
1.689799999999999969e+00	2.557235264435123412e+01
1.693400000000000016e+00	2.312752887311497219e+01
1.697000000000000064e+00	2.478261618871345817e+01
1.700599999999999890e+00	2.345072851652393808e+01
1.704199999999999937e+00	2.475717604345906153e+01
1.707799999999999985e+00	2.328097138444925207e+01
1.711400000000000032e+00	2.307147673901067364e+01
1.715000000000000080e+00	2.436289459134537339e+01
1.718599999999999905e+00	2.218360343621266040e+01
1.722199999999999953e+00	2.169070199073665961e+01
1.725899999999999990e+00	2.438505106789129329e+01
1.729500000000000037e+00	2.269770192773043149e+01
1.733100000000000085e+00	2.174717574231462791e+01
1.736699999999999910e+00	2.258024888666169261e+01
1.740299999999999958e+00	2.331002095391636075e+01
1.743900000000000006e+00	2.659499526449795326e+01
1.747500000000000053e+00	2.559777112159397916e+01
1.751100000000000101e+00	2.528976929560161580e+01
1.754699999999999926e+00	2.602763598530304279e+01
1.758299999999999974e+00	2.369596539892487641e+01
1.761900000000000022e+00	2.453680256961856898e+01
1.765500000000000069e+00	2.437415960061111520e+01
1.769099999999999895e+00	2.279203725434424399e+01
1.772699999999999942e+00	2.352518538608841325e+01
1.776399999999999979e+00	2.442725661988326635e+01
1.780000000000000027e+00	2.620242530825548855e+01
1.783600000000000074e+00	2.635992538956340070e+01
1.787199999999999900e+00	2.813230359527554114e+01
1.790799999999999947e+00	2.844743125088513125e+01
1.794399999999999995e+00	2.812440668672217470e+01
1.798000000000000043e+00	2.852723212091116167e+01
1.801600000000000090e+00	2.770911872091123840e+01
1.805199999999999916e+00	3.026073490731278426e+01
1.808799999999999963e+00	3.221102854866503407e+01
1.812400000000000011e+00	3.267628515953881418e+01
1.816000000000000059e+00	3.281325119510216126e+01
1.819600000000000106e+00	3.462450641569189713e+01
1.823199999999999932e+00	3.544397454175521744e+01
1.826899999999999968e+00	3.332497887122104174e+01
1.830500000000000016e+00	3.228608710431674922e+01
1.834100000000000064e+00	3.027482173847522517e+01
1.837699999999999889e+00	2.956557919228247400e+01
1.841299999999999937e+00	3.155196581247739829e+01
1.844899999999999984e+00	3.024144010832571539e+01
1.848500000000000032e+00	3.181821284322602850e+01
1.852100000000000080e+00	3.556341492226449219e+01
1.855699999999999905e+00	4.149295485103795755e+01
1.859299999999999953e+00	4.683823224173758604e+01
1.862900000000000000e+00	5.160764169943757906e+01
1.866500000000000048e+00	5.236884094861822803e+01
1.870100000000000096e+00	5.033695661975908564e+01
1.873699999999999921e+00	4.759244277216591712e+01
1.877399999999999958e+00	4.574101884503480164e+01
1.881000000000000005e+00	4.224862737204224317e+01
1.884600000000000053e+00	4.037894169876574324e+01
1.888200000000000101e+00	3.999327606038057326e+01
1.891799999999999926e+00	4.123212917562267421e+01
1.895399999999999974e+00	4.285268155317141492e+01
1.899000000000000021e+00	4.601214302416492075e+01
1.902600000000000069e+00	5.233958092096295189e+01
1.906199999999999894e+00	5.616998039297955359e+01
1.909799999999999942e+00	6.164974873911326370e+01
1.913399999999999990e+00	6.495702597416219248e+01
1.917000000000000037e+00	6.392182186059015692e+01
1.920600000000000085e+00	6.417601568105013143e+01
1.924199999999999910e+00	6.358329782075603021e+01
1.927899999999999947e+00	6.107488599674420726e+01
1.931499999999999995e+00	5.924275470739412697e+01
1.935100000000000042e+00	5.657764910234185152e+01
1.938700000000000090e+00	5.445351846796704365e+01
1.942299999999999915e+00	5.209945115088618905e+01
1.945899999999999963e+00	5.117349189226795403e+01
1.949500000000000011e+00	5.015471478746064093e+01
1.953100000000000058e+00	5.154892131857519644e+01
1.956700000000000106e+00	4.930328692833601423e+01
1.960299999999999931e+00	4.793441400890389303e+01
1.963899999999999979e+00	4.863740342679728457e+01
1.967500000000000027e+00	4.847302232033182179e+01
1.971100000000000074e+00	4.925244826796784281e+01
1.974699999999999900e+00	4.991169566193340756e+01
1.978399999999999936e+00	5.208235566336173861e+01
1.981999999999999984e+00	5.389658645775369195e+01
1.985600000000000032e+00	5.413446845245606909e+01
1.989200000000000079e+00	5.726355483764454135e+01
1.992799999999999905e+00	5.515515714859259333e+01
1.996399999999999952e+00	5.331789355482924719e+01
2.000000000000000000e+00	4.920613565437061965e+01
