2.000000000000000111e-01	-1.519523959349555753e+00
2.036000000000000032e-01	-1.274561039928957973e+00
2.071999999999999953e-01	-1.082729992908501693e+00
2.107999999999999874e-01	-1.063589826221069901e+00
2.144000000000000072e-01	-7.628368325846475173e-01
2.179999999999999993e-01	-6.233109817930940766e-01
2.215999999999999914e-01	-5.113160301513106631e-01
2.253000000000000003e-01	-6.351339750251473459e-01
2.288999999999999924e-01	-6.758032621830352138e-01
2.325000000000000122e-01	-5.911463001791477101e-01
2.361000000000000043e-01	-7.022465328233863380e-01
2.396999999999999964e-01	-5.927587063916945898e-01
2.432999999999999885e-01	-8.238752153443935633e-01
2.469000000000000083e-01	-8.698507827583986662e-01
2.505000000000000004e-01	-9.272251175609529383e-01
2.540999999999999925e-01	-1.106690156962361948e+00
2.576999999999999846e-01	-1.139083408032613098e+00
2.612999999999999767e-01	-1.371765807433661610e+00
2.649000000000000243e-01	-1.241937195312516673e+00
2.685000000000000164e-01	-1.180670708014835313e+00
2.721000000000000085e-01	-1.342856071557124276e+00
2.757999999999999896e-01	-1.202764754249057377e+00
2.793999999999999817e-01	-1.085401659046575151e+00
2.829999999999999738e-01	-9.536461010827407270e-01
2.866000000000000214e-01	-5.517013958152213737e-01
2.902000000000000135e-01	-5.663383305935761891e-01
2.938000000000000056e-01	-3.219908411047425201e-01
2.973999999999999977e-01	-1.995349194682204119e-01
3.009999999999999898e-01	8.054815369375743772e-02
3.045999999999999819e-01	2.731698904506655451e-02
3.081999999999999740e-01	3.700870468813882708e-01
3.118000000000000216e-01	5.046010662661573054e-01
3.154000000000000137e-01	5.778795689818574388e-01
3.190000000000000058e-01	4.853910329742943119e-01
3.225999999999999979e-01	7.066681910648338061e-01
3.262999999999999790e-01	4.828073070869288719e-01
3.299000000000000266e-01	3.074095881928749496e-01
3.335000000000000187e-01	1.839737656140253697e-01
3.371000000000000107e-01	-1.213969045963254056e-01
3.407000000000000028e-01	-2.606107266386474830e-01
3.442999999999999949e-01	-4.843871842524474780e-01
3.478999999999999870e-01	-5.543636195811053602e-01
3.514999999999999791e-01	-6.735489027874547174e-01
3.551000000000000267e-01	-1.026117319143720508e+00
3.587000000000000188e-01	-1.051654606817512105e+00
3.623000000000000109e-01	-8.379628636594544933e-01
3.659000000000000030e-01	-7.705391685125277945e-01
3.694999999999999951e-01	-7.247046159638339535e-01
3.730999999999999872e-01	-6.334605190041296963e-01
3.768000000000000238e-01	-5.459321193513517745e-01
3.804000000000000159e-01	-2.486512396796026481e-01
3.840000000000000080e-01	-6.273034768484148094e-03
3.876000000000000001e-01	1.512402114416909749e-01
3.911999999999999922e-01	5.070115397016243808e-01
3.947999999999999843e-01	6.339546362594116191e-01
3.983999999999999764e-01	6.353581171758223567e-01
4.020000000000000240e-01	6.766967671283026231e-01
4.056000000000000161e-01	6.911478559283581458e-01
4.092000000000000082e-01	6.861879280465863484e-01
4.128000000000000003e-01	2.527540471153530421e-01
4.163999999999999924e-01	4.064111041198862906e-01
4.199999999999999845e-01	3.679378568974169816e-01
4.235999999999999766e-01	9.077124520415348619e-02
4.273000000000000131e-01	-1.233031592837149915e-03
4.309000000000000052e-01	-7.948541463563968401e-03
4.344999999999999973e-01	-2.592810755559821212e-01
4.380999999999999894e-01	-4.133731802158085999e-01
4.416999999999999815e-01	-3.278644986782849324e-01
4.452999999999999736e-01	-5.153661850774048370e-01
4.489000000000000212e-01	-3.673083009361904905e-01
4.525000000000000133e-01	-2.837824367452448371e-01
4.561000000000000054e-01	-1.166298254482283775e-01
4.596999999999999975e-01	-7.175910518909534019e-03
4.632999999999999896e-01	1.549188602304304163e-01
4.668999999999999817e-01	3.263529138650154149e-01
4.704999999999999738e-01	4.909385512686126329e-01
4.741000000000000214e-01	7.050297270741707756e-01
4.778000000000000025e-01	9.057965955902427257e-01
4.813999999999999946e-01	1.149201782978038544e+00
4.849999999999999867e-01	1.469961499252580683e+00
4.885999999999999788e-01	1.672999741966745502e+00
4.922000000000000264e-01	1.791609962637682685e+00
4.958000000000000185e-01	1.656296193583794985e+00
4.994000000000000106e-01	1.818561196517126222e+00
5.030000000000000027e-01	1.676008540274221748e+00
5.066000000000000503e-01	1.572778476382886037e+00
5.101999999999999869e-01	1.275246205767069707e+00
5.138000000000000345e-01	1.127830261386545851e+00
5.173999999999999710e-01	1.082199038230567290e+00
5.210000000000000187e-01	9.181507771741206358e-01
5.245999999999999552e-01	6.108662377260816179e-01
5.282999999999999918e-01	3.908581279560405242e-01
5.319000000000000394e-01	3.071085112515598570e-01
5.354999999999999760e-01	2.581292373793470096e-02
5.391000000000000236e-01	9.094367672743081110e-02
5.426999999999999602e-01	3.740231142141805520e-01
5.463000000000000078e-01	4.247054398676284315e-01
5.499000000000000554e-01	4.302980946303833765e-01
5.534999999999999920e-01	9.506593867660710906e-01
5.571000000000000396e-01	1.374933824955017370e+00
5.606999999999999762e-01	1.603486813931144450e+00
5.643000000000000238e-01	1.748067169464482262e+00
5.678999999999999604e-01	1.863608245223970172e+00
5.715000000000000080e-01	2.112396062376375117e+00
5.752000000000000446e-01	1.749159693776918489e+00
5.787999999999999812e-01	1.803592591547375390e+00
5.824000000000000288e-01	1.858010169190590588e+00
5.859999999999999654e-01	1.944646290422687329e+00
5.896000000000000130e-01	1.910036493401113811e+00
5.931999999999999496e-01	1.904678265508113366e+00
5.967999999999999972e-01	1.813694492033183892e+00
6.004000000000000448e-01	1.891987674035077616e+00
6.039999999999999813e-01	1.831027771588514819e+00
6.076000000000000290e-01	1.666077790284444138e+00
6.111999999999999655e-01	1.487041974840643599e+00
6.148000000000000131e-01	1.282404676558738243e+00
6.183999999999999497e-01	1.539420784334240011e+00
6.219999999999999973e-01	1.182473027638520247e+00
6.257000000000000339e-01	1.301668888311420913e+00
6.292999999999999705e-01	1.185833912694969072e+00
6.329000000000000181e-01	1.325610663980055559e+00
6.364999999999999547e-01	1.389783308681163287e+00
6.401000000000000023e-01	1.522236691223069371e+00
6.437000000000000499e-01	1.736109730338108781e+00
6.472999999999999865e-01	1.749034811172587744e+00
6.509000000000000341e-01	2.078678409323275744e+00
6.544999999999999707e-01	2.161637954148588392e+00
6.581000000000000183e-01	2.121045269405302136e+00
6.616999999999999549e-01	2.263220824268284304e+00
6.653000000000000025e-01	2.236874468175299668e+00
6.689000000000000501e-01	2.578134245072384090e+00
6.724999999999999867e-01	2.737697212042154771e+00
6.762000000000000233e-01	2.611274295911398369e+00
6.797999999999999599e-01	2.639043414543759347e+00
6.834000000000000075e-01	2.463523604280955404e+00
6.870000000000000551e-01	2.285512240909121306e+00
6.905999999999999917e-01	2.333191019748101169e+00
6.942000000000000393e-01	2.230490089621418814e+00
6.977999999999999758e-01	1.958712232566909739e+00
7.014000000000000234e-01	1.842495072336906015e+00
7.049999999999999600e-01	1.649836169462967961e+00
7.086000000000000076e-01	1.847721891092267477e+00
7.122000000000000552e-01	1.604447765947109028e+00
7.157999999999999918e-01	1.650568352513803072e+00
7.194000000000000394e-01	1.884545960976243606e+00
7.229999999999999760e-01	1.854050154366724046e+00
7.267000000000000126e-01	1.978201495402318377e+00
7.302999999999999492e-01	1.893412635200113048e+00
7.338999999999999968e-01	2.094172602830315810e+00
7.375000000000000444e-01	2.187739236383508423e+00
7.410999999999999810e-01	2.368688772799462328e+00
7.447000000000000286e-01	2.656482838681451852e+00
7.482999999999999652e-01	3.065551338868445885e+00
7.519000000000000128e-01	3.397611650377855508e+00
7.554999999999999494e-01	3.536219577161321848e+00
7.590999999999999970e-01	3.629243850401149274e+00
7.627000000000000446e-01	3.533290733780330761e+00
7.662999999999999812e-01	3.333036574745335212e+00
7.699000000000000288e-01	3.126111585695393824e+00
7.734999999999999654e-01	2.847937212778391736e+00
7.772000000000000020e-01	2.598776709108362670e+00
7.808000000000000496e-01	2.227568671219369634e+00
7.843999999999999861e-01	2.193901237368774293e+00
7.880000000000000338e-01	1.947239809925911835e+00
7.915999999999999703e-01	2.030037073083241772e+00
7.952000000000000179e-01	1.589518257639219723e+00
7.987999999999999545e-01	1.581545704099826644e+00
8.024000000000000021e-01	1.579486816557670092e+00
8.060000000000000497e-01	1.387760514565770098e+00
8.095999999999999863e-01	1.454261621307967989e+00
8.132000000000000339e-01	1.568010855830589634e+00
8.167999999999999705e-01	1.575903691535200712e+00
8.204000000000000181e-01	1.763401550405607532e+00
8.239999999999999547e-01	1.859148981275485779e+00
8.276999999999999913e-01	1.876409393449498975e+00
8.313000000000000389e-01	2.016632274113004275e+00
8.348999999999999755e-01	2.266247437515117813e+00
8.385000000000000231e-01	2.227072965432609575e+00
8.420999999999999597e-01	2.452243502422954524e+00
8.457000000000000073e-01	2.376835831955468770e+00
8.493000000000000549e-01	2.333890562167031835e+00
8.528999999999999915e-01	2.607877954763565764e+00
8.565000000000000391e-01	2.500151089121903869e+00
8.600999999999999757e-01	2.536483506074852734e+00
8.637000000000000233e-01	2.513238437279292192e+00
8.672999999999999599e-01	2.562805891273368886e+00
8.709000000000000075e-01	2.478756755561446479e+00
8.745000000000000551e-01	2.338105838540311510e+00
8.781999999999999806e-01	2.310265544982883057e+00
8.818000000000000282e-01	2.121262739127030006e+00
8.853999999999999648e-01	2.003120258996915037e+00
8.890000000000000124e-01	2.149068921957677958e+00
8.925999999999999490e-01	2.007468475232558891e+00
8.961999999999999966e-01	1.829851929170473346e+00
8.998000000000000442e-01	1.880078681888432524e+00
9.033999999999999808e-01	1.889813249338365697e+00
9.070000000000000284e-01	2.120800659901079577e+00
9.105999999999999650e-01	2.077291971512839730e+00
9.142000000000000126e-01	2.043829784078278422e+00
9.177999999999999492e-01	2.328306517706266288e+00
9.213999999999999968e-01	2.450928238352584554e+00
9.251000000000000334e-01	2.432281596805665025e+00
9.286999999999999700e-01	2.430045643486364426e+00
9.323000000000000176e-01	2.623302604840413554e+00
9.358999999999999542e-01	3.004657372745845656e+00
9.395000000000000018e-01	3.124929733862491954e+00
9.431000000000000494e-01	3.476478057893909401e+00
9.466999999999999860e-01	3.353503695478027957e+00
9.503000000000000336e-01	3.589581328609705135e+00
9.538999999999999702e-01	3.606132222475291194e+00
9.575000000000000178e-01	3.776874242417976646e+00
9.610999999999999543e-01	3.711314901702329028e+00
9.647000000000000020e-01	3.803590269020806769e+00
9.683000000000000496e-01	3.706725971151211052e+00
9.718999999999999861e-01	3.594014021704361905e+00
9.756000000000000227e-01	3.717779615148558037e+00
9.791999999999999593e-01	3.965310426634724106e+00
9.828000000000000069e-01	4.001904895502289783e+00
9.864000000000000545e-01	4.151328538774818888e+00
9.899999999999999911e-01	4.263885407531322613e+00
9.936000000000000387e-01	4.350687707418329886e+00
9.971999999999999753e-01	4.401635654135382048e+00
1.000799999999999912e+00	4.504451198697879910e+00
1.004399999999999959e+00	4.644973283739773251e+00
1.008000000000000007e+00	4.810311516213612748e+00
1.011600000000000055e+00	5.025433351496139345e+00
1.015200000000000102e+00	5.314409037882374065e+00
1.018799999999999928e+00	5.438221978557526093e+00
1.022399999999999975e+00	5.562465583156400051e+00
1.026100000000000012e+00	5.759533044070362706e+00
1.029700000000000060e+00	5.995918501261183309e+00
1.033300000000000107e+00	6.109081925384332479e+00
1.036899999999999933e+00	5.949154144090803342e+00
1.040499999999999980e+00	5.883219146414121248e+00
1.044100000000000028e+00	5.818835072115900786e+00
1.047700000000000076e+00	5.836253578176594736e+00
1.051299999999999901e+00	5.697267324469271088e+00
1.054899999999999949e+00	5.879164803911831605e+00
1.058499999999999996e+00	5.977465672013423159e+00
1.062100000000000044e+00	5.855785512499692480e+00
1.065700000000000092e+00	5.726177523860180862e+00
1.069299999999999917e+00	5.953329496406793098e+00
1.072899999999999965e+00	5.718401877517240273e+00
1.076600000000000001e+00	5.619609786576122090e+00
1.080200000000000049e+00	5.650472407315421997e+00
1.083800000000000097e+00	5.950087191818884236e+00
1.087399999999999922e+00	6.496095529461232587e+00
1.090999999999999970e+00	7.471499747400616620e+00
1.094600000000000017e+00	8.416403538439547916e+00
1.098200000000000065e+00	9.023951992150648138e+00
1.101799999999999891e+00	9.278402425695176703e+00
1.105399999999999938e+00	9.326476056713561391e+00
1.108999999999999986e+00	8.985518706553314416e+00
1.112600000000000033e+00	8.471299917364246923e+00
1.116200000000000081e+00	8.250293741376301782e+00
1.119799999999999907e+00	8.082424415746734425e+00
1.123399999999999954e+00	8.139011017709954388e+00
1.127099999999999991e+00	8.175178647135714627e+00
1.130700000000000038e+00	8.096003199526661476e+00
1.134300000000000086e+00	7.885392004768262630e+00
1.137899999999999912e+00	7.731972542107211410e+00
1.141499999999999959e+00	8.069654921245534851e+00
1.145100000000000007e+00	8.656110119898311694e+00
1.148700000000000054e+00	9.077741464086068746e+00
1.152300000000000102e+00	1.025542896787379021e+01
1.155899999999999928e+00	1.141525703324818330e+01
1.159499999999999975e+00	1.191433708499730848e+01
1.163100000000000023e+00	1.178295213965306765e+01
1.166700000000000070e+00	1.141771611702006162e+01
1.170299999999999896e+00	1.102231231162512870e+01
1.173899999999999944e+00	1.053425148107989884e+01
1.177599999999999980e+00	1.042780049301579481e+01
1.181200000000000028e+00	1.064515321474367937e+01
1.184800000000000075e+00	1.095246932119304795e+01
1.188399999999999901e+00	1.155778826205906640e+01
1.191999999999999948e+00	1.193542733316683346e+01
1.195599999999999996e+00	1.240148197112628381e+01
1.199200000000000044e+00	1.268506202232864943e+01
1.202800000000000091e+00	1.289989842287963029e+01
1.206399999999999917e+00	1.314443181221054147e+01
1.209999999999999964e+00	1.308282588790185841e+01
1.213600000000000012e+00	1.300079894919206147e+01
1.217200000000000060e+00	1.276322709973946168e+01
1.220800000000000107e+00	1.284987828613549254e+01
1.224399999999999933e+00	1.291194992293213950e+01
1.228099999999999969e+00	1.304757278748969540e+01
1.231700000000000017e+00	1.319339127972090253e+01
1.235300000000000065e+00	1.335226832253197848e+01
1.238899999999999890e+00	1.323961106099199014e+01
1.242499999999999938e+00	1.327543304934436463e+01
1.246099999999999985e+00	1.294282334269711221e+01
1.249700000000000033e+00	1.299261555409392699e+01
1.253300000000000081e+00	1.314507357614830596e+01
1.256899999999999906e+00	1.331638456404457749e+01
1.260499999999999954e+00	1.347142018722615653e+01
1.264100000000000001e+00	1.391486163532025699e+01
1.267700000000000049e+00	1.390381707377549780e+01
1.271300000000000097e+00	1.395622764935823490e+01
1.274899999999999922e+00	1.403376718886630670e+01
1.278599999999999959e+00	1.387165237242629701e+01
1.282200000000000006e+00	1.392929081846863681e+01
1.285800000000000054e+00	1.399623365573463118e+01
1.289400000000000102e+00	1.394786524817179618e+01
1.292999999999999927e+00	1.414456145943521825e+01
1.296599999999999975e+00	1.424522798682261104e+01
1.300200000000000022e+00	1.438168112972229906e+01
1.303800000000000070e+00	1.441634203323799035e+01
1.307399999999999896e+00	1.457672269588317171e+01
1.310999999999999943e+00	1.461764293052890906e+01
1.314599999999999991e+00	1.428230454185397669e+01
1.318200000000000038e+00	1.436934808300209809e+01
1.321800000000000086e+00	1.414462254491921733e+01
1.325499999999999901e+00	1.396669480074126390e+01
1.329099999999999948e+00	1.354845153138212943e+01
1.332699999999999996e+00	1.327127211056874678e+01
1.336300000000000043e+00	1.297923925063605211e+01
1.339900000000000091e+00	1.286988162294150051e+01
1.343499999999999917e+00	1.306386657228649284e+01
1.347099999999999964e+00	1.275758237619450064e+01
1.350700000000000012e+00	1.273680176500890404e+01
1.354300000000000059e+00	1.264667517863791346e+01
1.357900000000000107e+00	1.282210057243189993e+01
1.361499999999999932e+00	1.275671798805792712e+01
1.365099999999999980e+00	1.303300593318502543e+01
1.368700000000000028e+00	1.295277818259552127e+01
1.372300000000000075e+00	1.297037075987604027e+01
1.375999999999999890e+00	1.342546754841427514e+01
1.379599999999999937e+00	1.349392081115723840e+01
1.383199999999999985e+00	1.392639047956649989e+01
1.386800000000000033e+00	1.389309143844990579e+01
1.390400000000000080e+00	1.375071450201150114e+01
1.393999999999999906e+00	1.378647956481251491e+01
1.397599999999999953e+00	1.371022999188182823e+01
1.401200000000000001e+00	1.386009009088150279e+01
1.404800000000000049e+00	1.415215078931056247e+01
1.408400000000000096e+00	1.462859815783364148e+01
1.411999999999999922e+00	1.487282798268117290e+01
1.415599999999999969e+00	1.507467818975868035e+01
1.419200000000000017e+00	1.508925583872377452e+01
1.422800000000000065e+00	1.489411951566089343e+01
1.426500000000000101e+00	1.445390651573661955e+01
1.430099999999999927e+00	1.421786822138451889e+01
1.433699999999999974e+00	1.366168512554890135e+01
1.437300000000000022e+00	1.348224209717660571e+01
1.440900000000000070e+00	1.357231624524156466e+01
1.444499999999999895e+00	1.349588949746108746e+01
1.448099999999999943e+00	1.352246454791552210e+01
1.451699999999999990e+00	1.378584561249489759e+01
1.455300000000000038e+00	1.380341962372736120e+01
1.458900000000000086e+00	1.414212304788916619e+01
1.462499999999999911e+00	1.432658781453778118e+01
1.466099999999999959e+00	1.459552766490241815e+01
1.469700000000000006e+00	1.465058066847065454e+01
1.473300000000000054e+00	1.492794809754840912e+01
1.477000000000000091e+00	1.512631418259731220e+01
1.480599999999999916e+00	1.516011799291934103e+01
1.484199999999999964e+00	1.526959610867269568e+01
1.487800000000000011e+00	1.531055148193862792e+01
1.491400000000000059e+00	1.547991215418507949e+01
1.495000000000000107e+00	1.543689878206201271e+01
1.498599999999999932e+00	1.528063765453058309e+01
1.502199999999999980e+00	1.535489620359159701e+01
1.505800000000000027e+00	1.550235468795349547e+01
1.509400000000000075e+00	1.562505287520581376e+01
1.512999999999999901e+00	1.558100000951538711e+01
1.516599999999999948e+00	1.553851445027841471e+01
1.520199999999999996e+00	1.574189383706823442e+01
1.523800000000000043e+00	1.588052445066600704e+01
1.527500000000000080e+00	1.585096748214816742e+01
1.531099999999999905e+00	1.595523127311568956e+01
1.534699999999999953e+00	1.585694374108020455e+01
1.538300000000000001e+00	1.600494454845831527e+01
1.541900000000000048e+00	1.593496629633753692e+01
1.545500000000000096e+00	1.601393723552716253e+01
1.549099999999999921e+00	1.655828163654613050e+01
1.552699999999999969e+00	1.681540828002458809e+01
1.556300000000000017e+00	1.723193620959800043e+01
1.559900000000000064e+00	1.762246088383226450e+01
1.563499999999999890e+00	1.797298028569513662e+01
1.567099999999999937e+00	1.838801067850165794e+01
1.570699999999999985e+00	1.814506233896224430e+01
1.574300000000000033e+00	1.849427273102676139e+01
1.578000000000000069e+00	1.862785522649533476e+01
1.581599999999999895e+00	1.897416053789252999e+01
1.585199999999999942e+00	1.937072808994633277e+01
1.588799999999999990e+00	1.975470224377298933e+01
1.592400000000000038e+00	2.018889504538468316e+01
1.596000000000000085e+00	2.047977895217976751e+01
1.599599999999999911e+00	2.040050430375629276e+01
1.603199999999999958e+00	2.032737339043192648e+01
1.606800000000000006e+00	2.025738373523770619e+01
1.610400000000000054e+00	2.010124756033436810e+01
1.614000000000000101e+00	2.037213335030537209e+01
1.617599999999999927e+00	2.070701441456931491e+01
1.621199999999999974e+00	2.127255932887211998e+01
1.624800000000000022e+00	2.170437135782382043e+01
1.628500000000000059e+00	2.195669515136036409e+01
1.632100000000000106e+00	2.215012592857774720e+01
1.635699999999999932e+00	2.280434494143575108e+01
1.639299999999999979e+00	2.306227865990563686e+01
1.642900000000000027e+00	2.316277497841304722e+01
1.646500000000000075e+00	2.409457761470901360e+01
1.650099999999999900e+00	2.543773917934413831e+01
1.653699999999999948e+00	2.751781981616862183e+01
1.657299999999999995e+00	3.032670225854206691e+01
1.660900000000000043e+00	3.384188262376355283e+01
1.664500000000000091e+00	3.685875332693268547e+01
1.668099999999999916e+00	3.915733731590887601e+01
1.671699999999999964e+00	3.911276657234862597e+01
1.675400000000000000e+00	3.763697845262459651e+01
1.679000000000000048e+00	3.518705689372020373e+01
1.682600000000000096e+00	3.279767971058853959e+01
1.686199999999999921e+00	3.108850292596190457e+01
1.689799999999999969e+00	3.110073468597207125e+01
1.693400000000000016e+00	3.177526902281245569e+01
1.697000000000000064e+00	3.305447165954802813e+01
1.700599999999999890e+00	3.446248870173062073e+01
1.704199999999999937e+00	3.545398669073188813e+01
1.707799999999999985e+00	3.621862414236053951e+01
1.711400000000000032e+00	3.695871982206531214e+01
1.715000000000000080e+00	3.721386188365797665e+01
1.718599999999999905e+00	3.737328453015707908e+01
1.722199999999999953e+00	3.729088032097601513e+01
1.725899999999999990e+00	3.700111602469749528e+01
1.729500000000000037e+00	3.646647868780809887e+01
1.733100000000000085e+00	3.605753967944682614e+01
1.736699999999999910e+00	3.574226169610368231e+01
1.740299999999999958e+00	3.573022992987021240e+01
1.743900000000000006e+00	3.606899266611723931e+01
1.747500000000000053e+00	3.698481104440586620e+01
1.751100000000000101e+00	3.853675427007769372e+01
1.754699999999999926e+00	3.941970560585861705e+01
1.758299999999999974e+00	4.024839035905787910e+01
1.761900000000000022e+00	3.976619986497176029e+01
1.765500000000000069e+00	3.851288350349148004e+01
1.769099999999999895e+00	3.685047807706407497e+01
1.772699999999999942e+00	3.549147375755197231e+01
1.776399999999999979e+00	3.470892477122594499e+01
1.780000000000000027e+00	3.488711009460547530e+01
1.783600000000000074e+00	3.545542949242014430e+01
1.787199999999999900e+00	3.618892705132161325e+01
1.790799999999999947e+00	3.661776183291453890e+01
1.794399999999999995e+00	3.651856080408128236e+01
1.798000000000000043e+00	3.544957569164153455e+01
1.801600000000000090e+00	3.483572658409702427e+01
1.805199999999999916e+00	3.423713862664108376e+01
1.808799999999999963e+00	3.367358174260714065e+01
1.812400000000000011e+00	3.333180300430580445e+01
1.816000000000000059e+00	3.310115504816438659e+01
1.819600000000000106e+00	3.241674304113949745e+01
1.823199999999999932e+00	3.116643262390071101e+01
1.826899999999999968e+00	2.967858830507770662e+01
1.830500000000000016e+00	2.840129989109768971e+01
1.834100000000000064e+00	2.745252567451048975e+01
1.837699999999999889e+00	2.751291609553605255e+01
1.841299999999999937e+00	2.822390914637169601e+01
1.844899999999999984e+00	2.908449092958150217e+01
1.848500000000000032e+00	3.002228203814384599e+01
1.852100000000000080e+00	3.039299583428734408e+01
1.855699999999999905e+00	2.944174130462960903e+01
1.859299999999999953e+00	2.897125713386468249e+01
1.862900000000000000e+00	2.885727574492518599e+01
1.866500000000000048e+00	2.925967118759065144e+01
1.870100000000000096e+00	2.998547916467720142e+01
1.873699999999999921e+00	3.091501284381535442e+01
1.877399999999999958e+00	3.158806808355635098e+01
1.881000000000000005e+00	3.079500396350337965e+01
1.884600000000000053e+00	2.907561110683746008e+01
1.888200000000000101e+00	2.673700869970686966e+01
1.891799999999999926e+00	2.435567638705275328e+01
1.895399999999999974e+00	2.371973162578572314e+01
1.899000000000000021e+00	2.437209898798104390e+01
1.902600000000000069e+00	2.629168860114911865e+01
1.906199999999999894e+00	2.831108535190072573e+01
1.909799999999999942e+00	2.937685770528311835e+01
1.913399999999999990e+00	2.918799682806810480e+01
1.917000000000000037e+00	2.788758574680294089e+01
1.920600000000000085e+00	2.637526781439440882e+01
1.924199999999999910e+00	2.473616869176924737e+01
1.927899999999999947e+00	2.376134877851685090e+01
1.931499999999999995e+00	2.369900834988612814e+01
1.935100000000000042e+00	2.421291181289789307e+01
1.938700000000000090e+00	2.519542574645002375e+01
1.942299999999999915e+00	2.593359435423435144e+01
1.945899999999999963e+00	2.666800551197351155e+01
1.949500000000000011e+00	2.741325658178007174e+01
1.953100000000000058e+00	2.747953153711328511e+01
1.956700000000000106e+00	2.667688952487546317e+01
1.960299999999999931e+00	2.581451031026227128e+01
1.963899999999999979e+00	2.414164089068126273e+01
1.967500000000000027e+00	2.252174773172629685e+01
1.971100000000000074e+00	2.190036316045938136e+01
1.974699999999999900e+00	2.166449522246692538e+01
1.978399999999999936e+00	2.227336596688405024e+01
1.981999999999999984e+00	2.305467487865545806e+01
1.985600000000000032e+00	2.424698513437778757e+01
1.989200000000000079e+00	2.537376786147308394e+01
1.992799999999999905e+00	2.602551286195867419e+01
1.996399999999999952e+00	2.606166554002100355e+01
2.000000000000000000e+00	2.558975526777894061e+01
