2.000000000000000111e-01	-2.209052246697127408e+00
2.036000000000000032e-01	-2.239033955373837870e+00
2.071999999999999953e-01	-2.435524417612516590e+00
2.107999999999999874e-01	-2.812152661035542511e+00
2.144000000000000072e-01	-2.361250281442262011e+00
2.179999999999999993e-01	-1.722133979216501798e+00
2.215999999999999914e-01	-1.066115427511043379e+00
2.253000000000000003e-01	-1.881149966798904227e+00
2.288999999999999924e-01	-1.674978292229507115e+00
2.325000000000000122e-01	-1.665969329754308781e+00
2.361000000000000043e-01	-1.734733889377337412e+00
2.396999999999999964e-01	-1.216485770156427781e+00
2.432999999999999885e-01	-6.842949449181500166e-01
2.469000000000000083e-01	-1.431611924598494845e+00
2.505000000000000004e-01	-3.407831401465344356e-01
2.540999999999999925e-01	-5.992797643907566973e-01
2.576999999999999846e-01	-7.710866489488932274e-03
2.612999999999999767e-01	-1.189355642384312128e-01
2.649000000000000243e-01	-5.199592489155313579e-01
2.685000000000000164e-01	-4.527620122265156866e-01
2.721000000000000085e-01	-9.175887968324052402e-01
2.757999999999999896e-01	-7.869721780593039728e-01
2.793999999999999817e-01	-1.276019735378692177e+00
2.829999999999999738e-01	-1.103745037884857449e+00
2.866000000000000214e-01	-1.395577629316769874e+00
2.902000000000000135e-01	-2.516442866135454537e+00
2.938000000000000056e-01	-2.204202364698465644e+00
2.973999999999999977e-01	-1.478403889413840933e+00
3.009999999999999898e-01	-1.986970697637899796e+00
3.045999999999999819e-01	-1.245823974747628959e+00
3.081999999999999740e-01	-1.312015862671910504e+00
3.118000000000000216e-01	-1.692437905680488575e+00
3.154000000000000137e-01	-1.175266070496373771e+00
3.190000000000000058e-01	-1.521894119451035365e+00
3.225999999999999979e-01	-1.054933412170845575e+00
3.262999999999999790e-01	-1.318316979481384710e+00
3.299000000000000266e-01	-4.501126752887371629e-01
3.335000000000000187e-01	1.477606209404741522e-01
3.371000000000000107e-01	2.553484813581909929e-01
3.407000000000000028e-01	6.165483219653838942e-02
3.442999999999999949e-01	-1.784737389534380436e-01
3.478999999999999870e-01	5.627110085036813869e-01
3.514999999999999791e-01	4.086299757855944015e-01
3.551000000000000267e-01	8.797667043101813356e-01
3.587000000000000188e-01	5.992283990375533165e-01
3.623000000000000109e-01	-2.401519974739582675e-01
3.659000000000000030e-01	1.129749821123472581e-01
3.694999999999999951e-01	2.364288101855109570e-01
3.730999999999999872e-01	-2.029559189173376077e-01
3.768000000000000238e-01	-3.487918917841894562e-01
3.804000000000000159e-01	1.869967771062678308e-01
3.840000000000000080e-01	5.684179773402449065e-01
3.876000000000000001e-01	-7.548724908810789946e-01
3.911999999999999922e-01	-6.273282898648808725e-01
3.947999999999999843e-01	-2.118980605543228091e-01
3.983999999999999764e-01	-2.701130408393056515e-01
4.020000000000000240e-01	4.978895081564470582e-01
4.056000000000000161e-01	-2.580762256899128415e-01
4.092000000000000082e-01	-5.783056036356648555e-01
4.128000000000000003e-01	-1.854614262430938632e-01
4.163999999999999924e-01	-5.874431864495913702e-01
4.199999999999999845e-01	5.481920549009264843e-01
4.235999999999999766e-01	8.898025160645850473e-01
4.273000000000000131e-01	2.820854140129622212e-01
4.309000000000000052e-01	8.078206774822265235e-01
4.344999999999999973e-01	9.766518455382118269e-01
4.380999999999999894e-01	4.422475487321151921e-01
4.416999999999999815e-01	-1.847261077872959789e-01
4.452999999999999736e-01	1.257524299962680336e+00
4.489000000000000212e-01	9.888284742785599102e-01
4.525000000000000133e-01	6.148215813492761139e-01
4.561000000000000054e-01	1.234961323154639024e+00
4.596999999999999975e-01	3.330908732743447231e-01
4.632999999999999896e-01	5.481709732391948364e-01
4.668999999999999817e-01	3.987291151200414996e-01
4.704999999999999738e-01	1.143511913211270742e-01
4.741000000000000214e-01	1.783412467869335549e-01
4.778000000000000025e-01	-1.730307884483154035e-01
4.813999999999999946e-01	-2.292650790822481077e-01
4.849999999999999867e-01	5.890032974086496509e-01
4.885999999999999788e-01	-3.265628282555754769e-01
4.922000000000000264e-01	1.057883405503075025e-01
4.958000000000000185e-01	5.239634347752359922e-01
4.994000000000000106e-01	-8.610078331343454239e-02
5.030000000000000027e-01	9.467298172085959473e-01
5.066000000000000503e-01	1.347729061568409825e-01
5.101999999999999869e-01	5.009119406825855991e-01
5.138000000000000345e-01	4.904721597778950448e-01
5.173999999999999710e-01	4.040498625566151247e-01
5.210000000000000187e-01	6.542801586549488180e-01
5.245999999999999552e-01	1.375047478588903527e+00
5.282999999999999918e-01	7.528543500740485506e-01
5.319000000000000394e-01	1.107940190560341653e+00
5.354999999999999760e-01	1.425171705497277452e+00
5.391000000000000236e-01	1.340950422792761554e+00
5.426999999999999602e-01	1.297972250165343011e+00
5.463000000000000078e-01	2.011226763616615010e+00
5.499000000000000554e-01	1.363099920119557051e+00
5.534999999999999920e-01	2.527201572079331271e+00
5.571000000000000396e-01	1.340549990473856257e+00
5.606999999999999762e-01	1.942079385791309898e+00
5.643000000000000238e-01	1.610774341186379521e+00
5.678999999999999604e-01	1.874770573259314732e+00
5.715000000000000080e-01	1.464601517349263027e+00
5.752000000000000446e-01	1.465669940352487544e+00
5.787999999999999812e-01	6.930610490778716937e-01
5.824000000000000288e-01	1.001794105055765272e+00
5.859999999999999654e-01	2.126408504232012442e-01
5.896000000000000130e-01	6.331561555378958372e-01
5.931999999999999496e-01	8.407578408918701118e-01
5.967999999999999972e-01	1.609339835075038749e-01
6.004000000000000448e-01	4.478166703043634511e-01
6.039999999999999813e-01	1.331042050714996705e+00
6.076000000000000290e-01	1.269098079877918783e+00
6.111999999999999655e-01	6.549882880157148479e-01
6.148000000000000131e-01	1.406489660085742388e+00
6.183999999999999497e-01	1.270551614334788582e+00
6.219999999999999973e-01	9.854804825374847699e-01
6.257000000000000339e-01	1.633436225218863447e+00
6.292999999999999705e-01	2.305621118102453959e+00
6.329000000000000181e-01	1.066806971048242625e+00
6.364999999999999547e-01	1.574188272799486921e+00
6.401000000000000023e-01	2.269499010032686392e+00
6.437000000000000499e-01	2.316087597709004076e+00
6.472999999999999865e-01	1.921557525574354219e+00
6.509000000000000341e-01	1.966291367628443032e+00
6.544999999999999707e-01	2.704329124062720080e+00
6.581000000000000183e-01	1.822855944904275383e+00
6.616999999999999549e-01	1.711410992575841394e+00
6.653000000000000025e-01	1.134347050610014174e+00
6.689000000000000501e-01	1.850265091006507490e+00
6.724999999999999867e-01	1.465884624584549822e+00
6.762000000000000233e-01	2.038624462640041823e+00
6.797999999999999599e-01	1.925900800048192973e+00
6.834000000000000075e-01	1.445501556689035016e+00
6.870000000000000551e-01	1.384224831800847433e+00
6.905999999999999917e-01	1.805176934500492436e+00
6.942000000000000393e-01	1.361434722200110414e+00
6.977999999999999758e-01	1.796106635994738632e+00
7.014000000000000234e-01	1.038274575252154053e+00
7.049999999999999600e-01	1.423642606053692639e+00
7.086000000000000076e-01	1.830776937057064124e+00
7.122000000000000552e-01	1.697713305092735547e+00
7.157999999999999918e-01	1.565307085257486630e+00
7.194000000000000394e-01	9.746675256292262057e-01
7.229999999999999760e-01	1.651130875755837168e+00
7.267000000000000126e-01	1.733717461532144455e+00
7.302999999999999492e-01	2.310985640169377131e+00
7.338999999999999968e-01	2.111284869691160804e+00
7.375000000000000444e-01	2.510856204979880157e+00
7.410999999999999810e-01	1.946955414062665479e+00
7.447000000000000286e-01	3.040432605644452835e+00
7.482999999999999652e-01	3.419195819229651434e+00
7.519000000000000128e-01	3.433337337413508550e+00
7.554999999999999494e-01	3.196840912555353853e+00
7.590999999999999970e-01	3.622424297588853648e+00
7.627000000000000446e-01	3.131985709422219433e+00
7.662999999999999812e-01	2.062937463301374841e+00
7.699000000000000288e-01	2.078039965673489586e+00
7.734999999999999654e-01	2.380837419877269490e+00
7.772000000000000020e-01	2.065859007716565721e+00
7.808000000000000496e-01	1.732329463360917199e+00
7.843999999999999861e-01	1.250898423964616590e+00
7.880000000000000338e-01	1.316573133577869648e+00
7.915999999999999703e-01	1.194012362084030165e+00
7.952000000000000179e-01	3.520542190553646034e-01
7.987999999999999545e-01	9.404959773425967118e-01
8.024000000000000021e-01	8.432725203801361147e-01
8.060000000000000497e-01	1.273320426232604774e+00
8.095999999999999863e-01	1.142637195108129777e+00
8.132000000000000339e-01	1.235648242549140630e+00
8.167999999999999705e-01	1.244486461195852156e+00
8.204000000000000181e-01	1.452713727643145436e+00
8.239999999999999547e-01	1.368367210201939299e+00
8.276999999999999913e-01	1.840722923778835174e+00
8.313000000000000389e-01	1.032345803468394996e+00
8.348999999999999755e-01	2.574863274514067601e+00
8.385000000000000231e-01	2.852235158045687946e+00
8.420999999999999597e-01	2.524870287859721785e+00
8.457000000000000073e-01	1.834749700633423020e+00
8.493000000000000549e-01	3.120697436862889695e+00
8.528999999999999915e-01	2.687447330292076497e+00
8.565000000000000391e-01	1.982789418658719605e+00
8.600999999999999757e-01	2.789607547731017156e+00
8.637000000000000233e-01	2.311901346977979887e+00
8.672999999999999599e-01	2.375543230793038862e+00
8.709000000000000075e-01	2.027696715620157075e+00
8.745000000000000551e-01	2.222730051471696555e+00
8.781999999999999806e-01	1.679606386485355651e+00
8.818000000000000282e-01	1.720667357789184448e+00
8.853999999999999648e-01	2.411930151374472864e+00
8.890000000000000124e-01	1.725104730785578244e+00
8.925999999999999490e-01	1.012970095100133916e+00
8.961999999999999966e-01	1.626730512584152022e+00
8.998000000000000442e-01	1.969215588204512812e+00
9.033999999999999808e-01	1.233368092533089211e+00
9.070000000000000284e-01	1.778149061535528430e+00
9.105999999999999650e-01	1.447354636375082215e+00
9.142000000000000126e-01	2.151387019301397530e+00
9.177999999999999492e-01	2.452558908185708653e+00
9.213999999999999968e-01	2.443605785387498397e+00
9.251000000000000334e-01	2.518156363890685867e+00
9.286999999999999700e-01	2.473982768764269480e+00
9.323000000000000176e-01	2.784371295261690360e+00
9.358999999999999542e-01	1.819660951621170142e+00
9.395000000000000018e-01	2.809774020930604799e+00
9.431000000000000494e-01	3.079475009515365347e+00
9.466999999999999860e-01	2.766307815486621635e+00
9.503000000000000336e-01	3.321189859070258432e+00
9.538999999999999702e-01	3.211241920925631099e+00
9.575000000000000178e-01	3.507183274568117959e+00
9.610999999999999543e-01	3.280216112425055286e+00
9.647000000000000020e-01	3.208770383893798872e+00
9.683000000000000496e-01	3.218890754054971381e+00
9.718999999999999861e-01	2.675858363185111166e+00
9.756000000000000227e-01	2.754682586368694786e+00
9.791999999999999593e-01	2.473641905877487002e+00
9.828000000000000069e-01	1.838241928931779290e+00
9.864000000000000545e-01	2.683073443563757543e+00
9.899999999999999911e-01	3.196190872675008787e+00
9.936000000000000387e-01	3.008276835634185797e+00
9.971999999999999753e-01	2.302065339717697778e+00
1.000799999999999912e+00	3.213123429825433419e+00
1.004399999999999959e+00	3.257778063007112923e+00
1.008000000000000007e+00	3.605533781839522334e+00
1.011600000000000055e+00	3.367867850863509815e+00
1.015200000000000102e+00	3.423285295468117440e+00
1.018799999999999928e+00	4.269950203114807330e+00
1.022399999999999975e+00	4.054178971269971399e+00
1.026100000000000012e+00	4.581353540811246461e+00
1.029700000000000060e+00	5.132677485597096023e+00
1.033300000000000107e+00	4.866284557683732359e+00
1.036899999999999933e+00	5.183994617777807790e+00
1.040499999999999980e+00	5.334647390732717653e+00
1.044100000000000028e+00	5.831732347089820578e+00
1.047700000000000076e+00	5.124287138589986412e+00
1.051299999999999901e+00	5.683217412359747200e+00
1.054899999999999949e+00	5.778758821499333287e+00
1.058499999999999996e+00	5.243216790746680012e+00
1.062100000000000044e+00	5.725635339788454736e+00
1.065700000000000092e+00	5.297370508575744985e+00
1.069299999999999917e+00	5.354560558712371687e+00
1.072899999999999965e+00	5.336802467296762664e+00
1.076600000000000001e+00	4.882367967456324287e+00
1.080200000000000049e+00	4.941224489053075430e+00
1.083800000000000097e+00	5.242479725014749015e+00
1.087399999999999922e+00	6.641150349254219876e+00
1.090999999999999970e+00	6.189319900413432052e+00
1.094600000000000017e+00	7.747643467279308638e+00
1.098200000000000065e+00	7.243750295837299902e+00
1.101799999999999891e+00	7.686727731503156136e+00
1.105399999999999938e+00	8.133499555996683839e+00
1.108999999999999986e+00	7.347597471172389483e+00
1.112600000000000033e+00	7.310410821208074950e+00
1.116200000000000081e+00	7.707531561931055819e+00
1.119799999999999907e+00	7.860161609845674135e+00
1.123399999999999954e+00	7.845802593310573059e+00
1.127099999999999991e+00	7.877191302510340165e+00
1.130700000000000038e+00	7.306047309855328464e+00
1.134300000000000086e+00	7.608923825105100569e+00
1.137899999999999912e+00	8.482999128482033413e+00
1.141499999999999959e+00	8.055656047474624160e+00
1.145100000000000007e+00	9.318987804634367933e+00
1.148700000000000054e+00	9.575323339383899679e+00
1.152300000000000102e+00	9.535655741024049448e+00
1.155899999999999928e+00	1.025979353921606751e+01
1.159499999999999975e+00	1.196176350467250415e+01
1.163100000000000023e+00	1.142143166158515832e+01
1.166700000000000070e+00	1.121702695690354012e+01
1.170299999999999896e+00	1.026284144395779840e+01
1.173899999999999944e+00	1.056275151164607706e+01
1.177599999999999980e+00	1.042772204921445045e+01
1.181200000000000028e+00	9.425812640692416977e+00
1.184800000000000075e+00	1.003534260335218775e+01
1.188399999999999901e+00	1.130513280796045450e+01
1.191999999999999948e+00	1.136010813024584110e+01
1.195599999999999996e+00	1.221689605833529946e+01
1.199200000000000044e+00	1.349179495541209839e+01
1.202800000000000091e+00	1.179600850886908603e+01
1.206399999999999917e+00	1.294809441480678025e+01
1.209999999999999964e+00	1.375048023659899243e+01
1.213600000000000012e+00	1.355326921707749754e+01
1.217200000000000060e+00	1.376081223929637254e+01
1.220800000000000107e+00	1.397781001827858560e+01
1.224399999999999933e+00	1.439632919635226926e+01
1.228099999999999969e+00	1.484596613995830339e+01
1.231700000000000017e+00	1.475287041361054108e+01
1.235300000000000065e+00	1.470672861126114839e+01
1.238899999999999890e+00	1.573241530906851082e+01
1.242499999999999938e+00	1.533277157687804149e+01
1.246099999999999985e+00	1.535800472714289455e+01
1.249700000000000033e+00	1.530218282303776256e+01
1.253300000000000081e+00	1.562526368160716572e+01
1.256899999999999906e+00	1.681935518868897006e+01
1.260499999999999954e+00	1.603690895174317177e+01
1.264100000000000001e+00	1.543451467657128262e+01
1.267700000000000049e+00	1.593289241069322415e+01
1.271300000000000097e+00	1.507114041137588778e+01
1.274899999999999922e+00	1.636404962686888354e+01
1.278599999999999959e+00	1.491610312174596054e+01
1.282200000000000006e+00	1.536630770708532090e+01
1.285800000000000054e+00	1.545860772401004901e+01
1.289400000000000102e+00	1.611026492554897160e+01
1.292999999999999927e+00	1.588510726906921811e+01
1.296599999999999975e+00	1.651724618713433657e+01
1.300200000000000022e+00	1.584796606770225402e+01
1.303800000000000070e+00	1.533181448358693011e+01
1.307399999999999896e+00	1.622874299363665429e+01
1.310999999999999943e+00	1.530218349115791199e+01
1.314599999999999991e+00	1.505483673276814827e+01
1.318200000000000038e+00	1.556880259662365695e+01
1.321800000000000086e+00	1.552016941433712027e+01
1.325499999999999901e+00	1.556407094479959419e+01
1.329099999999999948e+00	1.526589785168606284e+01
1.332699999999999996e+00	1.500312314939223945e+01
1.336300000000000043e+00	1.526235128767512883e+01
1.339900000000000091e+00	1.504563352475341631e+01
1.343499999999999917e+00	1.499156555020187298e+01
1.347099999999999964e+00	1.482308434433168820e+01
1.350700000000000012e+00	1.432740283949828530e+01
1.354300000000000059e+00	1.374972006638111743e+01
1.357900000000000107e+00	1.488208458988670202e+01
1.361499999999999932e+00	1.404654923219402463e+01
1.365099999999999980e+00	1.366204582170199266e+01
1.368700000000000028e+00	1.417373754858904888e+01
1.372300000000000075e+00	1.389982824902353364e+01
1.375999999999999890e+00	1.489402956864901739e+01
1.379599999999999937e+00	1.417197952247325432e+01
1.383199999999999985e+00	1.405100880950575259e+01
1.386800000000000033e+00	1.498915929335600339e+01
1.390400000000000080e+00	1.485457911643000983e+01
1.393999999999999906e+00	1.395033329669844413e+01
1.397599999999999953e+00	1.438583222336532508e+01
1.401200000000000001e+00	1.395780111692071124e+01
1.404800000000000049e+00	1.501299659556418220e+01
1.408400000000000096e+00	1.460219593894364287e+01
1.411999999999999922e+00	1.473281824350407732e+01
1.415599999999999969e+00	1.546994419429501555e+01
1.419200000000000017e+00	1.503530439687574471e+01
1.422800000000000065e+00	1.457587231314228404e+01
1.426500000000000101e+00	1.434595836644821709e+01
1.430099999999999927e+00	1.461786098911956522e+01
1.433699999999999974e+00	1.470329219391217812e+01
1.437300000000000022e+00	1.398155874485935435e+01
1.440900000000000070e+00	1.427016807026397771e+01
1.444499999999999895e+00	1.325076265926584895e+01
1.448099999999999943e+00	1.398149048934167027e+01
1.451699999999999990e+00	1.393909446132080987e+01
1.455300000000000038e+00	1.363730538227854616e+01
1.458900000000000086e+00	1.361119493642847544e+01
1.462499999999999911e+00	1.335643721105597947e+01
1.466099999999999959e+00	1.456688128316914543e+01
1.469700000000000006e+00	1.345602838903340981e+01
1.473300000000000054e+00	1.364048266913677132e+01
1.477000000000000091e+00	1.506623577751199505e+01
1.480599999999999916e+00	1.520202433655734708e+01
1.484199999999999964e+00	1.498124424726687742e+01
1.487800000000000011e+00	1.555447502401115045e+01
1.491400000000000059e+00	1.551679775381918702e+01
1.495000000000000107e+00	1.601269964553417324e+01
1.498599999999999932e+00	1.571421868808141120e+01
1.502199999999999980e+00	1.585854168528551789e+01
1.505800000000000027e+00	1.599999140942286502e+01
1.509400000000000075e+00	1.560588940497504673e+01
1.512999999999999901e+00	1.551032770466726696e+01
1.516599999999999948e+00	1.590996983516239638e+01
1.520199999999999996e+00	1.674958701038912778e+01
1.523800000000000043e+00	1.675791077389533967e+01
1.527500000000000080e+00	1.607354791417520445e+01
1.531099999999999905e+00	1.628234107920919271e+01
1.534699999999999953e+00	1.626239704439633016e+01
1.538300000000000001e+00	1.733151355503515134e+01
1.541900000000000048e+00	1.734473003580860961e+01
1.545500000000000096e+00	1.738040726733187569e+01
1.549099999999999921e+00	1.835848315975373524e+01
1.552699999999999969e+00	1.866563315612830110e+01
1.556300000000000017e+00	1.790716069384163944e+01
1.559900000000000064e+00	1.876483349362982267e+01
1.563499999999999890e+00	1.929983054697694200e+01
1.567099999999999937e+00	1.988797344479922558e+01
1.570699999999999985e+00	2.027820703110108624e+01
1.574300000000000033e+00	2.051161714501893840e+01
1.578000000000000069e+00	2.072124383288402427e+01
1.581599999999999895e+00	2.014239093358147770e+01
1.585199999999999942e+00	2.055717589739093398e+01
1.588799999999999990e+00	1.969375170334624769e+01
1.592400000000000038e+00	1.932767857849064796e+01
1.596000000000000085e+00	2.003971317596448287e+01
1.599599999999999911e+00	1.922137851556329124e+01
1.603199999999999958e+00	2.020886549513287989e+01
1.606800000000000006e+00	1.953868406649909417e+01
1.610400000000000054e+00	2.057065962404132620e+01
1.614000000000000101e+00	2.078509562705930591e+01
1.617599999999999927e+00	2.080571863162946400e+01
1.621199999999999974e+00	1.940257061049899434e+01
1.624800000000000022e+00	2.023271600363134581e+01
1.628500000000000059e+00	2.043532478354214987e+01
1.632100000000000106e+00	2.040311102237208374e+01
1.635699999999999932e+00	2.123022820375445718e+01
1.639299999999999979e+00	2.159665687912898591e+01
1.642900000000000027e+00	2.193103150331236151e+01
1.646500000000000075e+00	2.180536843798864766e+01
1.650099999999999900e+00	2.173077152920564004e+01
1.653699999999999948e+00	2.350626626514888784e+01
1.657299999999999995e+00	2.422002084069640304e+01
1.660900000000000043e+00	2.600922087515871439e+01
1.664500000000000091e+00	2.799247463494771893e+01
1.668099999999999916e+00	2.880586036693034302e+01
1.671699999999999964e+00	2.796679636154647497e+01
1.675400000000000000e+00	2.720496346897871831e+01
1.679000000000000048e+00	2.514217044382904831e+01
1.682600000000000096e+00	2.340982452460234953e+01
1.686199999999999921e+00	2.125006020080342495e+01
1.689799999999999969e+00	2.017199200133141090e+01
1.693400000000000016e+00	2.061149563182145172e+01
1.697000000000000064e+00	2.158998698320244358e+01
1.700599999999999890e+00	2.312978843660919281e+01
1.704199999999999937e+00	2.502637691649288953e+01
1.707799999999999985e+00	2.640577361976281523e+01
1.711400000000000032e+00	2.688457253644197209e+01
1.715000000000000080e+00	2.782077779790634864e+01
1.718599999999999905e+00	2.679911093232038510e+01
1.722199999999999953e+00	2.553741599410394514e+01
1.725899999999999990e+00	2.349779215275750133e+01
1.729500000000000037e+00	2.177567944170974101e+01
1.733100000000000085e+00	2.172595820530732169e+01
1.736699999999999910e+00	2.194087953931606094e+01
1.740299999999999958e+00	2.235766612276002618e+01
1.743900000000000006e+00	2.439720343440757588e+01
1.747500000000000053e+00	2.412075884680652393e+01
1.751100000000000101e+00	2.416213004938983033e+01
1.754699999999999926e+00	2.391644140818195297e+01
1.758299999999999974e+00	2.386424597960133198e+01
1.761900000000000022e+00	2.380698967703458990e+01
1.765500000000000069e+00	2.406117406975293704e+01
1.769099999999999895e+00	2.431130546674259563e+01
1.772699999999999942e+00	2.499470813383572221e+01
1.776399999999999979e+00	2.500370105398188159e+01
1.780000000000000027e+00	2.658476322118039903e+01
1.783600000000000074e+00	2.757119829980607406e+01
1.787199999999999900e+00	2.747785710332950160e+01
1.790799999999999947e+00	2.697402680408990250e+01
1.794399999999999995e+00	2.557418272597855591e+01
1.798000000000000043e+00	2.582273568210829850e+01
1.801600000000000090e+00	2.553436565868785735e+01
1.805199999999999916e+00	2.520433702735639514e+01
1.808799999999999963e+00	2.627300548774059052e+01
1.812400000000000011e+00	2.569547384277862534e+01
1.816000000000000059e+00	2.661595133586688533e+01
1.819600000000000106e+00	2.762165632952451944e+01
1.823199999999999932e+00	2.938441763051295297e+01
1.826899999999999968e+00	3.144678980283988423e+01
1.830500000000000016e+00	3.146461921137163742e+01
1.834100000000000064e+00	3.314930094652078196e+01
1.837699999999999889e+00	3.237748956335184403e+01
1.841299999999999937e+00	3.201785253133720488e+01
1.844899999999999984e+00	3.075858399614399374e+01
1.848500000000000032e+00	3.083587359790256954e+01
1.852100000000000080e+00	3.098506245333109632e+01
1.855699999999999905e+00	3.077090802317817975e+01
1.859299999999999953e+00	3.182391522330704703e+01
1.862900000000000000e+00	3.188834006527920906e+01
1.866500000000000048e+00	3.085693506995384894e+01
1.870100000000000096e+00	3.071345581494793109e+01
1.873699999999999921e+00	3.038540304588148189e+01
1.877399999999999958e+00	2.993637319986112288e+01
1.881000000000000005e+00	3.076072135089823334e+01
1.884600000000000053e+00	3.107058957310633929e+01
1.888200000000000101e+00	3.247020332718707181e+01
1.891799999999999926e+00	3.505838933955421055e+01
1.895399999999999974e+00	3.614523959398186292e+01
1.899000000000000021e+00	3.663494125436964310e+01
1.902600000000000069e+00	3.715436418473925784e+01
1.906199999999999894e+00	3.708661788150059380e+01
1.909799999999999942e+00	3.722994994049203399e+01
1.913399999999999990e+00	3.730424959521962336e+01
1.917000000000000037e+00	3.754509002956929464e+01
1.920600000000000085e+00	3.676928431040855827e+01
1.924199999999999910e+00	3.697040513057542910e+01
1.927899999999999947e+00	3.560999446403975099e+01
1.931499999999999995e+00	3.539846907075247628e+01
1.935100000000000042e+00	3.505740092117397211e+01
1.938700000000000090e+00	3.460760875732682962e+01
1.942299999999999915e+00	3.454686036622560863e+01
1.945899999999999963e+00	3.507192471002100831e+01
1.949500000000000011e+00	3.644310664882112150e+01
1.953100000000000058e+00	3.898534224174615304e+01
1.956700000000000106e+00	3.944021275173722074e+01
1.960299999999999931e+00	4.109924191430415874e+01
1.963899999999999979e+00	4.178255459382014436e+01
1.967500000000000027e+00	4.212189349603430344e+01
1.971100000000000074e+00	4.279863288240620278e+01
1.974699999999999900e+00	4.341627980937834508e+01
1.978399999999999936e+00	4.283311036267163985e+01
1.981999999999999984e+00	4.285860783012144992e+01
1.985600000000000032e+00	4.322377120843564313e+01
1.989200000000000079e+00	4.361174663823440056e+01
1.992799999999999905e+00	4.403536091345031167e+01
1.996399999999999952e+00	4.644509288961756255e+01
2.000000000000000000e+00	4.713568994663927469e+01
