2.000000000000000111e-01	-1.414184938795690183e+00
2.036000000000000032e-01	-1.255447835744884832e+00
2.071999999999999953e-01	-1.258820955480225212e+00
2.107999999999999874e-01	-1.143730077294652148e+00
2.144000000000000072e-01	-7.402695366365712459e-01
2.179999999999999993e-01	-9.775801310221831075e-01
2.215999999999999914e-01	-9.899021020818015160e-01
2.253000000000000003e-01	-1.064997967486693842e+00
2.288999999999999924e-01	-5.650458095836397021e-01
2.325000000000000122e-01	-7.719581218837903158e-01
2.361000000000000043e-01	-8.521885744560708797e-01
2.396999999999999964e-01	-1.053835113947975799e+00
2.432999999999999885e-01	-9.298614150866464367e-01
2.469000000000000083e-01	-8.519698894704700320e-01
2.505000000000000004e-01	-9.343825495060813502e-01
2.540999999999999925e-01	-1.427857725481423090e+00
2.576999999999999846e-01	-1.266341366845760597e+00
2.612999999999999767e-01	-1.215341638701932681e+00
2.649000000000000243e-01	-1.530831162999650941e+00
2.685000000000000164e-01	-1.741656965112057920e+00
2.721000000000000085e-01	-1.574924846200071116e+00
2.757999999999999896e-01	-1.198618578400253210e+00
2.793999999999999817e-01	-1.241109647485030942e+00
2.829999999999999738e-01	-1.062526283742200928e+00
2.866000000000000214e-01	-9.880706821996433353e-01
2.902000000000000135e-01	-4.118855922425048166e-01
2.938000000000000056e-01	-8.659271137335755597e-02
2.973999999999999977e-01	-6.304906590047878456e-01
3.009999999999999898e-01	-2.751156176692032274e-02
3.045999999999999819e-01	2.598564548199412405e-01
3.081999999999999740e-01	5.206848622386266168e-02
3.118000000000000216e-01	-2.797721014083451307e-02
3.154000000000000137e-01	6.104426983199594536e-01
3.190000000000000058e-01	4.624012073293454761e-01
3.225999999999999979e-01	6.113130502633149499e-01
3.262999999999999790e-01	3.648378747586853432e-01
3.299000000000000266e-01	1.879917169841297531e-01
3.335000000000000187e-01	-2.817714410924129220e-01
3.371000000000000107e-01	-4.127176912225433147e-01
3.407000000000000028e-01	-7.952623274936456710e-01
3.442999999999999949e-01	-6.617745572504578622e-01
3.478999999999999870e-01	-7.925919495115534286e-01
3.514999999999999791e-01	-9.639826645782242354e-01
3.551000000000000267e-01	-1.176804031823583063e+00
3.587000000000000188e-01	-8.747442013476890432e-01
3.623000000000000109e-01	-9.267256896658337961e-01
3.659000000000000030e-01	-8.517603702442333446e-01
3.694999999999999951e-01	-9.832447948529559056e-01
3.730999999999999872e-01	-7.086257484541963469e-01
3.768000000000000238e-01	-7.042015953419533680e-01
3.804000000000000159e-01	-1.314598918723963727e-02
3.840000000000000080e-01	-2.025212915693708204e-02
3.876000000000000001e-01	2.623572486507561030e-03
3.911999999999999922e-01	2.841647056912284808e-01
3.947999999999999843e-01	5.009642576567596706e-01
3.983999999999999764e-01	8.936832918743958798e-01
4.020000000000000240e-01	7.943910276070302867e-01
4.056000000000000161e-01	9.340566677349617652e-01
4.092000000000000082e-01	2.695431578071764145e-01
4.128000000000000003e-01	4.499197007428799022e-01
4.163999999999999924e-01	4.191765538928454715e-01
4.199999999999999845e-01	1.506890610935292529e-01
4.235999999999999766e-01	1.344655034115451731e-01
4.273000000000000131e-01	-5.175170828824502411e-01
4.309000000000000052e-01	-3.688285522827117191e-02
4.344999999999999973e-01	-1.177023436688675040e-01
4.380999999999999894e-01	-6.813539607772498563e-01
4.416999999999999815e-01	-4.139850717520492940e-01
4.452999999999999736e-01	-2.838258960105191631e-01
4.489000000000000212e-01	-3.387130723390603393e-01
4.525000000000000133e-01	-3.421656921949860486e-01
4.561000000000000054e-01	-2.273903564322922177e-01
4.596999999999999975e-01	1.416253280836445860e-01
4.632999999999999896e-01	-1.558672557331795272e-01
4.668999999999999817e-01	-9.013051925365311856e-02
4.704999999999999738e-01	6.233212051181178381e-01
4.741000000000000214e-01	7.082112652345877724e-01
4.778000000000000025e-01	9.318467244960207951e-01
4.813999999999999946e-01	1.370870365977365335e+00
4.849999999999999867e-01	1.475131254713215156e+00
4.885999999999999788e-01	1.720275770455927056e+00
4.922000000000000264e-01	1.349343598911283637e+00
4.958000000000000185e-01	1.871270798926836232e+00
4.994000000000000106e-01	1.300275457092593179e+00
5.030000000000000027e-01	1.627755828655912840e+00
5.066000000000000503e-01	8.351112090864878379e-01
5.101999999999999869e-01	1.577943709953171902e+00
5.138000000000000345e-01	1.027341921760008381e+00
5.173999999999999710e-01	9.255325090302753965e-01
5.210000000000000187e-01	5.561072930601894670e-01
5.245999999999999552e-01	3.333159721087860516e-01
5.282999999999999918e-01	6.229476126593275209e-01
5.319000000000000394e-01	2.224938140316755353e-01
5.354999999999999760e-01	3.461153331154278034e-01
5.391000000000000236e-01	2.380392184348418538e-01
5.426999999999999602e-01	2.843955212846328573e-01
5.463000000000000078e-01	2.636991867405197310e-01
5.499000000000000554e-01	3.596257614180585760e-01
5.534999999999999920e-01	9.362302182677674223e-01
5.571000000000000396e-01	1.191999466101091087e+00
5.606999999999999762e-01	1.236569477243111503e+00
5.643000000000000238e-01	1.487437638631710302e+00
5.678999999999999604e-01	1.711716350860105873e+00
5.715000000000000080e-01	1.947583151649274757e+00
5.752000000000000446e-01	1.382236964327865358e+00
5.787999999999999812e-01	2.003525172847911762e+00
5.824000000000000288e-01	1.892930703003333548e+00
5.859999999999999654e-01	1.531186276500621668e+00
5.896000000000000130e-01	1.967721064144335230e+00
5.931999999999999496e-01	1.697637920590329363e+00
5.967999999999999972e-01	1.886723689849985952e+00
6.004000000000000448e-01	1.764381450795326378e+00
6.039999999999999813e-01	1.567522963772574496e+00
6.076000000000000290e-01	1.217770861171251884e+00
6.111999999999999655e-01	1.546361453239318173e+00
6.148000000000000131e-01	1.380835807435843332e+00
6.183999999999999497e-01	7.972304314270681758e-01
6.219999999999999973e-01	1.196978796584120763e+00
6.257000000000000339e-01	1.220892862857270167e+00
6.292999999999999705e-01	1.096608530591896002e+00
6.329000000000000181e-01	1.050751139758349328e+00
6.364999999999999547e-01	1.385355547991682146e+00
6.401000000000000023e-01	1.397740466995929687e+00
6.437000000000000499e-01	1.724512771727235938e+00
6.472999999999999865e-01	1.205874456494096636e+00
6.509000000000000341e-01	1.788455455924558901e+00
6.544999999999999707e-01	1.772865288144160667e+00
6.581000000000000183e-01	1.976009379173693015e+00
6.616999999999999549e-01	2.292016836775469191e+00
6.653000000000000025e-01	2.322173426632915927e+00
6.689000000000000501e-01	2.433741041796972038e+00
6.724999999999999867e-01	2.228364733857474800e+00
6.762000000000000233e-01	2.706020365984735498e+00
6.797999999999999599e-01	2.570566517078246793e+00
6.834000000000000075e-01	2.301810032313047927e+00
6.870000000000000551e-01	2.407805816176864511e+00
6.905999999999999917e-01	1.931437603602474740e+00
6.942000000000000393e-01	2.072166089032766223e+00
6.977999999999999758e-01	1.981279547857009327e+00
7.014000000000000234e-01	1.530511684716093335e+00
7.049999999999999600e-01	1.592402332934815368e+00
7.086000000000000076e-01	1.318013685887576614e+00
7.122000000000000552e-01	1.396080841675882755e+00
7.157999999999999918e-01	1.642475033156978181e+00
7.194000000000000394e-01	1.734382799886482918e+00
7.229999999999999760e-01	1.785320969094106314e+00
7.267000000000000126e-01	1.736307737887712976e+00
7.302999999999999492e-01	1.622099314948070248e+00
7.338999999999999968e-01	2.297442040316283851e+00
7.375000000000000444e-01	1.923896506332692713e+00
7.410999999999999810e-01	1.867996924930152902e+00
7.447000000000000286e-01	2.566061089794710703e+00
7.482999999999999652e-01	2.886953463529100539e+00
7.519000000000000128e-01	3.011479875250958838e+00
7.554999999999999494e-01	3.490370395802024461e+00
7.590999999999999970e-01	3.539723451303663726e+00
7.627000000000000446e-01	2.996115642917251076e+00
7.662999999999999812e-01	3.049206910667650039e+00
7.699000000000000288e-01	2.991403932672064059e+00
7.734999999999999654e-01	2.705278385706551880e+00
7.772000000000000020e-01	2.374199534650078380e+00
7.808000000000000496e-01	2.447673165702677345e+00
7.843999999999999861e-01	1.986448085423284438e+00
7.880000000000000338e-01	1.270839598970835649e+00
7.915999999999999703e-01	1.546552849549557074e+00
7.952000000000000179e-01	1.167228707258968434e+00
7.987999999999999545e-01	1.709602682323165812e+00
8.024000000000000021e-01	1.369627328810090416e+00
8.060000000000000497e-01	1.084561480405865863e+00
8.095999999999999863e-01	1.461343053018185012e+00
8.132000000000000339e-01	1.284012124043324654e+00
8.167999999999999705e-01	1.355217375014838188e+00
8.204000000000000181e-01	1.772098637141975797e+00
8.239999999999999547e-01	1.615117980571864953e+00
8.276999999999999913e-01	1.568193577075919665e+00
8.313000000000000389e-01	1.712465333854926941e+00
8.348999999999999755e-01	2.068518220849898448e+00
8.385000000000000231e-01	2.412941431861304054e+00
8.420999999999999597e-01	2.414504552515298386e+00
8.457000000000000073e-01	2.596634517150965937e+00
8.493000000000000549e-01	2.430093462606106147e+00
8.528999999999999915e-01	2.102975126100731007e+00
8.565000000000000391e-01	2.575933882171650424e+00
8.600999999999999757e-01	2.539683538477164326e+00
8.637000000000000233e-01	2.459171683703172295e+00
8.672999999999999599e-01	2.395847715877764905e+00
8.709000000000000075e-01	2.242378219867924294e+00
8.745000000000000551e-01	2.028424755423023473e+00
8.781999999999999806e-01	2.030378258840371597e+00
8.818000000000000282e-01	2.092817040483831992e+00
8.853999999999999648e-01	1.870740045942743235e+00
8.890000000000000124e-01	1.974828374286740740e+00
8.925999999999999490e-01	1.957040440610656740e+00
8.961999999999999966e-01	1.410801737972728453e+00
8.998000000000000442e-01	1.630745940060146726e+00
9.033999999999999808e-01	1.668902236153781082e+00
9.070000000000000284e-01	1.777434498577076027e+00
9.105999999999999650e-01	1.668868657667492927e+00
9.142000000000000126e-01	2.104342543625495665e+00
9.177999999999999492e-01	1.935157896544321465e+00
9.213999999999999968e-01	2.136080226271827698e+00
9.251000000000000334e-01	2.625450663434870879e+00
9.286999999999999700e-01	2.562620425299928950e+00
9.323000000000000176e-01	2.527436886561651441e+00
9.358999999999999542e-01	2.764982197323737623e+00
9.395000000000000018e-01	3.016048343250985475e+00
9.431000000000000494e-01	3.054265510010615081e+00
9.466999999999999860e-01	3.246542808530904267e+00
9.503000000000000336e-01	2.884537631529899837e+00
9.538999999999999702e-01	3.316755800063964976e+00
9.575000000000000178e-01	3.161052167783423794e+00
9.610999999999999543e-01	3.602918777041478560e+00
9.647000000000000020e-01	3.681793426137708103e+00
9.683000000000000496e-01	3.485563611633232028e+00
9.718999999999999861e-01	3.245408450656698029e+00
9.756000000000000227e-01	3.198304454527685969e+00
9.791999999999999593e-01	3.887428261594354950e+00
9.828000000000000069e-01	3.863821344342644348e+00
9.864000000000000545e-01	3.962739120647051472e+00
9.899999999999999911e-01	3.744204413795372055e+00
9.936000000000000387e-01	3.959633190710007522e+00
9.971999999999999753e-01	4.218271981696513073e+00
1.000799999999999912e+00	4.368750016657607205e+00
1.004399999999999959e+00	4.482283781179384974e+00
1.008000000000000007e+00	4.667640783597383880e+00
1.011600000000000055e+00	4.918111470910295324e+00
1.015200000000000102e+00	5.310594412345114534e+00
1.018799999999999928e+00	4.775748530019579441e+00
1.022399999999999975e+00	5.454006069387449251e+00
1.026100000000000012e+00	5.734247997304350974e+00
1.029700000000000060e+00	6.147504260269998966e+00
1.033300000000000107e+00	5.819011390748409340e+00
1.036899999999999933e+00	5.681805705884414692e+00
1.040499999999999980e+00	5.412261651519211902e+00
1.044100000000000028e+00	6.056242235100727456e+00
1.047700000000000076e+00	5.379294204567654170e+00
1.051299999999999901e+00	4.921183229616416632e+00
1.054899999999999949e+00	5.427172114823310523e+00
1.058499999999999996e+00	5.442520919120382494e+00
1.062100000000000044e+00	5.542449312672639294e+00
1.065700000000000092e+00	5.450098049838144831e+00
1.069299999999999917e+00	5.676260013012456085e+00
1.072899999999999965e+00	5.666507750336575278e+00
1.076600000000000001e+00	5.409512977630598130e+00
1.080200000000000049e+00	5.585659852640123546e+00
1.083800000000000097e+00	6.144362375509867746e+00
1.087399999999999922e+00	6.623409643723676687e+00
1.090999999999999970e+00	6.905828510244838903e+00
1.094600000000000017e+00	7.236053806874246597e+00
1.098200000000000065e+00	8.414333379915332145e+00
1.101799999999999891e+00	8.784863234922038799e+00
1.105399999999999938e+00	8.685104236841045378e+00
1.108999999999999986e+00	8.627433524421496358e+00
1.112600000000000033e+00	8.053881942528910542e+00
1.116200000000000081e+00	8.126439026258921672e+00
1.119799999999999907e+00	8.286994024618348220e+00
1.123399999999999954e+00	7.716595097746829168e+00
1.127099999999999991e+00	7.949497206993495269e+00
1.130700000000000038e+00	7.907736157963404011e+00
1.134300000000000086e+00	7.564268193325538014e+00
1.137899999999999912e+00	7.610248300126936982e+00
1.141499999999999959e+00	7.924655276934664982e+00
1.145100000000000007e+00	8.070373804706314047e+00
1.148700000000000054e+00	8.824560130962533222e+00
1.152300000000000102e+00	9.850073371088749141e+00
1.155899999999999928e+00	1.034468569015758455e+01
1.159499999999999975e+00	1.130984492155500476e+01
1.163100000000000023e+00	1.107790789142772603e+01
1.166700000000000070e+00	1.114905991576318911e+01
1.170299999999999896e+00	1.089342602098233925e+01
1.173899999999999944e+00	1.069467950850368254e+01
1.177599999999999980e+00	1.063733338068719725e+01
1.181200000000000028e+00	1.048737503725231157e+01
1.184800000000000075e+00	1.097227791998296809e+01
1.188399999999999901e+00	1.204959278925328725e+01
1.191999999999999948e+00	1.181667153591371466e+01
1.195599999999999996e+00	1.220319685293506673e+01
1.199200000000000044e+00	1.230803258305046022e+01
1.202800000000000091e+00	1.231180740341576119e+01
1.206399999999999917e+00	1.257837716086203272e+01
1.209999999999999964e+00	1.271685078603003483e+01
1.213600000000000012e+00	1.292637621490732336e+01
1.217200000000000060e+00	1.309747955859551816e+01
1.220800000000000107e+00	1.286871073864887016e+01
1.224399999999999933e+00	1.281087223049901525e+01
1.228099999999999969e+00	1.310248008097870454e+01
1.231700000000000017e+00	1.304210146663235648e+01
1.235300000000000065e+00	1.294568489577047821e+01
1.238899999999999890e+00	1.315489935727760162e+01
1.242499999999999938e+00	1.289863586529970263e+01
1.246099999999999985e+00	1.292140066023986478e+01
1.249700000000000033e+00	1.325379259607625926e+01
1.253300000000000081e+00	1.351464094157079110e+01
1.256899999999999906e+00	1.317223968038568316e+01
1.260499999999999954e+00	1.341669741489066148e+01
1.264100000000000001e+00	1.311793330137208002e+01
1.267700000000000049e+00	1.305861323466665525e+01
1.271300000000000097e+00	1.358238666713174148e+01
1.274899999999999922e+00	1.372942616717963205e+01
1.278599999999999959e+00	1.405003857902097586e+01
1.282200000000000006e+00	1.387079310180311609e+01
1.285800000000000054e+00	1.408236434547518456e+01
1.289400000000000102e+00	1.418831111771960352e+01
1.292999999999999927e+00	1.416676284863970103e+01
1.296599999999999975e+00	1.378929002455640784e+01
1.300200000000000022e+00	1.416120890781985864e+01
1.303800000000000070e+00	1.394823321145565842e+01
1.307399999999999896e+00	1.423137294456354063e+01
1.310999999999999943e+00	1.461153627286174483e+01
1.314599999999999991e+00	1.435917033327886827e+01
1.318200000000000038e+00	1.444344788236864119e+01
1.321800000000000086e+00	1.438368206668741145e+01
1.325499999999999901e+00	1.383488801859364692e+01
1.329099999999999948e+00	1.359102472516578608e+01
1.332699999999999996e+00	1.328758723074933457e+01
1.336300000000000043e+00	1.305484349509651665e+01
1.339900000000000091e+00	1.319139190227118696e+01
1.343499999999999917e+00	1.271764671491729182e+01
1.347099999999999964e+00	1.299420838093339903e+01
1.350700000000000012e+00	1.309090069492502195e+01
1.354300000000000059e+00	1.296496550528863523e+01
1.357900000000000107e+00	1.368654417535979562e+01
1.361499999999999932e+00	1.327148765324567670e+01
1.365099999999999980e+00	1.323434554040566447e+01
1.368700000000000028e+00	1.265849456691329600e+01
1.372300000000000075e+00	1.341166567410747135e+01
1.375999999999999890e+00	1.321986892094105848e+01
1.379599999999999937e+00	1.347129263810760058e+01
1.383199999999999985e+00	1.373268103070942914e+01
1.386800000000000033e+00	1.354976633811532594e+01
1.390400000000000080e+00	1.384690069251016276e+01
1.393999999999999906e+00	1.384220762039117325e+01
1.397599999999999953e+00	1.353147590732091743e+01
1.401200000000000001e+00	1.410781787935621523e+01
1.404800000000000049e+00	1.425896267331487444e+01
1.408400000000000096e+00	1.491416957151163381e+01
1.411999999999999922e+00	1.483191408396290711e+01
1.415599999999999969e+00	1.513625888148958332e+01
1.419200000000000017e+00	1.498727158405214865e+01
1.422800000000000065e+00	1.492892495343703985e+01
1.426500000000000101e+00	1.417038742382512417e+01
1.430099999999999927e+00	1.417302812440320459e+01
1.433699999999999974e+00	1.411583767337041984e+01
1.437300000000000022e+00	1.372264439630045452e+01
1.440900000000000070e+00	1.389299386999888064e+01
1.444499999999999895e+00	1.381258493267533538e+01
1.448099999999999943e+00	1.368159260755039064e+01
1.451699999999999990e+00	1.398708324417490267e+01
1.455300000000000038e+00	1.406371439290533054e+01
1.458900000000000086e+00	1.412073919887551554e+01
1.462499999999999911e+00	1.413453614426637195e+01
1.466099999999999959e+00	1.400508107870865437e+01
1.469700000000000006e+00	1.428575848152303074e+01
1.473300000000000054e+00	1.418799752621975330e+01
1.477000000000000091e+00	1.448884373794351355e+01
1.480599999999999916e+00	1.497465672954472282e+01
1.484199999999999964e+00	1.500353685658614822e+01
1.487800000000000011e+00	1.523623285386555004e+01
1.491400000000000059e+00	1.504147173790459213e+01
1.495000000000000107e+00	1.530801959361050990e+01
1.498599999999999932e+00	1.534225025073386739e+01
1.502199999999999980e+00	1.515621004164452934e+01
1.505800000000000027e+00	1.522974170652365444e+01
1.509400000000000075e+00	1.502505709311502713e+01
1.512999999999999901e+00	1.522169952104303192e+01
1.516599999999999948e+00	1.590261701124024007e+01
1.520199999999999996e+00	1.562714992205005515e+01
1.523800000000000043e+00	1.580143543480790669e+01
1.527500000000000080e+00	1.560108630239261451e+01
1.531099999999999905e+00	1.509686991669451928e+01
1.534699999999999953e+00	1.515789545174926189e+01
1.538300000000000001e+00	1.573934814681384609e+01
1.541900000000000048e+00	1.584236866304105185e+01
1.545500000000000096e+00	1.634120742805682269e+01
1.549099999999999921e+00	1.629477012722191631e+01
1.552699999999999969e+00	1.674085997554293215e+01
1.556300000000000017e+00	1.725928717209757579e+01
1.559900000000000064e+00	1.752284476077775466e+01
1.563499999999999890e+00	1.756131221147222021e+01
1.567099999999999937e+00	1.757390548355466819e+01
1.570699999999999985e+00	1.780462019983698951e+01
1.574300000000000033e+00	1.823428323540017004e+01
1.578000000000000069e+00	1.857805595241391217e+01
1.581599999999999895e+00	1.913966087973436103e+01
1.585199999999999942e+00	1.977072511618708006e+01
1.588799999999999990e+00	2.014134528241493527e+01
1.592400000000000038e+00	2.083738348493405823e+01
1.596000000000000085e+00	2.105621384786307004e+01
1.599599999999999911e+00	2.083499669387673947e+01
1.603199999999999958e+00	2.004247265065868788e+01
1.606800000000000006e+00	2.010047467393878762e+01
1.610400000000000054e+00	2.004444463889344163e+01
1.614000000000000101e+00	1.996471159441927767e+01
1.617599999999999927e+00	2.011500582300203632e+01
1.621199999999999974e+00	2.048919923908996665e+01
1.624800000000000022e+00	2.120182381003719385e+01
1.628500000000000059e+00	2.166455640031400165e+01
1.632100000000000106e+00	2.276546572761088072e+01
1.635699999999999932e+00	2.289098375052898504e+01
1.639299999999999979e+00	2.354093906907410272e+01
1.642900000000000027e+00	2.403914178249535283e+01
1.646500000000000075e+00	2.499835028031322892e+01
1.650099999999999900e+00	2.580424929648284049e+01
1.653699999999999948e+00	2.706384053868558226e+01
1.657299999999999995e+00	2.971836113434436655e+01
1.660900000000000043e+00	3.251972898059651129e+01
1.664500000000000091e+00	3.523462315674353817e+01
1.668099999999999916e+00	3.747643025276919815e+01
1.671699999999999964e+00	3.785611746097752217e+01
1.675400000000000000e+00	3.701590738687589521e+01
1.679000000000000048e+00	3.489912299948505847e+01
1.682600000000000096e+00	3.276018628333619631e+01
1.686199999999999921e+00	3.066853527681021774e+01
1.689799999999999969e+00	3.002895919857751039e+01
1.693400000000000016e+00	2.976918882607361638e+01
1.697000000000000064e+00	3.070341013254305906e+01
1.700599999999999890e+00	3.237379108858563370e+01
1.704199999999999937e+00	3.517640456525631265e+01
1.707799999999999985e+00	3.792236509287053536e+01
1.711400000000000032e+00	3.991747171320205467e+01
1.715000000000000080e+00	4.139152422072089621e+01
1.718599999999999905e+00	4.056111165191972390e+01
1.722199999999999953e+00	3.861762828430771322e+01
1.725899999999999990e+00	3.675169413198028678e+01
1.729500000000000037e+00	3.502818841326841692e+01
1.733100000000000085e+00	3.544124906133952635e+01
1.736699999999999910e+00	3.611696498980118974e+01
1.740299999999999958e+00	3.769139119796962234e+01
1.743900000000000006e+00	3.852273410920060570e+01
1.747500000000000053e+00	3.828246829168183751e+01
1.751100000000000101e+00	3.737897938295952827e+01
1.754699999999999926e+00	3.567907428909793310e+01
1.758299999999999974e+00	3.449135450916749335e+01
1.761900000000000022e+00	3.334910936910873858e+01
1.765500000000000069e+00	3.287439031317833837e+01
1.769099999999999895e+00	3.280672941753167038e+01
1.772699999999999942e+00	3.343582956839340170e+01
1.776399999999999979e+00	3.416395880033842758e+01
1.780000000000000027e+00	3.439936866001472993e+01
1.783600000000000074e+00	3.516309565042667629e+01
1.787199999999999900e+00	3.549892040183652853e+01
1.790799999999999947e+00	3.547223654978053275e+01
1.794399999999999995e+00	3.397238539747220187e+01
1.798000000000000043e+00	3.338011969180742256e+01
1.801600000000000090e+00	3.219052243720890516e+01
1.805199999999999916e+00	3.103842197497732869e+01
1.808799999999999963e+00	2.977668367750764489e+01
1.812400000000000011e+00	2.949477087250739160e+01
1.816000000000000059e+00	2.922038470952552913e+01
1.819600000000000106e+00	2.865705469858565380e+01
1.823199999999999932e+00	2.885106181031534689e+01
1.826899999999999968e+00	2.848052827352153926e+01
1.830500000000000016e+00	2.915172065566487092e+01
1.834100000000000064e+00	2.919706882464316067e+01
1.837699999999999889e+00	2.934244929372146515e+01
1.841299999999999937e+00	2.921748709789536136e+01
1.844899999999999984e+00	2.937283137708137559e+01
1.848500000000000032e+00	2.925169458460242211e+01
1.852100000000000080e+00	2.922407886293944301e+01
1.855699999999999905e+00	2.920936794240399692e+01
1.859299999999999953e+00	2.873476419318556552e+01
1.862900000000000000e+00	2.818134841485405673e+01
1.866500000000000048e+00	2.786509246418095387e+01
1.870100000000000096e+00	2.786924831020728277e+01
1.873699999999999921e+00	2.794515759607546812e+01
1.877399999999999958e+00	2.809708034937173338e+01
1.881000000000000005e+00	2.744708269486044827e+01
1.884600000000000053e+00	2.704120455231053910e+01
1.888200000000000101e+00	2.618772037973210587e+01
1.891799999999999926e+00	2.548124804820809075e+01
1.895399999999999974e+00	2.494758529212808895e+01
1.899000000000000021e+00	2.367719478811526557e+01
1.902600000000000069e+00	2.354202664493386266e+01
1.906199999999999894e+00	2.361405570698448741e+01
1.909799999999999942e+00	2.388730098414913172e+01
1.913399999999999990e+00	2.494747426877004060e+01
1.917000000000000037e+00	2.616861649836814863e+01
1.920600000000000085e+00	2.700230666385912315e+01
1.924199999999999910e+00	2.753973808208209917e+01
1.927899999999999947e+00	2.713006556047546880e+01
1.931499999999999995e+00	2.579676250673561100e+01
1.935100000000000042e+00	2.516001696598350890e+01
1.938700000000000090e+00	2.399041110207495464e+01
1.942299999999999915e+00	2.378166663990372598e+01
1.945899999999999963e+00	2.412423056575497782e+01
1.949500000000000011e+00	2.460345877538015813e+01
1.953100000000000058e+00	2.589661451763819855e+01
1.956700000000000106e+00	2.617442571275070762e+01
1.960299999999999931e+00	2.582603000577299568e+01
1.963899999999999979e+00	2.533274619354111579e+01
1.967500000000000027e+00	2.474241151230445368e+01
1.971100000000000074e+00	2.437043517599947506e+01
1.974699999999999900e+00	2.443409486991868107e+01
1.978399999999999936e+00	2.494380449151686108e+01
1.981999999999999984e+00	2.549400059924506579e+01
1.985600000000000032e+00	2.655837791679723381e+01
1.989200000000000079e+00	2.773675496240957017e+01
1.992799999999999905e+00	2.824245544795515173e+01
1.996399999999999952e+00	2.980823761662953331e+01
2.000000000000000000e+00	3.101040732404803535e+01
