2.000000000000000111e-01	-1.183364383751910776e+00
2.036000000000000032e-01	-8.855678383451401903e-01
2.071999999999999953e-01	-8.772929236556036292e-01
2.107999999999999874e-01	-8.724860314743098089e-01
2.144000000000000072e-01	-7.090348068812482030e-01
2.179999999999999993e-01	-2.962478337522703731e-01
2.215999999999999914e-01	-7.020545427211166700e-01
2.253000000000000003e-01	-3.723035488214676003e-01
2.288999999999999924e-01	-5.319384228814966198e-01
2.325000000000000122e-01	6.649476767588557991e-02
2.361000000000000043e-01	-5.955197753155452300e-01
2.396999999999999964e-01	-4.702163510049403028e-01
2.432999999999999885e-01	-7.363767966370787788e-01
2.469000000000000083e-01	-8.290588269199707927e-01
2.505000000000000004e-01	-9.544657923535160293e-01
2.540999999999999925e-01	-9.731989086652055310e-01
2.576999999999999846e-01	-1.124631352581800137e+00
2.612999999999999767e-01	-9.356933275606592604e-01
2.649000000000000243e-01	-9.583291930339118414e-01
2.685000000000000164e-01	-1.248507567796803830e+00
2.721000000000000085e-01	-1.073434248999952434e+00
2.757999999999999896e-01	-1.328189666962674709e+00
2.793999999999999817e-01	-1.097357214683806204e+00
2.829999999999999738e-01	-5.465063505186469328e-01
2.866000000000000214e-01	-5.254435476895059631e-01
2.902000000000000135e-01	-7.646884335394472654e-01
2.938000000000000056e-01	-2.447423842819163031e-02
2.973999999999999977e-01	-6.093686668699474507e-02
3.009999999999999898e-01	2.798778147782393644e-02
3.045999999999999819e-01	5.540558353678906034e-01
3.081999999999999740e-01	4.198019811996334116e-02
3.118000000000000216e-01	8.229951723802007013e-01
3.154000000000000137e-01	6.638595701359933932e-01
3.190000000000000058e-01	8.960146893011602387e-01
3.225999999999999979e-01	2.616004864380704342e-01
3.262999999999999790e-01	5.542265028750368305e-01
3.299000000000000266e-01	8.375595461454070634e-01
3.335000000000000187e-01	4.809162060952191231e-01
3.371000000000000107e-01	4.431877867598357779e-02
3.407000000000000028e-01	9.256784301926729297e-02
3.442999999999999949e-01	-8.776202343672895312e-02
3.478999999999999870e-01	-1.072531956888711502e-02
3.514999999999999791e-01	-3.367565654140116660e-01
3.551000000000000267e-01	-5.884667112411283707e-01
3.587000000000000188e-01	-3.903776571890379410e-01
3.623000000000000109e-01	-6.899861813171919156e-01
3.659000000000000030e-01	-4.053652856882880018e-01
3.694999999999999951e-01	-5.550685011279943293e-01
3.730999999999999872e-01	-7.327430224702063954e-01
3.768000000000000238e-01	-3.013760227210952047e-01
3.804000000000000159e-01	5.243044748212731809e-01
3.840000000000000080e-01	5.614880666868232728e-01
3.876000000000000001e-01	1.453770551502538422e-01
3.911999999999999922e-01	3.097165890347926553e-01
3.947999999999999843e-01	8.382509800920450171e-01
3.983999999999999764e-01	8.545084776552059891e-01
4.020000000000000240e-01	5.868808147576829448e-01
4.056000000000000161e-01	4.469492982198630115e-01
4.092000000000000082e-01	9.745595119679086871e-01
4.128000000000000003e-01	7.945774830758070006e-01
4.163999999999999924e-01	7.384534215683226099e-01
4.199999999999999845e-01	5.390930358085224139e-01
4.235999999999999766e-01	2.093048726508020818e-01
4.273000000000000131e-01	1.800294243644262882e-01
4.309000000000000052e-01	4.637501957412196174e-02
4.344999999999999973e-01	-1.525769183587467326e-01
4.380999999999999894e-01	-2.745926531710445317e-01
4.416999999999999815e-01	-1.143600371064389387e-01
4.452999999999999736e-01	-1.692262719139469018e-01
4.489000000000000212e-01	-2.337566847860671759e-01
4.525000000000000133e-01	1.850682350710541879e-02
4.561000000000000054e-01	-1.230935965992083214e-02
4.596999999999999975e-01	-1.685996843278280560e-02
4.632999999999999896e-01	1.362043442898198120e-01
4.668999999999999817e-01	3.333017390161985283e-01
4.704999999999999738e-01	5.907047266121862039e-01
4.741000000000000214e-01	9.002532305037913574e-01
4.778000000000000025e-01	1.231159701667686512e+00
4.813999999999999946e-01	1.460736554950287758e+00
4.849999999999999867e-01	1.437475386147751610e+00
4.885999999999999788e-01	1.982517983838591791e+00
4.922000000000000264e-01	1.750773798695219874e+00
4.958000000000000185e-01	2.016593161608398077e+00
4.994000000000000106e-01	1.980261936427365477e+00
5.030000000000000027e-01	1.777596042334192994e+00
5.066000000000000503e-01	1.562849612999736015e+00
5.101999999999999869e-01	1.452563673622296880e+00
5.138000000000000345e-01	1.386192090996317905e+00
5.173999999999999710e-01	8.813954535814618740e-01
5.210000000000000187e-01	8.529955078863900031e-01
5.245999999999999552e-01	2.158671543280419325e-01
5.282999999999999918e-01	5.284625799206319474e-01
5.319000000000000394e-01	2.895608724608613183e-01
5.354999999999999760e-01	2.005481170323500928e-01
5.391000000000000236e-01	4.526200574780699926e-01
5.426999999999999602e-01	4.008874290144127661e-01
5.463000000000000078e-01	7.262996056937268685e-01
5.499000000000000554e-01	5.636722560737723597e-01
5.534999999999999920e-01	9.564719704911910370e-01
5.571000000000000396e-01	1.256396397083700212e+00
5.606999999999999762e-01	1.239506825015899150e+00
5.643000000000000238e-01	1.565157909932622715e+00
5.678999999999999604e-01	1.531141381238191324e+00
5.715000000000000080e-01	2.129325358308611804e+00
5.752000000000000446e-01	1.931216849963861115e+00
5.787999999999999812e-01	2.029183521467247342e+00
5.824000000000000288e-01	2.262248243401514092e+00
5.859999999999999654e-01	1.858339886115027317e+00
5.896000000000000130e-01	2.055017020877516476e+00
5.931999999999999496e-01	2.234245319471332536e+00
5.967999999999999972e-01	2.225279045732681205e+00
6.004000000000000448e-01	1.662692929161801114e+00
6.039999999999999813e-01	1.782979734450944598e+00
6.076000000000000290e-01	1.600461942989186870e+00
6.111999999999999655e-01	1.128847117978965864e+00
6.148000000000000131e-01	1.408239705277419374e+00
6.183999999999999497e-01	1.410505830926237048e+00
6.219999999999999973e-01	9.341055623310705602e-01
6.257000000000000339e-01	1.233265628834856020e+00
6.292999999999999705e-01	1.331307184891239004e+00
6.329000000000000181e-01	1.683688062288212217e+00
6.364999999999999547e-01	1.336879367083116943e+00
6.401000000000000023e-01	1.266121956521237824e+00
6.437000000000000499e-01	2.086714397620546890e+00
6.472999999999999865e-01	2.021340349241916190e+00
6.509000000000000341e-01	2.220152653520828689e+00
6.544999999999999707e-01	2.240008180669460724e+00
6.581000000000000183e-01	2.371451525564000740e+00
6.616999999999999549e-01	2.296330857255957536e+00
6.653000000000000025e-01	2.474318484930153605e+00
6.689000000000000501e-01	2.347752076847605451e+00
6.724999999999999867e-01	2.538302878887711778e+00
6.762000000000000233e-01	3.085878575116501210e+00
6.797999999999999599e-01	2.583792257432208750e+00
6.834000000000000075e-01	2.108432620745051889e+00
6.870000000000000551e-01	2.482622396702395484e+00
6.905999999999999917e-01	2.294787822131562738e+00
6.942000000000000393e-01	2.157682125792960814e+00
6.977999999999999758e-01	2.361853409431033057e+00
7.014000000000000234e-01	1.916626814759372355e+00
7.049999999999999600e-01	1.556975295337408749e+00
7.086000000000000076e-01	2.080980450184214181e+00
7.122000000000000552e-01	1.756736112990688881e+00
7.157999999999999918e-01	1.842772774382572809e+00
7.194000000000000394e-01	2.160857615197356196e+00
7.229999999999999760e-01	2.273959504769544893e+00
7.267000000000000126e-01	1.913990816126338812e+00
7.302999999999999492e-01	2.054548625263328265e+00
7.338999999999999968e-01	2.353008622900786051e+00
7.375000000000000444e-01	2.148125580802711543e+00
7.410999999999999810e-01	2.421567359284662047e+00
7.447000000000000286e-01	2.626781664879047185e+00
7.482999999999999652e-01	3.240582774360844631e+00
7.519000000000000128e-01	3.310650434803375841e+00
7.554999999999999494e-01	3.683505804165545516e+00
7.590999999999999970e-01	3.366955031527273157e+00
7.627000000000000446e-01	3.645663519080863502e+00
7.662999999999999812e-01	3.658020482624378289e+00
7.699000000000000288e-01	3.103043680279123251e+00
7.734999999999999654e-01	3.155273930600699384e+00
7.772000000000000020e-01	2.847217547042151686e+00
7.808000000000000496e-01	2.742606716524088384e+00
7.843999999999999861e-01	2.485292748432069043e+00
7.880000000000000338e-01	1.974374803821988600e+00
7.915999999999999703e-01	1.930340177205389862e+00
7.952000000000000179e-01	1.743759159893387700e+00
7.987999999999999545e-01	2.135262987016034675e+00
8.024000000000000021e-01	1.693757302996496295e+00
8.060000000000000497e-01	1.710305004506747162e+00
8.095999999999999863e-01	1.642698847701225873e+00
8.132000000000000339e-01	1.775402904638959001e+00
8.167999999999999705e-01	1.804903708940221785e+00
8.204000000000000181e-01	2.026820721921751112e+00
8.239999999999999547e-01	2.137920751887065762e+00
8.276999999999999913e-01	2.127800494497093187e+00
8.313000000000000389e-01	2.138484135294588473e+00
8.348999999999999755e-01	2.016027911223151392e+00
8.385000000000000231e-01	2.339904183754889289e+00
8.420999999999999597e-01	2.598089051126597937e+00
8.457000000000000073e-01	2.760588584607117646e+00
8.493000000000000549e-01	2.782869869668433083e+00
8.528999999999999915e-01	2.860723290783104389e+00
8.565000000000000391e-01	2.445703141022759208e+00
8.600999999999999757e-01	2.644889289909004848e+00
8.637000000000000233e-01	2.774223212009805373e+00
8.672999999999999599e-01	2.726222515225319665e+00
8.709000000000000075e-01	2.454513038524289925e+00
8.745000000000000551e-01	2.856540830209937099e+00
8.781999999999999806e-01	2.275786355471590916e+00
8.818000000000000282e-01	2.248637830374163649e+00
8.853999999999999648e-01	2.327297088606128828e+00
8.890000000000000124e-01	2.212517776201696762e+00
8.925999999999999490e-01	2.109739765600300743e+00
8.961999999999999966e-01	2.274020335906828727e+00
8.998000000000000442e-01	2.173595240808496420e+00
9.033999999999999808e-01	1.692522442448264330e+00
9.070000000000000284e-01	2.569643705183750626e+00
9.105999999999999650e-01	2.279788748328291703e+00
9.142000000000000126e-01	2.607377085551383811e+00
9.177999999999999492e-01	2.421866663190717084e+00
9.213999999999999968e-01	2.510825275493195452e+00
9.251000000000000334e-01	2.376733200676147462e+00
9.286999999999999700e-01	2.831690640314879825e+00
9.323000000000000176e-01	2.970207067675481483e+00
9.358999999999999542e-01	3.292524649722150976e+00
9.395000000000000018e-01	3.576018047252733645e+00
9.431000000000000494e-01	3.671775979801576995e+00
9.466999999999999860e-01	3.335931587767036799e+00
9.503000000000000336e-01	4.013766208110904898e+00
9.538999999999999702e-01	4.038302133748477019e+00
9.575000000000000178e-01	3.842533427611759755e+00
9.610999999999999543e-01	3.562707042742939478e+00
9.647000000000000020e-01	3.599232609345397016e+00
9.683000000000000496e-01	3.940440849630089115e+00
9.718999999999999861e-01	3.733316609691160526e+00
9.756000000000000227e-01	3.736148766282461509e+00
9.791999999999999593e-01	3.835828680708627036e+00
9.828000000000000069e-01	4.099857826048447507e+00
9.864000000000000545e-01	4.088043350551129329e+00
9.899999999999999911e-01	4.447975895183117423e+00
9.936000000000000387e-01	4.579770533937592703e+00
9.971999999999999753e-01	4.689928483862846775e+00
1.000799999999999912e+00	4.568244924509212268e+00
1.004399999999999959e+00	5.181216715028602593e+00
1.008000000000000007e+00	5.159534254748884941e+00
1.011600000000000055e+00	5.179005362847594718e+00
1.015200000000000102e+00	5.266247301750448528e+00
1.018799999999999928e+00	5.744695103481149090e+00
1.022399999999999975e+00	6.136188222320825503e+00
1.026100000000000012e+00	5.675818307808009777e+00
1.029700000000000060e+00	6.327359521184260593e+00
1.033300000000000107e+00	6.192754977370488412e+00
1.036899999999999933e+00	6.185657625452448016e+00
1.040499999999999980e+00	6.416713721178565422e+00
1.044100000000000028e+00	6.109297262054281141e+00
1.047700000000000076e+00	6.092507020810195684e+00
1.051299999999999901e+00	6.053293438861884646e+00
1.054899999999999949e+00	5.918879526874886388e+00
1.058499999999999996e+00	5.627164491979725902e+00
1.062100000000000044e+00	5.944851013319119026e+00
1.065700000000000092e+00	6.310380451293376325e+00
1.069299999999999917e+00	5.870046538687208049e+00
1.072899999999999965e+00	5.927190204647180494e+00
1.076600000000000001e+00	6.064708087113090507e+00
1.080200000000000049e+00	6.046479957160520335e+00
1.083800000000000097e+00	6.262630102255939413e+00
1.087399999999999922e+00	6.468879202168602127e+00
1.090999999999999970e+00	6.745892645507648666e+00
1.094600000000000017e+00	7.430112073600579237e+00
1.098200000000000065e+00	8.045413594540519853e+00
1.101799999999999891e+00	7.982449870369341838e+00
1.105399999999999938e+00	8.013699543185092367e+00
1.108999999999999986e+00	8.225385767374747914e+00
1.112600000000000033e+00	8.072217086958639598e+00
1.116200000000000081e+00	7.745373831259110275e+00
1.119799999999999907e+00	7.940143185390376779e+00
1.123399999999999954e+00	8.256476850578188476e+00
1.127099999999999991e+00	7.867029819001275293e+00
1.130700000000000038e+00	8.296838289785174680e+00
1.134300000000000086e+00	8.390246883867872540e+00
1.137899999999999912e+00	8.238978162714731823e+00
1.141499999999999959e+00	8.493418766731322123e+00
1.145100000000000007e+00	8.808995836764889731e+00
1.148700000000000054e+00	9.040781533066859055e+00
1.152300000000000102e+00	9.592931847302041959e+00
1.155899999999999928e+00	9.563571064052355908e+00
1.159499999999999975e+00	1.033102259689893643e+01
1.163100000000000023e+00	1.044422020614326563e+01
1.166700000000000070e+00	1.080561106749415146e+01
1.170299999999999896e+00	1.064357355389598681e+01
1.173899999999999944e+00	1.075250114652197020e+01
1.177599999999999980e+00	1.133008346103247277e+01
1.181200000000000028e+00	1.140471596519794595e+01
1.184800000000000075e+00	1.144037605802332358e+01
1.188399999999999901e+00	1.169679435753216445e+01
1.191999999999999948e+00	1.230736609996971787e+01
1.195599999999999996e+00	1.269898828423803927e+01
1.199200000000000044e+00	1.294913723880779344e+01
1.202800000000000091e+00	1.243474743096160751e+01
1.206399999999999917e+00	1.276882988042085110e+01
1.209999999999999964e+00	1.262726543373999988e+01
1.213600000000000012e+00	1.276130482016827372e+01
1.217200000000000060e+00	1.277354056649532232e+01
1.220800000000000107e+00	1.295774835865609909e+01
1.224399999999999933e+00	1.292694037195195200e+01
1.228099999999999969e+00	1.319813158871146008e+01
1.231700000000000017e+00	1.334636469835446526e+01
1.235300000000000065e+00	1.353760566299845713e+01
1.238899999999999890e+00	1.317094934296117437e+01
1.242499999999999938e+00	1.371157492006473611e+01
1.246099999999999985e+00	1.370093988799593987e+01
1.249700000000000033e+00	1.354082121898754032e+01
1.253300000000000081e+00	1.390818992067812587e+01
1.256899999999999906e+00	1.353890567763692587e+01
1.260499999999999954e+00	1.407168921975126530e+01
1.264100000000000001e+00	1.388171127969498464e+01
1.267700000000000049e+00	1.380844259122165241e+01
1.271300000000000097e+00	1.379983056539816211e+01
1.274899999999999922e+00	1.424012458265640646e+01
1.278599999999999959e+00	1.416465264682634384e+01
1.282200000000000006e+00	1.440599224508990872e+01
1.285800000000000054e+00	1.439942132338891767e+01
1.289400000000000102e+00	1.407033320461758485e+01
1.292999999999999927e+00	1.444035739754003878e+01
1.296599999999999975e+00	1.416716548323903879e+01
1.300200000000000022e+00	1.453274659971917693e+01
1.303800000000000070e+00	1.474405535457917082e+01
1.307399999999999896e+00	1.434093332633164763e+01
1.310999999999999943e+00	1.507757292260790294e+01
1.314599999999999991e+00	1.468022743981133260e+01
1.318200000000000038e+00	1.437255653350309004e+01
1.321800000000000086e+00	1.428343938436922578e+01
1.325499999999999901e+00	1.419991088999557682e+01
1.329099999999999948e+00	1.385913894006591462e+01
1.332699999999999996e+00	1.346818509793070540e+01
1.336300000000000043e+00	1.321203503758629694e+01
1.339900000000000091e+00	1.334072811854264806e+01
1.343499999999999917e+00	1.304711086839619050e+01
1.347099999999999964e+00	1.324119034466296085e+01
1.350700000000000012e+00	1.314412295758577010e+01
1.354300000000000059e+00	1.371517715574808349e+01
1.357900000000000107e+00	1.352948484330494061e+01
1.361499999999999932e+00	1.319406866292524860e+01
1.365099999999999980e+00	1.303317775432369352e+01
1.368700000000000028e+00	1.312153355967918955e+01
1.372300000000000075e+00	1.357150721381366232e+01
1.375999999999999890e+00	1.353520467462907995e+01
1.379599999999999937e+00	1.402197450462873007e+01
1.383199999999999985e+00	1.406447935362346158e+01
1.386800000000000033e+00	1.422062873692060769e+01
1.390400000000000080e+00	1.485864893606199821e+01
1.393999999999999906e+00	1.399331999268716586e+01
1.397599999999999953e+00	1.367537038707343733e+01
1.401200000000000001e+00	1.399454840087225271e+01
1.404800000000000049e+00	1.379137648584644715e+01
1.408400000000000096e+00	1.380357774320806996e+01
1.411999999999999922e+00	1.410381905912513112e+01
1.415599999999999969e+00	1.462886432244200741e+01
1.419200000000000017e+00	1.449060484264889936e+01
1.422800000000000065e+00	1.494221976030171284e+01
1.426500000000000101e+00	1.472127316127189722e+01
1.430099999999999927e+00	1.507578169411362268e+01
1.433699999999999974e+00	1.492483549085142691e+01
1.437300000000000022e+00	1.459422469057594185e+01
1.440900000000000070e+00	1.399103098187054606e+01
1.444499999999999895e+00	1.434736426719301683e+01
1.448099999999999943e+00	1.440861872932453913e+01
1.451699999999999990e+00	1.478543901820069806e+01
1.455300000000000038e+00	1.427627427871631838e+01
1.458900000000000086e+00	1.406895228100210105e+01
1.462499999999999911e+00	1.442992088769214831e+01
1.466099999999999959e+00	1.516804999742604920e+01
1.469700000000000006e+00	1.499246823574237375e+01
1.473300000000000054e+00	1.543500636025827610e+01
1.477000000000000091e+00	1.523208799422511817e+01
1.480599999999999916e+00	1.573903446251367200e+01
1.484199999999999964e+00	1.568800006406595315e+01
1.487800000000000011e+00	1.572786407621989468e+01
1.491400000000000059e+00	1.573838717134087517e+01
1.495000000000000107e+00	1.552777656708051701e+01
1.498599999999999932e+00	1.605006907365872593e+01
1.502199999999999980e+00	1.609120360507080605e+01
1.505800000000000027e+00	1.561704454202234338e+01
1.509400000000000075e+00	1.598283183254559958e+01
1.512999999999999901e+00	1.608984526161598438e+01
1.516599999999999948e+00	1.594637702826621961e+01
1.520199999999999996e+00	1.565259945287689725e+01
1.523800000000000043e+00	1.635518671142110847e+01
1.527500000000000080e+00	1.626843189590027094e+01
1.531099999999999905e+00	1.653897020803214701e+01
1.534699999999999953e+00	1.646793405447342451e+01
1.538300000000000001e+00	1.670886066393477165e+01
1.541900000000000048e+00	1.670847650945708196e+01
1.545500000000000096e+00	1.696596231391817966e+01
1.549099999999999921e+00	1.714617503496420525e+01
1.552699999999999969e+00	1.721236767964061087e+01
1.556300000000000017e+00	1.778153156475421071e+01
1.559900000000000064e+00	1.861680551500177216e+01
1.563499999999999890e+00	1.828591366756192471e+01
1.567099999999999937e+00	1.843720314954094164e+01
1.570699999999999985e+00	1.862454860190953454e+01
1.574300000000000033e+00	1.849661022781425501e+01
1.578000000000000069e+00	1.830866790968184432e+01
1.581599999999999895e+00	1.909001414690778375e+01
1.585199999999999942e+00	1.970032827548163468e+01
1.588799999999999990e+00	2.049978609451883571e+01
1.592400000000000038e+00	2.124521342089650133e+01
1.596000000000000085e+00	2.175887686192628223e+01
1.599599999999999911e+00	2.154917928868307797e+01
1.603199999999999958e+00	2.185295780301389001e+01
1.606800000000000006e+00	2.111096948330167677e+01
1.610400000000000054e+00	2.110699014424521636e+01
1.614000000000000101e+00	2.077464590534930622e+01
1.617599999999999927e+00	2.039498939998213700e+01
1.621199999999999974e+00	2.091405639002417161e+01
1.624800000000000022e+00	2.058146232531177233e+01
1.628500000000000059e+00	2.103119078996210689e+01
1.632100000000000106e+00	2.204842474792295803e+01
1.635699999999999932e+00	2.216635096792947479e+01
1.639299999999999979e+00	2.298260408777442265e+01
1.642900000000000027e+00	2.421058800079143936e+01
1.646500000000000075e+00	2.525413599296670952e+01
1.650099999999999900e+00	2.624003202737994300e+01
1.653699999999999948e+00	2.679570867384516575e+01
1.657299999999999995e+00	2.768500952701631235e+01
1.660900000000000043e+00	2.806991977857451914e+01
1.664500000000000091e+00	2.938159532755274128e+01
1.668099999999999916e+00	3.009277066749064034e+01
1.671699999999999964e+00	3.149791049583742009e+01
1.675400000000000000e+00	3.183532968793904416e+01
1.679000000000000048e+00	3.287155628637124494e+01
1.682600000000000096e+00	3.361018489983399604e+01
1.686199999999999921e+00	3.400712934005713350e+01
1.689799999999999969e+00	3.409618930926453828e+01
1.693400000000000016e+00	3.350851269048781234e+01
1.697000000000000064e+00	3.300578249149506149e+01
1.700599999999999890e+00	3.248658485132289542e+01
1.704199999999999937e+00	3.242117672548127416e+01
1.707799999999999985e+00	3.224399248743748814e+01
1.711400000000000032e+00	3.214799071311045964e+01
1.715000000000000080e+00	3.224923609137851344e+01
1.718599999999999905e+00	3.288107329851354876e+01
1.722199999999999953e+00	3.287400330639493973e+01
1.725899999999999990e+00	3.400037192147303955e+01
1.729500000000000037e+00	3.462908626169223680e+01
1.733100000000000085e+00	3.533227297394428490e+01
1.736699999999999910e+00	3.648024949673681050e+01
1.740299999999999958e+00	3.679334799901716480e+01
1.743900000000000006e+00	3.697141616742005255e+01
1.747500000000000053e+00	3.694937112750046992e+01
1.751100000000000101e+00	3.560816521767609544e+01
1.754699999999999926e+00	3.459305696222199344e+01
1.758299999999999974e+00	3.333462969038387769e+01
1.761900000000000022e+00	3.327118962098395372e+01
1.765500000000000069e+00	3.317439945531785384e+01
1.769099999999999895e+00	3.373190518811595950e+01
1.772699999999999942e+00	3.411029608871493224e+01
1.776399999999999979e+00	3.425164653710186258e+01
1.780000000000000027e+00	3.462915509458348140e+01
1.783600000000000074e+00	3.417340991339158762e+01
1.787199999999999900e+00	3.374803687602358337e+01
1.790799999999999947e+00	3.363804370386739606e+01
1.794399999999999995e+00	3.328174177515598586e+01
1.798000000000000043e+00	3.257750731636497221e+01
1.801600000000000090e+00	3.234173718792873586e+01
1.805199999999999916e+00	3.208987423632968472e+01
1.808799999999999963e+00	3.154826225386259253e+01
1.812400000000000011e+00	3.052863340068106623e+01
1.816000000000000059e+00	2.928021317890643260e+01
1.819600000000000106e+00	2.825440239843370804e+01
1.823199999999999932e+00	2.710082888052652450e+01
1.826899999999999968e+00	2.593243787498436959e+01
1.830500000000000016e+00	2.550673980550260822e+01
1.834100000000000064e+00	2.442699104237769703e+01
1.837699999999999889e+00	2.377927860085958756e+01
1.841299999999999937e+00	2.378799410215481558e+01
1.844899999999999984e+00	2.381504671828729869e+01
1.848500000000000032e+00	2.426833301915110397e+01
1.852100000000000080e+00	2.549404436434818066e+01
1.855699999999999905e+00	2.600295553158343509e+01
1.859299999999999953e+00	2.692664462512010459e+01
1.862900000000000000e+00	2.731201154544277188e+01
1.866500000000000048e+00	2.691298636803577082e+01
1.870100000000000096e+00	2.615922380951236903e+01
1.873699999999999921e+00	2.508905383437454972e+01
1.877399999999999958e+00	2.375769665337320902e+01
1.881000000000000005e+00	2.284658970040916159e+01
1.884600000000000053e+00	2.190195176334513505e+01
1.888200000000000101e+00	2.232700139010849583e+01
1.891799999999999926e+00	2.214002882371781311e+01
1.895399999999999974e+00	2.227187322059285535e+01
1.899000000000000021e+00	2.278628484525216180e+01
1.902600000000000069e+00	2.287854255111632540e+01
1.906199999999999894e+00	2.300805277692841599e+01
1.909799999999999942e+00	2.346387889504041624e+01
1.913399999999999990e+00	2.416514622643085630e+01
1.917000000000000037e+00	2.444842887103897411e+01
1.920600000000000085e+00	2.471145728418108334e+01
1.924199999999999910e+00	2.483263577058250959e+01
1.927899999999999947e+00	2.428893175483717570e+01
1.931499999999999995e+00	2.353756261487352575e+01
1.935100000000000042e+00	2.276195855292309034e+01
1.938700000000000090e+00	2.215693503872778436e+01
1.942299999999999915e+00	2.191545345180670878e+01
1.945899999999999963e+00	2.282961411122833084e+01
1.949500000000000011e+00	2.322190543186041722e+01
1.953100000000000058e+00	2.373716135386700543e+01
1.956700000000000106e+00	2.468401688200701827e+01
1.960299999999999931e+00	2.451331510186617280e+01
1.963899999999999979e+00	2.456168798615072291e+01
1.967500000000000027e+00	2.375279045661414656e+01
1.971100000000000074e+00	2.337268123559372768e+01
1.974699999999999900e+00	2.285493859649034931e+01
1.978399999999999936e+00	2.297042182744268146e+01
1.981999999999999984e+00	2.234138420857644647e+01
1.985600000000000032e+00	2.266400748354599770e+01
1.989200000000000079e+00	2.234158668292774053e+01
1.992799999999999905e+00	2.312362874274430169e+01
1.996399999999999952e+00	2.424454599752406025e+01
2.000000000000000000e+00	2.590482449470930248e+01
