2.000000000000000111e-01	1.887878428768642314e+00
2.036000000000000032e-01	1.581583708011672806e+00
2.071999999999999953e-01	3.290685835869868736e+00
2.107999999999999874e-01	2.256882986589896944e+00
2.144000000000000072e-01	1.206010901582080352e+00
2.179999999999999993e-01	1.886021456436776100e+00
2.215999999999999914e-01	1.830560795295254728e+00
2.253000000000000003e-01	2.318387740783667272e+00
2.288999999999999924e-01	2.144499209151056629e+00
2.325000000000000122e-01	1.064704021065247419e+00
2.361000000000000043e-01	-1.079073152611897957e-02
2.396999999999999964e-01	7.058517487986022410e-01
2.432999999999999885e-01	-1.308007282792643888e+00
2.469000000000000083e-01	-2.070823646455300260e+00
2.505000000000000004e-01	-5.361070787609913957e-01
2.540999999999999925e-01	5.060396342851896101e-01
2.576999999999999846e-01	-4.590519263632164559e-01
2.612999999999999767e-01	1.036306017282105696e+00
2.649000000000000243e-01	1.434598997696845846e+00
2.685000000000000164e-01	1.224491859226463752e+00
2.721000000000000085e-01	7.413601104725509039e-01
2.757999999999999896e-01	2.832283075846805609e+00
2.793999999999999817e-01	2.695510683607452052e+00
2.829999999999999738e-01	3.361495120518548596e+00
2.866000000000000214e-01	2.736200766897342707e+00
2.902000000000000135e-01	1.690754590407071545e+00
2.938000000000000056e-01	3.321077176864768887e+00
2.973999999999999977e-01	1.787447625889713620e+00
3.009999999999999898e-01	2.572560392753580061e+00
3.045999999999999819e-01	2.744613296751944098e+00
3.081999999999999740e-01	3.033587625993071857e+00
3.118000000000000216e-01	1.932265344726175282e+00
3.154000000000000137e-01	1.930573376184921530e+00
3.190000000000000058e-01	-1.017492496259844725e-01
3.225999999999999979e-01	1.370744306576217042e+00
3.262999999999999790e-01	-6.167392013675964124e-01
3.299000000000000266e-01	3.182564506220471601e-01
3.335000000000000187e-01	5.013420745799522793e-01
3.371000000000000107e-01	5.732404847821634952e-01
3.407000000000000028e-01	2.899151111622579879e-01
3.442999999999999949e-01	1.657082459011044451e+00
3.478999999999999870e-01	2.174779271315898654e+00
3.514999999999999791e-01	1.702794037927444659e+00
3.551000000000000267e-01	2.792534098773467921e+00
3.587000000000000188e-01	3.538109348837399804e+00
3.623000000000000109e-01	2.756016306222940582e+00
3.659000000000000030e-01	2.960234771457953773e+00
3.694999999999999951e-01	4.650246555703525075e+00
3.730999999999999872e-01	4.022560834592886714e+00
3.768000000000000238e-01	4.280600522664409269e+00
3.804000000000000159e-01	3.929452505066186152e+00
3.840000000000000080e-01	2.139574179029396728e+00
3.876000000000000001e-01	2.545874642268043608e+00
3.911999999999999922e-01	1.041820185734034787e+00
3.947999999999999843e-01	9.485422473650408914e-01
3.983999999999999764e-01	9.763684281583925317e-01
4.020000000000000240e-01	1.252516957199161007e+00
4.056000000000000161e-01	2.949582610617347278e+00
4.092000000000000082e-01	1.208855626261669425e+00
4.128000000000000003e-01	1.301719202972303924e+00
4.163999999999999924e-01	-1.197445621226959078e-01
4.199999999999999845e-01	2.499421986390865325e+00
4.235999999999999766e-01	2.386119504216373421e+00
4.273000000000000131e-01	2.078255711668381522e+00
4.309000000000000052e-01	3.253589071347613881e+00
4.344999999999999973e-01	2.224332460369152109e+00
4.380999999999999894e-01	2.146654412291776559e+00
4.416999999999999815e-01	3.477690188446431296e+00
4.452999999999999736e-01	4.342419883230551392e+00
4.489000000000000212e-01	3.860491672206452840e+00
4.525000000000000133e-01	4.957044544970463207e+00
4.561000000000000054e-01	3.240301836350054199e+00
4.596999999999999975e-01	2.996269900129663100e+00
4.632999999999999896e-01	2.758323236012728774e+00
4.668999999999999817e-01	3.238007528681168257e+00
4.704999999999999738e-01	3.338864252689910828e+00
4.741000000000000214e-01	3.092133905353151579e+00
4.778000000000000025e-01	3.356799288469709541e+00
4.813999999999999946e-01	2.090363371644700763e+00
4.849999999999999867e-01	2.691038302613707689e+00
4.885999999999999788e-01	4.107094878027444551e+00
4.922000000000000264e-01	2.253456454028586631e+00
4.958000000000000185e-01	1.795519601822413103e+00
4.994000000000000106e-01	1.794217894205571984e+00
5.030000000000000027e-01	2.930147531362468083e+00
5.066000000000000503e-01	3.522147800406439710e+00
5.101999999999999869e-01	3.145551888680330421e+00
5.138000000000000345e-01	3.089342240827720243e+00
5.173999999999999710e-01	2.131859389881654021e+00
5.210000000000000187e-01	3.809000683589314207e+00
5.245999999999999552e-01	4.338746745694227691e+00
5.282999999999999918e-01	2.421092187761926695e+00
5.319000000000000394e-01	2.648448286531190021e+00
5.354999999999999760e-01	3.216273833962281614e+00
5.391000000000000236e-01	3.607144836760322715e+00
5.426999999999999602e-01	4.053169656982916536e+00
5.463000000000000078e-01	2.989589305926569018e+00
5.499000000000000554e-01	3.488316461548379710e+00
5.534999999999999920e-01	4.402531946934775675e+00
5.571000000000000396e-01	1.538697293805165955e+00
5.606999999999999762e-01	2.756435168968229821e-01
5.643000000000000238e-01	3.061202212030385894e+00
5.678999999999999604e-01	1.270576905114952249e+00
5.715000000000000080e-01	2.268696736195015884e+00
5.752000000000000446e-01	3.789722942768755765e+00
5.787999999999999812e-01	2.177085052605571391e+00
5.824000000000000288e-01	1.928753680857243857e+00
5.859999999999999654e-01	2.307527286485774987e+00
5.896000000000000130e-01	3.364361455182557137e+00
5.931999999999999496e-01	2.039642864050552618e+00
5.967999999999999972e-01	2.810645359767241391e+00
6.004000000000000448e-01	2.312933258589282115e+00
6.039999999999999813e-01	3.327861873203854071e+00
6.076000000000000290e-01	2.260663621270569301e+00
6.111999999999999655e-01	3.304145359543821492e+00
6.148000000000000131e-01	2.632939120198798832e+00
6.183999999999999497e-01	3.568176706547519839e+00
6.219999999999999973e-01	3.117459607385986597e+00
6.257000000000000339e-01	3.385199238157547974e+00
6.292999999999999705e-01	2.697230800560415975e+00
6.329000000000000181e-01	2.289160272874104507e+00
6.364999999999999547e-01	1.482330375985668081e+00
6.401000000000000023e-01	2.523646183991699044e+00
6.437000000000000499e-01	2.207257435214235564e+00
6.472999999999999865e-01	2.332046239741022653e+00
6.509000000000000341e-01	1.210693590056780788e+00
6.544999999999999707e-01	1.300897486637026423e+00
6.581000000000000183e-01	1.469409424955928412e+00
6.616999999999999549e-01	9.573812108736254878e-01
6.653000000000000025e-01	1.746679494892018569e+00
6.689000000000000501e-01	1.971933186153502993e+00
6.724999999999999867e-01	1.225809828146816161e+00
6.762000000000000233e-01	7.498989919903817913e-01
6.797999999999999599e-01	2.639208541322318524e+00
6.834000000000000075e-01	1.888916459021122929e+00
6.870000000000000551e-01	2.740103972465075977e+00
6.905999999999999917e-01	2.504401445949317129e+00
6.942000000000000393e-01	4.220185443017877347e+00
6.977999999999999758e-01	3.451716328118531685e+00
7.014000000000000234e-01	2.997816769636701295e+00
7.049999999999999600e-01	2.630309984863208772e+00
7.086000000000000076e-01	2.973164566134797848e+00
7.122000000000000552e-01	2.970575365903717291e+00
7.157999999999999918e-01	2.147170677978682551e+00
7.194000000000000394e-01	2.171174897299985140e+00
7.229999999999999760e-01	2.447767696494339340e+00
7.267000000000000126e-01	2.510018764001143765e+00
7.302999999999999492e-01	2.370479332149163287e+00
7.338999999999999968e-01	2.455204366860972875e+00
7.375000000000000444e-01	2.056410655608681637e+00
7.410999999999999810e-01	2.373839158069449340e+00
7.447000000000000286e-01	2.829950999793548139e+00
7.482999999999999652e-01	2.202218367508645080e+00
7.519000000000000128e-01	2.784442342458757658e+00
7.554999999999999494e-01	2.366611259584744609e+00
7.590999999999999970e-01	3.645526458326590724e+00
7.627000000000000446e-01	3.068973861761280286e+00
7.662999999999999812e-01	4.853015308338745726e+00
7.699000000000000288e-01	4.879199299157916947e+00
7.734999999999999654e-01	5.734292006860950863e+00
7.772000000000000020e-01	4.503745985230982463e+00
7.808000000000000496e-01	3.936808657269560641e+00
7.843999999999999861e-01	4.681616838931864422e+00
7.880000000000000338e-01	4.364762701913750931e+00
7.915999999999999703e-01	4.100559702695902864e+00
7.952000000000000179e-01	5.559131904029623428e+00
7.987999999999999545e-01	6.093821638054434331e+00
8.024000000000000021e-01	3.904913571460392863e+00
8.060000000000000497e-01	3.929660832145071669e+00
8.095999999999999863e-01	5.450374604397017819e+00
8.132000000000000339e-01	3.022861745192693128e+00
8.167999999999999705e-01	4.334518087442742029e+00
8.204000000000000181e-01	4.027579899529956542e+00
8.239999999999999547e-01	2.523666033873246839e+00
8.276999999999999913e-01	3.028191896488779733e+00
8.313000000000000389e-01	3.363980368346434879e+00
8.348999999999999755e-01	5.103413506238384301e+00
8.385000000000000231e-01	4.515659665183935800e+00
8.420999999999999597e-01	5.508072944156135797e+00
8.457000000000000073e-01	3.909015738180961375e+00
8.493000000000000549e-01	6.103918416912970990e+00
8.528999999999999915e-01	7.535137706495508070e+00
8.565000000000000391e-01	6.508723875760232147e+00
8.600999999999999757e-01	6.071773323456507221e+00
8.637000000000000233e-01	6.237467301539117770e+00
8.672999999999999599e-01	6.877502470441955396e+00
8.709000000000000075e-01	6.422116850858246906e+00
8.745000000000000551e-01	7.075835668635796161e+00
8.781999999999999806e-01	7.265356751318826412e+00
8.818000000000000282e-01	7.897141505008604234e+00
8.853999999999999648e-01	6.587653977909806002e+00
8.890000000000000124e-01	6.711308286180227789e+00
8.925999999999999490e-01	5.923053484418203674e+00
8.961999999999999966e-01	4.977458810645446263e+00
8.998000000000000442e-01	5.227003034999992970e+00
9.033999999999999808e-01	5.918553700707003706e+00
9.070000000000000284e-01	6.555671861869757144e+00
9.105999999999999650e-01	5.241580514054973605e+00
9.142000000000000126e-01	5.703835975337955055e+00
9.177999999999999492e-01	6.888168126383498624e+00
9.213999999999999968e-01	8.173879156001321533e+00
9.251000000000000334e-01	7.605733517619431616e+00
9.286999999999999700e-01	8.002348191160045587e+00
9.323000000000000176e-01	1.009910554234642532e+01
9.358999999999999542e-01	8.510452541538308324e+00
9.395000000000000018e-01	8.667594461962176311e+00
9.431000000000000494e-01	9.100783540196449195e+00
9.466999999999999860e-01	8.687622327070917194e+00
9.503000000000000336e-01	1.001399688982070124e+01
9.538999999999999702e-01	8.699950977370876970e+00
9.575000000000000178e-01	8.416552233422722296e+00
9.610999999999999543e-01	8.979189096761608369e+00
9.647000000000000020e-01	9.381532222746134408e+00
9.683000000000000496e-01	9.239691779348797596e+00
9.718999999999999861e-01	7.935600829495088604e+00
9.756000000000000227e-01	8.026589712693782630e+00
9.791999999999999593e-01	9.528656370512354812e+00
9.828000000000000069e-01	8.899012895334422524e+00
9.864000000000000545e-01	9.473807717979385146e+00
9.899999999999999911e-01	9.007403494279005329e+00
9.936000000000000387e-01	9.939763975868553203e+00
9.971999999999999753e-01	8.789634909546169439e+00
1.000799999999999912e+00	9.201528463129365676e+00
1.004399999999999959e+00	1.034322581276718722e+01
1.008000000000000007e+00	1.042255251570535535e+01
1.011600000000000055e+00	1.074066332062962026e+01
1.015200000000000102e+00	1.088231642012289058e+01
1.018799999999999928e+00	9.356748171337489595e+00
1.022399999999999975e+00	1.135055151924106909e+01
1.026100000000000012e+00	1.151940694547822552e+01
1.029700000000000060e+00	1.014579591811097359e+01
1.033300000000000107e+00	1.124373834144621220e+01
1.036899999999999933e+00	1.200959113175096427e+01
1.040499999999999980e+00	1.105560046444317557e+01
1.044100000000000028e+00	1.094512208696988687e+01
1.047700000000000076e+00	1.130820658984272775e+01
1.051299999999999901e+00	1.056257360765560449e+01
1.054899999999999949e+00	1.107035980300046063e+01
1.058499999999999996e+00	1.117751937187810540e+01
1.062100000000000044e+00	9.933248633454272891e+00
1.065700000000000092e+00	1.095868056364859200e+01
1.069299999999999917e+00	1.114594412542051849e+01
1.072899999999999965e+00	1.225600142241082757e+01
1.076600000000000001e+00	1.157541907176386609e+01
1.080200000000000049e+00	1.156100628276648123e+01
1.083800000000000097e+00	1.206809759737589438e+01
1.087399999999999922e+00	1.195267034037972920e+01
1.090999999999999970e+00	1.192055222409267756e+01
1.094600000000000017e+00	1.274918431425411391e+01
1.098200000000000065e+00	1.359155595185336551e+01
1.101799999999999891e+00	1.301708136546397121e+01
1.105399999999999938e+00	1.300402633643211914e+01
1.108999999999999986e+00	1.248711909799600939e+01
1.112600000000000033e+00	1.268838245068230641e+01
1.116200000000000081e+00	1.362658430012475286e+01
1.119799999999999907e+00	1.398963650104654199e+01
1.123399999999999954e+00	1.239118520861758910e+01
1.127099999999999991e+00	1.410613086306243247e+01
1.130700000000000038e+00	1.282548511545033776e+01
1.134300000000000086e+00	1.178563489746737503e+01
1.137899999999999912e+00	1.514289016370772600e+01
1.141499999999999959e+00	1.314038277494283058e+01
1.145100000000000007e+00	1.606937129227814509e+01
1.148700000000000054e+00	1.435286974680321137e+01
1.152300000000000102e+00	1.613890521271020262e+01
1.155899999999999928e+00	1.479789186296186898e+01
1.159499999999999975e+00	1.537752854087731258e+01
1.163100000000000023e+00	1.568874746651632002e+01
1.166700000000000070e+00	1.530713683305782347e+01
1.170299999999999896e+00	1.510770876318564859e+01
1.173899999999999944e+00	1.568597494903257683e+01
1.177599999999999980e+00	1.613889137686554776e+01
1.181200000000000028e+00	1.682732136775338461e+01
1.184800000000000075e+00	1.683992255371331126e+01
1.188399999999999901e+00	1.660485962958836481e+01
1.191999999999999948e+00	1.537508126453387192e+01
1.195599999999999996e+00	1.569959152033614558e+01
1.199200000000000044e+00	1.777401034977481586e+01
1.202800000000000091e+00	1.610260122281297868e+01
1.206399999999999917e+00	1.841847281812288628e+01
1.209999999999999964e+00	1.850702079050759608e+01
1.213600000000000012e+00	1.760243917199539609e+01
1.217200000000000060e+00	1.624563780564293225e+01
1.220800000000000107e+00	1.904839317354811357e+01
1.224399999999999933e+00	1.870332627117418411e+01
1.228099999999999969e+00	1.859003443416193591e+01
1.231700000000000017e+00	1.868723703229562361e+01
1.235300000000000065e+00	1.744793993142149802e+01
1.238899999999999890e+00	1.943816746157824582e+01
1.242499999999999938e+00	1.925951979779783230e+01
1.246099999999999985e+00	2.022379694461089272e+01
1.249700000000000033e+00	1.920767127356985782e+01
1.253300000000000081e+00	2.120599019976159738e+01
1.256899999999999906e+00	2.149960046353671572e+01
1.260499999999999954e+00	2.087733736997360623e+01
1.264100000000000001e+00	2.055467010640180092e+01
1.267700000000000049e+00	2.149872374088531757e+01
1.271300000000000097e+00	2.167034052926500465e+01
1.274899999999999922e+00	2.162916637304341094e+01
1.278599999999999959e+00	2.374645750072207306e+01
1.282200000000000006e+00	2.182342621730968801e+01
1.285800000000000054e+00	2.315132596000997722e+01
1.289400000000000102e+00	2.205354278270209534e+01
1.292999999999999927e+00	2.171538171573717335e+01
1.296599999999999975e+00	2.132199336974539605e+01
1.300200000000000022e+00	2.186693262929138726e+01
1.303800000000000070e+00	2.245559877372741653e+01
1.307399999999999896e+00	2.061437260280792216e+01
1.310999999999999943e+00	2.100274356457381231e+01
1.314599999999999991e+00	2.096147575339601232e+01
1.318200000000000038e+00	2.130695237610289539e+01
1.321800000000000086e+00	2.161329281402163005e+01
1.325499999999999901e+00	2.228718918598488230e+01
1.329099999999999948e+00	2.151059313702519304e+01
1.332699999999999996e+00	2.224218349427042796e+01
1.336300000000000043e+00	2.069413465502217520e+01
1.339900000000000091e+00	2.171317745705626123e+01
1.343499999999999917e+00	2.124111175037246468e+01
1.347099999999999964e+00	2.182041568132745724e+01
1.350700000000000012e+00	2.167704643131361664e+01
1.354300000000000059e+00	2.138554479401260977e+01
1.357900000000000107e+00	2.158064284191334892e+01
1.361499999999999932e+00	1.931440808720887503e+01
1.365099999999999980e+00	1.931587860713903027e+01
1.368700000000000028e+00	1.703144869985816001e+01
1.372300000000000075e+00	1.905317477197821319e+01
1.375999999999999890e+00	1.898535578087031794e+01
1.379599999999999937e+00	1.911910819639827963e+01
1.383199999999999985e+00	1.943376780198643416e+01
1.386800000000000033e+00	1.942715029556132578e+01
1.390400000000000080e+00	1.957758617634290488e+01
1.393999999999999906e+00	1.890966257777878567e+01
1.397599999999999953e+00	1.747858823564962094e+01
1.401200000000000001e+00	1.718691090207647321e+01
1.404800000000000049e+00	1.841290507625840078e+01
1.408400000000000096e+00	1.778451105131546939e+01
1.411999999999999922e+00	1.783399064313744375e+01
1.415599999999999969e+00	1.775015212103318163e+01
1.419200000000000017e+00	1.751279136406898118e+01
1.422800000000000065e+00	1.699226419093263729e+01
1.426500000000000101e+00	1.948382848836912018e+01
1.430099999999999927e+00	1.928154027163015272e+01
1.433699999999999974e+00	1.852659914200528135e+01
1.437300000000000022e+00	1.786124427067140985e+01
1.440900000000000070e+00	1.753820530194300176e+01
1.444499999999999895e+00	1.735448850139297505e+01
1.448099999999999943e+00	1.632162199333960473e+01
1.451699999999999990e+00	1.673647280226072454e+01
1.455300000000000038e+00	1.766941377510409694e+01
1.458900000000000086e+00	1.607212359001847801e+01
1.462499999999999911e+00	1.652048268581740231e+01
1.466099999999999959e+00	1.722224393902625650e+01
1.469700000000000006e+00	1.636588052122117887e+01
1.473300000000000054e+00	1.642128312770534748e+01
1.477000000000000091e+00	1.673852850331939024e+01
1.480599999999999916e+00	1.746085455987669732e+01
1.484199999999999964e+00	1.770320282379163501e+01
1.487800000000000011e+00	1.771310380947455343e+01
1.491400000000000059e+00	1.910726133203130672e+01
1.495000000000000107e+00	1.765294586709056901e+01
1.498599999999999932e+00	1.872047885024905867e+01
1.502199999999999980e+00	1.863965719535436349e+01
1.505800000000000027e+00	1.955180335825898652e+01
1.509400000000000075e+00	1.929445909216982002e+01
1.512999999999999901e+00	2.016378542701935572e+01
1.516599999999999948e+00	2.003225883332946111e+01
1.520199999999999996e+00	1.966912071735594481e+01
1.523800000000000043e+00	1.886569410872328234e+01
1.527500000000000080e+00	1.892578626388610985e+01
1.531099999999999905e+00	1.803329668777543660e+01
1.534699999999999953e+00	1.889116509217507200e+01
1.538300000000000001e+00	1.862857369071349112e+01
1.541900000000000048e+00	1.839995125945543109e+01
1.545500000000000096e+00	1.909785952687992250e+01
1.549099999999999921e+00	1.856998683418485285e+01
1.552699999999999969e+00	1.917132305705461803e+01
1.556300000000000017e+00	2.030080722909172408e+01
1.559900000000000064e+00	1.946819059128468155e+01
1.563499999999999890e+00	1.901823743720498427e+01
1.567099999999999937e+00	1.931193670501916770e+01
1.570699999999999985e+00	1.937884038895937522e+01
1.574300000000000033e+00	1.775733258075500132e+01
1.578000000000000069e+00	1.973011936215270268e+01
1.581599999999999895e+00	2.105067309506103612e+01
1.585199999999999942e+00	2.106111323616717712e+01
1.588799999999999990e+00	2.115148617484382498e+01
1.592400000000000038e+00	2.239452241215314032e+01
1.596000000000000085e+00	2.080160997622857266e+01
1.599599999999999911e+00	2.114869031936791188e+01
1.603199999999999958e+00	1.831275095921783347e+01
1.606800000000000006e+00	1.870533869999949417e+01
1.610400000000000054e+00	1.837698398303773217e+01
1.614000000000000101e+00	1.873604737570876466e+01
1.617599999999999927e+00	1.792246211056995264e+01
1.621199999999999974e+00	2.011524574199647475e+01
1.624800000000000022e+00	2.010027638249329840e+01
1.628500000000000059e+00	2.006643712960439174e+01
1.632100000000000106e+00	1.914064680270279695e+01
1.635699999999999932e+00	1.823064135778987449e+01
1.639299999999999979e+00	1.996099209424574639e+01
1.642900000000000027e+00	1.963115637180824535e+01
1.646500000000000075e+00	1.955808785379784354e+01
1.650099999999999900e+00	2.005969612707011507e+01
1.653699999999999948e+00	1.990074209192090748e+01
1.657299999999999995e+00	2.033736636228006134e+01
1.660900000000000043e+00	2.020034196886855682e+01
1.664500000000000091e+00	1.814343240846260485e+01
1.668099999999999916e+00	1.771955071931657955e+01
1.671699999999999964e+00	1.590124285880817645e+01
1.675400000000000000e+00	1.814067187121984048e+01
1.679000000000000048e+00	1.650964061441234776e+01
1.682600000000000096e+00	1.811885898940699491e+01
1.686199999999999921e+00	1.659393985143791639e+01
1.689799999999999969e+00	1.853764522343428567e+01
1.693400000000000016e+00	1.827487830619677212e+01
1.697000000000000064e+00	1.939529853443222152e+01
1.700599999999999890e+00	2.015019528139129790e+01
1.704199999999999937e+00	1.966973090995077200e+01
1.707799999999999985e+00	2.040560775784493330e+01
1.711400000000000032e+00	2.005763861904499379e+01
1.715000000000000080e+00	2.063742903856982025e+01
1.718599999999999905e+00	1.972464118877418215e+01
1.722199999999999953e+00	1.960960634569631367e+01
1.725899999999999990e+00	1.863491814554507187e+01
1.729500000000000037e+00	1.819192012137418146e+01
1.733100000000000085e+00	1.711397329608287166e+01
1.736699999999999910e+00	1.864291538453981190e+01
1.740299999999999958e+00	1.941394359628942823e+01
1.743900000000000006e+00	2.109802713355919934e+01
1.747500000000000053e+00	2.168210844079039035e+01
1.751100000000000101e+00	2.256502112695273610e+01
1.754699999999999926e+00	2.409894362376825683e+01
1.758299999999999974e+00	2.191772899638111838e+01
1.761900000000000022e+00	2.249659646453066486e+01
1.765500000000000069e+00	2.082355699216795841e+01
1.769099999999999895e+00	2.053224210175943654e+01
1.772699999999999942e+00	1.958294948949562198e+01
1.776399999999999979e+00	1.924289842141701357e+01
1.780000000000000027e+00	1.956078388327233597e+01
1.783600000000000074e+00	1.962725030402428672e+01
1.787199999999999900e+00	2.113477710405276255e+01
1.790799999999999947e+00	2.250564529357159316e+01
1.794399999999999995e+00	2.258528789942191395e+01
1.798000000000000043e+00	2.450167609110201283e+01
1.801600000000000090e+00	2.451974766419267482e+01
1.805199999999999916e+00	2.679780651082070619e+01
1.808799999999999963e+00	2.431800898046553883e+01
1.812400000000000011e+00	2.530871097916226375e+01
1.816000000000000059e+00	2.591700159957976268e+01
1.819600000000000106e+00	2.613035329496067405e+01
1.823199999999999932e+00	2.793179708012806017e+01
1.826899999999999968e+00	2.803752856804912952e+01
1.830500000000000016e+00	3.098542179183667145e+01
1.834100000000000064e+00	3.011569337431346227e+01
1.837699999999999889e+00	3.156855783351071665e+01
1.841299999999999937e+00	2.911979300103084256e+01
1.844899999999999984e+00	3.129608317605270429e+01
1.848500000000000032e+00	3.037100552269350828e+01
1.852100000000000080e+00	3.110303835100737402e+01
1.855699999999999905e+00	3.138007695984864753e+01
1.859299999999999953e+00	3.332785589314727304e+01
1.862900000000000000e+00	3.320975559711749980e+01
1.866500000000000048e+00	3.388959953439543682e+01
1.870100000000000096e+00	3.469075029403050792e+01
1.873699999999999921e+00	3.476771778056152584e+01
1.877399999999999958e+00	3.555984454601441058e+01
1.881000000000000005e+00	3.769371291584757699e+01
1.884600000000000053e+00	3.966351945153179770e+01
1.888200000000000101e+00	4.159940057791261836e+01
1.891799999999999926e+00	4.576765886494020918e+01
1.895399999999999974e+00	4.700480354846303754e+01
1.899000000000000021e+00	4.870326122805681024e+01
1.902600000000000069e+00	4.750647871530167521e+01
1.906199999999999894e+00	4.620926753451487912e+01
1.909799999999999942e+00	4.264181266512949264e+01
1.913399999999999990e+00	4.129767750472062460e+01
1.917000000000000037e+00	3.942469203099868480e+01
1.920600000000000085e+00	4.053459121980849034e+01
1.924199999999999910e+00	4.055192297656360978e+01
1.927899999999999947e+00	4.197467234613136355e+01
1.931499999999999995e+00	4.325109064629445044e+01
1.935100000000000042e+00	4.584660586385081871e+01
1.938700000000000090e+00	4.724456572196072557e+01
1.942299999999999915e+00	4.818180321538864774e+01
1.945899999999999963e+00	4.615215368375679361e+01
1.949500000000000011e+00	4.617786798881930110e+01
1.953100000000000058e+00	4.663786840132392086e+01
1.956700000000000106e+00	4.726825810132849881e+01
1.960299999999999931e+00	4.894868721116831978e+01
1.963899999999999979e+00	5.395954292781508599e+01
1.967500000000000027e+00	5.712049015077126057e+01
1.971100000000000074e+00	5.793152874337312852e+01
1.974699999999999900e+00	5.821276923049280327e+01
1.978399999999999936e+00	5.613420168413306044e+01
1.981999999999999984e+00	5.397422515874367122e+01
1.985600000000000032e+00	5.238200258601818859e+01
1.989200000000000079e+00	5.112503172099515325e+01
1.992799999999999905e+00	4.901893838575658435e+01
1.996399999999999952e+00	4.918414560107579803e+01
2.000000000000000000e+00	5.197788472707836860e+01
