2.000000000000000111e-01	-8.759869135906688253e-01
2.036000000000000032e-01	-4.549220258156996266e-01
2.071999999999999953e-01	-6.871853695480534263e-01
2.107999999999999874e-01	-6.004517860614345670e-01
2.144000000000000072e-01	-1.010655136935491250e+00
2.179999999999999993e-01	2.588847228506199194e-01
2.215999999999999914e-01	-1.665662198571654651e-01
2.253000000000000003e-01	4.287191350973840187e-01
2.288999999999999924e-01	3.066621942689463642e-01
2.325000000000000122e-01	2.476370441295991487e+00
2.361000000000000043e-01	-1.842338600273696336e-02
2.396999999999999964e-01	1.547690171615367927e+00
2.432999999999999885e-01	9.769499524068505636e-01
2.469000000000000083e-01	1.076268425786083949e+00
2.505000000000000004e-01	2.275123159698355657e+00
2.540999999999999925e-01	1.501257850936767113e+00
2.576999999999999846e-01	8.328236118203640181e-01
2.612999999999999767e-01	1.218951036902765406e+00
2.649000000000000243e-01	6.645644643527706119e-01
2.685000000000000164e-01	1.263354231400344529e+00
2.721000000000000085e-01	1.324340115530616702e+00
2.757999999999999896e-01	1.319850868100757468e+00
2.793999999999999817e-01	8.091394196133877559e-02
2.829999999999999738e-01	-2.324288954353399550e-01
2.866000000000000214e-01	5.622941349605250494e-01
2.902000000000000135e-01	2.134379551800325014e-01
2.938000000000000056e-01	1.541327617518826409e+00
2.973999999999999977e-01	-1.261912358525696387e+00
3.009999999999999898e-01	-1.113866622282252195e+00
3.045999999999999819e-01	-9.144351719205746631e-01
3.081999999999999740e-01	-2.256099531752456810e-01
3.118000000000000216e-01	-7.439681992728325310e-01
3.154000000000000137e-01	-3.977241060266361039e-01
3.190000000000000058e-01	6.661290397250954065e-01
3.225999999999999979e-01	6.241778060405245299e-02
3.262999999999999790e-01	9.594116413024382783e-01
3.299000000000000266e-01	1.534771829304828250e+00
3.335000000000000187e-01	2.552466289248173092e-01
3.371000000000000107e-01	1.249877472649114418e+00
3.407000000000000028e-01	9.828403180606011258e-01
3.442999999999999949e-01	1.424427194892881054e+00
3.478999999999999870e-01	2.144274541369561859e+00
3.514999999999999791e-01	1.099069913841430157e+00
3.551000000000000267e-01	2.136751882071500130e+00
3.587000000000000188e-01	1.932076433859153397e+00
3.623000000000000109e-01	1.770966769141813169e+00
3.659000000000000030e-01	1.646131005011791881e+00
3.694999999999999951e-01	7.207044345236718330e-01
3.730999999999999872e-01	4.500188936071172208e-01
3.768000000000000238e-01	1.240924201867498189e-01
3.804000000000000159e-01	4.114207252105195334e-01
3.840000000000000080e-01	-7.123757263780428062e-02
3.876000000000000001e-01	-7.812744679903409484e-01
3.911999999999999922e-01	-4.945639405452360027e-01
3.947999999999999843e-01	-1.443426514921892778e+00
3.983999999999999764e-01	-1.360809236212195961e-01
4.020000000000000240e-01	2.161420168647762985e-01
4.056000000000000161e-01	-2.505076052210228887e-01
4.092000000000000082e-01	-1.130709648504557713e-01
4.128000000000000003e-01	8.289617168555709625e-01
4.163999999999999924e-01	8.776484244207360952e-01
4.199999999999999845e-01	2.499858442431477812e+00
4.235999999999999766e-01	3.289807227620619390e+00
4.273000000000000131e-01	3.109843219532733016e+00
4.309000000000000052e-01	5.529189821085655154e+00
4.344999999999999973e-01	3.798933631261769417e+00
4.380999999999999894e-01	4.672118786868130869e+00
4.416999999999999815e-01	5.212556405743539401e+00
4.452999999999999736e-01	4.830396022830317548e+00
4.489000000000000212e-01	5.478814019860031692e+00
4.525000000000000133e-01	4.406707533023898726e+00
4.561000000000000054e-01	5.063388784072007098e+00
4.596999999999999975e-01	4.333424306334736187e+00
4.632999999999999896e-01	3.921056725581820057e+00
4.668999999999999817e-01	4.465112987619987095e+00
4.704999999999999738e-01	4.626843725111204897e+00
4.741000000000000214e-01	3.933671403817875056e+00
4.778000000000000025e-01	5.250424925020263700e+00
4.813999999999999946e-01	4.746546467166696814e+00
4.849999999999999867e-01	4.494655648290589944e+00
4.885999999999999788e-01	3.413392032205302407e+00
4.922000000000000264e-01	3.702799175451198188e+00
4.958000000000000185e-01	4.543602726840004102e+00
4.994000000000000106e-01	4.487513357027207661e+00
5.030000000000000027e-01	3.995217710965370816e+00
5.066000000000000503e-01	5.656623388423657417e+00
5.101999999999999869e-01	5.142335791668545930e+00
5.138000000000000345e-01	5.895316053061864459e+00
5.173999999999999710e-01	4.175897442731426601e+00
5.210000000000000187e-01	6.406475932566816134e+00
5.245999999999999552e-01	4.731731544206858153e+00
5.282999999999999918e-01	5.318207029438480227e+00
5.319000000000000394e-01	6.312383317392304960e+00
5.354999999999999760e-01	6.441094280809960715e+00
5.391000000000000236e-01	4.602396749965857126e+00
5.426999999999999602e-01	5.382460008311348965e+00
5.463000000000000078e-01	6.398463144333303987e+00
5.499000000000000554e-01	5.208348632140650025e+00
5.534999999999999920e-01	5.760377852615857108e+00
5.571000000000000396e-01	4.273411698611417897e+00
5.606999999999999762e-01	4.159878828987590538e+00
5.643000000000000238e-01	3.882782069623564425e+00
5.678999999999999604e-01	4.568875437961819941e+00
5.715000000000000080e-01	3.308680127766947088e+00
5.752000000000000446e-01	4.861618353965521777e+00
5.787999999999999812e-01	3.295795800475041393e+00
5.824000000000000288e-01	2.688453373182259298e+00
5.859999999999999654e-01	2.719878774850383873e+00
5.896000000000000130e-01	2.984873918019276040e+00
5.931999999999999496e-01	3.721117600124156155e+00
5.967999999999999972e-01	2.907894710743257338e+00
6.004000000000000448e-01	4.107983363760210338e+00
6.039999999999999813e-01	4.060656697667018200e+00
6.076000000000000290e-01	3.279560985796478256e+00
6.111999999999999655e-01	3.704801782445484193e+00
6.148000000000000131e-01	2.517676621173645213e+00
6.183999999999999497e-01	3.966489684560555062e+00
6.219999999999999973e-01	2.406502374538899147e+00
6.257000000000000339e-01	2.293216071699627712e+00
6.292999999999999705e-01	3.164912966714544140e+00
6.329000000000000181e-01	2.251404611251798915e+00
6.364999999999999547e-01	3.611845716636672421e+00
6.401000000000000023e-01	3.125018428470666798e+00
6.437000000000000499e-01	4.753716252035909307e+00
6.472999999999999865e-01	3.844661479004741089e+00
6.509000000000000341e-01	3.698941719940264772e+00
6.544999999999999707e-01	4.270900353327045096e+00
6.581000000000000183e-01	3.610153981257136380e+00
6.616999999999999549e-01	3.580171972326039675e+00
6.653000000000000025e-01	2.172222571023423754e+00
6.689000000000000501e-01	2.212724577036718543e+00
6.724999999999999867e-01	2.924096913828395650e+00
6.762000000000000233e-01	3.378755119293511022e+00
6.797999999999999599e-01	2.664559315321769262e+00
6.834000000000000075e-01	2.029609024987519827e+00
6.870000000000000551e-01	1.665390613655727714e+00
6.905999999999999917e-01	2.448902691684557098e+00
6.942000000000000393e-01	3.515098480845341711e-01
6.977999999999999758e-01	4.216626304667683289e-01
7.014000000000000234e-01	1.670521478639561241e+00
7.049999999999999600e-01	8.539675344290112990e-01
7.086000000000000076e-01	9.884794001129345586e-01
7.122000000000000552e-01	7.996868673816963646e-01
7.157999999999999918e-01	1.759326660201388837e+00
7.194000000000000394e-01	1.084913207049426065e+00
7.229999999999999760e-01	1.282103600355185336e+00
7.267000000000000126e-01	9.051136067265455054e-01
7.302999999999999492e-01	1.011022653699909180e+00
7.338999999999999968e-01	1.131004421947564786e+00
7.375000000000000444e-01	1.765327567533689468e+00
7.410999999999999810e-01	2.817136433628847580e+00
7.447000000000000286e-01	2.409556382860173596e+00
7.482999999999999652e-01	3.073281350876492013e+00
7.519000000000000128e-01	4.456316160539426363e+00
7.554999999999999494e-01	4.204677191728224628e+00
7.590999999999999970e-01	1.389735780566618173e+00
7.627000000000000446e-01	4.056048318703222577e+00
7.662999999999999812e-01	3.591134247325981299e+00
7.699000000000000288e-01	2.686459146009252841e+00
7.734999999999999654e-01	2.908844095913186045e+00
7.772000000000000020e-01	2.234801373526728252e+00
7.808000000000000496e-01	1.479477246811708557e+00
7.843999999999999861e-01	1.794155837492514838e+00
7.880000000000000338e-01	2.512155099913185197e+00
7.915999999999999703e-01	1.575198051142899347e+00
7.952000000000000179e-01	2.887847792191037932e+00
7.987999999999999545e-01	1.782506225662836563e+00
8.024000000000000021e-01	2.811560573744531943e+00
8.060000000000000497e-01	2.839674037287552189e+00
8.095999999999999863e-01	2.188405780806789380e+00
8.132000000000000339e-01	3.275444974475348658e+00
8.167999999999999705e-01	2.945997762788456154e+00
8.204000000000000181e-01	4.457859992412110728e+00
8.239999999999999547e-01	3.496190567829771112e+00
8.276999999999999913e-01	4.070325031623680090e+00
8.313000000000000389e-01	4.076369658207914526e+00
8.348999999999999755e-01	4.020100869944181810e+00
8.385000000000000231e-01	5.514014846393433089e+00
8.420999999999999597e-01	4.965239513484755562e+00
8.457000000000000073e-01	6.816441562036450463e+00
8.493000000000000549e-01	6.042373069380910344e+00
8.528999999999999915e-01	4.194436143293229335e+00
8.565000000000000391e-01	3.166111975346534102e+00
8.600999999999999757e-01	4.400785427104920267e+00
8.637000000000000233e-01	4.340554617559110540e+00
8.672999999999999599e-01	4.383514248231808352e+00
8.709000000000000075e-01	5.355023418676394975e+00
8.745000000000000551e-01	5.325094516517087762e+00
8.781999999999999806e-01	4.631248559956220312e+00
8.818000000000000282e-01	5.025104811052884202e+00
8.853999999999999648e-01	4.795905716264075913e+00
8.890000000000000124e-01	4.762377347125792859e+00
8.925999999999999490e-01	5.512802466155363845e+00
8.961999999999999966e-01	4.727024178338256277e+00
8.998000000000000442e-01	3.419887105811409533e+00
9.033999999999999808e-01	5.055722310198665248e+00
9.070000000000000284e-01	5.642274861305057065e+00
9.105999999999999650e-01	6.435830265379233417e+00
9.142000000000000126e-01	4.698879376425310284e+00
9.177999999999999492e-01	5.193946987656078207e+00
9.213999999999999968e-01	5.357809970882136952e+00
9.251000000000000334e-01	7.885901411070346256e+00
9.286999999999999700e-01	7.766126363598491622e+00
9.323000000000000176e-01	7.601497219586502929e+00
9.358999999999999542e-01	8.039321165951610837e+00
9.395000000000000018e-01	7.104196960693749396e+00
9.431000000000000494e-01	7.306869066758680198e+00
9.466999999999999860e-01	7.370289457536912892e+00
9.503000000000000336e-01	8.081195145684962000e+00
9.538999999999999702e-01	8.072300164344918372e+00
9.575000000000000178e-01	7.952761359475877256e+00
9.610999999999999543e-01	7.838011756012597253e+00
9.647000000000000020e-01	8.493950984260967729e+00
9.683000000000000496e-01	8.167277380016528809e+00
9.718999999999999861e-01	8.378786097165564328e+00
9.756000000000000227e-01	6.229479535463720019e+00
9.791999999999999593e-01	7.749895375949439114e+00
9.828000000000000069e-01	6.168855038607100383e+00
9.864000000000000545e-01	7.664154314724440198e+00
9.899999999999999911e-01	6.611381560226884169e+00
9.936000000000000387e-01	7.578119777735860652e+00
9.971999999999999753e-01	6.903669251654707573e+00
1.000799999999999912e+00	8.924621592041667384e+00
1.004399999999999959e+00	8.715546753071846453e+00
1.008000000000000007e+00	8.822480743178868323e+00
1.011600000000000055e+00	1.051671703714827721e+01
1.015200000000000102e+00	1.043253976868085431e+01
1.018799999999999928e+00	9.227562457073233304e+00
1.022399999999999975e+00	9.927742273326636280e+00
1.026100000000000012e+00	9.554388182529628182e+00
1.029700000000000060e+00	9.461930857582631305e+00
1.033300000000000107e+00	9.348449519627836324e+00
1.036899999999999933e+00	8.615289388942715121e+00
1.040499999999999980e+00	9.381730808589153980e+00
1.044100000000000028e+00	9.574204847941867769e+00
1.047700000000000076e+00	8.722291666873775995e+00
1.051299999999999901e+00	1.032847524811784368e+01
1.054899999999999949e+00	8.523522387115818333e+00
1.058499999999999996e+00	7.716264298445373981e+00
1.062100000000000044e+00	9.398814919579471905e+00
1.065700000000000092e+00	8.822895855391974962e+00
1.069299999999999917e+00	9.536534454556736762e+00
1.072899999999999965e+00	9.153781042584746785e+00
1.076600000000000001e+00	9.211152131271390431e+00
1.080200000000000049e+00	8.737286539825412035e+00
1.083800000000000097e+00	8.648612857501829509e+00
1.087399999999999922e+00	9.493907626541796319e+00
1.090999999999999970e+00	7.886171042702219580e+00
1.094600000000000017e+00	8.648929565571579658e+00
1.098200000000000065e+00	9.699496927670510971e+00
1.101799999999999891e+00	9.125183275053910137e+00
1.105399999999999938e+00	1.060863411898795405e+01
1.108999999999999986e+00	9.627939963500155685e+00
1.112600000000000033e+00	8.512337007009424639e+00
1.116200000000000081e+00	9.001122955078555421e+00
1.119799999999999907e+00	1.014427407031364936e+01
1.123399999999999954e+00	1.031183171502653373e+01
1.127099999999999991e+00	1.194695848613816125e+01
1.130700000000000038e+00	1.205102838699244394e+01
1.134300000000000086e+00	1.107019756059345461e+01
1.137899999999999912e+00	1.135521277441593213e+01
1.141499999999999959e+00	1.156614300020905084e+01
1.145100000000000007e+00	1.218711703249975464e+01
1.148700000000000054e+00	1.306977121617125981e+01
1.152300000000000102e+00	1.371641454470123200e+01
1.155899999999999928e+00	1.343292438971012892e+01
1.159499999999999975e+00	1.394432217642481753e+01
1.163100000000000023e+00	1.342703018861221054e+01
1.166700000000000070e+00	1.346127647865436927e+01
1.170299999999999896e+00	1.331257649442985702e+01
1.173899999999999944e+00	1.385976578807570192e+01
1.177599999999999980e+00	1.423233191187178726e+01
1.181200000000000028e+00	1.491711348498548517e+01
1.184800000000000075e+00	1.550885030539325449e+01
1.188399999999999901e+00	1.670579342642995258e+01
1.191999999999999948e+00	1.693593118490440830e+01
1.195599999999999996e+00	1.691369721778421820e+01
1.199200000000000044e+00	1.731107163561162565e+01
1.202800000000000091e+00	1.837758548517831869e+01
1.206399999999999917e+00	1.831544612784547255e+01
1.209999999999999964e+00	1.952033338931358131e+01
1.213600000000000012e+00	1.985187923169399582e+01
1.217200000000000060e+00	1.983853014598064135e+01
1.220800000000000107e+00	1.989007411094719302e+01
1.224399999999999933e+00	2.236432597115272003e+01
1.228099999999999969e+00	2.083976420593969792e+01
1.231700000000000017e+00	2.141483642690043965e+01
1.235300000000000065e+00	2.137752407828165246e+01
1.238899999999999890e+00	2.215751544172309195e+01
1.242499999999999938e+00	2.267114583143155571e+01
1.246099999999999985e+00	2.420064364560003867e+01
1.249700000000000033e+00	2.415694577657920661e+01
1.253300000000000081e+00	2.460571076787145017e+01
1.256899999999999906e+00	2.511761077254388752e+01
1.260499999999999954e+00	2.380799559661702958e+01
1.264100000000000001e+00	2.382676389575540554e+01
1.267700000000000049e+00	2.373010262274346260e+01
1.271300000000000097e+00	2.612517350135462735e+01
1.274899999999999922e+00	2.537616030675198786e+01
1.278599999999999959e+00	2.659366115939068109e+01
1.282200000000000006e+00	2.642105633537159903e+01
1.285800000000000054e+00	2.538419505310843860e+01
1.289400000000000102e+00	2.509882689843328407e+01
1.292999999999999927e+00	2.532477600961234288e+01
1.296599999999999975e+00	2.579821329616136438e+01
1.300200000000000022e+00	2.569773471309633450e+01
1.303800000000000070e+00	2.620887662431766074e+01
1.307399999999999896e+00	2.758043659593518981e+01
1.310999999999999943e+00	2.615861978500233676e+01
1.314599999999999991e+00	2.515023974677681196e+01
1.318200000000000038e+00	2.549641086138659318e+01
1.321800000000000086e+00	2.560099558305249801e+01
1.325499999999999901e+00	2.524315163530141248e+01
1.329099999999999948e+00	2.425392814825026377e+01
1.332699999999999996e+00	2.324656342309407364e+01
1.336300000000000043e+00	2.342283567409277723e+01
1.339900000000000091e+00	2.247523053477697275e+01
1.343499999999999917e+00	2.218700121123537627e+01
1.347099999999999964e+00	2.367145453546687861e+01
1.350700000000000012e+00	2.345397224662471558e+01
1.354300000000000059e+00	2.332863278834921772e+01
1.357900000000000107e+00	2.249560464057640274e+01
1.361499999999999932e+00	2.274855148776663682e+01
1.365099999999999980e+00	2.214791391160919787e+01
1.368700000000000028e+00	2.121660167065620328e+01
1.372300000000000075e+00	2.146512109646418764e+01
1.375999999999999890e+00	2.131970927514143810e+01
1.379599999999999937e+00	2.128532156351256788e+01
1.383199999999999985e+00	1.909842384312366548e+01
1.386800000000000033e+00	1.927074643257487097e+01
1.390400000000000080e+00	1.795998674926005378e+01
1.393999999999999906e+00	1.894445189239215566e+01
1.397599999999999953e+00	2.000090140967176566e+01
1.401200000000000001e+00	2.025056565626564975e+01
1.404800000000000049e+00	1.969533951371484548e+01
1.408400000000000096e+00	2.014828503804372772e+01
1.411999999999999922e+00	1.922845465464489223e+01
1.415599999999999969e+00	1.973534843734302768e+01
1.419200000000000017e+00	1.941346849947731101e+01
1.422800000000000065e+00	1.880123168892582797e+01
1.426500000000000101e+00	1.973491793188111387e+01
1.430099999999999927e+00	2.089324661837544994e+01
1.433699999999999974e+00	2.116627803265916441e+01
1.437300000000000022e+00	1.979410084066707398e+01
1.440900000000000070e+00	1.989495032471819158e+01
1.444499999999999895e+00	1.889441364130623668e+01
1.448099999999999943e+00	1.911953383690926245e+01
1.451699999999999990e+00	2.008775998360551895e+01
1.455300000000000038e+00	1.978845055553147247e+01
1.458900000000000086e+00	1.795937649483139964e+01
1.462499999999999911e+00	2.042395987560399462e+01
1.466099999999999959e+00	1.939977334360813899e+01
1.469700000000000006e+00	2.002130593252134716e+01
1.473300000000000054e+00	2.026367762155772567e+01
1.477000000000000091e+00	2.035771426755757574e+01
1.480599999999999916e+00	1.926118080784155140e+01
1.484199999999999964e+00	2.034100773794694206e+01
1.487800000000000011e+00	2.052280789266950833e+01
1.491400000000000059e+00	2.139577921359487789e+01
1.495000000000000107e+00	1.986939185858910051e+01
1.498599999999999932e+00	2.235654342893504065e+01
1.502199999999999980e+00	2.163704786040128525e+01
1.505800000000000027e+00	2.316335178664361649e+01
1.509400000000000075e+00	2.168276085210422366e+01
1.512999999999999901e+00	2.178680954638130984e+01
1.516599999999999948e+00	2.137839060163396354e+01
1.520199999999999996e+00	2.279695077974786699e+01
1.523800000000000043e+00	2.349735711500723312e+01
1.527500000000000080e+00	2.404626078683723733e+01
1.531099999999999905e+00	2.266361403512312123e+01
1.534699999999999953e+00	2.370183108376225789e+01
1.538300000000000001e+00	2.457966446254335935e+01
1.541900000000000048e+00	2.312319692325686660e+01
1.545500000000000096e+00	2.231464096604551273e+01
1.549099999999999921e+00	2.240645041373151969e+01
1.552699999999999969e+00	2.243505383902408568e+01
1.556300000000000017e+00	2.229532570411191372e+01
1.559900000000000064e+00	2.284805820512140073e+01
1.563499999999999890e+00	2.308103509928019648e+01
1.567099999999999937e+00	2.207989583410937584e+01
1.570699999999999985e+00	2.296080314655119992e+01
1.574300000000000033e+00	2.218546365257256880e+01
1.578000000000000069e+00	2.146903443290277735e+01
1.581599999999999895e+00	2.141528001096894229e+01
1.585199999999999942e+00	2.175875687924439106e+01
1.588799999999999990e+00	2.276220945037372445e+01
1.592400000000000038e+00	2.362542770558060568e+01
1.596000000000000085e+00	2.406942627379439159e+01
1.599599999999999911e+00	2.373516156413791123e+01
1.603199999999999958e+00	2.451203854282916694e+01
1.606800000000000006e+00	2.199903532752882995e+01
1.610400000000000054e+00	2.239454091262319224e+01
1.614000000000000101e+00	2.284313851135591378e+01
1.617599999999999927e+00	2.177436232553677442e+01
1.621199999999999974e+00	2.113678284023032816e+01
1.624800000000000022e+00	2.084594326736347014e+01
1.628500000000000059e+00	2.089350058407882926e+01
1.632100000000000106e+00	2.070556351005117435e+01
1.635699999999999932e+00	1.946176137934460471e+01
1.639299999999999979e+00	1.888006435058612098e+01
1.642900000000000027e+00	1.918242080545532247e+01
1.646500000000000075e+00	1.830064559425814963e+01
1.650099999999999900e+00	1.770699085395003181e+01
1.653699999999999948e+00	1.831217515083050529e+01
1.657299999999999995e+00	1.675644278192792669e+01
1.660900000000000043e+00	1.801261875813951363e+01
1.664500000000000091e+00	1.989061522862952813e+01
1.668099999999999916e+00	1.934167211691439903e+01
1.671699999999999964e+00	2.064305566402197201e+01
1.675400000000000000e+00	1.923782342312920690e+01
1.679000000000000048e+00	1.891813111063129682e+01
1.682600000000000096e+00	1.899586306046882456e+01
1.686199999999999921e+00	1.854127052710322232e+01
1.689799999999999969e+00	1.787096641650887108e+01
1.693400000000000016e+00	1.739561166976109874e+01
1.697000000000000064e+00	1.723749113810630718e+01
1.700599999999999890e+00	1.624449276901543371e+01
1.704199999999999937e+00	1.800573339643793602e+01
1.707799999999999985e+00	1.962986452835976436e+01
1.711400000000000032e+00	2.028196546017204227e+01
1.715000000000000080e+00	2.211922235082053234e+01
1.718599999999999905e+00	2.224315719615583475e+01
1.722199999999999953e+00	2.133812379059514441e+01
1.725899999999999990e+00	1.988418688991340844e+01
1.729500000000000037e+00	2.086382482969037255e+01
1.733100000000000085e+00	2.020960500741502841e+01
1.736699999999999910e+00	2.087195428932126262e+01
1.740299999999999958e+00	2.132385791833720035e+01
1.743900000000000006e+00	2.176273373740689010e+01
1.747500000000000053e+00	2.329741169784038846e+01
1.751100000000000101e+00	2.469608176811528466e+01
1.754699999999999926e+00	2.546092621415648694e+01
1.758299999999999974e+00	2.503825874344679292e+01
1.761900000000000022e+00	2.628913398179208016e+01
1.765500000000000069e+00	2.347728410540090138e+01
1.769099999999999895e+00	2.407986499424616866e+01
1.772699999999999942e+00	2.436187332916886916e+01
1.776399999999999979e+00	2.328278868504020238e+01
1.780000000000000027e+00	2.593667843657993188e+01
1.783600000000000074e+00	2.680223874574044274e+01
1.787199999999999900e+00	2.660707194044633894e+01
1.790799999999999947e+00	2.742333052773454938e+01
1.794399999999999995e+00	2.777340429893171247e+01
1.798000000000000043e+00	2.688444738580404092e+01
1.801600000000000090e+00	2.612176824814327247e+01
1.805199999999999916e+00	2.544422301652130969e+01
1.808799999999999963e+00	2.566251834112451746e+01
1.812400000000000011e+00	2.710718749354179380e+01
1.816000000000000059e+00	2.913669705578180924e+01
1.819600000000000106e+00	2.911576584618365615e+01
1.823199999999999932e+00	2.960377121881595031e+01
1.826899999999999968e+00	2.848411274928167103e+01
1.830500000000000016e+00	2.813448388684627233e+01
1.834100000000000064e+00	2.811413308426989488e+01
1.837699999999999889e+00	2.735603954670255078e+01
1.841299999999999937e+00	2.756251823914611521e+01
1.844899999999999984e+00	2.930387302908520297e+01
1.848500000000000032e+00	2.920367570141765157e+01
1.852100000000000080e+00	3.141306129147206505e+01
1.855699999999999905e+00	3.074208489747864803e+01
1.859299999999999953e+00	3.125698475553014433e+01
1.862900000000000000e+00	3.216952937821397285e+01
1.866500000000000048e+00	3.178539626619502556e+01
1.870100000000000096e+00	3.384423416792265016e+01
1.873699999999999921e+00	3.609081943443653273e+01
1.877399999999999958e+00	3.811739613131592108e+01
1.881000000000000005e+00	3.922890078557136206e+01
1.884600000000000053e+00	3.901785697805094344e+01
1.888200000000000101e+00	3.868142575718949416e+01
1.891799999999999926e+00	3.833867074271130093e+01
1.895399999999999974e+00	3.919001175689411554e+01
1.899000000000000021e+00	4.156328906699604886e+01
1.902600000000000069e+00	4.334482040132696312e+01
1.906199999999999894e+00	4.493562679220553235e+01
1.909799999999999942e+00	4.597089869880005608e+01
1.913399999999999990e+00	4.545380444226415761e+01
1.917000000000000037e+00	4.452264330713876461e+01
1.920600000000000085e+00	4.316934949507019326e+01
1.924199999999999910e+00	4.192879405927891412e+01
1.927899999999999947e+00	4.116347925292541987e+01
1.931499999999999995e+00	4.295771752766372487e+01
1.935100000000000042e+00	4.462023266608316163e+01
1.938700000000000090e+00	4.758224101090037550e+01
1.942299999999999915e+00	5.008918240154444845e+01
1.945899999999999963e+00	5.146300242325705199e+01
1.949500000000000011e+00	5.296038470616805682e+01
1.953100000000000058e+00	5.284931881855124658e+01
1.956700000000000106e+00	5.193766707189294607e+01
1.960299999999999931e+00	5.082355580064152889e+01
1.963899999999999979e+00	4.792326370145899261e+01
1.967500000000000027e+00	4.773717461325357192e+01
1.971100000000000074e+00	4.736110106377527273e+01
1.974699999999999900e+00	4.971908309441062102e+01
1.978399999999999936e+00	5.167755875044724689e+01
1.981999999999999984e+00	5.491497972595150401e+01
1.985600000000000032e+00	5.597987063968637500e+01
1.989200000000000079e+00	5.934418816681249353e+01
1.992799999999999905e+00	5.888035502022002277e+01
1.996399999999999952e+00	5.679294455851514556e+01
2.000000000000000000e+00	4.995222618583325414e+01
