2.000000000000000111e-01	-1.960936462323707108e+00
2.036000000000000032e-01	-1.816072763505121035e+00
2.071999999999999953e-01	-2.299708710664959632e+00
2.107999999999999874e-01	-2.125746419523498076e+00
2.144000000000000072e-01	-1.273825686906008503e+00
2.179999999999999993e-01	-2.904935162022947104e+00
2.215999999999999914e-01	-1.855696125429344256e+00
2.253000000000000003e-01	-1.185822881980932664e+00
2.288999999999999924e-01	-1.400435035530475769e+00
2.325000000000000122e-01	-1.256582604051001084e+00
2.361000000000000043e-01	-1.141941117481914292e+00
2.396999999999999964e-01	1.086598966944194444e-01
2.432999999999999885e-01	-1.024960787040646082e+00
2.469000000000000083e-01	-7.394143090112996752e-01
2.505000000000000004e-01	-1.203253166881673941e+00
2.540999999999999925e-01	-5.346194383988317478e-01
2.576999999999999846e-01	-9.866621944588274129e-01
2.612999999999999767e-01	-3.686990662436286925e-01
2.649000000000000243e-01	-1.208840772924116180e+00
2.685000000000000164e-01	-1.134683733960660135e+00
2.721000000000000085e-01	-6.650182715644008535e-01
2.757999999999999896e-01	-1.434931113419533055e+00
2.793999999999999817e-01	-1.391653792552765001e+00
2.829999999999999738e-01	-1.790765282308295347e+00
2.866000000000000214e-01	-1.370670467541664550e+00
2.902000000000000135e-01	-1.511572654500242807e+00
2.938000000000000056e-01	-2.090743809561919075e+00
2.973999999999999977e-01	-2.173425093044241585e+00
3.009999999999999898e-01	-1.532127586716365064e+00
3.045999999999999819e-01	-2.419582240948197516e+00
3.081999999999999740e-01	-1.934681008920878797e+00
3.118000000000000216e-01	-1.884142411400671513e+00
3.154000000000000137e-01	-6.076895311386547593e-01
3.190000000000000058e-01	-9.487115248252602218e-01
3.225999999999999979e-01	-7.307537244761360684e-01
3.262999999999999790e-01	-1.339969314782546661e+00
3.299000000000000266e-01	-1.088527944745377507e+00
3.335000000000000187e-01	-8.903365727095092774e-01
3.371000000000000107e-01	1.351096985475297441e-01
3.407000000000000028e-01	-3.997599583509848231e-01
3.442999999999999949e-01	2.675262285423933850e-01
3.478999999999999870e-01	7.087890561376724019e-01
3.514999999999999791e-01	-1.272532213538728196e-01
3.551000000000000267e-01	9.847965046585090976e-01
3.587000000000000188e-01	3.670349687720487752e-01
3.623000000000000109e-01	-1.130013102430353911e-01
3.659000000000000030e-01	8.433963549552826455e-01
3.694999999999999951e-01	1.173929233674714911e+00
3.730999999999999872e-01	9.229473698585355379e-02
3.768000000000000238e-01	-7.616083043052020995e-01
3.804000000000000159e-01	-3.721544578944906423e-01
3.840000000000000080e-01	-9.680960656747753523e-01
3.876000000000000001e-01	3.133859403541694455e-02
3.911999999999999922e-01	-5.822608525582544381e-01
3.947999999999999843e-01	-5.347735069916438322e-01
3.983999999999999764e-01	-1.337794128722655795e-01
4.020000000000000240e-01	-6.799159687831408672e-01
4.056000000000000161e-01	-1.521729154089950242e-01
4.092000000000000082e-01	-1.242186715873796476e+00
4.128000000000000003e-01	1.430332174872974704e-01
4.163999999999999924e-01	1.720942732549249898e-01
4.199999999999999845e-01	5.151194884799092932e-01
4.235999999999999766e-01	4.843565818151001623e-01
4.273000000000000131e-01	-1.943994142694647764e-01
4.309000000000000052e-01	6.256728294449759309e-01
4.344999999999999973e-01	7.613809026668190150e-01
4.380999999999999894e-01	1.506437226455615175e+00
4.416999999999999815e-01	1.235249428698233620e+00
4.452999999999999736e-01	4.166717312472706936e-01
4.489000000000000212e-01	9.306725530994286455e-02
4.525000000000000133e-01	1.073515926272664567e+00
4.561000000000000054e-01	2.722792647767852681e-01
4.596999999999999975e-01	7.812527346804228889e-01
4.632999999999999896e-01	2.413536441663703680e-01
4.668999999999999817e-01	7.706334416634712525e-01
4.704999999999999738e-01	4.744507926375347018e-01
4.741000000000000214e-01	9.002429957216826484e-01
4.778000000000000025e-01	2.915597492294110804e-01
4.813999999999999946e-01	5.906666081424517545e-01
4.849999999999999867e-01	4.491886081799301156e-02
4.885999999999999788e-01	4.752989448590999033e-01
4.922000000000000264e-01	1.478937616339438543e-01
4.958000000000000185e-01	9.026733096768746467e-02
4.994000000000000106e-01	-1.858733245969734771e-01
5.030000000000000027e-01	7.164300438131840920e-01
5.066000000000000503e-01	-1.115783114710603985e-01
5.101999999999999869e-01	3.888219272158391915e-01
5.138000000000000345e-01	6.490769582732318632e-01
5.173999999999999710e-01	1.316701607079197034e-01
5.210000000000000187e-01	-6.061637288521990463e-01
5.245999999999999552e-01	2.128389135176484981e-01
5.282999999999999918e-01	2.455294812883342281e+00
5.319000000000000394e-01	9.400020735555043583e-01
5.354999999999999760e-01	1.716838985919399319e+00
5.391000000000000236e-01	5.428452903274727515e-01
5.426999999999999602e-01	1.078446801563913260e+00
5.463000000000000078e-01	1.608843715711201661e+00
5.499000000000000554e-01	2.568789317575623343e+00
5.534999999999999920e-01	2.938053247782074884e+00
5.571000000000000396e-01	2.958018934075480555e+00
5.606999999999999762e-01	2.289307576512024767e+00
5.643000000000000238e-01	1.759199343618518707e+00
5.678999999999999604e-01	1.680273564533405928e+00
5.715000000000000080e-01	6.033166694442059219e-01
5.752000000000000446e-01	2.022833193678775121e+00
5.787999999999999812e-01	1.912511981132307692e+00
5.824000000000000288e-01	9.950961430144686926e-01
5.859999999999999654e-01	5.511189227362209841e-01
5.896000000000000130e-01	4.300564865739915366e-01
5.931999999999999496e-01	5.222219988960796755e-01
5.967999999999999972e-01	3.068931803881623788e-01
6.004000000000000448e-01	1.184808267793539205e+00
6.039999999999999813e-01	5.866577500005529799e-01
6.076000000000000290e-01	1.112706495439840015e+00
6.111999999999999655e-01	1.711090720799016474e+00
6.148000000000000131e-01	6.417212712884801107e-01
6.183999999999999497e-01	1.041820296493106479e+00
6.219999999999999973e-01	1.976572024135668126e+00
6.257000000000000339e-01	1.305604979087353845e+00
6.292999999999999705e-01	1.830142376563661522e+00
6.329000000000000181e-01	2.539067697260313672e+00
6.364999999999999547e-01	3.049128627328345331e+00
6.401000000000000023e-01	2.434651913881956453e+00
6.437000000000000499e-01	1.472102107639903457e+00
6.472999999999999865e-01	1.981163560768428589e+00
6.509000000000000341e-01	1.857678997798820619e+00
6.544999999999999707e-01	2.456628418964246663e+00
6.581000000000000183e-01	1.820602626629646226e+00
6.616999999999999549e-01	3.049838017372228371e+00
6.653000000000000025e-01	2.115913009721800186e+00
6.689000000000000501e-01	1.944817995126024268e+00
6.724999999999999867e-01	2.450707574109839193e+00
6.762000000000000233e-01	1.630393385274807372e+00
6.797999999999999599e-01	2.277125579015519818e+00
6.834000000000000075e-01	1.187440454746132579e+00
6.870000000000000551e-01	1.689794745351242966e+00
6.905999999999999917e-01	8.706474835895093856e-01
6.942000000000000393e-01	1.094139406270211667e+00
6.977999999999999758e-01	2.406547156856280179e+00
7.014000000000000234e-01	1.090006184612601459e+00
7.049999999999999600e-01	6.038053459596645078e-01
7.086000000000000076e-01	1.346486431438135956e+00
7.122000000000000552e-01	1.740479701257455325e+00
7.157999999999999918e-01	1.176392791616895472e+00
7.194000000000000394e-01	1.651816679076776762e+00
7.229999999999999760e-01	1.393140082751083586e+00
7.267000000000000126e-01	1.771219418118759048e+00
7.302999999999999492e-01	1.841108802822581936e+00
7.338999999999999968e-01	2.783723718480133780e+00
7.375000000000000444e-01	2.618129540969274860e+00
7.410999999999999810e-01	1.777099368613206831e+00
7.447000000000000286e-01	3.338829303040116159e+00
7.482999999999999652e-01	3.320982850166945166e+00
7.519000000000000128e-01	3.652421846849133402e+00
7.554999999999999494e-01	3.418751211705033377e+00
7.590999999999999970e-01	3.459178897081192972e+00
7.627000000000000446e-01	2.444551008212132892e+00
7.662999999999999812e-01	2.219394504999233408e+00
7.699000000000000288e-01	2.865838709092138004e+00
7.734999999999999654e-01	1.195631680046419509e+00
7.772000000000000020e-01	1.413839556353316596e+00
7.808000000000000496e-01	9.689069140935411273e-01
7.843999999999999861e-01	1.226036333251951493e+00
7.880000000000000338e-01	9.547004603579548609e-01
7.915999999999999703e-01	1.101338277985221659e+00
7.952000000000000179e-01	9.573134238655283124e-01
7.987999999999999545e-01	3.257343001321182374e-01
8.024000000000000021e-01	5.972735868148528748e-01
8.060000000000000497e-01	1.132488038162384525e+00
8.095999999999999863e-01	1.143733745917638212e+00
8.132000000000000339e-01	1.778688624723410827e+00
8.167999999999999705e-01	1.175466330631908862e+00
8.204000000000000181e-01	1.703559349648645860e+00
8.239999999999999547e-01	1.169521011305114877e+00
8.276999999999999913e-01	1.712062010490128738e+00
8.313000000000000389e-01	1.560951637897368460e+00
8.348999999999999755e-01	1.602428463810227743e+00
8.385000000000000231e-01	2.224709374346099722e+00
8.420999999999999597e-01	2.504800052684130307e+00
8.457000000000000073e-01	3.458511963605519490e+00
8.493000000000000549e-01	2.572886145419964521e+00
8.528999999999999915e-01	3.878478163869575557e+00
8.565000000000000391e-01	3.341548262470106057e+00
8.600999999999999757e-01	2.382962857650320565e+00
8.637000000000000233e-01	1.942321045852660966e+00
8.672999999999999599e-01	2.587518814630687558e+00
8.709000000000000075e-01	2.503779115291473900e+00
8.745000000000000551e-01	1.073086597453819957e+00
8.781999999999999806e-01	1.086211204260689289e+00
8.818000000000000282e-01	2.553571239609807364e+00
8.853999999999999648e-01	2.120261133666430098e+00
8.890000000000000124e-01	1.855159380178975193e+00
8.925999999999999490e-01	1.409033136776651762e+00
8.961999999999999966e-01	2.457424399816138028e+00
8.998000000000000442e-01	1.997209964665292548e+00
9.033999999999999808e-01	2.615385787211891078e+00
9.070000000000000284e-01	2.894121041049237952e+00
9.105999999999999650e-01	2.181961531123056908e+00
9.142000000000000126e-01	1.644403319689795584e+00
9.177999999999999492e-01	1.580534376322132895e+00
9.213999999999999968e-01	1.406996222029830657e+00
9.251000000000000334e-01	2.689041229294740987e+00
9.286999999999999700e-01	2.185023504264077321e+00
9.323000000000000176e-01	3.003578866785447943e+00
9.358999999999999542e-01	2.943279644763117098e+00
9.395000000000000018e-01	2.701708621216314388e+00
9.431000000000000494e-01	1.870989750117697525e+00
9.466999999999999860e-01	3.442112944164366528e+00
9.503000000000000336e-01	3.110117171591871177e+00
9.538999999999999702e-01	3.240415942410760142e+00
9.575000000000000178e-01	3.220219432465162512e+00
9.610999999999999543e-01	3.117526232899089589e+00
9.647000000000000020e-01	2.971030652110692838e+00
9.683000000000000496e-01	2.691382939949852116e+00
9.718999999999999861e-01	1.103812257949549513e+00
9.756000000000000227e-01	3.478578569256806752e+00
9.791999999999999593e-01	2.738106579478154057e+00
9.828000000000000069e-01	3.220559611821601109e+00
9.864000000000000545e-01	2.945832065104076580e+00
9.899999999999999911e-01	2.241475860716260815e+00
9.936000000000000387e-01	2.460284228099990145e+00
9.971999999999999753e-01	2.680237162764397496e+00
1.000799999999999912e+00	2.304849062713670627e+00
1.004399999999999959e+00	3.515656538983435553e+00
1.008000000000000007e+00	3.734628961102178568e+00
1.011600000000000055e+00	3.390170587783275735e+00
1.015200000000000102e+00	3.719346920613447960e+00
1.018799999999999928e+00	4.044886813516624713e+00
1.022399999999999975e+00	3.724542209418621130e+00
1.026100000000000012e+00	5.094259336593777832e+00
1.029700000000000060e+00	5.115789011015583476e+00
1.033300000000000107e+00	5.263558922386954997e+00
1.036899999999999933e+00	4.233416304977411393e+00
1.040499999999999980e+00	5.454662029546145874e+00
1.044100000000000028e+00	5.597667098415669784e+00
1.047700000000000076e+00	6.818094797055675116e+00
1.051299999999999901e+00	6.214371975290372774e+00
1.054899999999999949e+00	6.463274026932666061e+00
1.058499999999999996e+00	5.345125841989506021e+00
1.062100000000000044e+00	5.968448223993591206e+00
1.065700000000000092e+00	6.085136595785641589e+00
1.069299999999999917e+00	5.427080274217352063e+00
1.072899999999999965e+00	5.218595514730612450e+00
1.076600000000000001e+00	5.372465168730267138e+00
1.080200000000000049e+00	4.318824919635019910e+00
1.083800000000000097e+00	5.315684171112553535e+00
1.087399999999999922e+00	5.555723158566322262e+00
1.090999999999999970e+00	6.886139755293844367e+00
1.094600000000000017e+00	8.388999506630316461e+00
1.098200000000000065e+00	8.848338390995410307e+00
1.101799999999999891e+00	9.489957170904418149e+00
1.105399999999999938e+00	8.943920402299982086e+00
1.108999999999999986e+00	8.949174951316143378e+00
1.112600000000000033e+00	9.248003918033862902e+00
1.116200000000000081e+00	8.232370482522723520e+00
1.119799999999999907e+00	7.687454915823031421e+00
1.123399999999999954e+00	6.973882457527244227e+00
1.127099999999999991e+00	6.424124967008608245e+00
1.130700000000000038e+00	6.861840670836605760e+00
1.134300000000000086e+00	7.400842802408791776e+00
1.137899999999999912e+00	7.508078084659956630e+00
1.141499999999999959e+00	7.072416653144507848e+00
1.145100000000000007e+00	9.308669558062685923e+00
1.148700000000000054e+00	9.771300852759953415e+00
1.152300000000000102e+00	1.148285685486680485e+01
1.155899999999999928e+00	1.188094826049222874e+01
1.159499999999999975e+00	1.317000247637492549e+01
1.163100000000000023e+00	1.304683590096720280e+01
1.166700000000000070e+00	1.242136453824710074e+01
1.170299999999999896e+00	1.194318008591737978e+01
1.173899999999999944e+00	1.056208771513546196e+01
1.177599999999999980e+00	9.874675931701025533e+00
1.181200000000000028e+00	9.507774767760540868e+00
1.184800000000000075e+00	1.011250247829523019e+01
1.188399999999999901e+00	1.100596478721350380e+01
1.191999999999999948e+00	1.207106816605439015e+01
1.195599999999999996e+00	1.171752901765604449e+01
1.199200000000000044e+00	1.373999499969989735e+01
1.202800000000000091e+00	1.322058895962873493e+01
1.206399999999999917e+00	1.352415462088872999e+01
1.209999999999999964e+00	1.413385335192755221e+01
1.213600000000000012e+00	1.330610104086303558e+01
1.217200000000000060e+00	1.405604432510873458e+01
1.220800000000000107e+00	1.363500174804141452e+01
1.224399999999999933e+00	1.401537399484448621e+01
1.228099999999999969e+00	1.449113759269925339e+01
1.231700000000000017e+00	1.473539024925946173e+01
1.235300000000000065e+00	1.561212408716570899e+01
1.238899999999999890e+00	1.572368663080106899e+01
1.242499999999999938e+00	1.571026882272407299e+01
1.246099999999999985e+00	1.526425133779951615e+01
1.249700000000000033e+00	1.595435726046989089e+01
1.253300000000000081e+00	1.546695559611068127e+01
1.256899999999999906e+00	1.569444659312834389e+01
1.260499999999999954e+00	1.575783465283191909e+01
1.264100000000000001e+00	1.522592942479644229e+01
1.267700000000000049e+00	1.526439730729272526e+01
1.271300000000000097e+00	1.542140717032835440e+01
1.274899999999999922e+00	1.495292365193345141e+01
1.278599999999999959e+00	1.552557965862364497e+01
1.282200000000000006e+00	1.607208896937484965e+01
1.285800000000000054e+00	1.599711214899210709e+01
1.289400000000000102e+00	1.716112586322633859e+01
1.292999999999999927e+00	1.627914437712267315e+01
1.296599999999999975e+00	1.657105542365217232e+01
1.300200000000000022e+00	1.538936304194251470e+01
1.303800000000000070e+00	1.568984013535139432e+01
1.307399999999999896e+00	1.627340575349727914e+01
1.310999999999999943e+00	1.637801091843700974e+01
1.314599999999999991e+00	1.632438232468905426e+01
1.318200000000000038e+00	1.678113768896992042e+01
1.321800000000000086e+00	1.574031662252660624e+01
1.325499999999999901e+00	1.491965925768093193e+01
1.329099999999999948e+00	1.506690640879475040e+01
1.332699999999999996e+00	1.571470049191088592e+01
1.336300000000000043e+00	1.541836460679490806e+01
1.339900000000000091e+00	1.560330934375133083e+01
1.343499999999999917e+00	1.432458684702136509e+01
1.347099999999999964e+00	1.471761417267298455e+01
1.350700000000000012e+00	1.513391145859890763e+01
1.354300000000000059e+00	1.448963309149060485e+01
1.357900000000000107e+00	1.477830649406472752e+01
1.361499999999999932e+00	1.503458668783529362e+01
1.365099999999999980e+00	1.548036694833385241e+01
1.368700000000000028e+00	1.400387968833801011e+01
1.372300000000000075e+00	1.460226349385720646e+01
1.375999999999999890e+00	1.351872666995055816e+01
1.379599999999999937e+00	1.459496661976306520e+01
1.383199999999999985e+00	1.400806261795001717e+01
1.386800000000000033e+00	1.412167371538252247e+01
1.390400000000000080e+00	1.367803761696875853e+01
1.393999999999999906e+00	1.418997178509505552e+01
1.397599999999999953e+00	1.408386576594456407e+01
1.401200000000000001e+00	1.454067048287306640e+01
1.404800000000000049e+00	1.461794756940755491e+01
1.408400000000000096e+00	1.531817972662858907e+01
1.411999999999999922e+00	1.547116348231127780e+01
1.415599999999999969e+00	1.579465286176772310e+01
1.419200000000000017e+00	1.653238950179734701e+01
1.422800000000000065e+00	1.556705504890641656e+01
1.426500000000000101e+00	1.545332270691978671e+01
1.430099999999999927e+00	1.396509334833115723e+01
1.433699999999999974e+00	1.325307009814175174e+01
1.437300000000000022e+00	1.300334798521177149e+01
1.440900000000000070e+00	1.242957440669420954e+01
1.444499999999999895e+00	1.433262568833097816e+01
1.448099999999999943e+00	1.450460079994605067e+01
1.451699999999999990e+00	1.478569583955338906e+01
1.455300000000000038e+00	1.399532996910677873e+01
1.458900000000000086e+00	1.425808137914463281e+01
1.462499999999999911e+00	1.356291667949709279e+01
1.466099999999999959e+00	1.422502862108924404e+01
1.469700000000000006e+00	1.374766305989601101e+01
1.473300000000000054e+00	1.462538404425817085e+01
1.477000000000000091e+00	1.435718215408965648e+01
1.480599999999999916e+00	1.454834703202554991e+01
1.484199999999999964e+00	1.582671429203569780e+01
1.487800000000000011e+00	1.590003048530361873e+01
1.491400000000000059e+00	1.579398137118160150e+01
1.495000000000000107e+00	1.544444574239088652e+01
1.498599999999999932e+00	1.644465820221802232e+01
1.502199999999999980e+00	1.582821236935508047e+01
1.505800000000000027e+00	1.553681877646252474e+01
1.509400000000000075e+00	1.631009663937421195e+01
1.512999999999999901e+00	1.716777251456320030e+01
1.516599999999999948e+00	1.611800231412638240e+01
1.520199999999999996e+00	1.760255429443347808e+01
1.523800000000000043e+00	1.716653008697456784e+01
1.527500000000000080e+00	1.734716906192752361e+01
1.531099999999999905e+00	1.648831661907035340e+01
1.534699999999999953e+00	1.760676982933941304e+01
1.538300000000000001e+00	1.739476570375298081e+01
1.541900000000000048e+00	1.814929127800596120e+01
1.545500000000000096e+00	1.831451965951460892e+01
1.549099999999999921e+00	1.898152346706948279e+01
1.552699999999999969e+00	1.939388868607374050e+01
1.556300000000000017e+00	1.897520181338905232e+01
1.559900000000000064e+00	1.849083801498765212e+01
1.563499999999999890e+00	1.838820214014725707e+01
1.567099999999999937e+00	1.898652641364293814e+01
1.570699999999999985e+00	1.878466943586818161e+01
1.574300000000000033e+00	1.988422032214212365e+01
1.578000000000000069e+00	2.020080755229943037e+01
1.581599999999999895e+00	2.098851810852476163e+01
1.585199999999999942e+00	2.068756032446636794e+01
1.588799999999999990e+00	2.208271918503551134e+01
1.592400000000000038e+00	2.084408876672009470e+01
1.596000000000000085e+00	2.054820051863633878e+01
1.599599999999999911e+00	2.118773839058497543e+01
1.603199999999999958e+00	2.104015155054213793e+01
1.606800000000000006e+00	2.093801076507017811e+01
1.610400000000000054e+00	2.041997543908349400e+01
1.614000000000000101e+00	2.038171588357253583e+01
1.617599999999999927e+00	2.052788224239655435e+01
1.621199999999999974e+00	2.056544375029384497e+01
1.624800000000000022e+00	2.066033257641176846e+01
1.628500000000000059e+00	2.074503384590277122e+01
1.632100000000000106e+00	2.074700875740168726e+01
1.635699999999999932e+00	2.146929356648826470e+01
1.639299999999999979e+00	2.263144868780026542e+01
1.642900000000000027e+00	2.347390159881780392e+01
1.646500000000000075e+00	2.414177687405207351e+01
1.650099999999999900e+00	2.516421734578309000e+01
1.653699999999999948e+00	2.637361117275847633e+01
1.657299999999999995e+00	3.004349143717224635e+01
1.660900000000000043e+00	3.151455764305854501e+01
1.664500000000000091e+00	3.368783506572909658e+01
1.668099999999999916e+00	3.401396437203825940e+01
1.671699999999999964e+00	3.372826827696434293e+01
1.675400000000000000e+00	3.057245029158549698e+01
1.679000000000000048e+00	2.652479949173082119e+01
1.682600000000000096e+00	2.399539429968890758e+01
1.686199999999999921e+00	2.103846816284762156e+01
1.689799999999999969e+00	1.977262090692376617e+01
1.693400000000000016e+00	2.006428465772788172e+01
1.697000000000000064e+00	2.109230798313219779e+01
1.700599999999999890e+00	2.230108621406646918e+01
1.704199999999999937e+00	2.505550050066016254e+01
1.707799999999999985e+00	2.717791532166587132e+01
1.711400000000000032e+00	2.958751180128801650e+01
1.715000000000000080e+00	2.953801761471261855e+01
1.718599999999999905e+00	2.914531253094007468e+01
1.722199999999999953e+00	2.727905740425466163e+01
1.725899999999999990e+00	2.561463612993986416e+01
1.729500000000000037e+00	2.464362662543637938e+01
1.733100000000000085e+00	2.281986136750329308e+01
1.736699999999999910e+00	2.135992983685829216e+01
1.740299999999999958e+00	2.351503427974711613e+01
1.743900000000000006e+00	2.243064427944171868e+01
1.747500000000000053e+00	2.388669545084022161e+01
1.751100000000000101e+00	2.548862497145427142e+01
1.754699999999999926e+00	2.589597954638925970e+01
1.758299999999999974e+00	2.650021561451560004e+01
1.761900000000000022e+00	2.641135225246846829e+01
1.765500000000000069e+00	2.505429929107666354e+01
1.769099999999999895e+00	2.468658384351337176e+01
1.772699999999999942e+00	2.548942372056601613e+01
1.776399999999999979e+00	2.315845906406809362e+01
1.780000000000000027e+00	2.389142137056423465e+01
1.783600000000000074e+00	2.531824156208706000e+01
1.787199999999999900e+00	2.705598734314528286e+01
1.790799999999999947e+00	2.686904711393408718e+01
1.794399999999999995e+00	2.683354704316424488e+01
1.798000000000000043e+00	2.643472760851375014e+01
1.801600000000000090e+00	2.627383522227068013e+01
1.805199999999999916e+00	2.591110289935939193e+01
1.808799999999999963e+00	2.608778264490822707e+01
1.812400000000000011e+00	2.744042663893354828e+01
1.816000000000000059e+00	2.815571163984870395e+01
1.819600000000000106e+00	3.028555964320698024e+01
1.823199999999999932e+00	3.131741013820120401e+01
1.826899999999999968e+00	3.227742370388729398e+01
1.830500000000000016e+00	3.361555187543690693e+01
1.834100000000000064e+00	3.352234543386797583e+01
1.837699999999999889e+00	3.265293606708139862e+01
1.841299999999999937e+00	3.201670910668235592e+01
1.844899999999999984e+00	3.010652853037873200e+01
1.848500000000000032e+00	3.099262449169996003e+01
1.852100000000000080e+00	3.147595913861758277e+01
1.855699999999999905e+00	3.433285824617802007e+01
1.859299999999999953e+00	3.468296320739703731e+01
1.862900000000000000e+00	3.715185003288187460e+01
1.866500000000000048e+00	3.769577452682901963e+01
1.870100000000000096e+00	3.706792058733994111e+01
1.873699999999999921e+00	3.654866271781240528e+01
1.877399999999999958e+00	3.430112959470275769e+01
1.881000000000000005e+00	3.457512502379750430e+01
1.884600000000000053e+00	3.481533391589070447e+01
1.888200000000000101e+00	3.690011411738334601e+01
1.891799999999999926e+00	3.831912578037689343e+01
1.895399999999999974e+00	3.954772680518485828e+01
1.899000000000000021e+00	4.211995103408361985e+01
1.902600000000000069e+00	4.332297266837515082e+01
1.906199999999999894e+00	4.444066818632249039e+01
1.909799999999999942e+00	4.222404260141460952e+01
1.913399999999999990e+00	3.984275577307057858e+01
1.917000000000000037e+00	3.654611209426327179e+01
1.920600000000000085e+00	3.311695597214376363e+01
1.924199999999999910e+00	3.187803680300232756e+01
1.927899999999999947e+00	3.161912230997485196e+01
1.931499999999999995e+00	3.431381805693607845e+01
1.935100000000000042e+00	3.612865179319213382e+01
1.938700000000000090e+00	3.923723116316764248e+01
1.942299999999999915e+00	3.913213417430566921e+01
1.945899999999999963e+00	3.920124926182309366e+01
1.949500000000000011e+00	3.924298348344865417e+01
1.953100000000000058e+00	3.913477809224910686e+01
1.956700000000000106e+00	3.980861525391308220e+01
1.960299999999999931e+00	4.397296484400947492e+01
1.963899999999999979e+00	4.791134192033363348e+01
1.967500000000000027e+00	5.351348105907977981e+01
1.971100000000000074e+00	5.426817642221529780e+01
1.974699999999999900e+00	5.325529411757099751e+01
1.978399999999999936e+00	5.095116565816758936e+01
1.981999999999999984e+00	4.776292243396468962e+01
1.985600000000000032e+00	4.450820852858924326e+01
1.989200000000000079e+00	4.493718664213498926e+01
1.992799999999999905e+00	4.574791322327318710e+01
1.996399999999999952e+00	4.984055815616973462e+01
2.000000000000000000e+00	5.901717403115981142e+01
