2.000000000000000111e-01	-2.354171143491394336e+00
2.036000000000000032e-01	-1.901072498148953516e+00
2.071999999999999953e-01	-9.687680983100641630e-01
2.107999999999999874e-01	-1.095313999927406856e+00
2.144000000000000072e-01	-1.039050232066843105e+00
2.179999999999999993e-01	-5.637808784631497261e-01
2.215999999999999914e-01	-7.638079983442929155e-01
2.253000000000000003e-01	-1.397606802730853914e+00
2.288999999999999924e-01	-1.239904868505079305e+00
2.325000000000000122e-01	-1.007156051162028110e+00
2.361000000000000043e-01	1.514911255464701512e-01
2.396999999999999964e-01	-3.360141795773622930e-01
2.432999999999999885e-01	-3.610736327631027254e-01
2.469000000000000083e-01	1.238507288165631715e-01
2.505000000000000004e-01	-5.802755827026241375e-01
2.540999999999999925e-01	-4.041293134536119713e-01
2.576999999999999846e-01	7.280017633315835068e-01
2.612999999999999767e-01	-1.957740748495394589e-01
2.649000000000000243e-01	-4.164035128254411355e-01
2.685000000000000164e-01	-2.328340398925924148e+00
2.721000000000000085e-01	-2.166315710715124299e-01
2.757999999999999896e-01	-1.055144716572065100e-01
2.793999999999999817e-01	-7.467625209533531594e-01
2.829999999999999738e-01	4.253555164409705824e-02
2.866000000000000214e-01	-1.848406692119637373e-01
2.902000000000000135e-01	-1.217241652418875830e+00
2.938000000000000056e-01	-9.524600090501964544e-01
2.973999999999999977e-01	-2.017405680273480328e+00
3.009999999999999898e-01	-9.938218684766477740e-01
3.045999999999999819e-01	-1.629385124346724556e+00
3.081999999999999740e-01	-1.991511553539703216e+00
3.118000000000000216e-01	-1.557564161427386296e+00
3.154000000000000137e-01	-1.902118880159382242e+00
3.190000000000000058e-01	-1.118414426878401757e+00
3.225999999999999979e-01	-5.694591996312390325e-01
3.262999999999999790e-01	-1.254810960995003999e+00
3.299000000000000266e-01	-8.202342759238812064e-01
3.335000000000000187e-01	-5.874777615539525932e-01
3.371000000000000107e-01	-2.105643465021321270e-01
3.407000000000000028e-01	7.947413556518978517e-02
3.442999999999999949e-01	5.869704620368662029e-01
3.478999999999999870e-01	6.338075368748291583e-01
3.514999999999999791e-01	1.104758225201162070e+00
3.551000000000000267e-01	2.334024703291691649e-01
3.587000000000000188e-01	-2.285401488808476711e-01
3.623000000000000109e-01	2.794581831583193843e-01
3.659000000000000030e-01	-2.363958879539895808e-02
3.694999999999999951e-01	-5.754375569430605353e-01
3.730999999999999872e-01	-5.026315978440361043e-01
3.768000000000000238e-01	-5.206321158394660031e-01
3.804000000000000159e-01	-1.706036953418596624e+00
3.840000000000000080e-01	-1.295122539110184601e+00
3.876000000000000001e-01	-1.162273054395656535e+00
3.911999999999999922e-01	-3.793138754026248449e-02
3.947999999999999843e-01	-7.195762169919008855e-01
3.983999999999999764e-01	-9.320114091866267270e-01
4.020000000000000240e-01	-2.694276597390306005e-01
4.056000000000000161e-01	-1.257090504178747459e+00
4.092000000000000082e-01	-3.701635576017237583e-01
4.128000000000000003e-01	5.536638637100346205e-01
4.163999999999999924e-01	-9.469940817729677329e-02
4.199999999999999845e-01	1.139734535960876149e+00
4.235999999999999766e-01	1.456697929861415997e+00
4.273000000000000131e-01	2.061395865481038037e+00
4.309000000000000052e-01	2.713972099676587924e+00
4.344999999999999973e-01	2.510253761112664961e+00
4.380999999999999894e-01	3.480086461591416658e+00
4.416999999999999815e-01	4.155103827371076974e+00
4.452999999999999736e-01	3.435971420818344946e+00
4.489000000000000212e-01	4.897107907956780082e+00
4.525000000000000133e-01	4.083323360946912395e+00
4.561000000000000054e-01	4.372992864280945469e+00
4.596999999999999975e-01	3.588857765512974751e+00
4.632999999999999896e-01	4.225405585813025944e+00
4.668999999999999817e-01	3.919464347208636124e+00
4.704999999999999738e-01	3.932999336555258019e+00
4.741000000000000214e-01	5.186140641364124448e+00
4.778000000000000025e-01	3.700038210432611052e+00
4.813999999999999946e-01	4.114607898704464972e+00
4.849999999999999867e-01	4.161348667241715482e+00
4.885999999999999788e-01	3.260260506289300864e+00
4.922000000000000264e-01	3.276619653757162354e+00
4.958000000000000185e-01	2.738920023120117175e+00
4.994000000000000106e-01	3.465733806538073836e+00
5.030000000000000027e-01	3.128088921748620965e+00
5.066000000000000503e-01	3.702641577684841145e+00
5.101999999999999869e-01	4.186517319547086835e+00
5.138000000000000345e-01	5.085519342921277719e+00
5.173999999999999710e-01	5.107049861452563455e+00
5.210000000000000187e-01	5.296096996295519332e+00
5.245999999999999552e-01	4.599946019771691041e+00
5.282999999999999918e-01	4.874051599256706169e+00
5.319000000000000394e-01	5.041587445081240126e+00
5.354999999999999760e-01	5.332273093157578359e+00
5.391000000000000236e-01	6.290417260407330069e+00
5.426999999999999602e-01	5.175421721842059952e+00
5.463000000000000078e-01	5.589285953897434212e+00
5.499000000000000554e-01	4.663593011773017771e+00
5.534999999999999920e-01	3.734398695730885898e+00
5.571000000000000396e-01	4.092329550977492403e+00
5.606999999999999762e-01	3.803507953324725577e+00
5.643000000000000238e-01	3.078869123667839158e+00
5.678999999999999604e-01	3.400671488378089524e+00
5.715000000000000080e-01	2.616037380644584687e+00
5.752000000000000446e-01	3.094219740168470345e+00
5.787999999999999812e-01	2.411657535558829224e+00
5.824000000000000288e-01	3.226431092228509989e+00
5.859999999999999654e-01	2.711246182741246180e+00
5.896000000000000130e-01	2.196631850070761782e+00
5.931999999999999496e-01	2.167350650399851197e+00
5.967999999999999972e-01	2.220919995620847409e+00
6.004000000000000448e-01	2.609581649034334205e+00
6.039999999999999813e-01	2.093010173797371642e+00
6.076000000000000290e-01	1.376497626069394631e+00
6.111999999999999655e-01	1.703655579960849042e+00
6.148000000000000131e-01	2.261463440993013219e+00
6.183999999999999497e-01	1.696407404048769108e+00
6.219999999999999973e-01	1.507718979807280757e+00
6.257000000000000339e-01	2.553412442090869483e+00
6.292999999999999705e-01	2.273480356369336874e+00
6.329000000000000181e-01	2.048493030629958245e+00
6.364999999999999547e-01	1.215478869968297904e+00
6.401000000000000023e-01	3.246940162273147301e+00
6.437000000000000499e-01	3.051569996050268685e+00
6.472999999999999865e-01	3.793192133196213511e+00
6.509000000000000341e-01	3.739219137163662943e+00
6.544999999999999707e-01	2.233994348612664549e+00
6.581000000000000183e-01	2.611014643504885768e+00
6.616999999999999549e-01	2.346886255879563343e+00
6.653000000000000025e-01	2.507553521346998160e+00
6.689000000000000501e-01	2.596643063467957813e+00
6.724999999999999867e-01	1.787543182378168005e+00
6.762000000000000233e-01	1.568825233876411485e+00
6.797999999999999599e-01	2.073033221120886171e+00
6.834000000000000075e-01	7.270610103094399257e-01
6.870000000000000551e-01	4.484799789446698437e-01
6.905999999999999917e-01	1.056304308879029374e+00
6.942000000000000393e-01	3.242822685875213495e-01
6.977999999999999758e-01	3.785188894330208109e-01
7.014000000000000234e-01	8.309745477946497427e-01
7.049999999999999600e-01	3.013404272503333314e-01
7.086000000000000076e-01	5.186293312135303868e-02
7.122000000000000552e-01	-8.070422108263862748e-01
7.157999999999999918e-01	-2.631406163957325517e-02
7.194000000000000394e-01	6.493334696957355767e-01
7.229999999999999760e-01	4.591066156549621358e-01
7.267000000000000126e-01	8.666075335334855190e-01
7.302999999999999492e-01	5.043444742310053686e-01
7.338999999999999968e-01	1.788660312610180103e+00
7.375000000000000444e-01	1.391360435996964018e+00
7.410999999999999810e-01	1.911519267973839753e+00
7.447000000000000286e-01	1.590799039849845720e+00
7.482999999999999652e-01	1.443235249632170092e+00
7.519000000000000128e-01	2.945004872190885248e+00
7.554999999999999494e-01	2.069882075454338555e+00
7.590999999999999970e-01	2.187264033915067074e+00
7.627000000000000446e-01	2.035357160404604571e+00
7.662999999999999812e-01	2.021984408703693337e+00
7.699000000000000288e-01	1.321246343079967911e+00
7.734999999999999654e-01	2.274815065655250379e+00
7.772000000000000020e-01	1.921968134833614839e+00
7.808000000000000496e-01	5.592737422341049758e-01
7.843999999999999861e-01	1.253445541760794146e+00
7.880000000000000338e-01	-1.431928679964435958e-01
7.915999999999999703e-01	9.907825823875526794e-02
7.952000000000000179e-01	7.391641908450721221e-01
7.987999999999999545e-01	1.174042179577918787e+00
8.024000000000000021e-01	1.546959828612751053e+00
8.060000000000000497e-01	1.172139048803347627e+00
8.095999999999999863e-01	2.414865681004133791e+00
8.132000000000000339e-01	2.397930496288454449e+00
8.167999999999999705e-01	1.462977980838287451e+00
8.204000000000000181e-01	2.722355714856881548e+00
8.239999999999999547e-01	3.316816926751308792e+00
8.276999999999999913e-01	2.804314751029374442e+00
8.313000000000000389e-01	4.307127193841936652e+00
8.348999999999999755e-01	3.761230605476157063e+00
8.385000000000000231e-01	3.778201322119966399e+00
8.420999999999999597e-01	4.469796334143002703e+00
8.457000000000000073e-01	3.598827336197690130e+00
8.493000000000000549e-01	4.833025227392742984e+00
8.528999999999999915e-01	5.164582170112876014e+00
8.565000000000000391e-01	4.158618324110782360e+00
8.600999999999999757e-01	5.068915464660491921e+00
8.637000000000000233e-01	4.519841639191110261e+00
8.672999999999999599e-01	4.029439458002047836e+00
8.709000000000000075e-01	4.469782219640090482e+00
8.745000000000000551e-01	4.640928674065776249e+00
8.781999999999999806e-01	4.494071465806228183e+00
8.818000000000000282e-01	4.098887296948112713e+00
8.853999999999999648e-01	3.998227066291366594e+00
8.890000000000000124e-01	4.214829546842530306e+00
8.925999999999999490e-01	3.024878925953654374e+00
8.961999999999999966e-01	3.590814563912166690e+00
8.998000000000000442e-01	3.841748064076155877e+00
9.033999999999999808e-01	2.987062519492760693e+00
9.070000000000000284e-01	4.329101212001409849e+00
9.105999999999999650e-01	4.865172056523844546e+00
9.142000000000000126e-01	5.343107941802774263e+00
9.177999999999999492e-01	5.207767433935193147e+00
9.213999999999999968e-01	7.416811218858892829e+00
9.251000000000000334e-01	5.848319937945319680e+00
9.286999999999999700e-01	6.448466222172737794e+00
9.323000000000000176e-01	7.272696628513349637e+00
9.358999999999999542e-01	7.603131466664166282e+00
9.395000000000000018e-01	7.748166084185363900e+00
9.431000000000000494e-01	8.190526006180638419e+00
9.466999999999999860e-01	7.785112998168940202e+00
9.503000000000000336e-01	8.155256912930777702e+00
9.538999999999999702e-01	7.542271237511788406e+00
9.575000000000000178e-01	8.271449996075286748e+00
9.610999999999999543e-01	8.456214745443523029e+00
9.647000000000000020e-01	6.264123637196086669e+00
9.683000000000000496e-01	7.561133344954125590e+00
9.718999999999999861e-01	6.724621699309699885e+00
9.756000000000000227e-01	6.490586001413503503e+00
9.791999999999999593e-01	6.115793259524423320e+00
9.828000000000000069e-01	5.837033268859871171e+00
9.864000000000000545e-01	6.707076346184564386e+00
9.899999999999999911e-01	5.941153733444816787e+00
9.936000000000000387e-01	6.487821233172804014e+00
9.971999999999999753e-01	6.875021433619803446e+00
1.000799999999999912e+00	7.754317900381778372e+00
1.004399999999999959e+00	8.583314145312868959e+00
1.008000000000000007e+00	7.543785721591748761e+00
1.011600000000000055e+00	8.055024072485494457e+00
1.015200000000000102e+00	8.207059145942473322e+00
1.018799999999999928e+00	7.823699617479832114e+00
1.022399999999999975e+00	8.587060792661770137e+00
1.026100000000000012e+00	8.092568953740755688e+00
1.029700000000000060e+00	8.476489450443731144e+00
1.033300000000000107e+00	8.808912974451081013e+00
1.036899999999999933e+00	8.544117335679576541e+00
1.040499999999999980e+00	9.255878888770526558e+00
1.044100000000000028e+00	8.830509851171759905e+00
1.047700000000000076e+00	8.272457542730872859e+00
1.051299999999999901e+00	8.307160363629714439e+00
1.054899999999999949e+00	8.648317669282338471e+00
1.058499999999999996e+00	8.517991131428397367e+00
1.062100000000000044e+00	8.143642635172144040e+00
1.065700000000000092e+00	8.164316159199749734e+00
1.069299999999999917e+00	8.712794413638484059e+00
1.072899999999999965e+00	8.000982920664929665e+00
1.076600000000000001e+00	7.519589952870473049e+00
1.080200000000000049e+00	8.303995672274515627e+00
1.083800000000000097e+00	8.271360827257359105e+00
1.087399999999999922e+00	7.267587301361079000e+00
1.090999999999999970e+00	8.167624871171359047e+00
1.094600000000000017e+00	8.503989446046945844e+00
1.098200000000000065e+00	8.723507759958641472e+00
1.101799999999999891e+00	8.529584210118160925e+00
1.105399999999999938e+00	9.707202253283897520e+00
1.108999999999999986e+00	8.992150297797351755e+00
1.112600000000000033e+00	9.823025782892891300e+00
1.116200000000000081e+00	1.033458647056551882e+01
1.119799999999999907e+00	1.042941864101195648e+01
1.123399999999999954e+00	1.108056549923261258e+01
1.127099999999999991e+00	1.086572438344458114e+01
1.130700000000000038e+00	1.084547445794213871e+01
1.134300000000000086e+00	1.152665987404371251e+01
1.137899999999999912e+00	1.163454439234516968e+01
1.141499999999999959e+00	1.200848667170588513e+01
1.145100000000000007e+00	1.248776222041072259e+01
1.148700000000000054e+00	1.216623641367539932e+01
1.152300000000000102e+00	1.238814363112460093e+01
1.155899999999999928e+00	1.298411829518522609e+01
1.159499999999999975e+00	1.179251812738429805e+01
1.163100000000000023e+00	1.314034662777095619e+01
1.166700000000000070e+00	1.357873270974548063e+01
1.170299999999999896e+00	1.303664910653746745e+01
1.173899999999999944e+00	1.344297395396920081e+01
1.177599999999999980e+00	1.334456526408992616e+01
1.181200000000000028e+00	1.398637004989510046e+01
1.184800000000000075e+00	1.579410902138669393e+01
1.188399999999999901e+00	1.526845263201113845e+01
1.191999999999999948e+00	1.581261596940480274e+01
1.195599999999999996e+00	1.587952864430681998e+01
1.199200000000000044e+00	1.788348209883432105e+01
1.202800000000000091e+00	1.727356699273698126e+01
1.206399999999999917e+00	1.816431050157243732e+01
1.209999999999999964e+00	1.770416824332461303e+01
1.213600000000000012e+00	1.906874526362376798e+01
1.217200000000000060e+00	1.995208040645084679e+01
1.220800000000000107e+00	2.088575370002834930e+01
1.224399999999999933e+00	2.034446221166215096e+01
1.228099999999999969e+00	2.131846491393312704e+01
1.231700000000000017e+00	2.111626161049131056e+01
1.235300000000000065e+00	2.188120501348088709e+01
1.238899999999999890e+00	2.220382105679748719e+01
1.242499999999999938e+00	2.338137757899633584e+01
1.246099999999999985e+00	2.328700423867818969e+01
1.249700000000000033e+00	2.392338378919836828e+01
1.253300000000000081e+00	2.345917010384787815e+01
1.256899999999999906e+00	2.359116090317396441e+01
1.260499999999999954e+00	2.325667468275570826e+01
1.264100000000000001e+00	2.368600684433497605e+01
1.267700000000000049e+00	2.369928433943283608e+01
1.271300000000000097e+00	2.449000233061352816e+01
1.274899999999999922e+00	2.534430800375838544e+01
1.278599999999999959e+00	2.535357680074347897e+01
1.282200000000000006e+00	2.469756300270763916e+01
1.285800000000000054e+00	2.453934384298669968e+01
1.289400000000000102e+00	2.476309801737716398e+01
1.292999999999999927e+00	2.415426780356704839e+01
1.296599999999999975e+00	2.407313246464230616e+01
1.300200000000000022e+00	2.398138570688602300e+01
1.303800000000000070e+00	2.442954921872634699e+01
1.307399999999999896e+00	2.525950895796794526e+01
1.310999999999999943e+00	2.527483894046840973e+01
1.314599999999999991e+00	2.494293521064164665e+01
1.318200000000000038e+00	2.401021259163945487e+01
1.321800000000000086e+00	2.524594478882531590e+01
1.325499999999999901e+00	2.422361399261711057e+01
1.329099999999999948e+00	2.377072970595689227e+01
1.332699999999999996e+00	2.234971108067252743e+01
1.336300000000000043e+00	2.395358842958422940e+01
1.339900000000000091e+00	2.301245944375195052e+01
1.343499999999999917e+00	2.278331141019968342e+01
1.347099999999999964e+00	2.213980304112206454e+01
1.350700000000000012e+00	2.189711797628173784e+01
1.354300000000000059e+00	2.145466056239603247e+01
1.357900000000000107e+00	2.179559118312422683e+01
1.361499999999999932e+00	2.053629340105657519e+01
1.365099999999999980e+00	2.159383720994496869e+01
1.368700000000000028e+00	1.974135306868884498e+01
1.372300000000000075e+00	1.997823227651716138e+01
1.375999999999999890e+00	1.999874471981482316e+01
1.379599999999999937e+00	1.913716139739763733e+01
1.383199999999999985e+00	1.989079119902732629e+01
1.386800000000000033e+00	1.888950451267239217e+01
1.390400000000000080e+00	1.735851845325925424e+01
1.393999999999999906e+00	1.855770334222077622e+01
1.397599999999999953e+00	1.968913553274803618e+01
1.401200000000000001e+00	1.882537595634697425e+01
1.404800000000000049e+00	1.891826184255789656e+01
1.408400000000000096e+00	1.992106352386775470e+01
1.411999999999999922e+00	1.873438650433709896e+01
1.415599999999999969e+00	1.850256604855089648e+01
1.419200000000000017e+00	1.876844961905597842e+01
1.422800000000000065e+00	1.776095911573069230e+01
1.426500000000000101e+00	1.897445556500717956e+01
1.430099999999999927e+00	1.941825903834074651e+01
1.433699999999999974e+00	1.904145069421740999e+01
1.437300000000000022e+00	1.949248390573080414e+01
1.440900000000000070e+00	1.863582749872460553e+01
1.444499999999999895e+00	1.972747622392708777e+01
1.448099999999999943e+00	2.040558273452946025e+01
1.451699999999999990e+00	1.946179055329609753e+01
1.455300000000000038e+00	1.941573850322767214e+01
1.458900000000000086e+00	1.947018759198894955e+01
1.462499999999999911e+00	1.989263482736865996e+01
1.466099999999999959e+00	1.900738185505398903e+01
1.469700000000000006e+00	1.875283917612633999e+01
1.473300000000000054e+00	1.826095645297995773e+01
1.477000000000000091e+00	1.948957816767464735e+01
1.480599999999999916e+00	1.965764933207632481e+01
1.484199999999999964e+00	2.063799970470347134e+01
1.487800000000000011e+00	2.044849459479469544e+01
1.491400000000000059e+00	2.121796075739476706e+01
1.495000000000000107e+00	2.138994189389317313e+01
1.498599999999999932e+00	2.164907753236395749e+01
1.502199999999999980e+00	2.151543282233622634e+01
1.505800000000000027e+00	2.212658691997289040e+01
1.509400000000000075e+00	2.091432969336836933e+01
1.512999999999999901e+00	2.272922015141944740e+01
1.516599999999999948e+00	2.345948969828525321e+01
1.520199999999999996e+00	2.271988203298083064e+01
1.523800000000000043e+00	2.398186823528313383e+01
1.527500000000000080e+00	2.366788452602487425e+01
1.531099999999999905e+00	2.343390982136005363e+01
1.534699999999999953e+00	2.446911061998416059e+01
1.538300000000000001e+00	2.263044124022756520e+01
1.541900000000000048e+00	2.252771762492011476e+01
1.545500000000000096e+00	2.407272720384217024e+01
1.549099999999999921e+00	2.252960350151287727e+01
1.552699999999999969e+00	2.237510261018806901e+01
1.556300000000000017e+00	2.219937153417892617e+01
1.559900000000000064e+00	2.118364940355168713e+01
1.563499999999999890e+00	2.248211241482594502e+01
1.567099999999999937e+00	2.214185863635157148e+01
1.570699999999999985e+00	2.210544471153966839e+01
1.574300000000000033e+00	2.308539484386844620e+01
1.578000000000000069e+00	2.366734087644379869e+01
1.581599999999999895e+00	2.414767418587450365e+01
1.585199999999999942e+00	2.377808294494277064e+01
1.588799999999999990e+00	2.252676945003587861e+01
1.592400000000000038e+00	2.373905215272844771e+01
1.596000000000000085e+00	2.225015075783543850e+01
1.599599999999999911e+00	2.267524052090436371e+01
1.603199999999999958e+00	2.172652033631351287e+01
1.606800000000000006e+00	2.128243384686748030e+01
1.610400000000000054e+00	2.268668323035872447e+01
1.614000000000000101e+00	2.138675301337709911e+01
1.617599999999999927e+00	2.135945734929186202e+01
1.621199999999999974e+00	2.233374311089182740e+01
1.624800000000000022e+00	2.172467571206866666e+01
1.628500000000000059e+00	2.237518225300200214e+01
1.632100000000000106e+00	2.087733620572282689e+01
1.635699999999999932e+00	1.935279343381390760e+01
1.639299999999999979e+00	1.945559641596174316e+01
1.642900000000000027e+00	1.899160531651604700e+01
1.646500000000000075e+00	1.909831975479274035e+01
1.650099999999999900e+00	1.987151238070715920e+01
1.653699999999999948e+00	1.940911267755391023e+01
1.657299999999999995e+00	1.960908423434222314e+01
1.660900000000000043e+00	1.846291271177848259e+01
1.664500000000000091e+00	1.937837803636615419e+01
1.668099999999999916e+00	1.934907052555262297e+01
1.671699999999999964e+00	1.841426308938071088e+01
1.675400000000000000e+00	1.831227447384559426e+01
1.679000000000000048e+00	1.846781383523776654e+01
1.682600000000000096e+00	1.686737283598893455e+01
1.686199999999999921e+00	1.725754610867644345e+01
1.689799999999999969e+00	1.617362291670317376e+01
1.693400000000000016e+00	1.644867147983254796e+01
1.697000000000000064e+00	1.609660781804746321e+01
1.700599999999999890e+00	1.699058173547057748e+01
1.704199999999999937e+00	1.789423886252314588e+01
1.707799999999999985e+00	1.830460495670773824e+01
1.711400000000000032e+00	1.981053152827588804e+01
1.715000000000000080e+00	2.084498810919348344e+01
1.718599999999999905e+00	2.038428992589123112e+01
1.722199999999999953e+00	2.101342453669770904e+01
1.725899999999999990e+00	1.930381193103128723e+01
1.729500000000000037e+00	1.960001040330690714e+01
1.733100000000000085e+00	2.133821290064436127e+01
1.736699999999999910e+00	1.950909948952333295e+01
1.740299999999999958e+00	2.061421720894388443e+01
1.743900000000000006e+00	2.087733075996134247e+01
1.747500000000000053e+00	2.131844257427120581e+01
1.751100000000000101e+00	2.243616617781221123e+01
1.754699999999999926e+00	2.335219187258308438e+01
1.758299999999999974e+00	2.274514711837481684e+01
1.761900000000000022e+00	2.326795135888767163e+01
1.765500000000000069e+00	2.229929547931531530e+01
1.769099999999999895e+00	2.283938337558101495e+01
1.772699999999999942e+00	2.326550762280500351e+01
1.776399999999999979e+00	2.203820406850151059e+01
1.780000000000000027e+00	2.312540666447515392e+01
1.783600000000000074e+00	2.346634973388391998e+01
1.787199999999999900e+00	2.383380602074721111e+01
1.790799999999999947e+00	2.384876103925698487e+01
1.794399999999999995e+00	2.517142130471440709e+01
1.798000000000000043e+00	2.468733834234542002e+01
1.801600000000000090e+00	2.426318257544681245e+01
1.805199999999999916e+00	2.506608137808006731e+01
1.808799999999999963e+00	2.538756338110203359e+01
1.812400000000000011e+00	2.512833585190592700e+01
1.816000000000000059e+00	2.572745137207272137e+01
1.819600000000000106e+00	2.608133866797064826e+01
1.823199999999999932e+00	2.675083936972138332e+01
1.826899999999999968e+00	2.599799933141827779e+01
1.830500000000000016e+00	2.648450704308196890e+01
1.834100000000000064e+00	2.727116756483981774e+01
1.837699999999999889e+00	2.801904474252118860e+01
1.841299999999999937e+00	2.874659620661558179e+01
1.844899999999999984e+00	3.045803731474089915e+01
1.848500000000000032e+00	3.031345625919268372e+01
1.852100000000000080e+00	2.987579354723458280e+01
1.855699999999999905e+00	2.997924277737831744e+01
1.859299999999999953e+00	2.863622571060751199e+01
1.862900000000000000e+00	2.947407342613679049e+01
1.866500000000000048e+00	3.013631644859684044e+01
1.870100000000000096e+00	3.099423463733228701e+01
1.873699999999999921e+00	3.469418108767531805e+01
1.877399999999999958e+00	3.554692931864926209e+01
1.881000000000000005e+00	3.783192177164011127e+01
1.884600000000000053e+00	3.837352904398138520e+01
1.888200000000000101e+00	3.846058632178220904e+01
1.891799999999999926e+00	3.811135045278134470e+01
1.895399999999999974e+00	3.833817391244350858e+01
1.899000000000000021e+00	3.836433894307925385e+01
1.902600000000000069e+00	3.965698665927910582e+01
1.906199999999999894e+00	3.950378832963216524e+01
1.909799999999999942e+00	4.231138953091750921e+01
1.913399999999999990e+00	4.430846967236184497e+01
1.917000000000000037e+00	4.557023268071664290e+01
1.920600000000000085e+00	4.701065322843235350e+01
1.924199999999999910e+00	4.889965342767043666e+01
1.927899999999999947e+00	4.862789070441570516e+01
1.931499999999999995e+00	5.067377336630828921e+01
1.935100000000000042e+00	5.049467261327268375e+01
1.938700000000000090e+00	5.113074674998405555e+01
1.942299999999999915e+00	5.191095705982793618e+01
1.945899999999999963e+00	5.463741218281465706e+01
1.949500000000000011e+00	5.714402365103955361e+01
1.953100000000000058e+00	5.858098240850143412e+01
1.956700000000000106e+00	5.790793342026393020e+01
1.960299999999999931e+00	5.855606529605943678e+01
1.963899999999999979e+00	5.503977191576244365e+01
1.967500000000000027e+00	5.489653616875020248e+01
1.971100000000000074e+00	5.156208501124575605e+01
1.974699999999999900e+00	5.054711830258710847e+01
1.978399999999999936e+00	4.962683813724036952e+01
1.981999999999999984e+00	5.022166377795112879e+01
1.985600000000000032e+00	5.069556323160334443e+01
1.989200000000000079e+00	5.444626363147701653e+01
1.992799999999999905e+00	5.876554628001299818e+01
1.996399999999999952e+00	6.582399833470221040e+01
2.000000000000000000e+00	7.459447649970348948e+01
