2.000000000000000111e-01	-2.399463298770801778e+00
2.036000000000000032e-01	-2.129765189230018674e+00
2.071999999999999953e-01	-1.916023833037999280e+00
2.107999999999999874e-01	-1.993727401258521548e+00
2.144000000000000072e-01	-1.290752174972234601e+00
2.179999999999999993e-01	-1.437789906714507904e+00
2.215999999999999914e-01	-1.398567495252253989e+00
2.253000000000000003e-01	-1.479264536743575942e+00
2.288999999999999924e-01	-1.617261284198262095e+00
2.325000000000000122e-01	-1.203582633502415122e+00
2.361000000000000043e-01	-1.014976377188137935e+00
2.396999999999999964e-01	-8.079092373225629231e-01
2.432999999999999885e-01	-8.189862814111038558e-01
2.469000000000000083e-01	-1.183215846502544188e+00
2.505000000000000004e-01	-6.459554108648821735e-01
2.540999999999999925e-01	-3.515451383510751482e-01
2.576999999999999846e-01	-6.260252421880376783e-01
2.612999999999999767e-01	-7.443663892120605530e-01
2.649000000000000243e-01	-7.483166206785958341e-01
2.685000000000000164e-01	-3.294571665179335529e-01
2.721000000000000085e-01	-1.074891875633929850e+00
2.757999999999999896e-01	-1.426788945408601794e+00
2.793999999999999817e-01	-9.852680074283350908e-01
2.829999999999999738e-01	-1.753803048002509080e+00
2.866000000000000214e-01	-1.436087074156185084e+00
2.902000000000000135e-01	-2.190573608303169273e+00
2.938000000000000056e-01	-1.984575095034007530e+00
2.973999999999999977e-01	-1.891378159249363033e+00
3.009999999999999898e-01	-1.612161808082516856e+00
3.045999999999999819e-01	-1.520995507774266731e+00
3.081999999999999740e-01	-1.865709394950859190e+00
3.118000000000000216e-01	-1.372848084578942363e+00
3.154000000000000137e-01	-1.037961398795207213e+00
3.190000000000000058e-01	-1.070563845144240300e+00
3.225999999999999979e-01	-6.784015015972970630e-01
3.262999999999999790e-01	-5.923174818485972271e-01
3.299000000000000266e-01	-3.221048441345886193e-02
3.335000000000000187e-01	-1.162163519458693783e-01
3.371000000000000107e-01	-2.651391070889153045e-01
3.407000000000000028e-01	7.955972940517272995e-01
3.442999999999999949e-01	2.831469143299857882e-01
3.478999999999999870e-01	6.967808043519181371e-01
3.514999999999999791e-01	5.439995530798444889e-01
3.551000000000000267e-01	3.492393623393857949e-01
3.587000000000000188e-01	7.789436966715366228e-01
3.623000000000000109e-01	1.020682242960202046e+00
3.659000000000000030e-01	2.042220153268496652e-01
3.694999999999999951e-01	4.898509495591151786e-01
3.730999999999999872e-01	2.081166379567248037e-01
3.768000000000000238e-01	1.948244845309983209e-01
3.804000000000000159e-01	-6.409047473411607632e-01
3.840000000000000080e-01	-5.155107977390966933e-01
3.876000000000000001e-01	-4.242791153614291488e-01
3.911999999999999922e-01	-5.672951546934533740e-01
3.947999999999999843e-01	-8.014909211359106944e-01
3.983999999999999764e-01	-8.225525867858513029e-01
4.020000000000000240e-01	-5.228950094511590763e-01
4.056000000000000161e-01	-2.330690244731935534e-01
4.092000000000000082e-01	-1.188397622359583794e-01
4.128000000000000003e-01	-4.983733552566040892e-01
4.163999999999999924e-01	-2.167847478569671082e-01
4.199999999999999845e-01	-2.592078323050915900e-01
4.235999999999999766e-01	2.407238618133741570e-01
4.273000000000000131e-01	2.938493190584606785e-01
4.309000000000000052e-01	5.029631340486968583e-01
4.344999999999999973e-01	7.048967359693056878e-01
4.380999999999999894e-01	3.770860835006583645e-01
4.416999999999999815e-01	3.499628277461417913e-01
4.452999999999999736e-01	1.107883407011902133e+00
4.489000000000000212e-01	9.214274924496965724e-01
4.525000000000000133e-01	6.876431081425053993e-01
4.561000000000000054e-01	3.838780216357811637e-01
4.596999999999999975e-01	5.290916716510473128e-01
4.632999999999999896e-01	8.112916230375082360e-01
4.668999999999999817e-01	1.189368226596706712e+00
4.704999999999999738e-01	8.450659299658171975e-01
4.741000000000000214e-01	4.582354821675880263e-01
4.778000000000000025e-01	5.080706899155836842e-01
4.813999999999999946e-01	-1.637721117205861998e-01
4.849999999999999867e-01	6.570768546501106755e-01
4.885999999999999788e-01	9.416691354931025493e-02
4.922000000000000264e-01	3.422181445879198258e-01
4.958000000000000185e-01	3.726744778297668148e-01
4.994000000000000106e-01	7.699087475798062352e-02
5.030000000000000027e-01	7.401747246084012799e-01
5.066000000000000503e-01	2.991886434335304101e-01
5.101999999999999869e-01	4.208307664183092434e-01
5.138000000000000345e-01	9.580182760186084501e-01
5.173999999999999710e-01	9.927615647187650882e-01
5.210000000000000187e-01	1.270615679948801313e+00
5.245999999999999552e-01	8.596758341047484597e-01
5.282999999999999918e-01	1.514633250074666648e+00
5.319000000000000394e-01	5.191167572470349878e-01
5.354999999999999760e-01	1.531376070384283361e+00
5.391000000000000236e-01	1.602842336993892225e+00
5.426999999999999602e-01	1.560087086914526910e+00
5.463000000000000078e-01	1.219702358102231265e+00
5.499000000000000554e-01	2.490689908220569571e+00
5.534999999999999920e-01	2.050019910451400751e+00
5.571000000000000396e-01	2.411519444175580507e+00
5.606999999999999762e-01	2.210911810070309347e+00
5.643000000000000238e-01	1.546578790968799577e+00
5.678999999999999604e-01	2.068750544796529756e+00
5.715000000000000080e-01	1.393050365611860908e+00
5.752000000000000446e-01	1.313169709334357282e+00
5.787999999999999812e-01	8.854672259243572263e-01
5.824000000000000288e-01	4.369649674487983693e-01
5.859999999999999654e-01	8.189089484574418876e-01
5.896000000000000130e-01	8.533870570014426837e-01
5.931999999999999496e-01	5.167495709004616966e-01
5.967999999999999972e-01	9.319843515197726580e-01
6.004000000000000448e-01	8.298773634322660353e-01
6.039999999999999813e-01	8.026631210981670650e-01
6.076000000000000290e-01	1.245471223535738359e+00
6.111999999999999655e-01	1.497402826071610793e+00
6.148000000000000131e-01	1.462831038108763693e+00
6.183999999999999497e-01	1.141365090855087194e+00
6.219999999999999973e-01	5.750558178898659278e-01
6.257000000000000339e-01	1.133730561741358445e+00
6.292999999999999705e-01	1.943265179187486202e+00
6.329000000000000181e-01	1.866276329805010903e+00
6.364999999999999547e-01	1.783119057778741912e+00
6.401000000000000023e-01	1.707859859558439108e+00
6.437000000000000499e-01	2.231555833026392044e+00
6.472999999999999865e-01	2.363863555230032887e+00
6.509000000000000341e-01	1.776169880864311601e+00
6.544999999999999707e-01	2.071989424538630331e+00
6.581000000000000183e-01	2.358137518995397919e+00
6.616999999999999549e-01	2.135610072728572728e+00
6.653000000000000025e-01	1.728188051594440111e+00
6.689000000000000501e-01	1.676809233449143344e+00
6.724999999999999867e-01	2.118237829416326878e+00
6.762000000000000233e-01	1.610417305398783361e+00
6.797999999999999599e-01	1.991046247876715913e+00
6.834000000000000075e-01	1.466381452904311988e+00
6.870000000000000551e-01	1.260497429904872124e+00
6.905999999999999917e-01	1.109707232780684949e+00
6.942000000000000393e-01	1.270397645580187973e+00
6.977999999999999758e-01	1.324473091831414262e+00
7.014000000000000234e-01	1.030623824361664331e+00
7.049999999999999600e-01	1.891318455294286327e+00
7.086000000000000076e-01	1.480174460374893641e+00
7.122000000000000552e-01	1.371379989610100880e+00
7.157999999999999918e-01	2.534440145072481165e+00
7.194000000000000394e-01	1.876328561565609343e+00
7.229999999999999760e-01	1.669988870991929719e+00
7.267000000000000126e-01	2.805607529379817944e+00
7.302999999999999492e-01	2.489795749254839485e+00
7.338999999999999968e-01	2.320574885164797596e+00
7.375000000000000444e-01	2.396165587162958133e+00
7.410999999999999810e-01	2.819875616180582689e+00
7.447000000000000286e-01	2.690472918151848525e+00
7.482999999999999652e-01	3.747533148669178082e+00
7.519000000000000128e-01	3.447005714657501940e+00
7.554999999999999494e-01	3.334416541637797327e+00
7.590999999999999970e-01	3.798559654613494097e+00
7.627000000000000446e-01	3.099117031957985713e+00
7.662999999999999812e-01	2.086203116111009503e+00
7.699000000000000288e-01	1.960868649383711748e+00
7.734999999999999654e-01	1.802371370365820180e+00
7.772000000000000020e-01	1.838324614874744523e+00
7.808000000000000496e-01	1.690717345105205993e+00
7.843999999999999861e-01	1.434681813605431566e+00
7.880000000000000338e-01	1.254819205004818805e+00
7.915999999999999703e-01	1.312629348747088809e+00
7.952000000000000179e-01	1.024769083669978986e+00
7.987999999999999545e-01	7.603976546164802341e-01
8.024000000000000021e-01	9.522029356320590443e-01
8.060000000000000497e-01	9.224207953870380283e-01
8.095999999999999863e-01	8.478243367425810639e-01
8.132000000000000339e-01	1.470046295694090954e+00
8.167999999999999705e-01	1.536025894438492134e+00
8.204000000000000181e-01	1.401049271358382864e+00
8.239999999999999547e-01	1.850836777966553992e+00
8.276999999999999913e-01	1.256965280072558588e+00
8.313000000000000389e-01	1.517709699600158224e+00
8.348999999999999755e-01	1.581836159049425650e+00
8.385000000000000231e-01	2.542331424765592374e+00
8.420999999999999597e-01	1.964592390828146184e+00
8.457000000000000073e-01	2.112874061905622991e+00
8.493000000000000549e-01	2.561321324445186232e+00
8.528999999999999915e-01	2.062929764518015130e+00
8.565000000000000391e-01	2.864728814300201876e+00
8.600999999999999757e-01	2.433345765043069875e+00
8.637000000000000233e-01	2.378679674644502473e+00
8.672999999999999599e-01	2.268334092045194872e+00
8.709000000000000075e-01	2.138790141209652163e+00
8.745000000000000551e-01	2.382177979033021309e+00
8.781999999999999806e-01	1.653138081836849516e+00
8.818000000000000282e-01	1.660483156693780105e+00
8.853999999999999648e-01	1.728715257860429677e+00
8.890000000000000124e-01	1.635591366091766918e+00
8.925999999999999490e-01	1.961316246565566690e+00
8.961999999999999966e-01	1.653543719568473680e+00
8.998000000000000442e-01	2.474888913719462291e+00
9.033999999999999808e-01	1.679192399517494660e+00
9.070000000000000284e-01	2.248011396132502782e+00
9.105999999999999650e-01	2.228124286414273847e+00
9.142000000000000126e-01	2.029707210775350656e+00
9.177999999999999492e-01	1.845428203747308871e+00
9.213999999999999968e-01	2.483116640434426259e+00
9.251000000000000334e-01	1.837229389010885505e+00
9.286999999999999700e-01	2.157310349059121890e+00
9.323000000000000176e-01	2.646206418823426887e+00
9.358999999999999542e-01	2.556220837823599101e+00
9.395000000000000018e-01	3.083084299109553061e+00
9.431000000000000494e-01	3.826003862745380069e+00
9.466999999999999860e-01	2.864809686504862007e+00
9.503000000000000336e-01	3.455947379857461144e+00
9.538999999999999702e-01	2.759663898805269966e+00
9.575000000000000178e-01	2.982907921752113278e+00
9.610999999999999543e-01	3.012401116387167122e+00
9.647000000000000020e-01	2.960416498295637133e+00
9.683000000000000496e-01	2.913095028230055394e+00
9.718999999999999861e-01	2.737352884682273668e+00
9.756000000000000227e-01	3.073754673355290290e+00
9.791999999999999593e-01	2.277505673296690514e+00
9.828000000000000069e-01	3.189646392787122586e+00
9.864000000000000545e-01	2.717645615404861381e+00
9.899999999999999911e-01	2.632947573035256728e+00
9.936000000000000387e-01	3.129574132650044582e+00
9.971999999999999753e-01	2.836003853921920115e+00
1.000799999999999912e+00	3.061366789191530380e+00
1.004399999999999959e+00	3.202819040149049723e+00
1.008000000000000007e+00	2.801185547845301826e+00
1.011600000000000055e+00	3.902861723881561495e+00
1.015200000000000102e+00	3.478504107158247205e+00
1.018799999999999928e+00	3.984321851927748348e+00
1.022399999999999975e+00	3.680489349634942009e+00
1.026100000000000012e+00	5.134192139522358644e+00
1.029700000000000060e+00	5.050113569641320410e+00
1.033300000000000107e+00	5.536797931309758170e+00
1.036899999999999933e+00	5.124968280499367701e+00
1.040499999999999980e+00	5.930187094104163670e+00
1.044100000000000028e+00	6.009038740064546857e+00
1.047700000000000076e+00	5.692515761334644431e+00
1.051299999999999901e+00	5.694193849285238862e+00
1.054899999999999949e+00	5.504401111685832682e+00
1.058499999999999996e+00	6.019915324540930257e+00
1.062100000000000044e+00	5.535578902189944195e+00
1.065700000000000092e+00	5.528689339973352546e+00
1.069299999999999917e+00	5.387295259836287542e+00
1.072899999999999965e+00	5.571223680765259090e+00
1.076600000000000001e+00	4.633373785020731717e+00
1.080200000000000049e+00	4.917599123091247471e+00
1.083800000000000097e+00	5.050879972381466132e+00
1.087399999999999922e+00	5.861275023453126565e+00
1.090999999999999970e+00	6.912678406651298069e+00
1.094600000000000017e+00	7.361849522423198344e+00
1.098200000000000065e+00	8.165137944981697871e+00
1.101799999999999891e+00	9.142310189472889093e+00
1.105399999999999938e+00	9.318751930710194031e+00
1.108999999999999986e+00	8.780659996860261884e+00
1.112600000000000033e+00	7.794090791655181150e+00
1.116200000000000081e+00	7.751580740645075629e+00
1.119799999999999907e+00	7.501107139301400828e+00
1.123399999999999954e+00	7.469503061859228410e+00
1.127099999999999991e+00	7.443210257345095116e+00
1.130700000000000038e+00	7.769346645236284488e+00
1.134300000000000086e+00	7.593573850595877417e+00
1.137899999999999912e+00	7.598053503798968045e+00
1.141499999999999959e+00	8.318734955999973479e+00
1.145100000000000007e+00	8.772534250859708393e+00
1.148700000000000054e+00	1.021650678326617978e+01
1.152300000000000102e+00	1.121221123051715907e+01
1.155899999999999928e+00	1.233024429276720113e+01
1.159499999999999975e+00	1.290082294003073748e+01
1.163100000000000023e+00	1.311008616568402196e+01
1.166700000000000070e+00	1.237243450460221972e+01
1.170299999999999896e+00	1.109811536511186070e+01
1.173899999999999944e+00	1.055777909519634505e+01
1.177599999999999980e+00	9.765920465413291396e+00
1.181200000000000028e+00	9.876213104697407985e+00
1.184800000000000075e+00	1.038492150572237449e+01
1.188399999999999901e+00	1.071280131101804223e+01
1.191999999999999948e+00	1.189422971332084700e+01
1.195599999999999996e+00	1.251553721232707872e+01
1.199200000000000044e+00	1.286484917655226390e+01
1.202800000000000091e+00	1.315424408196248862e+01
1.206399999999999917e+00	1.399368010765152448e+01
1.209999999999999964e+00	1.416701283394118782e+01
1.213600000000000012e+00	1.379382198635844858e+01
1.217200000000000060e+00	1.377121173806316001e+01
1.220800000000000107e+00	1.396526257689691697e+01
1.224399999999999933e+00	1.428435978991888611e+01
1.228099999999999969e+00	1.440723559721236136e+01
1.231700000000000017e+00	1.452245155458878223e+01
1.235300000000000065e+00	1.463115102245438059e+01
1.238899999999999890e+00	1.494931632342802885e+01
1.242499999999999938e+00	1.508858670938354507e+01
1.246099999999999985e+00	1.557674129364934323e+01
1.249700000000000033e+00	1.586410122828215385e+01
1.253300000000000081e+00	1.518117851126694440e+01
1.256899999999999906e+00	1.572355449518238935e+01
1.260499999999999954e+00	1.538243779406758627e+01
1.264100000000000001e+00	1.582788761678008882e+01
1.267700000000000049e+00	1.614031629135574519e+01
1.271300000000000097e+00	1.526766765153088556e+01
1.274899999999999922e+00	1.572232193752080853e+01
1.278599999999999959e+00	1.567239569275093380e+01
1.282200000000000006e+00	1.560641936043486844e+01
1.285800000000000054e+00	1.587570932074387997e+01
1.289400000000000102e+00	1.623334237833931581e+01
1.292999999999999927e+00	1.602553928846181819e+01
1.296599999999999975e+00	1.679852349740605533e+01
1.300200000000000022e+00	1.663505518030812880e+01
1.303800000000000070e+00	1.669756473834651089e+01
1.307399999999999896e+00	1.654604708895621812e+01
1.310999999999999943e+00	1.588923536921029545e+01
1.314599999999999991e+00	1.574287643095842348e+01
1.318200000000000038e+00	1.586246193487847478e+01
1.321800000000000086e+00	1.585418685707854713e+01
1.325499999999999901e+00	1.567335609687393649e+01
1.329099999999999948e+00	1.565959805203305244e+01
1.332699999999999996e+00	1.522259583068586863e+01
1.336300000000000043e+00	1.536876160243065748e+01
1.339900000000000091e+00	1.523334107445917596e+01
1.343499999999999917e+00	1.464133208810104136e+01
1.347099999999999964e+00	1.586078919849839686e+01
1.350700000000000012e+00	1.503644527759486493e+01
1.354300000000000059e+00	1.459828791781217561e+01
1.357900000000000107e+00	1.507725824998878572e+01
1.361499999999999932e+00	1.513391111607307593e+01
1.365099999999999980e+00	1.406561534008267067e+01
1.368700000000000028e+00	1.476631278979372830e+01
1.372300000000000075e+00	1.483993010753390074e+01
1.375999999999999890e+00	1.476157214648174687e+01
1.379599999999999937e+00	1.477429431576790009e+01
1.383199999999999985e+00	1.439211996625275880e+01
1.386800000000000033e+00	1.428297488662864012e+01
1.390400000000000080e+00	1.472228934896170927e+01
1.393999999999999906e+00	1.446413512023734782e+01
1.397599999999999953e+00	1.463327633657903526e+01
1.401200000000000001e+00	1.469545279349439149e+01
1.404800000000000049e+00	1.511485959649422028e+01
1.408400000000000096e+00	1.633940946024813812e+01
1.411999999999999922e+00	1.673876951715330108e+01
1.415599999999999969e+00	1.626601981610029313e+01
1.419200000000000017e+00	1.624907973528864247e+01
1.422800000000000065e+00	1.500468256610311535e+01
1.426500000000000101e+00	1.542833290449438444e+01
1.430099999999999927e+00	1.425452500123564192e+01
1.433699999999999974e+00	1.357380639977323433e+01
1.437300000000000022e+00	1.414285806938593026e+01
1.440900000000000070e+00	1.369748599343835771e+01
1.444499999999999895e+00	1.427064133616335262e+01
1.448099999999999943e+00	1.365717850908967712e+01
1.451699999999999990e+00	1.408110703374839723e+01
1.455300000000000038e+00	1.364941881094119047e+01
1.458900000000000086e+00	1.357209282692348573e+01
1.462499999999999911e+00	1.399477978134925138e+01
1.466099999999999959e+00	1.439526671117898360e+01
1.469700000000000006e+00	1.478679418170584015e+01
1.473300000000000054e+00	1.473652680990759301e+01
1.477000000000000091e+00	1.565733191508362587e+01
1.480599999999999916e+00	1.573195337056600529e+01
1.484199999999999964e+00	1.582140899774846154e+01
1.487800000000000011e+00	1.585744893782218767e+01
1.491400000000000059e+00	1.561515560516817125e+01
1.495000000000000107e+00	1.617765882435652358e+01
1.498599999999999932e+00	1.581811904299745564e+01
1.502199999999999980e+00	1.648231641444702689e+01
1.505800000000000027e+00	1.654653456696127023e+01
1.509400000000000075e+00	1.639981358620648422e+01
1.512999999999999901e+00	1.671950147555767074e+01
1.516599999999999948e+00	1.701973144399661919e+01
1.520199999999999996e+00	1.715358667662552250e+01
1.523800000000000043e+00	1.790849250079311261e+01
1.527500000000000080e+00	1.782453755607376777e+01
1.531099999999999905e+00	1.729914640658810399e+01
1.534699999999999953e+00	1.797549272741483861e+01
1.538300000000000001e+00	1.806625213177425948e+01
1.541900000000000048e+00	1.783994835216107333e+01
1.545500000000000096e+00	1.753725202874141686e+01
1.549099999999999921e+00	1.830946507456649286e+01
1.552699999999999969e+00	1.854977938664819703e+01
1.556300000000000017e+00	1.901212664939114916e+01
1.559900000000000064e+00	1.867862205123764596e+01
1.563499999999999890e+00	1.925879097674964768e+01
1.567099999999999937e+00	1.950873132953403299e+01
1.570699999999999985e+00	1.967645438153575910e+01
1.574300000000000033e+00	2.001234100155511442e+01
1.578000000000000069e+00	1.948921567297617941e+01
1.581599999999999895e+00	1.939608045624032684e+01
1.585199999999999942e+00	1.956746976322735421e+01
1.588799999999999990e+00	2.008812584146833657e+01
1.592400000000000038e+00	2.044508664581757884e+01
1.596000000000000085e+00	1.994682600626392954e+01
1.599599999999999911e+00	2.005078349096545054e+01
1.603199999999999958e+00	2.128262773257732121e+01
1.606800000000000006e+00	2.100236868001763213e+01
1.610400000000000054e+00	2.126994940546322610e+01
1.614000000000000101e+00	2.105698885608815374e+01
1.617599999999999927e+00	2.091361189040959090e+01
1.621199999999999974e+00	2.108958300736175318e+01
1.624800000000000022e+00	2.144149229737898210e+01
1.628500000000000059e+00	2.042421136345064525e+01
1.632100000000000106e+00	2.049668312948067950e+01
1.635699999999999932e+00	2.101279311316665144e+01
1.639299999999999979e+00	2.036676637748692187e+01
1.642900000000000027e+00	2.113389916045285588e+01
1.646500000000000075e+00	2.193680046262313255e+01
1.650099999999999900e+00	2.284213285967176077e+01
1.653699999999999948e+00	2.426027159259066579e+01
1.657299999999999995e+00	2.609409575504255585e+01
1.660900000000000043e+00	2.832076904874709911e+01
1.664500000000000091e+00	2.991640066020718791e+01
1.668099999999999916e+00	3.049513525672935543e+01
1.671699999999999964e+00	3.027379713634072900e+01
1.675400000000000000e+00	2.820943940164026742e+01
1.679000000000000048e+00	2.535494175332592448e+01
1.682600000000000096e+00	2.266182146358757166e+01
1.686199999999999921e+00	2.068097749108031991e+01
1.689799999999999969e+00	1.960681598106067014e+01
1.693400000000000016e+00	2.062389293346369357e+01
1.697000000000000064e+00	2.155355948628762519e+01
1.700599999999999890e+00	2.335722163319634959e+01
1.704199999999999937e+00	2.584484656859731189e+01
1.707799999999999985e+00	2.772553676542828072e+01
1.711400000000000032e+00	2.996607567769468616e+01
1.715000000000000080e+00	3.092291263581622118e+01
1.718599999999999905e+00	2.955321771094858363e+01
1.722199999999999953e+00	2.770401373921881572e+01
1.725899999999999990e+00	2.545778036717280557e+01
1.729500000000000037e+00	2.414011607001366500e+01
1.733100000000000085e+00	2.280729879795305948e+01
1.736699999999999910e+00	2.188136988684594897e+01
1.740299999999999958e+00	2.262833585357596533e+01
1.743900000000000006e+00	2.209672471424838847e+01
1.747500000000000053e+00	2.354354459115173981e+01
1.751100000000000101e+00	2.454573358611389722e+01
1.754699999999999926e+00	2.528956247802636526e+01
1.758299999999999974e+00	2.604171850063611515e+01
1.761900000000000022e+00	2.636764826223334879e+01
1.765500000000000069e+00	2.556938636263071274e+01
1.769099999999999895e+00	2.479809630071023818e+01
1.772699999999999942e+00	2.528174937129764643e+01
1.776399999999999979e+00	2.483567082931214642e+01
1.780000000000000027e+00	2.437313505485249721e+01
1.783600000000000074e+00	2.517073434480963812e+01
1.787199999999999900e+00	2.548445002236638501e+01
1.790799999999999947e+00	2.546900749322493951e+01
1.794399999999999995e+00	2.561030651321461349e+01
1.798000000000000043e+00	2.477080704499329400e+01
1.801600000000000090e+00	2.533668586325742211e+01
1.805199999999999916e+00	2.516667667748335546e+01
1.808799999999999963e+00	2.518249231544836420e+01
1.812400000000000011e+00	2.605374676114282195e+01
1.816000000000000059e+00	2.707596356323171349e+01
1.819600000000000106e+00	2.800416001001160993e+01
1.823199999999999932e+00	3.019339331386747816e+01
1.826899999999999968e+00	3.167249219232663648e+01
1.830500000000000016e+00	3.344451411482621950e+01
1.834100000000000064e+00	3.362381102579172421e+01
1.837699999999999889e+00	3.386103916313737017e+01
1.841299999999999937e+00	3.231145835873962824e+01
1.844899999999999984e+00	3.213908435052969281e+01
1.848500000000000032e+00	3.216886560821671992e+01
1.852100000000000080e+00	3.263750912028704221e+01
1.855699999999999905e+00	3.291147650001576608e+01
1.859299999999999953e+00	3.418322812113713383e+01
1.862900000000000000e+00	3.539632430979811772e+01
1.866500000000000048e+00	3.506140760367102871e+01
1.870100000000000096e+00	3.271376280355961086e+01
1.873699999999999921e+00	3.160465731378969778e+01
1.877399999999999958e+00	3.059735277422207034e+01
1.881000000000000005e+00	3.006176732264038520e+01
1.884600000000000053e+00	3.172663012221644863e+01
1.888200000000000101e+00	3.436571753191878997e+01
1.891799999999999926e+00	3.731483933158013144e+01
1.895399999999999974e+00	3.866684089796711277e+01
1.899000000000000021e+00	3.856947404704035876e+01
1.902600000000000069e+00	3.766837460530364012e+01
1.906199999999999894e+00	3.646280061459832922e+01
1.909799999999999942e+00	3.559629269862443834e+01
1.913399999999999990e+00	3.552274261358216023e+01
1.917000000000000037e+00	3.623604707116443535e+01
1.920600000000000085e+00	3.601203512686375774e+01
1.924199999999999910e+00	3.585644382397342156e+01
1.927899999999999947e+00	3.536238752342072189e+01
1.931499999999999995e+00	3.499493318927364527e+01
1.935100000000000042e+00	3.375565061775193954e+01
1.938700000000000090e+00	3.325643808182039862e+01
1.942299999999999915e+00	3.234100902255349297e+01
1.945899999999999963e+00	3.239740137720136914e+01
1.949500000000000011e+00	3.262782846267236891e+01
1.953100000000000058e+00	3.267730532345625249e+01
1.956700000000000106e+00	3.399725486538592634e+01
1.960299999999999931e+00	3.520628232340399677e+01
1.963899999999999979e+00	3.646093465223127339e+01
1.967500000000000027e+00	3.875323125852427353e+01
1.971100000000000074e+00	4.127810903616740745e+01
1.974699999999999900e+00	4.346143877519207166e+01
1.978399999999999936e+00	4.530014842481708826e+01
1.981999999999999984e+00	4.640598813562593250e+01
1.985600000000000032e+00	4.843525043635895599e+01
1.989200000000000079e+00	4.929789572080622406e+01
1.992799999999999905e+00	5.134082323477134224e+01
1.996399999999999952e+00	5.370768576147340667e+01
2.000000000000000000e+00	5.462348322263948575e+01
