2.000000000000000111e-01	-2.061169647436346786e+00
2.036000000000000032e-01	-1.687891233287623916e+00
2.071999999999999953e-01	-1.971746841580699794e+00
2.107999999999999874e-01	-1.345101611000879327e+00
2.144000000000000072e-01	-1.102768453149632677e+00
2.179999999999999993e-01	-1.165514147923022659e+00
2.215999999999999914e-01	-7.521886270994863066e-01
2.253000000000000003e-01	-6.748232575434531810e-02
2.288999999999999924e-01	-5.432508106750413290e-01
2.325000000000000122e-01	-9.496709236029228229e-01
2.361000000000000043e-01	1.318552324261423880e-01
2.396999999999999964e-01	3.628937331477262163e-01
2.432999999999999885e-01	-4.355055050783727677e-01
2.469000000000000083e-01	-2.571158756285736868e-01
2.505000000000000004e-01	7.023801239948630482e-01
2.540999999999999925e-01	6.944394072067877621e-01
2.576999999999999846e-01	-2.608268381483331844e-01
2.612999999999999767e-01	2.208619617710155802e-01
2.649000000000000243e-01	-6.409931944290292449e-01
2.685000000000000164e-01	-3.817201901916000284e-01
2.721000000000000085e-01	-2.286852811680742392e-01
2.757999999999999896e-01	-6.117381964862540489e-01
2.793999999999999817e-01	1.580204918281189475e-01
2.829999999999999738e-01	-1.353358712360258620e+00
2.866000000000000214e-01	-1.916218515684351420e+00
2.902000000000000135e-01	-1.798156643591563686e+00
2.938000000000000056e-01	-1.852024487004150899e+00
2.973999999999999977e-01	-1.259572144287428586e+00
3.009999999999999898e-01	-1.436760414953411669e+00
3.045999999999999819e-01	-9.267220570300536142e-01
3.081999999999999740e-01	-1.647203958540357505e+00
3.118000000000000216e-01	-5.728904101879563893e-01
3.154000000000000137e-01	-1.252106171572419768e+00
3.190000000000000058e-01	2.085861624348479548e-01
3.225999999999999979e-01	-5.527767592673585861e-01
3.262999999999999790e-01	5.787915736899007513e-01
3.299000000000000266e-01	-9.646552276694820849e-01
3.335000000000000187e-01	-7.599748279835736309e-01
3.371000000000000107e-01	7.904187960300527171e-01
3.407000000000000028e-01	1.115266061753478866e+00
3.442999999999999949e-01	1.018275021150087500e+00
3.478999999999999870e-01	1.110416699798714601e+00
3.514999999999999791e-01	5.247126232447132388e-01
3.551000000000000267e-01	1.405005189462203763e+00
3.587000000000000188e-01	9.997637623588493394e-01
3.623000000000000109e-01	1.063423818936738874e+00
3.659000000000000030e-01	-3.083254326880324747e-01
3.694999999999999951e-01	-2.463262064431485654e-01
3.730999999999999872e-01	1.960210498861392203e-01
3.768000000000000238e-01	-7.238947696564030920e-01
3.804000000000000159e-01	-1.076519686364313610e+00
3.840000000000000080e-01	-9.342926707067059633e-01
3.876000000000000001e-01	-1.014016878792304732e+00
3.911999999999999922e-01	-8.908633919894818343e-01
3.947999999999999843e-01	-1.508575613542249449e+00
3.983999999999999764e-01	-1.294446796385292586e+00
4.020000000000000240e-01	-1.466901412494767687e+00
4.056000000000000161e-01	-6.200669736966868406e-01
4.092000000000000082e-01	-1.561857205438133001e-01
4.128000000000000003e-01	1.183121132737879444e+00
4.163999999999999924e-01	1.196008094512000852e+00
4.199999999999999845e-01	2.703861053263258540e+00
4.235999999999999766e-01	2.744412522955645528e+00
4.273000000000000131e-01	2.953525517207709505e+00
4.309000000000000052e-01	3.976077954309806373e+00
4.344999999999999973e-01	2.699379252547840835e+00
4.380999999999999894e-01	4.491706604309673168e+00
4.416999999999999815e-01	3.962600709217184214e+00
4.452999999999999736e-01	3.969443036523372381e+00
4.489000000000000212e-01	4.207834312545755573e+00
4.525000000000000133e-01	4.651140007914840169e+00
4.561000000000000054e-01	4.137975265850333706e+00
4.596999999999999975e-01	4.639499576097471767e+00
4.632999999999999896e-01	3.987997221119676361e+00
4.668999999999999817e-01	3.705382716229987050e+00
4.704999999999999738e-01	3.591954986913937553e+00
4.741000000000000214e-01	3.433601576753420481e+00
4.778000000000000025e-01	3.714763312113626537e+00
4.813999999999999946e-01	4.376188463170014309e+00
4.849999999999999867e-01	3.097533743048585642e+00
4.885999999999999788e-01	3.099720251261055548e+00
4.922000000000000264e-01	3.336505614696352318e+00
4.958000000000000185e-01	3.889141306310516910e+00
4.994000000000000106e-01	2.545770908535663235e+00
5.030000000000000027e-01	3.656156506329263145e+00
5.066000000000000503e-01	3.937821834380812902e+00
5.101999999999999869e-01	5.937600920561791007e+00
5.138000000000000345e-01	5.694163350486370234e+00
5.173999999999999710e-01	5.108889895946800763e+00
5.210000000000000187e-01	5.680962885621015701e+00
5.245999999999999552e-01	5.196159363155544497e+00
5.282999999999999918e-01	5.391186375423830945e+00
5.319000000000000394e-01	5.627875033164322360e+00
5.354999999999999760e-01	6.105132004077121977e+00
5.391000000000000236e-01	5.066980627213567345e+00
5.426999999999999602e-01	5.250345525393482760e+00
5.463000000000000078e-01	5.151342917102954999e+00
5.499000000000000554e-01	3.517132406428494562e+00
5.534999999999999920e-01	4.449517991251592086e+00
5.571000000000000396e-01	3.734229487071561326e+00
5.606999999999999762e-01	4.305206464905108277e+00
5.643000000000000238e-01	4.138682626071009452e+00
5.678999999999999604e-01	3.954897178830572457e+00
5.715000000000000080e-01	3.103602489634202044e+00
5.752000000000000446e-01	3.255581002201025420e+00
5.787999999999999812e-01	2.468816697801725635e+00
5.824000000000000288e-01	3.423610585516578375e+00
5.859999999999999654e-01	2.260980777159356858e+00
5.896000000000000130e-01	2.320799421055558476e+00
5.931999999999999496e-01	2.875268178216499493e+00
5.967999999999999972e-01	2.240967112827539243e+00
6.004000000000000448e-01	3.862296242082371212e+00
6.039999999999999813e-01	2.320566736892200499e+00
6.076000000000000290e-01	2.303678936192375737e+00
6.111999999999999655e-01	1.499414344225605156e+00
6.148000000000000131e-01	2.097884226506152139e+00
6.183999999999999497e-01	1.645807956093000790e+00
6.219999999999999973e-01	2.417672825899241928e+00
6.257000000000000339e-01	2.245416079136608012e+00
6.292999999999999705e-01	1.603023274005689114e+00
6.329000000000000181e-01	1.580515113510952085e+00
6.364999999999999547e-01	2.379667991568678254e+00
6.401000000000000023e-01	3.029653431420956444e+00
6.437000000000000499e-01	2.225400330271361415e+00
6.472999999999999865e-01	1.963925579418444034e+00
6.509000000000000341e-01	3.109700196185554155e+00
6.544999999999999707e-01	2.853120221793466360e+00
6.581000000000000183e-01	3.251057605880612211e+00
6.616999999999999549e-01	2.724093189677933236e+00
6.653000000000000025e-01	2.267537515659634906e+00
6.689000000000000501e-01	1.029273013450767493e+00
6.724999999999999867e-01	2.310113941675426830e+00
6.762000000000000233e-01	2.699889124354880821e+00
6.797999999999999599e-01	1.886493865603905640e+00
6.834000000000000075e-01	2.963866592223933782e-01
6.870000000000000551e-01	1.778860488073041646e+00
6.905999999999999917e-01	6.866065189869294816e-01
6.942000000000000393e-01	5.518812540804256539e-01
6.977999999999999758e-01	9.136260669695208669e-01
7.014000000000000234e-01	-4.233126447045149621e-01
7.049999999999999600e-01	9.667767881829840704e-01
7.086000000000000076e-01	2.031493473645177850e-01
7.122000000000000552e-01	1.400878690829642448e+00
7.157999999999999918e-01	4.568642758918864955e-01
7.194000000000000394e-01	1.540688366529886499e-01
7.229999999999999760e-01	1.273002472779506400e+00
7.267000000000000126e-01	1.616906920392579661e+00
7.302999999999999492e-01	2.339324626549833308e+00
7.338999999999999968e-01	1.895582063680875340e+00
7.375000000000000444e-01	2.568881805014170183e+00
7.410999999999999810e-01	2.319617552627142754e+00
7.447000000000000286e-01	2.904569436299154539e+00
7.482999999999999652e-01	2.353511098305373306e+00
7.519000000000000128e-01	2.326374401556689175e+00
7.554999999999999494e-01	1.704487806925899074e+00
7.590999999999999970e-01	2.256201532768074891e+00
7.627000000000000446e-01	2.760514081948556964e+00
7.662999999999999812e-01	2.634726389523951884e+00
7.699000000000000288e-01	2.365815835572362857e+00
7.734999999999999654e-01	2.311009967371878027e+00
7.772000000000000020e-01	1.025058485266454378e+00
7.808000000000000496e-01	1.539465648912738516e+00
7.843999999999999861e-01	1.491420808195843328e+00
7.880000000000000338e-01	1.840516016266461996e+00
7.915999999999999703e-01	1.548829375571173728e+00
7.952000000000000179e-01	1.765488947263676556e+00
7.987999999999999545e-01	1.705917685159262565e+00
8.024000000000000021e-01	1.327605724937501952e+00
8.060000000000000497e-01	1.440412617736062995e+00
8.095999999999999863e-01	1.863821034537621824e+00
8.132000000000000339e-01	2.393659449257064864e+00
8.167999999999999705e-01	3.282476315641738474e+00
8.204000000000000181e-01	2.081349512982824113e+00
8.239999999999999547e-01	2.490513925347968893e+00
8.276999999999999913e-01	2.613812867766693415e+00
8.313000000000000389e-01	3.435613036065213954e+00
8.348999999999999755e-01	3.288155348124057298e+00
8.385000000000000231e-01	4.680835563691465140e+00
8.420999999999999597e-01	4.980207719808595002e+00
8.457000000000000073e-01	4.492727073453619546e+00
8.493000000000000549e-01	4.227797776757799220e+00
8.528999999999999915e-01	4.174419032880736680e+00
8.565000000000000391e-01	5.130853959065698078e+00
8.600999999999999757e-01	4.267825821343318893e+00
8.637000000000000233e-01	4.258175560511550550e+00
8.672999999999999599e-01	5.832554780326049126e+00
8.709000000000000075e-01	4.992098373546107304e+00
8.745000000000000551e-01	4.865543149734430806e+00
8.781999999999999806e-01	5.019192488059433188e+00
8.818000000000000282e-01	4.156878570715520915e+00
8.853999999999999648e-01	4.355150457801742370e+00
8.890000000000000124e-01	5.349748742653880562e+00
8.925999999999999490e-01	4.468551880506906215e+00
8.961999999999999966e-01	4.457083611277604440e+00
8.998000000000000442e-01	4.951723396781002151e+00
9.033999999999999808e-01	4.211272039660226341e+00
9.070000000000000284e-01	4.964448681538299546e+00
9.105999999999999650e-01	5.416082483142141690e+00
9.142000000000000126e-01	5.338968345220481027e+00
9.177999999999999492e-01	4.751001130045127141e+00
9.213999999999999968e-01	5.452961024330025275e+00
9.251000000000000334e-01	6.626758198466306204e+00
9.286999999999999700e-01	7.575053647596348583e+00
9.323000000000000176e-01	7.053590288314085299e+00
9.358999999999999542e-01	7.348296565125180813e+00
9.395000000000000018e-01	8.411769975161716317e+00
9.431000000000000494e-01	6.642113311387511487e+00
9.466999999999999860e-01	7.707273493944657439e+00
9.503000000000000336e-01	7.480181088698635072e+00
9.538999999999999702e-01	7.706035930754447705e+00
9.575000000000000178e-01	8.575292502046320209e+00
9.610999999999999543e-01	7.692631046034314579e+00
9.647000000000000020e-01	9.179930912460648074e+00
9.683000000000000496e-01	7.723874491025886080e+00
9.718999999999999861e-01	8.112768286532297424e+00
9.756000000000000227e-01	5.638280493899371137e+00
9.791999999999999593e-01	7.499863420006125381e+00
9.828000000000000069e-01	8.117690235198255166e+00
9.864000000000000545e-01	6.458952032683876077e+00
9.899999999999999911e-01	6.918002078550660627e+00
9.936000000000000387e-01	6.865672000338475023e+00
9.971999999999999753e-01	7.480303048166884849e+00
1.000799999999999912e+00	7.153982760351843773e+00
1.004399999999999959e+00	7.762897165490935336e+00
1.008000000000000007e+00	8.271625761714924252e+00
1.011600000000000055e+00	7.145828700505153286e+00
1.015200000000000102e+00	8.323774409849496791e+00
1.018799999999999928e+00	8.718901571821207952e+00
1.022399999999999975e+00	8.779347870248187746e+00
1.026100000000000012e+00	9.188594446871858779e+00
1.029700000000000060e+00	8.649600577026021142e+00
1.033300000000000107e+00	9.381302919180184219e+00
1.036899999999999933e+00	8.704925764510917929e+00
1.040499999999999980e+00	9.841364074567868769e+00
1.044100000000000028e+00	8.500049714106753029e+00
1.047700000000000076e+00	8.458480226154192039e+00
1.051299999999999901e+00	8.257479743656030990e+00
1.054899999999999949e+00	7.822456356122824417e+00
1.058499999999999996e+00	8.445220780241774250e+00
1.062100000000000044e+00	8.501999241350995717e+00
1.065700000000000092e+00	7.648133713104851239e+00
1.069299999999999917e+00	7.480122390909215824e+00
1.072899999999999965e+00	7.855779885324818856e+00
1.076600000000000001e+00	8.486189038144333452e+00
1.080200000000000049e+00	8.856293350522033592e+00
1.083800000000000097e+00	8.004884867371094614e+00
1.087399999999999922e+00	8.611314000939771063e+00
1.090999999999999970e+00	7.885486604203267191e+00
1.094600000000000017e+00	8.461683977117813171e+00
1.098200000000000065e+00	9.609947979958825215e+00
1.101799999999999891e+00	9.296968982874487253e+00
1.105399999999999938e+00	1.035585524959867598e+01
1.108999999999999986e+00	8.755597564889630036e+00
1.112600000000000033e+00	9.484912168632360974e+00
1.116200000000000081e+00	1.039881723848145612e+01
1.119799999999999907e+00	1.090034480166150921e+01
1.123399999999999954e+00	9.880987801531036396e+00
1.127099999999999991e+00	1.131272584816781546e+01
1.130700000000000038e+00	1.109095715574388663e+01
1.134300000000000086e+00	1.104924563832290119e+01
1.137899999999999912e+00	1.065592730271299615e+01
1.141499999999999959e+00	1.163078780737828311e+01
1.145100000000000007e+00	1.172731148668310652e+01
1.148700000000000054e+00	1.242851586115003215e+01
1.152300000000000102e+00	1.214804606012752153e+01
1.155899999999999928e+00	1.252015832497904313e+01
1.159499999999999975e+00	1.281808936880463357e+01
1.163100000000000023e+00	1.339595317201297320e+01
1.166700000000000070e+00	1.373377231501003592e+01
1.170299999999999896e+00	1.407019080803351230e+01
1.173899999999999944e+00	1.359861863360409373e+01
1.177599999999999980e+00	1.417399850603204214e+01
1.181200000000000028e+00	1.382478807400599585e+01
1.184800000000000075e+00	1.506404174265671614e+01
1.188399999999999901e+00	1.553584651168993247e+01
1.191999999999999948e+00	1.549002142564966000e+01
1.195599999999999996e+00	1.703424141100390798e+01
1.199200000000000044e+00	1.687697331548930890e+01
1.202800000000000091e+00	1.770694584293055840e+01
1.206399999999999917e+00	1.842611321349074416e+01
1.209999999999999964e+00	1.945502771846740941e+01
1.213600000000000012e+00	2.034064395069960440e+01
1.217200000000000060e+00	2.099028733010674941e+01
1.220800000000000107e+00	2.145558296900958339e+01
1.224399999999999933e+00	2.256810296000308114e+01
1.228099999999999969e+00	2.142504700648339977e+01
1.231700000000000017e+00	2.167069625105699515e+01
1.235300000000000065e+00	2.204170897275181318e+01
1.238899999999999890e+00	2.317082365438344738e+01
1.242499999999999938e+00	2.285710070077284328e+01
1.246099999999999985e+00	2.364463701551854058e+01
1.249700000000000033e+00	2.386348777022623224e+01
1.253300000000000081e+00	2.263038379861417937e+01
1.256899999999999906e+00	2.317821908083822180e+01
1.260499999999999954e+00	2.364814071048007094e+01
1.264100000000000001e+00	2.355633569066513999e+01
1.267700000000000049e+00	2.410644758999415416e+01
1.271300000000000097e+00	2.496116685860589257e+01
1.274899999999999922e+00	2.513561572998176885e+01
1.278599999999999959e+00	2.532321208134958468e+01
1.282200000000000006e+00	2.516213965685885867e+01
1.285800000000000054e+00	2.609090023767665301e+01
1.289400000000000102e+00	2.516986006841672818e+01
1.292999999999999927e+00	2.463656284328825663e+01
1.296599999999999975e+00	2.521870546770487920e+01
1.300200000000000022e+00	2.393879621264368041e+01
1.303800000000000070e+00	2.463787481592455819e+01
1.307399999999999896e+00	2.512684252281884767e+01
1.310999999999999943e+00	2.446395320055521339e+01
1.314599999999999991e+00	2.400271675356401246e+01
1.318200000000000038e+00	2.399812549222953706e+01
1.321800000000000086e+00	2.355991974683203694e+01
1.325499999999999901e+00	2.295730034886887694e+01
1.329099999999999948e+00	2.349764754222689689e+01
1.332699999999999996e+00	2.306479234811827439e+01
1.336300000000000043e+00	2.262295211050911448e+01
1.339900000000000091e+00	2.298423971657405573e+01
1.343499999999999917e+00	2.206131662374567171e+01
1.347099999999999964e+00	2.099894235945942000e+01
1.350700000000000012e+00	2.128245997639232101e+01
1.354300000000000059e+00	1.980414236381648152e+01
1.357900000000000107e+00	2.040737100141029003e+01
1.361499999999999932e+00	2.039725589973093633e+01
1.365099999999999980e+00	2.006612699795845600e+01
1.368700000000000028e+00	1.976903166732014583e+01
1.372300000000000075e+00	2.037836558366270623e+01
1.375999999999999890e+00	1.992184800286393909e+01
1.379599999999999937e+00	1.986015734356354301e+01
1.383199999999999985e+00	1.889834261491352407e+01
1.386800000000000033e+00	1.848890984731733411e+01
1.390400000000000080e+00	1.764914328773468100e+01
1.393999999999999906e+00	1.841782146215085803e+01
1.397599999999999953e+00	1.807613925947514488e+01
1.401200000000000001e+00	1.821428414345222890e+01
1.404800000000000049e+00	1.896972181080240816e+01
1.408400000000000096e+00	1.974919513171776941e+01
1.411999999999999922e+00	1.997565583661962307e+01
1.415599999999999969e+00	1.980418548502673914e+01
1.419200000000000017e+00	1.913710731586473202e+01
1.422800000000000065e+00	1.928985444833262974e+01
1.426500000000000101e+00	1.868407385993911163e+01
1.430099999999999927e+00	1.837709611099321094e+01
1.433699999999999974e+00	1.843974786708167457e+01
1.437300000000000022e+00	1.901685694936375981e+01
1.440900000000000070e+00	1.945431894450583599e+01
1.444499999999999895e+00	1.911230525518931245e+01
1.448099999999999943e+00	1.952364359319911813e+01
1.451699999999999990e+00	1.891572888447479528e+01
1.455300000000000038e+00	1.968079431213825714e+01
1.458900000000000086e+00	1.929924492750918574e+01
1.462499999999999911e+00	1.917568335931731127e+01
1.466099999999999959e+00	1.908851527020716077e+01
1.469700000000000006e+00	1.959513258959820803e+01
1.473300000000000054e+00	2.030048704828127626e+01
1.477000000000000091e+00	2.032907253171234885e+01
1.480599999999999916e+00	2.191591961602218674e+01
1.484199999999999964e+00	2.093178085168273128e+01
1.487800000000000011e+00	2.021602443127714466e+01
1.491400000000000059e+00	2.089785436007771224e+01
1.495000000000000107e+00	2.086054284346945309e+01
1.498599999999999932e+00	2.141449167210805982e+01
1.502199999999999980e+00	2.219364282134090161e+01
1.505800000000000027e+00	2.259726744134801635e+01
1.509400000000000075e+00	2.306423716227403276e+01
1.512999999999999901e+00	2.297993736205866000e+01
1.516599999999999948e+00	2.265532415630605101e+01
1.520199999999999996e+00	2.415401954905895110e+01
1.523800000000000043e+00	2.344106840494599098e+01
1.527500000000000080e+00	2.231589198591701972e+01
1.531099999999999905e+00	2.464644449464009668e+01
1.534699999999999953e+00	2.364665273019733149e+01
1.538300000000000001e+00	2.270403090496466447e+01
1.541900000000000048e+00	2.321450153933493254e+01
1.545500000000000096e+00	2.139062723908699226e+01
1.549099999999999921e+00	2.082394557125063983e+01
1.552699999999999969e+00	2.233304687090050678e+01
1.556300000000000017e+00	2.234371824841526077e+01
1.559900000000000064e+00	2.201958979667438498e+01
1.563499999999999890e+00	2.272885462172194693e+01
1.567099999999999937e+00	2.136092470876952376e+01
1.570699999999999985e+00	2.154363401407075784e+01
1.574300000000000033e+00	2.175281925123401194e+01
1.578000000000000069e+00	2.116969951608767531e+01
1.581599999999999895e+00	2.154841468473756905e+01
1.585199999999999942e+00	2.201360792560865320e+01
1.588799999999999990e+00	2.246292750081063261e+01
1.592400000000000038e+00	2.315112199519647973e+01
1.596000000000000085e+00	2.288300135162155868e+01
1.599599999999999911e+00	2.249644528795906950e+01
1.603199999999999958e+00	2.184339022646319606e+01
1.606800000000000006e+00	2.030165644482570642e+01
1.610400000000000054e+00	2.036662347138391027e+01
1.614000000000000101e+00	2.039556415731157202e+01
1.617599999999999927e+00	1.886587628899988900e+01
1.621199999999999974e+00	1.993385632723555290e+01
1.624800000000000022e+00	1.897517094936234017e+01
1.628500000000000059e+00	2.008556117339058744e+01
1.632100000000000106e+00	1.996249628364576978e+01
1.635699999999999932e+00	1.931233199666088751e+01
1.639299999999999979e+00	1.985874509207108574e+01
1.642900000000000027e+00	1.924625647130254791e+01
1.646500000000000075e+00	1.909337005303067158e+01
1.650099999999999900e+00	1.995517035997493238e+01
1.653699999999999948e+00	1.792455359815385663e+01
1.657299999999999995e+00	1.817465983074083269e+01
1.660900000000000043e+00	1.791520646708539743e+01
1.664500000000000091e+00	1.757875104973345159e+01
1.668099999999999916e+00	1.848415762845870702e+01
1.671699999999999964e+00	1.770382723297753103e+01
1.675400000000000000e+00	1.755379153890930155e+01
1.679000000000000048e+00	1.862751312100816747e+01
1.682600000000000096e+00	1.815912860216084468e+01
1.686199999999999921e+00	1.743825726693696154e+01
1.689799999999999969e+00	1.687480246866516254e+01
1.693400000000000016e+00	1.711146491843464545e+01
1.697000000000000064e+00	1.640015090529237085e+01
1.700599999999999890e+00	1.704354066295937642e+01
1.704199999999999937e+00	1.655678893656137873e+01
1.707799999999999985e+00	1.741860346963337491e+01
1.711400000000000032e+00	1.894899549379428549e+01
1.715000000000000080e+00	2.115824651678538615e+01
1.718599999999999905e+00	2.092261568825288265e+01
1.722199999999999953e+00	2.120324687614632353e+01
1.725899999999999990e+00	2.309821389110460288e+01
1.729500000000000037e+00	2.317277824490853178e+01
1.733100000000000085e+00	2.385450630567758168e+01
1.736699999999999910e+00	2.363218156323014796e+01
1.740299999999999958e+00	2.228455594921045702e+01
1.743900000000000006e+00	2.239159635707058271e+01
1.747500000000000053e+00	2.258567432278440634e+01
1.751100000000000101e+00	2.288179382635056314e+01
1.754699999999999926e+00	2.342738907228777023e+01
1.758299999999999974e+00	2.349143268506935200e+01
1.761900000000000022e+00	2.494548189215814915e+01
1.765500000000000069e+00	2.541063372066268755e+01
1.769099999999999895e+00	2.450168709592963268e+01
1.772699999999999942e+00	2.503549891281571504e+01
1.776399999999999979e+00	2.594886497827212324e+01
1.780000000000000027e+00	2.535826110317075432e+01
1.783600000000000074e+00	2.623314357008254305e+01
1.787199999999999900e+00	2.484068914991512855e+01
1.790799999999999947e+00	2.499193915888944417e+01
1.794399999999999995e+00	2.587832798599922057e+01
1.798000000000000043e+00	2.529108733478208393e+01
1.801600000000000090e+00	2.619266385733932978e+01
1.805199999999999916e+00	2.718482093213695094e+01
1.808799999999999963e+00	2.825345484556422804e+01
1.812400000000000011e+00	2.952342939682158374e+01
1.816000000000000059e+00	3.005980309884498070e+01
1.819600000000000106e+00	2.947375684809785312e+01
1.823199999999999932e+00	3.028662969719407272e+01
1.826899999999999968e+00	3.026307978376341978e+01
1.830500000000000016e+00	3.005761207480071917e+01
1.834100000000000064e+00	2.835375930274763689e+01
1.837699999999999889e+00	2.880603064174904304e+01
1.841299999999999937e+00	2.978551189946746192e+01
1.844899999999999984e+00	2.852828723353330531e+01
1.848500000000000032e+00	2.877914973948548649e+01
1.852100000000000080e+00	2.965418002014344978e+01
1.855699999999999905e+00	2.966573747258802385e+01
1.859299999999999953e+00	3.113070952411036529e+01
1.862900000000000000e+00	3.124752936031607931e+01
1.866500000000000048e+00	3.328539484869317278e+01
1.870100000000000096e+00	3.498773228281967107e+01
1.873699999999999921e+00	3.672579579026592711e+01
1.877399999999999958e+00	3.844009636250206796e+01
1.881000000000000005e+00	4.000709351148671544e+01
1.884600000000000053e+00	4.018499991802587346e+01
1.888200000000000101e+00	4.013230328030979166e+01
1.891799999999999926e+00	4.086435494311596273e+01
1.895399999999999974e+00	3.963849371906833596e+01
1.899000000000000021e+00	4.051907097069533847e+01
1.902600000000000069e+00	4.106377955335344865e+01
1.906199999999999894e+00	4.439086093056017290e+01
1.909799999999999942e+00	4.549822889713327356e+01
1.913399999999999990e+00	4.774371793264770503e+01
1.917000000000000037e+00	5.129603035402715250e+01
1.920600000000000085e+00	5.469973162258142452e+01
1.924199999999999910e+00	5.793747842472588161e+01
1.927899999999999947e+00	6.056103789698114781e+01
1.931499999999999995e+00	6.179682796283678670e+01
1.935100000000000042e+00	6.382139841285972182e+01
1.938700000000000090e+00	6.354280943948784000e+01
1.942299999999999915e+00	6.229866961200966813e+01
1.945899999999999963e+00	5.956964874057234027e+01
1.949500000000000011e+00	5.649045490973159644e+01
1.953100000000000058e+00	5.584600035820502484e+01
1.956700000000000106e+00	5.449302426873600069e+01
1.960299999999999931e+00	5.525869897229925698e+01
1.963899999999999979e+00	5.750202405795459271e+01
1.967500000000000027e+00	5.951051785160382934e+01
1.971100000000000074e+00	6.413637873916646015e+01
1.974699999999999900e+00	6.781352675119543960e+01
1.978399999999999936e+00	7.298586175876472737e+01
1.981999999999999984e+00	7.701937871632206623e+01
1.985600000000000032e+00	7.941166339359536153e+01
1.989200000000000079e+00	8.129399995194867756e+01
1.992799999999999905e+00	8.176541913481457868e+01
1.996399999999999952e+00	8.109877846490864783e+01
2.000000000000000000e+00	7.814812266688028330e+01
