2.000000000000000111e-01	-2.540169546593446626e+00
2.036000000000000032e-01	-1.844648154170504206e+00
2.071999999999999953e-01	-2.243629334257955854e+00
2.107999999999999874e-01	-2.211460060394612182e+00
2.144000000000000072e-01	-2.390839399165990642e+00
2.179999999999999993e-01	-2.245565614878441529e+00
2.215999999999999914e-01	-2.305322049619375591e+00
2.253000000000000003e-01	-1.650870815177902351e+00
2.288999999999999924e-01	-1.763321584513982465e+00
2.325000000000000122e-01	-2.368955776342251074e+00
2.361000000000000043e-01	-9.815688917859599627e-01
2.396999999999999964e-01	-1.971823903922337529e+00
2.432999999999999885e-01	-1.512022782021606560e+00
2.469000000000000083e-01	-1.003640149859360786e+00
2.505000000000000004e-01	-1.480223756979437422e+00
2.540999999999999925e-01	-1.346200221905991867e+00
2.576999999999999846e-01	-5.167429885364716036e-01
2.612999999999999767e-01	7.105363632679662089e-02
2.649000000000000243e-01	-1.497565476789839423e+00
2.685000000000000164e-01	-7.891571091063099841e-01
2.721000000000000085e-01	-1.631247235543705099e+00
2.757999999999999896e-01	-1.313452707373318873e+00
2.793999999999999817e-01	-1.402033126133501284e+00
2.829999999999999738e-01	-2.343841458284666945e+00
2.866000000000000214e-01	-2.236864318378092964e+00
2.902000000000000135e-01	-1.995772193001649430e+00
2.938000000000000056e-01	-1.264467720353922076e+00
2.973999999999999977e-01	-1.375666114254262773e+00
3.009999999999999898e-01	-2.126018510885286261e+00
3.045999999999999819e-01	-1.479963949743029250e+00
3.081999999999999740e-01	-2.128859934910069196e+00
3.118000000000000216e-01	-1.072650907494161476e+00
3.154000000000000137e-01	-1.981262045916023951e+00
3.190000000000000058e-01	-6.799298135207343385e-01
3.225999999999999979e-01	-1.033916775754224471e+00
3.262999999999999790e-01	-1.311486727228559079e-01
3.299000000000000266e-01	-6.605757845153643615e-01
3.335000000000000187e-01	-5.453082943191435161e-01
3.371000000000000107e-01	2.014987021935803480e-01
3.407000000000000028e-01	3.921993608883169169e-01
3.442999999999999949e-01	-6.084461092920400160e-01
3.478999999999999870e-01	-9.606065133890837049e-02
3.514999999999999791e-01	5.087693985549291975e-01
3.551000000000000267e-01	2.351709651611673668e-01
3.587000000000000188e-01	6.573753676822473579e-01
3.623000000000000109e-01	6.903298513718645335e-01
3.659000000000000030e-01	1.569259303542022144e-01
3.694999999999999951e-01	1.949158822489522325e-01
3.730999999999999872e-01	-2.454523066584163304e-01
3.768000000000000238e-01	-1.455171630946460182e-01
3.804000000000000159e-01	-6.916389446227175775e-01
3.840000000000000080e-01	-8.644834319029071068e-01
3.876000000000000001e-01	-8.527442345748437180e-01
3.911999999999999922e-01	-1.167476269804125000e+00
3.947999999999999843e-01	-1.612153273523099006e+00
3.983999999999999764e-01	6.134533169034130928e-01
4.020000000000000240e-01	-2.363302152383475185e-01
4.056000000000000161e-01	-1.078594789091127382e+00
4.092000000000000082e-01	-1.389049239310763628e+00
4.128000000000000003e-01	-7.959143695482404635e-01
4.163999999999999924e-01	-7.499874063376720246e-01
4.199999999999999845e-01	3.615609494378617672e-01
4.235999999999999766e-01	-2.138657011309188505e-01
4.273000000000000131e-01	-1.408153551665684566e-01
4.309000000000000052e-01	9.340399076524285027e-01
4.344999999999999973e-01	2.902730110592525725e-01
4.380999999999999894e-01	1.657944053094005388e-01
4.416999999999999815e-01	3.648572028359553521e-01
4.452999999999999736e-01	7.401721253328110706e-01
4.489000000000000212e-01	5.628823275898011680e-01
4.525000000000000133e-01	5.556128796119856883e-01
4.561000000000000054e-01	6.987626869765843907e-01
4.596999999999999975e-01	5.122737627760534096e-01
4.632999999999999896e-01	8.948595718505069074e-01
4.668999999999999817e-01	6.298908805184224580e-01
4.704999999999999738e-01	1.051592812079234773e-01
4.741000000000000214e-01	-3.808674494857261505e-02
4.778000000000000025e-01	3.558843378911154542e-01
4.813999999999999946e-01	6.004769188703495963e-01
4.849999999999999867e-01	-4.389379424590889034e-03
4.885999999999999788e-01	-4.133073505504393785e-01
4.922000000000000264e-01	-5.059504871813024218e-01
4.958000000000000185e-01	3.354238483337122489e-01
4.994000000000000106e-01	-9.076955169748435193e-03
5.030000000000000027e-01	2.788725739488480126e-01
5.066000000000000503e-01	6.718216228149060942e-01
5.101999999999999869e-01	3.533075833660854204e-01
5.138000000000000345e-01	7.034729817299114618e-01
5.173999999999999710e-01	1.346707571139064974e-01
5.210000000000000187e-01	4.810575015883740146e-01
5.245999999999999552e-01	9.764363925131918087e-01
5.282999999999999918e-01	5.239037525222258740e-01
5.319000000000000394e-01	1.196161382494999703e+00
5.354999999999999760e-01	5.762343861737224682e-01
5.391000000000000236e-01	1.243233288413156057e+00
5.426999999999999602e-01	1.802049897673119627e+00
5.463000000000000078e-01	9.247068240951719087e-01
5.499000000000000554e-01	1.741139889318847445e+00
5.534999999999999920e-01	1.803460686339282804e+00
5.571000000000000396e-01	2.526817056647790327e+00
5.606999999999999762e-01	1.612897069265450956e+00
5.643000000000000238e-01	2.963432102897651355e+00
5.678999999999999604e-01	1.500336041640371265e+00
5.715000000000000080e-01	1.601041379754898575e+00
5.752000000000000446e-01	7.252148807112137607e-01
5.787999999999999812e-01	1.159074895782900905e+00
5.824000000000000288e-01	6.617270121607001787e-01
5.859999999999999654e-01	2.941490869533355257e-01
5.896000000000000130e-01	1.334021881404119370e+00
5.931999999999999496e-01	7.584113601119726322e-01
5.967999999999999972e-01	5.528780683367129356e-02
6.004000000000000448e-01	3.838508372213015329e-01
6.039999999999999813e-01	5.185061782108898454e-01
6.076000000000000290e-01	8.954149996915904408e-01
6.111999999999999655e-01	9.780396536998793300e-01
6.148000000000000131e-01	6.879736233029938308e-01
6.183999999999999497e-01	1.117345261815743340e+00
6.219999999999999973e-01	1.469993422890536916e+00
6.257000000000000339e-01	7.730358431837036637e-01
6.292999999999999705e-01	1.883943422358712372e+00
6.329000000000000181e-01	1.614305620234520733e+00
6.364999999999999547e-01	1.445995726484581079e+00
6.401000000000000023e-01	2.152210992996193006e+00
6.437000000000000499e-01	2.572199435407841683e+00
6.472999999999999865e-01	2.195446461251091108e+00
6.509000000000000341e-01	1.884783801441098250e+00
6.544999999999999707e-01	2.488287899315611007e+00
6.581000000000000183e-01	2.088575351519991408e+00
6.616999999999999549e-01	2.072634608303733028e+00
6.653000000000000025e-01	1.794991549586414603e+00
6.689000000000000501e-01	1.389072776659939334e+00
6.724999999999999867e-01	2.320158470526805239e+00
6.762000000000000233e-01	1.987095363417943128e+00
6.797999999999999599e-01	1.324520656398299856e+00
6.834000000000000075e-01	9.102993403964576569e-01
6.870000000000000551e-01	1.581210303094187530e+00
6.905999999999999917e-01	1.275082006062605799e+00
6.942000000000000393e-01	1.262731752366021754e+00
6.977999999999999758e-01	1.472939665682333032e+00
7.014000000000000234e-01	1.975954712436173599e+00
7.049999999999999600e-01	1.054054594304928205e+00
7.086000000000000076e-01	1.363507599386575730e+00
7.122000000000000552e-01	1.548511114095660446e+00
7.157999999999999918e-01	1.016455372535803647e+00
7.194000000000000394e-01	2.374543774765182746e+00
7.229999999999999760e-01	1.556406090489929284e+00
7.267000000000000126e-01	2.468228293526541162e+00
7.302999999999999492e-01	2.176031041653845755e+00
7.338999999999999968e-01	1.955402286138436807e+00
7.375000000000000444e-01	1.935889109101547767e+00
7.410999999999999810e-01	1.989354277534333804e+00
7.447000000000000286e-01	2.912751205333973026e+00
7.482999999999999652e-01	2.752874796895085296e+00
7.519000000000000128e-01	2.748795239133388524e+00
7.554999999999999494e-01	3.223572431301498842e+00
7.590999999999999970e-01	2.314513216140120733e+00
7.627000000000000446e-01	2.450477340924081204e+00
7.662999999999999812e-01	2.704345353009643294e+00
7.699000000000000288e-01	1.780312261661723516e+00
7.734999999999999654e-01	1.523678374880540476e+00
7.772000000000000020e-01	1.703887046307583919e+00
7.808000000000000496e-01	8.729685453861859568e-01
7.843999999999999861e-01	1.303437056403130567e+00
7.880000000000000338e-01	4.988133260156724091e-01
7.915999999999999703e-01	6.740597217678829800e-01
7.952000000000000179e-01	1.307470401325920850e+00
7.987999999999999545e-01	1.073438416515003713e+00
8.024000000000000021e-01	1.283020551856420832e+00
8.060000000000000497e-01	1.259342845232689134e+00
8.095999999999999863e-01	9.902446291116553390e-01
8.132000000000000339e-01	6.298284195978668398e-01
8.167999999999999705e-01	9.438039929063803957e-01
8.204000000000000181e-01	7.898800778724393012e-01
8.239999999999999547e-01	1.540626779399625335e+00
8.276999999999999913e-01	1.071263302768749703e+00
8.313000000000000389e-01	1.209522074673467618e+00
8.348999999999999755e-01	1.404284225200711278e+00
8.385000000000000231e-01	2.001492611938997079e+00
8.420999999999999597e-01	1.734851299196166874e+00
8.457000000000000073e-01	2.635166251629101009e+00
8.493000000000000549e-01	2.478317609060369353e+00
8.528999999999999915e-01	1.608939253978403094e+00
8.565000000000000391e-01	2.520054151304233603e+00
8.600999999999999757e-01	3.375154292997178729e+00
8.637000000000000233e-01	2.719871897215616841e+00
8.672999999999999599e-01	1.478708634709813285e+00
8.709000000000000075e-01	2.287429557400023850e+00
8.745000000000000551e-01	1.726841608007398055e+00
8.781999999999999806e-01	2.164502294851871511e+00
8.818000000000000282e-01	1.164222054604099554e+00
8.853999999999999648e-01	1.410759772521406497e+00
8.890000000000000124e-01	1.787880165603159099e+00
8.925999999999999490e-01	1.613718179475079673e+00
8.961999999999999966e-01	1.939803152411039955e+00
8.998000000000000442e-01	1.091288552573335568e+00
9.033999999999999808e-01	1.893213008439234235e+00
9.070000000000000284e-01	1.812592023996312696e+00
9.105999999999999650e-01	1.305380389084018766e+00
9.142000000000000126e-01	1.406480242635243405e+00
9.177999999999999492e-01	1.862935447985473392e+00
9.213999999999999968e-01	1.488968553093150460e+00
9.251000000000000334e-01	2.008366566730455993e+00
9.286999999999999700e-01	2.888347272827176848e+00
9.323000000000000176e-01	2.856734459353793110e+00
9.358999999999999542e-01	3.571241053185393088e+00
9.395000000000000018e-01	3.279507934345078368e+00
9.431000000000000494e-01	3.713859551959364236e+00
9.466999999999999860e-01	3.097250255034650124e+00
9.503000000000000336e-01	2.649914875353570398e+00
9.538999999999999702e-01	2.723682749250236235e+00
9.575000000000000178e-01	3.233741886799833765e+00
9.610999999999999543e-01	2.740344409643165058e+00
9.647000000000000020e-01	2.736068530962754597e+00
9.683000000000000496e-01	2.398386914258808122e+00
9.718999999999999861e-01	2.739411970416688380e+00
9.756000000000000227e-01	2.308671556173895301e+00
9.791999999999999593e-01	2.424537250682071043e+00
9.828000000000000069e-01	3.239958796825152199e+00
9.864000000000000545e-01	2.241841091822144083e+00
9.899999999999999911e-01	2.840483317302799904e+00
9.936000000000000387e-01	2.390604479915116709e+00
9.971999999999999753e-01	2.556189584687446281e+00
1.000799999999999912e+00	3.224726144908811598e+00
1.004399999999999959e+00	3.149025214860504018e+00
1.008000000000000007e+00	2.638809189793996257e+00
1.011600000000000055e+00	3.423491386517400592e+00
1.015200000000000102e+00	2.952783240342614413e+00
1.018799999999999928e+00	3.561204593320127287e+00
1.022399999999999975e+00	4.359694748495088312e+00
1.026100000000000012e+00	3.973235967471618224e+00
1.029700000000000060e+00	5.132149458133395292e+00
1.033300000000000107e+00	4.978948424860797140e+00
1.036899999999999933e+00	5.548793926127735254e+00
1.040499999999999980e+00	6.089524962857982615e+00
1.044100000000000028e+00	5.132814268034268324e+00
1.047700000000000076e+00	6.319413523700244895e+00
1.051299999999999901e+00	6.119260875511915110e+00
1.054899999999999949e+00	5.589365053554700147e+00
1.058499999999999996e+00	5.077053415723027818e+00
1.062100000000000044e+00	6.126006694299459099e+00
1.065700000000000092e+00	5.558166756278537513e+00
1.069299999999999917e+00	6.100606537544080332e+00
1.072899999999999965e+00	5.479228458912541733e+00
1.076600000000000001e+00	4.885832353365507252e+00
1.080200000000000049e+00	5.558989765329201305e+00
1.083800000000000097e+00	5.095979663250023606e+00
1.087399999999999922e+00	6.009203014877648741e+00
1.090999999999999970e+00	6.331596983910747767e+00
1.094600000000000017e+00	7.887559010771904688e+00
1.098200000000000065e+00	7.475352014670322731e+00
1.101799999999999891e+00	8.797576739241714350e+00
1.105399999999999938e+00	8.329163337408365564e+00
1.108999999999999986e+00	8.255323360692063517e+00
1.112600000000000033e+00	8.098422750822262373e+00
1.116200000000000081e+00	8.724786230410430221e+00
1.119799999999999907e+00	7.452465001288138602e+00
1.123399999999999954e+00	7.705621805735079377e+00
1.127099999999999991e+00	7.819738079779623874e+00
1.130700000000000038e+00	8.288072852567923476e+00
1.134300000000000086e+00	8.295035100826652297e+00
1.137899999999999912e+00	7.825824961720657669e+00
1.141499999999999959e+00	7.820398984878617732e+00
1.145100000000000007e+00	8.851989905574535911e+00
1.148700000000000054e+00	1.001996616908169102e+01
1.152300000000000102e+00	1.060371583711453525e+01
1.155899999999999928e+00	1.111525285732043145e+01
1.159499999999999975e+00	1.197164776517950280e+01
1.163100000000000023e+00	1.233727380867779466e+01
1.166700000000000070e+00	1.158623662098329099e+01
1.170299999999999896e+00	1.063550969859591078e+01
1.173899999999999944e+00	1.046523208056752097e+01
1.177599999999999980e+00	1.031704243681450706e+01
1.181200000000000028e+00	9.774057882970165423e+00
1.184800000000000075e+00	9.813726110232314781e+00
1.188399999999999901e+00	1.089915680999281911e+01
1.191999999999999948e+00	1.182640750604950597e+01
1.195599999999999996e+00	1.259460078207285427e+01
1.199200000000000044e+00	1.292938231993744402e+01
1.202800000000000091e+00	1.362057336456943446e+01
1.206399999999999917e+00	1.323828264769569785e+01
1.209999999999999964e+00	1.371291667337110098e+01
1.213600000000000012e+00	1.304895252450793741e+01
1.217200000000000060e+00	1.383272105851393796e+01
1.220800000000000107e+00	1.343761311148394633e+01
1.224399999999999933e+00	1.357478645881293566e+01
1.228099999999999969e+00	1.363790432112394591e+01
1.231700000000000017e+00	1.432450994924707643e+01
1.235300000000000065e+00	1.465600720228005471e+01
1.238899999999999890e+00	1.428146357590068050e+01
1.242499999999999938e+00	1.596021135414546066e+01
1.246099999999999985e+00	1.554394428747883161e+01
1.249700000000000033e+00	1.534051604347332898e+01
1.253300000000000081e+00	1.585929176201666202e+01
1.256899999999999906e+00	1.584339761268618929e+01
1.260499999999999954e+00	1.628641751061094567e+01
1.264100000000000001e+00	1.561346885012199159e+01
1.267700000000000049e+00	1.604932851102980251e+01
1.271300000000000097e+00	1.530651069749850457e+01
1.274899999999999922e+00	1.533256371456753975e+01
1.278599999999999959e+00	1.587862992598059897e+01
1.282200000000000006e+00	1.560489929730185032e+01
1.285800000000000054e+00	1.622145453831512185e+01
1.289400000000000102e+00	1.594811216596243142e+01
1.292999999999999927e+00	1.619369199133102200e+01
1.296599999999999975e+00	1.626780347695661177e+01
1.300200000000000022e+00	1.670175111693582792e+01
1.303800000000000070e+00	1.622948684988756796e+01
1.307399999999999896e+00	1.600422343837830752e+01
1.310999999999999943e+00	1.577642545913928274e+01
1.314599999999999991e+00	1.605020832090582061e+01
1.318200000000000038e+00	1.567386960384583539e+01
1.321800000000000086e+00	1.556791272489072320e+01
1.325499999999999901e+00	1.544935058194778676e+01
1.329099999999999948e+00	1.607901598755587003e+01
1.332699999999999996e+00	1.587218057318107434e+01
1.336300000000000043e+00	1.602051247041246995e+01
1.339900000000000091e+00	1.524548765531407568e+01
1.343499999999999917e+00	1.485336556247425399e+01
1.347099999999999964e+00	1.496714103411168395e+01
1.350700000000000012e+00	1.533753978082861380e+01
1.354300000000000059e+00	1.519902879730735989e+01
1.357900000000000107e+00	1.536133706780326946e+01
1.361499999999999932e+00	1.494900160692555247e+01
1.365099999999999980e+00	1.433473996502930525e+01
1.368700000000000028e+00	1.457278778183995627e+01
1.372300000000000075e+00	1.434480043983767850e+01
1.375999999999999890e+00	1.488106033351853696e+01
1.379599999999999937e+00	1.443673990581450539e+01
1.383199999999999985e+00	1.406485104846451684e+01
1.386800000000000033e+00	1.444858235800870716e+01
1.390400000000000080e+00	1.478085515343392586e+01
1.393999999999999906e+00	1.470630191111093588e+01
1.397599999999999953e+00	1.461513667489639445e+01
1.401200000000000001e+00	1.606117761203679706e+01
1.404800000000000049e+00	1.567819699395697164e+01
1.408400000000000096e+00	1.579748298928009298e+01
1.411999999999999922e+00	1.600659778155942803e+01
1.415599999999999969e+00	1.515450866979011479e+01
1.419200000000000017e+00	1.565329667316793483e+01
1.422800000000000065e+00	1.480030333417782096e+01
1.426500000000000101e+00	1.517897249261550208e+01
1.430099999999999927e+00	1.426637286901502932e+01
1.433699999999999974e+00	1.438553471876363865e+01
1.437300000000000022e+00	1.417178302575256410e+01
1.440900000000000070e+00	1.413298508752412097e+01
1.444499999999999895e+00	1.405973911557125078e+01
1.448099999999999943e+00	1.363278823377344473e+01
1.451699999999999990e+00	1.392900982824217593e+01
1.455300000000000038e+00	1.363662559224326287e+01
1.458900000000000086e+00	1.401746065342353909e+01
1.462499999999999911e+00	1.402975525933442746e+01
1.466099999999999959e+00	1.438801962121411648e+01
1.469700000000000006e+00	1.389257606925463939e+01
1.473300000000000054e+00	1.539353363482244141e+01
1.477000000000000091e+00	1.509883606528133271e+01
1.480599999999999916e+00	1.536758116764030646e+01
1.484199999999999964e+00	1.582370354362624632e+01
1.487800000000000011e+00	1.564712219598037990e+01
1.491400000000000059e+00	1.656356596886596932e+01
1.495000000000000107e+00	1.528637171781119442e+01
1.498599999999999932e+00	1.540597599013318764e+01
1.502199999999999980e+00	1.545177637718806452e+01
1.505800000000000027e+00	1.544471274323112375e+01
1.509400000000000075e+00	1.606176068001653690e+01
1.512999999999999901e+00	1.657810792983167758e+01
1.516599999999999948e+00	1.582177099488596639e+01
1.520199999999999996e+00	1.623722162333068653e+01
1.523800000000000043e+00	1.661240741503577567e+01
1.527500000000000080e+00	1.753922733056599981e+01
1.531099999999999905e+00	1.754762071100715559e+01
1.534699999999999953e+00	1.717979097724633419e+01
1.538300000000000001e+00	1.690676833025108294e+01
1.541900000000000048e+00	1.799305272995167471e+01
1.545500000000000096e+00	1.825426815808006253e+01
1.549099999999999921e+00	1.798465232594906382e+01
1.552699999999999969e+00	1.791950522137119961e+01
1.556300000000000017e+00	1.873850657817049381e+01
1.559900000000000064e+00	1.891806272437581882e+01
1.563499999999999890e+00	1.927427117778914933e+01
1.567099999999999937e+00	1.973715097101077376e+01
1.570699999999999985e+00	1.915491217814020786e+01
1.574300000000000033e+00	2.027217398499841039e+01
1.578000000000000069e+00	2.047701227938248536e+01
1.581599999999999895e+00	2.056078768931379841e+01
1.585199999999999942e+00	2.057240673522020558e+01
1.588799999999999990e+00	2.062471621516660392e+01
1.592400000000000038e+00	2.056080154991250453e+01
1.596000000000000085e+00	2.051931878663568298e+01
1.599599999999999911e+00	2.079278741282870158e+01
1.603199999999999958e+00	2.033546073055751435e+01
1.606800000000000006e+00	2.015263664928209408e+01
1.610400000000000054e+00	2.002980682710715499e+01
1.614000000000000101e+00	1.980951149018839175e+01
1.617599999999999927e+00	2.028691054154848317e+01
1.621199999999999974e+00	2.013040268169104507e+01
1.624800000000000022e+00	2.114131263171547559e+01
1.628500000000000059e+00	2.089315512543366893e+01
1.632100000000000106e+00	2.115194421300031635e+01
1.635699999999999932e+00	2.086318893655916185e+01
1.639299999999999979e+00	2.013626694707568276e+01
1.642900000000000027e+00	2.082816364265458020e+01
1.646500000000000075e+00	2.156886058057276756e+01
1.650099999999999900e+00	2.149154845271065284e+01
1.653699999999999948e+00	2.341374715457133604e+01
1.657299999999999995e+00	2.639474252780702201e+01
1.660900000000000043e+00	2.778730151286206151e+01
1.664500000000000091e+00	3.021572181117634415e+01
1.668099999999999916e+00	3.076874181760562976e+01
1.671699999999999964e+00	3.051340139621341407e+01
1.675400000000000000e+00	2.849244473320336368e+01
1.679000000000000048e+00	2.681125464029680927e+01
1.682600000000000096e+00	2.280565030539206006e+01
1.686199999999999921e+00	2.126138325802271822e+01
1.689799999999999969e+00	1.922578868909888072e+01
1.693400000000000016e+00	2.158895328669164826e+01
1.697000000000000064e+00	2.052033736517157791e+01
1.700599999999999890e+00	2.253956290745341917e+01
1.704199999999999937e+00	2.495112285019603249e+01
1.707799999999999985e+00	2.640723581852788016e+01
1.711400000000000032e+00	2.767885405299654167e+01
1.715000000000000080e+00	2.747975067766547852e+01
1.718599999999999905e+00	2.703877596930013993e+01
1.722199999999999953e+00	2.627589965311251419e+01
1.725899999999999990e+00	2.442848915586126068e+01
1.729500000000000037e+00	2.242339239775601811e+01
1.733100000000000085e+00	2.258765820172492766e+01
1.736699999999999910e+00	2.217938542934068025e+01
1.740299999999999958e+00	2.261473146110913390e+01
1.743900000000000006e+00	2.410099131483180557e+01
1.747500000000000053e+00	2.401256232223284570e+01
1.751100000000000101e+00	2.465948702728661956e+01
1.754699999999999926e+00	2.551948899621735123e+01
1.758299999999999974e+00	2.563279416983872139e+01
1.761900000000000022e+00	2.525067282758046971e+01
1.765500000000000069e+00	2.521653348328069910e+01
1.769099999999999895e+00	2.438140774475807504e+01
1.772699999999999942e+00	2.411986240465164499e+01
1.776399999999999979e+00	2.351992698284344385e+01
1.780000000000000027e+00	2.414575591837773061e+01
1.783600000000000074e+00	2.498686047350362927e+01
1.787199999999999900e+00	2.450522787952507997e+01
1.790799999999999947e+00	2.482177394827265005e+01
1.794399999999999995e+00	2.482865897578285086e+01
1.798000000000000043e+00	2.499430602990529948e+01
1.801600000000000090e+00	2.507355446782667130e+01
1.805199999999999916e+00	2.530587061495563006e+01
1.808799999999999963e+00	2.539971000237454390e+01
1.812400000000000011e+00	2.607029187400591397e+01
1.816000000000000059e+00	2.633866399352608667e+01
1.819600000000000106e+00	2.625347335887446221e+01
1.823199999999999932e+00	2.896116305986303985e+01
1.826899999999999968e+00	3.087438379378329500e+01
1.830500000000000016e+00	3.272479856083476335e+01
1.834100000000000064e+00	3.379727666707337619e+01
1.837699999999999889e+00	3.323120764047737907e+01
1.841299999999999937e+00	3.127204911777410601e+01
1.844899999999999984e+00	2.985290972696689948e+01
1.848500000000000032e+00	2.916858802220261282e+01
1.852100000000000080e+00	2.980235372885793765e+01
1.855699999999999905e+00	3.228791049556152615e+01
1.859299999999999953e+00	3.537994248995790514e+01
1.862900000000000000e+00	3.725525559348234594e+01
1.866500000000000048e+00	3.653532839645358621e+01
1.870100000000000096e+00	3.512956418920243351e+01
1.873699999999999921e+00	3.337464787153514578e+01
1.877399999999999958e+00	3.106916530720429037e+01
1.881000000000000005e+00	3.233608305637419988e+01
1.884600000000000053e+00	3.442448773526525230e+01
1.888200000000000101e+00	3.735356701739659258e+01
1.891799999999999926e+00	4.023640118514601483e+01
1.895399999999999974e+00	4.252687351119340775e+01
1.899000000000000021e+00	4.153954412529640194e+01
1.902600000000000069e+00	3.818483803891019335e+01
1.906199999999999894e+00	3.631647819783400166e+01
1.909799999999999942e+00	3.343587645266446629e+01
1.913399999999999990e+00	3.322318395588753503e+01
1.917000000000000037e+00	3.471743421323674994e+01
1.920600000000000085e+00	3.628146601201889609e+01
1.924199999999999910e+00	3.788298788131253758e+01
1.927899999999999947e+00	3.782928332452345899e+01
1.931499999999999995e+00	3.726076579411692080e+01
1.935100000000000042e+00	3.641315449174231134e+01
1.938700000000000090e+00	3.470800447852838033e+01
1.942299999999999915e+00	3.525737341466343366e+01
1.945899999999999963e+00	3.524608101392104231e+01
1.949500000000000011e+00	3.656760185688381171e+01
1.953100000000000058e+00	3.841857315406475948e+01
1.956700000000000106e+00	3.925933851392782969e+01
1.960299999999999931e+00	4.110945355344265550e+01
1.963899999999999979e+00	4.179612322998057294e+01
1.967500000000000027e+00	4.322833813586816376e+01
1.971100000000000074e+00	4.309926225964297686e+01
1.974699999999999900e+00	4.441410371604554541e+01
1.978399999999999936e+00	4.527015110846941326e+01
1.981999999999999984e+00	4.646231061442161092e+01
1.985600000000000032e+00	4.697593950096636917e+01
1.989200000000000079e+00	4.759198956907343359e+01
1.992799999999999905e+00	4.877130052265064108e+01
1.996399999999999952e+00	5.028522167455133740e+01
2.000000000000000000e+00	5.141828345570243641e+01
