2.000000000000000111e-01	-1.113679116363345489e+00
2.036000000000000032e-01	-7.193401925573755795e-01
2.071999999999999953e-01	-2.672559765166115930e-01
2.107999999999999874e-01	-6.845778618270530469e-01
2.144000000000000072e-01	-6.076610946456268980e-01
2.179999999999999993e-01	-3.114476696464287819e-01
2.215999999999999914e-01	-1.076645941619878144e-01
2.253000000000000003e-01	8.152000748036596356e-01
2.288999999999999924e-01	3.194576704664950917e-01
2.325000000000000122e-01	1.037714650051947851e+00
2.361000000000000043e-01	1.438886597082356111e+00
2.396999999999999964e-01	1.329487464824070653e+00
2.432999999999999885e-01	1.464883147842355626e+00
2.469000000000000083e-01	3.916247480683900939e-01
2.505000000000000004e-01	2.336124620623149628e+00
2.540999999999999925e-01	1.568326289139135410e+00
2.576999999999999846e-01	6.995124294086436656e-01
2.612999999999999767e-01	1.504203455343303686e+00
2.649000000000000243e-01	7.298387238382769704e-01
2.685000000000000164e-01	7.834734296391158148e-01
2.721000000000000085e-01	2.181501297754359636e-01
2.757999999999999896e-01	1.308608874757346274e-01
2.793999999999999817e-01	9.959676938500183763e-01
2.829999999999999738e-01	-8.318620996297668713e-01
2.866000000000000214e-01	-1.958080171677758496e-01
2.902000000000000135e-01	-5.712101041166621762e-01
2.938000000000000056e-01	-1.341540261294947634e+00
2.973999999999999977e-01	-1.706655467015242955e+00
3.009999999999999898e-01	-4.714819794355850080e-01
3.045999999999999819e-01	-8.467211922401927104e-01
3.081999999999999740e-01	-2.423925448284405260e-01
3.118000000000000216e-01	2.332253019658805382e-01
3.154000000000000137e-01	-1.026501849323022686e-01
3.190000000000000058e-01	-3.094839857085776025e-01
3.225999999999999979e-01	2.687179986109188290e-01
3.262999999999999790e-01	1.642716280781317262e-01
3.299000000000000266e-01	-2.254062558808012096e-01
3.335000000000000187e-01	7.341651405179117074e-01
3.371000000000000107e-01	1.045016446846931846e+00
3.407000000000000028e-01	9.056312842576461630e-01
3.442999999999999949e-01	9.344804481031332433e-01
3.478999999999999870e-01	9.435985426627286898e-01
3.514999999999999791e-01	2.196736486695442636e+00
3.551000000000000267e-01	1.293573973017442036e+00
3.587000000000000188e-01	1.172211368752966720e+00
3.623000000000000109e-01	1.738634847989448895e+00
3.659000000000000030e-01	-1.159855382301190341e-01
3.694999999999999951e-01	7.813067658882005828e-01
3.730999999999999872e-01	-1.956866523702911198e-01
3.768000000000000238e-01	-7.797406094512474573e-01
3.804000000000000159e-01	4.996595346168475338e-01
3.840000000000000080e-01	-1.068960622975135832e-01
3.876000000000000001e-01	-5.304625296547795799e-01
3.911999999999999922e-01	-1.492656066256417002e+00
3.947999999999999843e-01	-8.788549571874401112e-01
3.983999999999999764e-01	-5.233939132639516822e-01
4.020000000000000240e-01	3.138670302264108258e-01
4.056000000000000161e-01	4.899977423762330031e-01
4.092000000000000082e-01	1.330257338564673208e-01
4.128000000000000003e-01	2.226077926562349152e+00
4.163999999999999924e-01	1.451817116143183206e+00
4.199999999999999845e-01	1.086862070237257560e+00
4.235999999999999766e-01	2.364065239527208373e+00
4.273000000000000131e-01	3.710624395683312482e+00
4.309000000000000052e-01	3.057978329566954478e+00
4.344999999999999973e-01	4.293941900360094266e+00
4.380999999999999894e-01	4.328438888269585227e+00
4.416999999999999815e-01	3.703917046712429162e+00
4.452999999999999736e-01	4.098988769633711726e+00
4.489000000000000212e-01	4.570856213617380703e+00
4.525000000000000133e-01	5.642118075959852597e+00
4.561000000000000054e-01	4.496816140634094516e+00
4.596999999999999975e-01	4.430051851947570007e+00
4.632999999999999896e-01	4.055514773605568557e+00
4.668999999999999817e-01	4.369419474041703388e+00
4.704999999999999738e-01	4.247818844053039555e+00
4.741000000000000214e-01	4.001449577948881675e+00
4.778000000000000025e-01	4.767615330408739638e+00
4.813999999999999946e-01	3.834778088150733844e+00
4.849999999999999867e-01	5.053518430364201564e+00
4.885999999999999788e-01	4.618626406706585641e+00
4.922000000000000264e-01	3.877040995934817325e+00
4.958000000000000185e-01	3.308046977392812060e+00
4.994000000000000106e-01	3.911549276680816867e+00
5.030000000000000027e-01	4.607015545898960340e+00
5.066000000000000503e-01	5.079541876081467677e+00
5.101999999999999869e-01	4.060970475323740558e+00
5.138000000000000345e-01	5.973646320635176643e+00
5.173999999999999710e-01	5.884450372487094683e+00
5.210000000000000187e-01	4.546466482429631917e+00
5.245999999999999552e-01	5.476046360232825094e+00
5.282999999999999918e-01	6.646942323846467104e+00
5.319000000000000394e-01	5.606290607391708924e+00
5.354999999999999760e-01	5.372403980480023655e+00
5.391000000000000236e-01	5.581311053450291659e+00
5.426999999999999602e-01	5.829368230517444793e+00
5.463000000000000078e-01	5.355324357185855533e+00
5.499000000000000554e-01	5.193874269039634228e+00
5.534999999999999920e-01	4.354253453838000887e+00
5.571000000000000396e-01	4.444216699103566981e+00
5.606999999999999762e-01	5.532567696087615339e+00
5.643000000000000238e-01	3.630435500297660489e+00
5.678999999999999604e-01	3.619912233439285476e+00
5.715000000000000080e-01	4.225686574716037924e+00
5.752000000000000446e-01	3.552835147661164594e+00
5.787999999999999812e-01	3.674677990009283857e+00
5.824000000000000288e-01	2.029362240470102385e+00
5.859999999999999654e-01	3.043321268305273719e+00
5.896000000000000130e-01	2.266931958809323966e+00
5.931999999999999496e-01	3.003864922584236652e+00
5.967999999999999972e-01	3.052132317786785176e+00
6.004000000000000448e-01	2.251349524041565964e+00
6.039999999999999813e-01	3.120236859726269074e+00
6.076000000000000290e-01	1.670677976476451221e+00
6.111999999999999655e-01	2.464330420205523620e+00
6.148000000000000131e-01	2.268680403813528645e+00
6.183999999999999497e-01	2.736214511363883606e+00
6.219999999999999973e-01	3.042207696872337053e+00
6.257000000000000339e-01	1.269430473343335253e+00
6.292999999999999705e-01	3.079012872560334735e+00
6.329000000000000181e-01	2.406044657083029392e+00
6.364999999999999547e-01	2.807254831449563781e+00
6.401000000000000023e-01	2.697937134325773645e+00
6.437000000000000499e-01	3.241316500553127256e+00
6.472999999999999865e-01	3.672379334142044094e+00
6.509000000000000341e-01	3.108619744274724983e+00
6.544999999999999707e-01	3.252094972026360331e+00
6.581000000000000183e-01	4.185006205262105539e+00
6.616999999999999549e-01	2.562072918727000381e+00
6.653000000000000025e-01	1.615312555505948433e+00
6.689000000000000501e-01	2.446968907502784951e+00
6.724999999999999867e-01	2.009673361077984666e+00
6.762000000000000233e-01	2.455574070122509944e+00
6.797999999999999599e-01	1.514702177836132257e+00
6.834000000000000075e-01	1.237995634787348642e+00
6.870000000000000551e-01	1.535544498060524177e+00
6.905999999999999917e-01	1.401631912297434335e+00
6.942000000000000393e-01	1.072393128574397503e+00
6.977999999999999758e-01	8.022623968297659669e-01
7.014000000000000234e-01	4.484709641715515227e-01
7.049999999999999600e-01	9.048178484183937442e-01
7.086000000000000076e-01	1.072461913964510627e+00
7.122000000000000552e-01	1.184012827876007590e-02
7.157999999999999918e-01	7.984574782259913350e-01
7.194000000000000394e-01	1.895355960869766765e-01
7.229999999999999760e-01	1.573229581105905162e+00
7.267000000000000126e-01	1.484202301423193981e+00
7.302999999999999492e-01	2.193339784092311007e+00
7.338999999999999968e-01	2.808362712848890830e+00
7.375000000000000444e-01	2.313462986300743651e+00
7.410999999999999810e-01	1.968240508569586433e+00
7.447000000000000286e-01	2.472178162675125801e+00
7.482999999999999652e-01	2.272040268351382952e+00
7.519000000000000128e-01	2.979029415711528905e+00
7.554999999999999494e-01	2.893617547363551701e+00
7.590999999999999970e-01	2.860659004357765767e+00
7.627000000000000446e-01	3.131333188465154294e+00
7.662999999999999812e-01	1.181437703590366928e+00
7.699000000000000288e-01	2.100885858431867703e+00
7.734999999999999654e-01	2.042320291219548167e+00
7.772000000000000020e-01	2.371635868076780618e+00
7.808000000000000496e-01	1.721705825355302144e+00
7.843999999999999861e-01	1.730259658554507807e+00
7.880000000000000338e-01	1.755993036432859977e+00
7.915999999999999703e-01	2.185495373201574054e+00
7.952000000000000179e-01	1.713631843953566491e+00
7.987999999999999545e-01	1.860584677127546716e+00
8.024000000000000021e-01	1.544935288363527004e+00
8.060000000000000497e-01	2.622403902310632695e+00
8.095999999999999863e-01	2.233215018246855532e+00
8.132000000000000339e-01	2.863227463869400857e+00
8.167999999999999705e-01	3.747150027641604986e+00
8.204000000000000181e-01	3.239997617916057671e+00
8.239999999999999547e-01	3.180490903315098539e+00
8.276999999999999913e-01	3.579514766237176016e+00
8.313000000000000389e-01	3.854099752142063906e+00
8.348999999999999755e-01	4.347781820369054806e+00
8.385000000000000231e-01	3.908906583312663052e+00
8.420999999999999597e-01	4.646356927899968348e+00
8.457000000000000073e-01	4.498510676339154024e+00
8.493000000000000549e-01	4.897292342318393388e+00
8.528999999999999915e-01	5.377582511494317430e+00
8.565000000000000391e-01	6.014760227226656042e+00
8.600999999999999757e-01	4.756488199038499509e+00
8.637000000000000233e-01	5.707144913503812589e+00
8.672999999999999599e-01	6.070586191773292839e+00
8.709000000000000075e-01	5.432718688480897562e+00
8.745000000000000551e-01	5.192079370665460658e+00
8.781999999999999806e-01	4.925274251636004408e+00
8.818000000000000282e-01	4.196799774871720068e+00
8.853999999999999648e-01	5.980318379377798976e+00
8.890000000000000124e-01	4.962631817632253473e+00
8.925999999999999490e-01	5.832625099633943044e+00
8.961999999999999966e-01	5.290697912681782356e+00
8.998000000000000442e-01	5.011191936105976907e+00
9.033999999999999808e-01	4.866509087580664250e+00
9.070000000000000284e-01	5.007036723084130614e+00
9.105999999999999650e-01	4.929251353251254741e+00
9.142000000000000126e-01	6.432915063788172461e+00
9.177999999999999492e-01	6.076713446701693222e+00
9.213999999999999968e-01	6.847408538822109314e+00
9.251000000000000334e-01	7.099036642003233588e+00
9.286999999999999700e-01	7.841575523235658984e+00
9.323000000000000176e-01	7.714216520186878867e+00
9.358999999999999542e-01	7.879247422976135340e+00
9.395000000000000018e-01	8.307857147924524455e+00
9.431000000000000494e-01	7.486799430535784339e+00
9.466999999999999860e-01	8.321987769299798998e+00
9.503000000000000336e-01	8.816063936170850823e+00
9.538999999999999702e-01	8.280257334554375959e+00
9.575000000000000178e-01	8.810986187650382107e+00
9.610999999999999543e-01	8.887609384738389906e+00
9.647000000000000020e-01	7.525479902880767291e+00
9.683000000000000496e-01	8.229879131281220950e+00
9.718999999999999861e-01	7.522875258125708342e+00
9.756000000000000227e-01	7.784262254208392129e+00
9.791999999999999593e-01	7.341535693066867374e+00
9.828000000000000069e-01	7.240088193969283381e+00
9.864000000000000545e-01	8.635678266875650877e+00
9.899999999999999911e-01	7.186747793889400882e+00
9.936000000000000387e-01	6.575889202134000300e+00
9.971999999999999753e-01	7.608999994316542725e+00
1.000799999999999912e+00	7.204414232634933413e+00
1.004399999999999959e+00	7.266994996838781695e+00
1.008000000000000007e+00	9.296246711891422265e+00
1.011600000000000055e+00	9.364876822160738357e+00
1.015200000000000102e+00	8.613654144090608256e+00
1.018799999999999928e+00	9.641262579025603685e+00
1.022399999999999975e+00	9.323378326649805814e+00
1.026100000000000012e+00	1.034531306126832462e+01
1.029700000000000060e+00	9.045105813770913272e+00
1.033300000000000107e+00	8.973384954725776907e+00
1.036899999999999933e+00	9.202676656128494059e+00
1.040499999999999980e+00	9.455227277604562275e+00
1.044100000000000028e+00	8.850702605126521405e+00
1.047700000000000076e+00	8.706818347288582061e+00
1.051299999999999901e+00	8.878926836886327223e+00
1.054899999999999949e+00	8.606432770259205611e+00
1.058499999999999996e+00	8.361049225786379324e+00
1.062100000000000044e+00	9.966190229876504603e+00
1.065700000000000092e+00	8.945620348694921731e+00
1.069299999999999917e+00	7.957689787582740593e+00
1.072899999999999965e+00	7.530642854577515699e+00
1.076600000000000001e+00	8.283891001794094322e+00
1.080200000000000049e+00	8.450631907192155623e+00
1.083800000000000097e+00	7.983512015437236542e+00
1.087399999999999922e+00	8.372405209700817252e+00
1.090999999999999970e+00	9.413871468798468811e+00
1.094600000000000017e+00	9.829976799734087223e+00
1.098200000000000065e+00	9.088581670704963145e+00
1.101799999999999891e+00	8.862088097501411355e+00
1.105399999999999938e+00	9.331942939997041719e+00
1.108999999999999986e+00	9.862354110741701874e+00
1.112600000000000033e+00	9.499757885510605959e+00
1.116200000000000081e+00	9.302902487515860130e+00
1.119799999999999907e+00	1.045571285806216189e+01
1.123399999999999954e+00	1.047628111267129114e+01
1.127099999999999991e+00	1.130317883502445753e+01
1.130700000000000038e+00	1.045333396580631913e+01
1.134300000000000086e+00	1.155857249034947642e+01
1.137899999999999912e+00	1.193177045534578085e+01
1.141499999999999959e+00	1.202007655469287783e+01
1.145100000000000007e+00	1.121241876048982000e+01
1.148700000000000054e+00	1.266607496194869142e+01
1.152300000000000102e+00	1.250694703336323599e+01
1.155899999999999928e+00	1.385768517899114549e+01
1.159499999999999975e+00	1.401835810485793132e+01
1.163100000000000023e+00	1.401383537832994719e+01
1.166700000000000070e+00	1.380230374403859805e+01
1.170299999999999896e+00	1.320202546907019148e+01
1.173899999999999944e+00	1.301106891185894376e+01
1.177599999999999980e+00	1.371795273922749026e+01
1.181200000000000028e+00	1.522807315135352724e+01
1.184800000000000075e+00	1.584892370617597379e+01
1.188399999999999901e+00	1.609284393198120711e+01
1.191999999999999948e+00	1.629498348644367312e+01
1.195599999999999996e+00	1.571972031790478752e+01
1.199200000000000044e+00	1.784574846893207223e+01
1.202800000000000091e+00	1.692285210155704789e+01
1.206399999999999917e+00	1.845116165672817488e+01
1.209999999999999964e+00	1.864342767394798273e+01
1.213600000000000012e+00	1.956138801729115784e+01
1.217200000000000060e+00	1.976062331915814951e+01
1.220800000000000107e+00	2.044286849759192037e+01
1.224399999999999933e+00	2.088875521654876621e+01
1.228099999999999969e+00	2.157914418841860638e+01
1.231700000000000017e+00	2.214118655013597703e+01
1.235300000000000065e+00	2.140393946725429686e+01
1.238899999999999890e+00	2.225341661652896619e+01
1.242499999999999938e+00	2.346597114163442654e+01
1.246099999999999985e+00	2.353458989696939341e+01
1.249700000000000033e+00	2.386431547471089587e+01
1.253300000000000081e+00	2.420850474678756115e+01
1.256899999999999906e+00	2.417263175548069398e+01
1.260499999999999954e+00	2.333583137965842269e+01
1.264100000000000001e+00	2.436466203915374251e+01
1.267700000000000049e+00	2.419167817170866641e+01
1.271300000000000097e+00	2.534937780838527033e+01
1.274899999999999922e+00	2.563570131709387212e+01
1.278599999999999959e+00	2.612883565960914112e+01
1.282200000000000006e+00	2.638732737678910212e+01
1.285800000000000054e+00	2.609049043465867967e+01
1.289400000000000102e+00	2.547901858571937694e+01
1.292999999999999927e+00	2.578263805147825138e+01
1.296599999999999975e+00	2.543128851105461052e+01
1.300200000000000022e+00	2.503765579808787933e+01
1.303800000000000070e+00	2.551552448334192391e+01
1.307399999999999896e+00	2.627544351536351641e+01
1.310999999999999943e+00	2.663317307548667756e+01
1.314599999999999991e+00	2.596941424298258028e+01
1.318200000000000038e+00	2.481509870170738097e+01
1.321800000000000086e+00	2.564597900203078140e+01
1.325499999999999901e+00	2.390866034447276789e+01
1.329099999999999948e+00	2.319460621915936827e+01
1.332699999999999996e+00	2.314544585702904200e+01
1.336300000000000043e+00	2.347884496883943584e+01
1.339900000000000091e+00	2.198725289788272619e+01
1.343499999999999917e+00	2.060856983545825827e+01
1.347099999999999964e+00	2.199526460555883745e+01
1.350700000000000012e+00	2.188512727931959034e+01
1.354300000000000059e+00	2.299661938326592292e+01
1.357900000000000107e+00	2.262416271343202467e+01
1.361499999999999932e+00	2.236030242822933900e+01
1.365099999999999980e+00	2.315738612539178476e+01
1.368700000000000028e+00	2.122795391555891342e+01
1.372300000000000075e+00	2.138902782741147135e+01
1.375999999999999890e+00	1.969485736503799345e+01
1.379599999999999937e+00	2.099597069513382763e+01
1.383199999999999985e+00	1.953406839791281868e+01
1.386800000000000033e+00	1.909904110722316872e+01
1.390400000000000080e+00	1.974320449615917283e+01
1.393999999999999906e+00	1.819070141919934258e+01
1.397599999999999953e+00	1.990915165900005235e+01
1.401200000000000001e+00	2.001105900024826667e+01
1.404800000000000049e+00	1.996605354744799854e+01
1.408400000000000096e+00	1.964539082422628624e+01
1.411999999999999922e+00	1.887688176933903605e+01
1.415599999999999969e+00	1.978099997941449928e+01
1.419200000000000017e+00	1.830695921555100369e+01
1.422800000000000065e+00	1.905114759149547510e+01
1.426500000000000101e+00	1.865938440364521256e+01
1.430099999999999927e+00	2.118530877308570837e+01
1.433699999999999974e+00	2.008625773064401798e+01
1.437300000000000022e+00	1.971143315614331470e+01
1.440900000000000070e+00	1.956864688975140609e+01
1.444499999999999895e+00	1.901115393651415175e+01
1.448099999999999943e+00	1.821686335446996097e+01
1.451699999999999990e+00	1.856029548878400348e+01
1.455300000000000038e+00	1.895779774559806796e+01
1.458900000000000086e+00	1.958751641363423701e+01
1.462499999999999911e+00	1.958358649022757803e+01
1.466099999999999959e+00	1.934615818031800671e+01
1.469700000000000006e+00	1.981643680915733086e+01
1.473300000000000054e+00	1.995296764496998065e+01
1.477000000000000091e+00	1.954252412236416347e+01
1.480599999999999916e+00	2.016741506495993264e+01
1.484199999999999964e+00	1.981566771186342990e+01
1.487800000000000011e+00	1.994544282426291915e+01
1.491400000000000059e+00	2.094430315908955365e+01
1.495000000000000107e+00	2.093847305167856732e+01
1.498599999999999932e+00	2.257096414998989431e+01
1.502199999999999980e+00	2.268867295200228540e+01
1.505800000000000027e+00	2.287418635787894416e+01
1.509400000000000075e+00	2.246933359374740391e+01
1.512999999999999901e+00	2.285737982862791284e+01
1.516599999999999948e+00	2.181708059551248624e+01
1.520199999999999996e+00	2.232730767474638967e+01
1.523800000000000043e+00	2.224348039321143133e+01
1.527500000000000080e+00	2.243294154754151748e+01
1.531099999999999905e+00	2.410645726247666332e+01
1.534699999999999953e+00	2.336138708939865083e+01
1.538300000000000001e+00	2.346237389019658792e+01
1.541900000000000048e+00	2.281022034253140518e+01
1.545500000000000096e+00	2.235432554473347011e+01
1.549099999999999921e+00	2.213698318094427364e+01
1.552699999999999969e+00	2.207573707982847111e+01
1.556300000000000017e+00	2.171091255452529012e+01
1.559900000000000064e+00	2.258156133123635811e+01
1.563499999999999890e+00	2.241318173936343072e+01
1.567099999999999937e+00	2.268203395822539647e+01
1.570699999999999985e+00	2.199581287840570099e+01
1.574300000000000033e+00	2.195426406560266130e+01
1.578000000000000069e+00	2.204629348853858772e+01
1.581599999999999895e+00	2.188021686776102825e+01
1.585199999999999942e+00	2.127430622510965819e+01
1.588799999999999990e+00	2.254575163050935060e+01
1.592400000000000038e+00	2.277160472368201027e+01
1.596000000000000085e+00	2.409689314194922005e+01
1.599599999999999911e+00	2.364892692122137063e+01
1.603199999999999958e+00	2.337145588071272329e+01
1.606800000000000006e+00	2.163097703745711442e+01
1.610400000000000054e+00	2.218216093731209781e+01
1.614000000000000101e+00	2.189702610355586643e+01
1.617599999999999927e+00	2.232840164237568459e+01
1.621199999999999974e+00	2.263540343131920807e+01
1.624800000000000022e+00	2.133227684474273644e+01
1.628500000000000059e+00	2.133975951433359342e+01
1.632100000000000106e+00	2.001864033822543831e+01
1.635699999999999932e+00	1.919748337300039154e+01
1.639299999999999979e+00	1.955020353991406878e+01
1.642900000000000027e+00	1.819128652453131423e+01
1.646500000000000075e+00	1.749267595536028708e+01
1.650099999999999900e+00	1.766010589960816546e+01
1.653699999999999948e+00	1.805651508168834596e+01
1.657299999999999995e+00	1.749896737595450347e+01
1.660900000000000043e+00	1.856652192750461339e+01
1.664500000000000091e+00	1.853920426706336499e+01
1.668099999999999916e+00	1.919579792546559460e+01
1.671699999999999964e+00	1.956248973321969586e+01
1.675400000000000000e+00	1.975036066202746809e+01
1.679000000000000048e+00	1.827832104671162483e+01
1.682600000000000096e+00	1.856101630546537606e+01
1.686199999999999921e+00	1.794979293335132553e+01
1.689799999999999969e+00	1.667582350023141302e+01
1.693400000000000016e+00	1.674229512915718132e+01
1.697000000000000064e+00	1.753820617957902073e+01
1.700599999999999890e+00	1.750226695767451446e+01
1.704199999999999937e+00	1.855733416124938273e+01
1.707799999999999985e+00	1.924961311769138561e+01
1.711400000000000032e+00	1.994327512762218291e+01
1.715000000000000080e+00	2.144322511577973955e+01
1.718599999999999905e+00	2.100409978104516640e+01
1.722199999999999953e+00	2.087608859819081175e+01
1.725899999999999990e+00	2.014267378054367441e+01
1.729500000000000037e+00	2.071010577940288755e+01
1.733100000000000085e+00	2.106290127034517923e+01
1.736699999999999910e+00	2.055478306394562793e+01
1.740299999999999958e+00	2.212933951146275291e+01
1.743900000000000006e+00	2.229940439403079822e+01
1.747500000000000053e+00	2.303870717794983847e+01
1.751100000000000101e+00	2.390862634043596913e+01
1.754699999999999926e+00	2.535647133973664680e+01
1.758299999999999974e+00	2.511115653513696699e+01
1.761900000000000022e+00	2.574103814503430598e+01
1.765500000000000069e+00	2.426290662518281493e+01
1.769099999999999895e+00	2.329405233574279066e+01
1.772699999999999942e+00	2.322300501487210767e+01
1.776399999999999979e+00	2.280464802430740789e+01
1.780000000000000027e+00	2.392780880863107740e+01
1.783600000000000074e+00	2.566727213187657597e+01
1.787199999999999900e+00	2.677976266077121537e+01
1.790799999999999947e+00	2.726345346609228315e+01
1.794399999999999995e+00	2.586719904585167029e+01
1.798000000000000043e+00	2.588837062836308434e+01
1.801600000000000090e+00	2.492313036512981128e+01
1.805199999999999916e+00	2.546285647838051247e+01
1.808799999999999963e+00	2.587198966220612562e+01
1.812400000000000011e+00	2.742967003915884305e+01
1.816000000000000059e+00	2.855232411630085565e+01
1.819600000000000106e+00	2.851540455255186046e+01
1.823199999999999932e+00	2.934121931718682674e+01
1.826899999999999968e+00	2.913180492109460928e+01
1.830500000000000016e+00	2.836184557011880969e+01
1.834100000000000064e+00	2.753635460427996406e+01
1.837699999999999889e+00	2.762291552332677469e+01
1.841299999999999937e+00	2.824662511981023627e+01
1.844899999999999984e+00	2.902183098746184697e+01
1.848500000000000032e+00	2.954123024849527468e+01
1.852100000000000080e+00	3.090484655191174923e+01
1.855699999999999905e+00	3.061390246045723629e+01
1.859299999999999953e+00	3.033446582714987727e+01
1.862900000000000000e+00	3.171718667166702588e+01
1.866500000000000048e+00	3.351429147125312369e+01
1.870100000000000096e+00	3.376641997317014443e+01
1.873699999999999921e+00	3.602082845113045551e+01
1.877399999999999958e+00	3.721503588156420506e+01
1.881000000000000005e+00	3.893419648768560393e+01
1.884600000000000053e+00	3.882335531860280753e+01
1.888200000000000101e+00	3.900097207686821577e+01
1.891799999999999926e+00	3.797241491591555729e+01
1.895399999999999974e+00	3.940859420539435121e+01
1.899000000000000021e+00	4.116098696726043471e+01
1.902600000000000069e+00	4.263272713861110930e+01
1.906199999999999894e+00	4.454886038993595321e+01
1.909799999999999942e+00	4.564573523957308510e+01
1.913399999999999990e+00	4.490468535832344088e+01
1.917000000000000037e+00	4.306976154574481797e+01
1.920600000000000085e+00	4.210250778484564194e+01
1.924199999999999910e+00	4.154993805846829957e+01
1.927899999999999947e+00	4.129028355101036141e+01
1.931499999999999995e+00	4.301103957702789415e+01
1.935100000000000042e+00	4.448844925970179531e+01
1.938700000000000090e+00	4.720557224969780918e+01
1.942299999999999915e+00	4.923132426434878539e+01
1.945899999999999963e+00	5.185821348666020469e+01
1.949500000000000011e+00	5.251656549327615409e+01
1.953100000000000058e+00	5.288971868184186320e+01
1.956700000000000106e+00	5.208381235195940917e+01
1.960299999999999931e+00	4.996268928672736820e+01
1.963899999999999979e+00	4.871300795701294106e+01
1.967500000000000027e+00	4.752163573188833112e+01
1.971100000000000074e+00	4.691985957460222068e+01
1.974699999999999900e+00	4.963026383302567979e+01
1.978399999999999936e+00	5.169578293352476805e+01
1.981999999999999984e+00	5.444298959547738548e+01
1.985600000000000032e+00	5.853845483185149590e+01
1.989200000000000079e+00	5.966978056594579982e+01
1.992799999999999905e+00	5.868869688389083450e+01
1.996399999999999952e+00	5.661344830196247813e+01
2.000000000000000000e+00	5.057114543358282077e+01
