2.000000000000000111e-01	4.755184017098627036e-01
2.036000000000000032e-01	5.989265193729799153e-01
2.071999999999999953e-01	9.859124273858953513e-01
2.107999999999999874e-01	1.752167032184179352e+00
2.144000000000000072e-01	1.407409853789381327e+00
2.179999999999999993e-01	1.335500953485944109e+00
2.215999999999999914e-01	7.957048177320491522e-01
2.253000000000000003e-01	1.524899960549399802e+00
2.288999999999999924e-01	1.647615229810764692e+00
2.325000000000000122e-01	3.498181841140843851e+00
2.361000000000000043e-01	1.943623018947893355e+00
2.396999999999999964e-01	2.433889474148122289e+00
2.432999999999999885e-01	1.261026168333447384e+00
2.469000000000000083e-01	1.154865186343385641e+00
2.505000000000000004e-01	7.729830869037097596e-01
2.540999999999999925e-01	4.171835800752082268e-01
2.576999999999999846e-01	5.487319006540268829e-01
2.612999999999999767e-01	-4.940077774383787312e-02
2.649000000000000243e-01	1.291047404872817418e-02
2.685000000000000164e-01	7.856084997856777052e-01
2.721000000000000085e-01	8.827075275420943612e-01
2.757999999999999896e-01	9.030950066513773189e-01
2.793999999999999817e-01	2.068312054101128616e+00
2.829999999999999738e-01	2.496339299462411621e+00
2.866000000000000214e-01	2.025383080920229339e+00
2.902000000000000135e-01	3.391506899609939119e+00
2.938000000000000056e-01	3.790085352121479900e+00
2.973999999999999977e-01	3.330662117504433528e+00
3.009999999999999898e-01	3.241487334214225413e+00
3.045999999999999819e-01	2.558224867364998989e+00
3.081999999999999740e-01	1.751287896157600388e+00
3.118000000000000216e-01	1.459308312207287184e+00
3.154000000000000137e-01	7.503405539067098395e-01
3.190000000000000058e-01	1.695353619426847258e+00
3.225999999999999979e-01	1.053701553505220545e+00
3.262999999999999790e-01	4.445055279912870638e-01
3.299000000000000266e-01	8.168463484653898377e-01
3.335000000000000187e-01	7.557645334236594570e-01
3.371000000000000107e-01	9.005093929108802797e-01
3.407000000000000028e-01	1.062761792559570706e+00
3.442999999999999949e-01	1.567932030759705997e+00
3.478999999999999870e-01	2.430562822267282819e+00
3.514999999999999791e-01	2.096611966513549419e+00
3.551000000000000267e-01	1.829875167086149723e+00
3.587000000000000188e-01	2.973100706598622800e+00
3.623000000000000109e-01	2.387868619477531595e+00
3.659000000000000030e-01	2.542344372981316436e+00
3.694999999999999951e-01	2.382022061378779476e+00
3.730999999999999872e-01	1.568199838679166014e+00
3.768000000000000238e-01	9.700992565563079095e-01
3.804000000000000159e-01	3.197408558268410306e-01
3.840000000000000080e-01	1.172550742155710202e-01
3.876000000000000001e-01	-2.804826982629644028e-01
3.911999999999999922e-01	-3.678251937784080550e-01
3.947999999999999843e-01	8.061157429904221017e-01
3.983999999999999764e-01	6.343809751528773910e-01
4.020000000000000240e-01	4.158510939193366118e-01
4.056000000000000161e-01	1.756679078460566146e+00
4.092000000000000082e-01	1.965825584285391781e+00
4.128000000000000003e-01	1.719214060893312412e+00
4.163999999999999924e-01	3.149852123765882528e+00
4.199999999999999845e-01	2.858463098103950273e+00
4.235999999999999766e-01	2.133698251807326418e+00
4.273000000000000131e-01	2.868940797532686382e+00
4.309000000000000052e-01	1.781048453891657779e+00
4.344999999999999973e-01	1.343980841841654339e+00
4.380999999999999894e-01	2.534554267879167266e+00
4.416999999999999815e-01	-1.070973852865644282e-01
4.452999999999999736e-01	1.880084571680352035e+00
4.489000000000000212e-01	2.051868296534287150e-02
4.525000000000000133e-01	4.910733009162158158e-01
4.561000000000000054e-01	-1.080222626039832878e-01
4.596999999999999975e-01	3.091749585828256208e-01
4.632999999999999896e-01	-2.491570411971243126e-02
4.668999999999999817e-01	1.104439476482424132e+00
4.704999999999999738e-01	1.233057778990460873e+00
4.741000000000000214e-01	2.034752421090277430e+00
4.778000000000000025e-01	1.734571033700061715e+00
4.813999999999999946e-01	1.596151025803455248e+00
4.849999999999999867e-01	2.384309458451196129e+00
4.885999999999999788e-01	3.050792092122388777e+00
4.922000000000000264e-01	1.894889012183491594e+00
4.958000000000000185e-01	1.300659325909648834e+00
4.994000000000000106e-01	1.868346998785545665e+00
5.030000000000000027e-01	5.448618385133339181e-01
5.066000000000000503e-01	-2.466362514304619169e-01
5.101999999999999869e-01	-2.682351873974210266e-01
5.138000000000000345e-01	7.193635453573721250e-02
5.173999999999999710e-01	-1.305600982671070387e+00
5.210000000000000187e-01	-1.191637526858380092e+00
5.245999999999999552e-01	-1.077075279362267324e+00
5.282999999999999918e-01	-1.128620086203320438e+00
5.319000000000000394e-01	-1.067304021768299416e-01
5.354999999999999760e-01	2.096773499255520368e-01
5.391000000000000236e-01	1.404669851011032256e+00
5.426999999999999602e-01	9.091630285332246153e-01
5.463000000000000078e-01	1.641164572090950013e+00
5.499000000000000554e-01	9.658895803560705318e-01
5.534999999999999920e-01	7.858613598539060385e-01
5.571000000000000396e-01	6.232221269022724108e-01
5.606999999999999762e-01	3.214221861926346291e-01
5.643000000000000238e-01	3.955354576758958185e-01
5.678999999999999604e-01	-7.875991604533535417e-01
5.715000000000000080e-01	-6.657632972483825684e-01
5.752000000000000446e-01	-1.226945658622580204e+00
5.787999999999999812e-01	-1.022949413569413935e-01
5.824000000000000288e-01	-2.019889465164035336e-01
5.859999999999999654e-01	-5.372849479431174302e-02
5.896000000000000130e-01	-3.644577456416379091e-01
5.931999999999999496e-01	-1.703391873037567450e-01
5.967999999999999972e-01	4.194021051948766399e-01
6.004000000000000448e-01	8.096987713562142641e-01
6.039999999999999813e-01	1.978063410657489474e+00
6.076000000000000290e-01	2.250778415073122929e+00
6.111999999999999655e-01	9.048930624521629440e-01
6.148000000000000131e-01	1.375116443397237154e+00
6.183999999999999497e-01	3.155340709527114651e-01
6.219999999999999973e-01	1.907686581788509139e+00
6.257000000000000339e-01	1.151507319260073992e+00
6.292999999999999705e-01	2.026006764061030752e-01
6.329000000000000181e-01	-2.835556689329443159e-01
6.364999999999999547e-01	-6.179309491321600678e-01
6.401000000000000023e-01	7.201005409087015696e-01
6.437000000000000499e-01	-1.151422360244338305e+00
6.472999999999999865e-01	2.508052905440549818e-02
6.509000000000000341e-01	-3.190975560058872951e-03
6.544999999999999707e-01	5.404085319798852538e-01
6.581000000000000183e-01	1.132495262739743325e+00
6.616999999999999549e-01	2.116128234022337740e+00
6.653000000000000025e-01	3.031114195471272588e+00
6.689000000000000501e-01	2.622110462189665814e+00
6.724999999999999867e-01	3.066397009370140481e+00
6.762000000000000233e-01	2.481590763017726964e+00
6.797999999999999599e-01	2.906579451209956755e+00
6.834000000000000075e-01	3.204264205460587434e+00
6.870000000000000551e-01	3.004056412620420780e+00
6.905999999999999917e-01	1.291974219654940415e+00
6.942000000000000393e-01	1.563338355051810069e+00
6.977999999999999758e-01	1.876972437314377240e+00
7.014000000000000234e-01	2.463359829148811020e+00
7.049999999999999600e-01	1.853616903104731151e+00
7.086000000000000076e-01	9.245643245048918990e-01
7.122000000000000552e-01	1.805981899365445065e+00
7.157999999999999918e-01	2.022433996207451123e+00
7.194000000000000394e-01	2.989341645146483817e+00
7.229999999999999760e-01	2.204486627478463134e+00
7.267000000000000126e-01	3.327216037129782755e+00
7.302999999999999492e-01	2.649632036706615956e+00
7.338999999999999968e-01	3.944765466561136247e+00
7.375000000000000444e-01	2.614844433798650947e+00
7.410999999999999810e-01	3.433183451897965366e+00
7.447000000000000286e-01	4.081485834578799654e+00
7.482999999999999652e-01	2.895779392973226063e+00
7.519000000000000128e-01	2.641856812977758651e+00
7.554999999999999494e-01	1.808392471617159103e+00
7.590999999999999970e-01	3.353484578315818254e+00
7.627000000000000446e-01	3.115337265674220646e+00
7.662999999999999812e-01	2.568508604444160071e+00
7.699000000000000288e-01	2.256634718511200788e+00
7.734999999999999654e-01	2.520670197130947976e+00
7.772000000000000020e-01	2.370625652929965188e+00
7.808000000000000496e-01	2.943810729034949336e+00
7.843999999999999861e-01	2.938902410831184309e+00
7.880000000000000338e-01	3.269426557335699535e+00
7.915999999999999703e-01	3.561583083411115069e+00
7.952000000000000179e-01	4.258809394400977055e+00
7.987999999999999545e-01	3.417863991966890502e+00
8.024000000000000021e-01	3.648774264480098228e+00
8.060000000000000497e-01	3.307748758890434182e+00
8.095999999999999863e-01	4.354862527502205261e+00
8.132000000000000339e-01	3.450254607717116784e+00
8.167999999999999705e-01	4.227296931589441087e+00
8.204000000000000181e-01	3.762804203951774618e+00
8.239999999999999547e-01	2.647267984695414356e+00
8.276999999999999913e-01	3.469290480680316868e+00
8.313000000000000389e-01	2.751779129731517504e+00
8.348999999999999755e-01	3.615588516695388943e+00
8.385000000000000231e-01	3.478809784359009782e+00
8.420999999999999597e-01	2.750004452782416564e+00
8.457000000000000073e-01	3.780446686615507979e+00
8.493000000000000549e-01	3.534909494137752350e+00
8.528999999999999915e-01	3.145575533039450367e+00
8.565000000000000391e-01	5.009608578977351456e+00
8.600999999999999757e-01	4.661747027631231610e+00
8.637000000000000233e-01	5.199646578549675269e+00
8.672999999999999599e-01	5.386105933715580996e+00
8.709000000000000075e-01	5.344554022633431600e+00
8.745000000000000551e-01	5.145945215208744372e+00
8.781999999999999806e-01	6.083601719211378267e+00
8.818000000000000282e-01	4.900338144307697874e+00
8.853999999999999648e-01	4.614439054710826937e+00
8.890000000000000124e-01	4.094179286862397404e+00
8.925999999999999490e-01	5.604774046981393809e+00
8.961999999999999966e-01	5.042354787363469093e+00
8.998000000000000442e-01	4.450581789969989543e+00
9.033999999999999808e-01	4.557137278612673370e+00
9.070000000000000284e-01	5.215915617712114205e+00
9.105999999999999650e-01	5.204574442608182139e+00
9.142000000000000126e-01	5.316369837732124459e+00
9.177999999999999492e-01	5.436089503117708333e+00
9.213999999999999968e-01	6.845559024428498063e+00
9.251000000000000334e-01	6.502582033206588008e+00
9.286999999999999700e-01	6.330589959762521701e+00
9.323000000000000176e-01	7.647656195902199805e+00
9.358999999999999542e-01	7.064969614824224031e+00
9.395000000000000018e-01	5.302612498286865872e+00
9.431000000000000494e-01	6.398417936394444894e+00
9.466999999999999860e-01	5.612809992342645771e+00
9.503000000000000336e-01	5.934616634611947106e+00
9.538999999999999702e-01	6.978729389696810337e+00
9.575000000000000178e-01	6.121718517575263974e+00
9.610999999999999543e-01	7.268831894396529769e+00
9.647000000000000020e-01	6.915222996215898199e+00
9.683000000000000496e-01	5.836048440730750464e+00
9.718999999999999861e-01	7.023019753802607568e+00
9.756000000000000227e-01	6.377242849452166240e+00
9.791999999999999593e-01	8.232983604182244619e+00
9.828000000000000069e-01	8.071611253204279635e+00
9.864000000000000545e-01	7.704518673928299144e+00
9.899999999999999911e-01	8.456062926218958609e+00
9.936000000000000387e-01	7.834381528782477844e+00
9.971999999999999753e-01	8.962773871195542696e+00
1.000799999999999912e+00	8.562870791504746393e+00
1.004399999999999959e+00	8.837827353408272302e+00
1.008000000000000007e+00	8.011167285403733018e+00
1.011600000000000055e+00	8.107703391792785652e+00
1.015200000000000102e+00	8.255633232846079750e+00
1.018799999999999928e+00	7.956003178500056450e+00
1.022399999999999975e+00	7.342344575652714589e+00
1.026100000000000012e+00	7.678150741261108081e+00
1.029700000000000060e+00	7.627411373362528835e+00
1.033300000000000107e+00	8.221560309294959623e+00
1.036899999999999933e+00	9.293591993701472376e+00
1.040499999999999980e+00	9.409353067626391010e+00
1.044100000000000028e+00	9.046455185927932519e+00
1.047700000000000076e+00	1.034672138246042294e+01
1.051299999999999901e+00	9.445166828679237625e+00
1.054899999999999949e+00	1.026903116933802984e+01
1.058499999999999996e+00	9.939492400409227102e+00
1.062100000000000044e+00	9.463667801921829437e+00
1.065700000000000092e+00	9.708869821560934810e+00
1.069299999999999917e+00	8.620794165297047229e+00
1.072899999999999965e+00	1.014954186196981034e+01
1.076600000000000001e+00	9.735743451720558994e+00
1.080200000000000049e+00	1.019225417311076320e+01
1.083800000000000097e+00	1.006209808477844270e+01
1.087399999999999922e+00	1.007835236790144506e+01
1.090999999999999970e+00	1.003925721410551120e+01
1.094600000000000017e+00	9.758661518065093077e+00
1.098200000000000065e+00	1.114174474194104647e+01
1.101799999999999891e+00	1.096723708836291777e+01
1.105399999999999938e+00	1.213858850683475765e+01
1.108999999999999986e+00	1.176622720630882313e+01
1.112600000000000033e+00	1.202156440495945233e+01
1.116200000000000081e+00	1.157302301625802343e+01
1.119799999999999907e+00	1.225857416625626861e+01
1.123399999999999954e+00	1.211994069433912991e+01
1.127099999999999991e+00	1.246957721880876058e+01
1.130700000000000038e+00	1.204122595608928847e+01
1.134300000000000086e+00	1.287755252495347946e+01
1.137899999999999912e+00	1.177410515047685635e+01
1.141499999999999959e+00	1.200804109268747588e+01
1.145100000000000007e+00	1.312088109104297118e+01
1.148700000000000054e+00	1.333383035337344857e+01
1.152300000000000102e+00	1.338310541190273284e+01
1.155899999999999928e+00	1.433697534557100894e+01
1.159499999999999975e+00	1.466545993528462155e+01
1.163100000000000023e+00	1.457998270541349051e+01
1.166700000000000070e+00	1.536012330121921821e+01
1.170299999999999896e+00	1.625505138815041306e+01
1.173899999999999944e+00	1.576735681134589839e+01
1.177599999999999980e+00	1.687808405281873547e+01
1.181200000000000028e+00	1.724057045116505549e+01
1.184800000000000075e+00	1.695372695389634643e+01
1.188399999999999901e+00	1.788457662849934593e+01
1.191999999999999948e+00	1.770355927632168402e+01
1.195599999999999996e+00	1.837884376225587957e+01
1.199200000000000044e+00	1.780819358707657329e+01
1.202800000000000091e+00	1.910874932156750106e+01
1.206399999999999917e+00	1.927498010481293633e+01
1.209999999999999964e+00	1.941614996075124822e+01
1.213600000000000012e+00	2.042074798060972896e+01
1.217200000000000060e+00	2.065744084463771557e+01
1.220800000000000107e+00	2.163325081767640512e+01
1.224399999999999933e+00	2.228083208288158445e+01
1.228099999999999969e+00	2.366441610171764509e+01
1.231700000000000017e+00	2.268101764734548098e+01
1.235300000000000065e+00	2.342746613836996517e+01
1.238899999999999890e+00	2.378276153673006732e+01
1.242499999999999938e+00	2.523397492433070255e+01
1.246099999999999985e+00	2.376860346507492849e+01
1.249700000000000033e+00	2.427186090772740101e+01
1.253300000000000081e+00	2.405512616312888952e+01
1.256899999999999906e+00	2.387732654556531031e+01
1.260499999999999954e+00	2.494636606876587237e+01
1.264100000000000001e+00	2.515522524370886970e+01
1.267700000000000049e+00	2.525620579452568748e+01
1.271300000000000097e+00	2.649875663503999235e+01
1.274899999999999922e+00	2.682296965362103691e+01
1.278599999999999959e+00	2.693078187260419654e+01
1.282200000000000006e+00	2.692176984502096104e+01
1.285800000000000054e+00	2.602143189402351808e+01
1.289400000000000102e+00	2.742348720226325298e+01
1.292999999999999927e+00	2.673716623122390601e+01
1.296599999999999975e+00	2.786047810326746799e+01
1.300200000000000022e+00	2.665955494560851946e+01
1.303800000000000070e+00	2.675818805266963452e+01
1.307399999999999896e+00	2.628882400413858278e+01
1.310999999999999943e+00	2.628274397093227677e+01
1.314599999999999991e+00	2.603077083850513773e+01
1.318200000000000038e+00	2.504061756135196859e+01
1.321800000000000086e+00	2.459553181970823132e+01
1.325499999999999901e+00	2.369436715278096983e+01
1.329099999999999948e+00	2.353466192347543995e+01
1.332699999999999996e+00	2.207886554877526919e+01
1.336300000000000043e+00	2.229350408046403231e+01
1.339900000000000091e+00	2.156013318146762003e+01
1.343499999999999917e+00	2.174420688244438793e+01
1.347099999999999964e+00	2.163034075612377194e+01
1.350700000000000012e+00	2.119602572619925240e+01
1.354300000000000059e+00	2.013135646354162489e+01
1.357900000000000107e+00	2.031042636906178345e+01
1.361499999999999932e+00	2.051612684272088671e+01
1.365099999999999980e+00	1.809758116987074317e+01
1.368700000000000028e+00	1.954029075517269831e+01
1.372300000000000075e+00	1.782423766511856300e+01
1.375999999999999890e+00	1.867293241659520220e+01
1.379599999999999937e+00	1.786833151152934818e+01
1.383199999999999985e+00	1.695037176538452783e+01
1.386800000000000033e+00	1.704701042586451365e+01
1.390400000000000080e+00	1.804654917526712055e+01
1.393999999999999906e+00	1.653663854178784476e+01
1.397599999999999953e+00	1.708927606282766831e+01
1.401200000000000001e+00	1.648905876507305734e+01
1.404800000000000049e+00	1.611451243030487390e+01
1.408400000000000096e+00	1.647916731791474021e+01
1.411999999999999922e+00	1.590457960014781236e+01
1.415599999999999969e+00	1.628171723748168631e+01
1.419200000000000017e+00	1.631913679639088599e+01
1.422800000000000065e+00	1.568319052881668796e+01
1.426500000000000101e+00	1.547777889898007864e+01
1.430099999999999927e+00	1.612172603607267618e+01
1.433699999999999974e+00	1.582677292821166404e+01
1.437300000000000022e+00	1.516924732650253560e+01
1.440900000000000070e+00	1.459340647924935652e+01
1.444499999999999895e+00	1.546515092459052809e+01
1.448099999999999943e+00	1.551659123826672726e+01
1.451699999999999990e+00	1.548383019119355808e+01
1.455300000000000038e+00	1.460560601455573959e+01
1.458900000000000086e+00	1.488352471704719626e+01
1.462499999999999911e+00	1.498252790300711901e+01
1.466099999999999959e+00	1.507576390948257306e+01
1.469700000000000006e+00	1.581957331707677206e+01
1.473300000000000054e+00	1.650960246831890998e+01
1.477000000000000091e+00	1.578025590128864941e+01
1.480599999999999916e+00	1.618641690695618962e+01
1.484199999999999964e+00	1.606066585025097027e+01
1.487800000000000011e+00	1.702065050460475248e+01
1.491400000000000059e+00	1.641455841403542237e+01
1.495000000000000107e+00	1.736159265589924772e+01
1.498599999999999932e+00	1.675236479217454288e+01
1.502199999999999980e+00	1.710702033273397404e+01
1.505800000000000027e+00	1.709528365515054205e+01
1.509400000000000075e+00	1.707134786424050787e+01
1.512999999999999901e+00	1.919845803850759580e+01
1.516599999999999948e+00	1.808557130505823807e+01
1.520199999999999996e+00	1.896526258709128143e+01
1.523800000000000043e+00	1.934024017643497118e+01
1.527500000000000080e+00	1.909526022413495383e+01
1.531099999999999905e+00	1.866265005647967001e+01
1.534699999999999953e+00	1.914381791754618689e+01
1.538300000000000001e+00	1.961087897632902965e+01
1.541900000000000048e+00	1.945512888688832120e+01
1.545500000000000096e+00	1.900628986176554847e+01
1.549099999999999921e+00	1.945587369211840922e+01
1.552699999999999969e+00	1.801758285757690814e+01
1.556300000000000017e+00	1.818282248026277870e+01
1.559900000000000064e+00	1.864247787315782290e+01
1.563499999999999890e+00	1.934367515321866549e+01
1.567099999999999937e+00	1.920792499985940438e+01
1.570699999999999985e+00	2.036987923585295235e+01
1.574300000000000033e+00	2.123752662141123793e+01
1.578000000000000069e+00	2.092023200874251287e+01
1.581599999999999895e+00	2.190431726052280581e+01
1.585199999999999942e+00	2.204414047191380988e+01
1.588799999999999990e+00	2.167138233023091587e+01
1.592400000000000038e+00	2.167592365086713002e+01
1.596000000000000085e+00	2.161178320804594222e+01
1.599599999999999911e+00	2.158280818318800343e+01
1.603199999999999958e+00	2.133279748672633858e+01
1.606800000000000006e+00	2.178619034549130262e+01
1.610400000000000054e+00	2.106658905137081916e+01
1.614000000000000101e+00	2.064829841792943910e+01
1.617599999999999927e+00	2.185630933824401012e+01
1.621199999999999974e+00	2.213531069312884370e+01
1.624800000000000022e+00	2.239967261805973919e+01
1.628500000000000059e+00	2.326553943587084561e+01
1.632100000000000106e+00	2.376764935954060931e+01
1.635699999999999932e+00	2.433029947344501309e+01
1.639299999999999979e+00	2.512949355924448724e+01
1.642900000000000027e+00	2.471311438977414809e+01
1.646500000000000075e+00	2.434918939578194141e+01
1.650099999999999900e+00	2.355182453965329614e+01
1.653699999999999948e+00	2.277300482642407786e+01
1.657299999999999995e+00	2.231556840340740422e+01
1.660900000000000043e+00	2.250472259042236800e+01
1.664500000000000091e+00	2.217889836669893455e+01
1.668099999999999916e+00	2.110606122443446964e+01
1.671699999999999964e+00	2.171019997984756245e+01
1.675400000000000000e+00	2.249680433118886924e+01
1.679000000000000048e+00	2.247881746224158306e+01
1.682600000000000096e+00	2.283649917794861750e+01
1.686199999999999921e+00	2.411080997540931037e+01
1.689799999999999969e+00	2.387271594223333793e+01
1.693400000000000016e+00	2.389315196611495296e+01
1.697000000000000064e+00	2.327530346146431839e+01
1.700599999999999890e+00	2.285920284480106091e+01
1.704199999999999937e+00	2.317275742719258247e+01
1.707799999999999985e+00	2.253853297007317380e+01
1.711400000000000032e+00	2.326347952073292902e+01
1.715000000000000080e+00	2.393685022953521724e+01
1.718599999999999905e+00	2.330498268048429367e+01
1.722199999999999953e+00	2.310421933382296800e+01
1.725899999999999990e+00	2.208830350683810195e+01
1.729500000000000037e+00	2.108198685455652921e+01
1.733100000000000085e+00	2.319032176648984489e+01
1.736699999999999910e+00	2.353518621904827057e+01
1.740299999999999958e+00	2.419289072631322313e+01
1.743900000000000006e+00	2.594057861150873023e+01
1.747500000000000053e+00	2.406108222203387825e+01
1.751100000000000101e+00	2.440631865331887695e+01
1.754699999999999926e+00	2.452797755865229945e+01
1.758299999999999974e+00	2.349132465688803606e+01
1.761900000000000022e+00	2.351541580431921474e+01
1.765500000000000069e+00	2.256539071225610371e+01
1.769099999999999895e+00	2.250763716660675939e+01
1.772699999999999942e+00	2.283237271892027920e+01
1.776399999999999979e+00	2.316504399436139039e+01
1.780000000000000027e+00	2.506061538058101945e+01
1.783600000000000074e+00	2.579202561128700566e+01
1.787199999999999900e+00	2.707074235897738390e+01
1.790799999999999947e+00	2.756121852972601971e+01
1.794399999999999995e+00	2.768626624539535896e+01
1.798000000000000043e+00	2.829788419684959422e+01
1.801600000000000090e+00	2.852841100084669534e+01
1.805199999999999916e+00	2.826518947594016495e+01
1.808799999999999963e+00	2.961624525879270209e+01
1.812400000000000011e+00	3.163672802788327232e+01
1.816000000000000059e+00	3.298852196872098119e+01
1.819600000000000106e+00	3.357763737289590722e+01
1.823199999999999932e+00	3.403778825867023983e+01
1.826899999999999968e+00	3.290181128892821505e+01
1.830500000000000016e+00	3.314635018558207946e+01
1.834100000000000064e+00	3.112050637402612807e+01
1.837699999999999889e+00	2.968339742636700151e+01
1.841299999999999937e+00	2.968329733980736407e+01
1.844899999999999984e+00	3.029235047060544517e+01
1.848500000000000032e+00	3.231288151053240654e+01
1.852100000000000080e+00	3.587011162821207932e+01
1.855699999999999905e+00	4.116963073113650040e+01
1.859299999999999953e+00	4.510243276191372530e+01
1.862900000000000000e+00	5.065471630442361572e+01
1.866500000000000048e+00	5.124728061257565770e+01
1.870100000000000096e+00	5.004967989558159047e+01
1.873699999999999921e+00	4.840658998361579535e+01
1.877399999999999958e+00	4.407021925754212788e+01
1.881000000000000005e+00	4.180226548514561102e+01
1.884600000000000053e+00	3.938764659977934457e+01
1.888200000000000101e+00	3.927256993872714474e+01
1.891799999999999926e+00	3.951696232703672962e+01
1.895399999999999974e+00	4.205751248838082290e+01
1.899000000000000021e+00	4.632801562872185741e+01
1.902600000000000069e+00	5.265936410102292342e+01
1.906199999999999894e+00	5.687744769369397346e+01
1.909799999999999942e+00	6.030468515902219195e+01
1.913399999999999990e+00	6.329768083476256635e+01
1.917000000000000037e+00	6.476061770152088570e+01
1.920600000000000085e+00	6.517061493453071819e+01
1.924199999999999910e+00	6.429693803983484202e+01
1.927899999999999947e+00	6.176669951217611043e+01
1.931499999999999995e+00	5.958938716955283610e+01
1.935100000000000042e+00	5.634338328592690459e+01
1.938700000000000090e+00	5.369896761714648648e+01
1.942299999999999915e+00	5.099687005758239877e+01
1.945899999999999963e+00	5.118696712401040827e+01
1.949500000000000011e+00	5.020967321020234664e+01
1.953100000000000058e+00	5.035213737925317190e+01
1.956700000000000106e+00	5.013127678454240055e+01
1.960299999999999931e+00	4.865227491187730635e+01
1.963899999999999979e+00	4.814154345710491611e+01
1.967500000000000027e+00	4.805534525432810966e+01
1.971100000000000074e+00	4.943798037350979513e+01
1.974699999999999900e+00	5.001490734327590104e+01
1.978399999999999936e+00	5.154689675135385585e+01
1.981999999999999984e+00	5.278304941631452607e+01
1.985600000000000032e+00	5.516730276605108685e+01
1.989200000000000079e+00	5.508083824643190241e+01
1.992799999999999905e+00	5.440100491736882304e+01
1.996399999999999952e+00	5.263633747238215221e+01
2.000000000000000000e+00	4.778618123867676815e+01
