2.000000000000000111e-01	-2.342827051520586679e+00
2.036000000000000032e-01	-2.812622528557462864e+00
2.071999999999999953e-01	-1.663064288609084951e+00
2.107999999999999874e-01	-7.037282707216339084e-01
2.144000000000000072e-01	-1.256641665676503594e+00
2.179999999999999993e-01	-7.935156192808998643e-01
2.215999999999999914e-01	-8.974306430054208583e-01
2.253000000000000003e-01	-1.792528873462623462e+00
2.288999999999999924e-01	-1.162279722317470121e+00
2.325000000000000122e-01	3.488563658680925439e-01
2.361000000000000043e-01	-1.791425008389596840e+00
2.396999999999999964e-01	-1.741611370314473106e+00
2.432999999999999885e-01	-8.782170135139377720e-01
2.469000000000000083e-01	-4.298434677547378069e-01
2.505000000000000004e-01	2.389093201260017452e-03
2.540999999999999925e-01	-8.628357072446263265e-01
2.576999999999999846e-01	-4.193200067198115111e-01
2.612999999999999767e-01	3.494279899990588856e-01
2.649000000000000243e-01	-5.538976520009878390e-01
2.685000000000000164e-01	1.211584674112273108e+00
2.721000000000000085e-01	-2.006073218625547661e+00
2.757999999999999896e-01	-1.604336527266484680e+00
2.793999999999999817e-01	-2.488935792152517035e+00
2.829999999999999738e-01	-3.069969797571913794e+00
2.866000000000000214e-01	-1.117370618992460152e+00
2.902000000000000135e-01	-2.030991486634636800e-01
2.938000000000000056e-01	-2.167545373505850748e+00
2.973999999999999977e-01	-1.941275089557918276e+00
3.009999999999999898e-01	-1.129957298776170349e+00
3.045999999999999819e-01	-1.812637867916725209e+00
3.081999999999999740e-01	-1.896140426401926149e+00
3.118000000000000216e-01	-4.577346615039361577e-01
3.154000000000000137e-01	-1.433820734671901409e+00
3.190000000000000058e-01	-1.288179840495944140e+00
3.225999999999999979e-01	-7.903798681440911134e-01
3.262999999999999790e-01	-5.546457217253814020e-01
3.299000000000000266e-01	-1.785485328238205271e+00
3.335000000000000187e-01	8.379001217481065744e-01
3.371000000000000107e-01	3.328679612680560673e-01
3.407000000000000028e-01	1.634624928342923056e+00
3.442999999999999949e-01	3.084476417732343601e-01
3.478999999999999870e-01	2.079832195804270256e+00
3.514999999999999791e-01	-4.347396574493546106e-01
3.551000000000000267e-01	2.048183386271067441e-01
3.587000000000000188e-01	9.508039028807711013e-01
3.623000000000000109e-01	6.323928153255500284e-01
3.659000000000000030e-01	6.168343120819890224e-01
3.694999999999999951e-01	3.652925871254638079e-01
3.730999999999999872e-01	-4.435837716503049921e-01
3.768000000000000238e-01	3.781591939981221451e-01
3.804000000000000159e-01	-1.106929196211647870e-02
3.840000000000000080e-01	3.125384447162798951e-01
3.876000000000000001e-01	-7.321338708647802118e-01
3.911999999999999922e-01	-3.984014678310490165e-01
3.947999999999999843e-01	9.660170582174427700e-01
3.983999999999999764e-01	4.207570231637505209e-01
4.020000000000000240e-01	-1.324225079771759184e+00
4.056000000000000161e-01	3.641400277598636492e-01
4.092000000000000082e-01	1.762005994565337685e-01
4.128000000000000003e-01	1.306724538849471262e+00
4.163999999999999924e-01	2.474373075221875107e-01
4.199999999999999845e-01	1.685143364603539640e-01
4.235999999999999766e-01	9.799293153682692159e-02
4.273000000000000131e-01	1.527949349968130699e-01
4.309000000000000052e-01	-1.661613806159259465e-01
4.344999999999999973e-01	1.049045660479020814e+00
4.380999999999999894e-01	2.982985013844130062e+00
4.416999999999999815e-01	1.097255521999396466e+00
4.452999999999999736e-01	1.498785799343830050e+00
4.489000000000000212e-01	1.057592972521886665e+00
4.525000000000000133e-01	2.273053615356194435e+00
4.561000000000000054e-01	2.335338187836880408e+00
4.596999999999999975e-01	7.383657159679102300e-01
4.632999999999999896e-01	1.110828404299935679e+00
4.668999999999999817e-01	1.404275001745540097e+00
4.704999999999999738e-01	4.870755662406509034e-01
4.741000000000000214e-01	-2.678710833734251340e-01
4.778000000000000025e-01	2.391557596574825251e+00
4.813999999999999946e-01	8.431962934210579519e-01
4.849999999999999867e-01	8.043355863311755227e-01
4.885999999999999788e-01	-6.471389794773159121e-01
4.922000000000000264e-01	-1.919528250623220300e-02
4.958000000000000185e-01	1.839695203508543209e+00
4.994000000000000106e-01	3.639460538613079610e-01
5.030000000000000027e-01	2.096047492470442197e+00
5.066000000000000503e-01	-2.892799191095515865e-01
5.101999999999999869e-01	8.676447458127873880e-01
5.138000000000000345e-01	1.931344795096037625e+00
5.173999999999999710e-01	1.720505393354057277e+00
5.210000000000000187e-01	1.885349144411510913e+00
5.245999999999999552e-01	2.303586855522424592e+00
5.282999999999999918e-01	1.910232039847566288e+00
5.319000000000000394e-01	1.614665381105297115e+00
5.354999999999999760e-01	1.761007450878358416e+00
5.391000000000000236e-01	3.303980579325952238e+00
5.426999999999999602e-01	2.048433364552753488e+00
5.463000000000000078e-01	2.539636219847670517e+00
5.499000000000000554e-01	1.880333316511656694e+00
5.534999999999999920e-01	2.789306010100804034e+00
5.571000000000000396e-01	2.049025536681465365e+00
5.606999999999999762e-01	1.065738998610773480e+00
5.643000000000000238e-01	1.950643655814292998e+00
5.678999999999999604e-01	2.179851942393078446e+00
5.715000000000000080e-01	2.943558272793269204e+00
5.752000000000000446e-01	1.879590918931432597e+00
5.787999999999999812e-01	1.130201939198266947e+00
5.824000000000000288e-01	1.086354830254905313e+00
5.859999999999999654e-01	7.796028717234737559e-01
5.896000000000000130e-01	1.326254407416818104e+00
5.931999999999999496e-01	2.199627109124425051e+00
5.967999999999999972e-01	1.465131841897894027e+00
6.004000000000000448e-01	2.182953841605285161e-01
6.039999999999999813e-01	1.185896934625748855e+00
6.076000000000000290e-01	2.260184686882221516e+00
6.111999999999999655e-01	2.420565963118427533e+00
6.148000000000000131e-01	-3.671044779837042693e-01
6.183999999999999497e-01	1.205699040193324967e+00
6.219999999999999973e-01	1.766247656889101236e+00
6.257000000000000339e-01	2.256735089136125971e+00
6.292999999999999705e-01	8.837030549576563310e-01
6.329000000000000181e-01	3.078631429843507128e+00
6.364999999999999547e-01	2.597168189180519171e+00
6.401000000000000023e-01	2.896779614739046771e+00
6.437000000000000499e-01	1.974445886359931901e+00
6.472999999999999865e-01	2.504595768566831637e+00
6.509000000000000341e-01	2.704819263212484337e+00
6.544999999999999707e-01	2.993196223981084536e+00
6.581000000000000183e-01	2.747724497683361911e+00
6.616999999999999549e-01	2.575299966820078446e+00
6.653000000000000025e-01	1.548367359054484194e+00
6.689000000000000501e-01	2.359671549620112607e+00
6.724999999999999867e-01	1.516465150002338502e+00
6.762000000000000233e-01	1.704827574741375695e+00
6.797999999999999599e-01	1.924231730332470747e+00
6.834000000000000075e-01	7.641364344308776424e-01
6.870000000000000551e-01	-9.739898550959491530e-02
6.905999999999999917e-01	2.231270304087875189e+00
6.942000000000000393e-01	2.323707520966041606e+00
6.977999999999999758e-01	2.637777652733742872e+00
7.014000000000000234e-01	2.447411685416182703e+00
7.049999999999999600e-01	1.522039894835296447e+00
7.086000000000000076e-01	1.044113069455782972e+00
7.122000000000000552e-01	1.957480826163052301e+00
7.157999999999999918e-01	3.794739752703090829e+00
7.194000000000000394e-01	2.607801030239140339e+00
7.229999999999999760e-01	1.402983876428578025e+00
7.267000000000000126e-01	2.271788660779780589e+00
7.302999999999999492e-01	1.924682141428394111e+00
7.338999999999999968e-01	3.866647677642267134e+00
7.375000000000000444e-01	3.655980505774213185e+00
7.410999999999999810e-01	2.071178786761527668e+00
7.447000000000000286e-01	2.518491436445698284e+00
7.482999999999999652e-01	4.711581967006441829e+00
7.519000000000000128e-01	2.807180501178917265e+00
7.554999999999999494e-01	3.591144907493991401e+00
7.590999999999999970e-01	3.910526818310068542e+00
7.627000000000000446e-01	3.518393838565527787e+00
7.662999999999999812e-01	3.130152549533000261e+00
7.699000000000000288e-01	3.247646262908571391e+00
7.734999999999999654e-01	2.033874101897275910e+00
7.772000000000000020e-01	9.089891926714648296e-01
7.808000000000000496e-01	9.101612657549796870e-01
7.843999999999999861e-01	1.205475916208498477e+00
7.880000000000000338e-01	2.295968683977443359e+00
7.915999999999999703e-01	5.476401886620770876e-01
7.952000000000000179e-01	1.663614439469743189e+00
7.987999999999999545e-01	2.116536634033276520e+00
8.024000000000000021e-01	9.704928551837858075e-01
8.060000000000000497e-01	-4.933294429663250269e-01
8.095999999999999863e-01	1.594509057446637179e+00
8.132000000000000339e-01	1.002640463666661486e+00
8.167999999999999705e-01	1.678665301024129697e+00
8.204000000000000181e-01	1.426320534493136449e+00
8.239999999999999547e-01	9.328126247271307792e-01
8.276999999999999913e-01	2.323262523715261541e+00
8.313000000000000389e-01	1.646920984851060865e+00
8.348999999999999755e-01	3.336554191783085876e+00
8.385000000000000231e-01	2.871256197931228993e+00
8.420999999999999597e-01	2.188982943679258941e+00
8.457000000000000073e-01	2.779827024238621824e+00
8.493000000000000549e-01	3.134983150215126635e+00
8.528999999999999915e-01	3.422429382112553764e+00
8.565000000000000391e-01	1.736659966622607243e+00
8.600999999999999757e-01	2.872216797528002630e+00
8.637000000000000233e-01	3.136583061306238651e+00
8.672999999999999599e-01	3.533559621763603609e+00
8.709000000000000075e-01	3.026355372266610555e+00
8.745000000000000551e-01	1.839883477217799657e+00
8.781999999999999806e-01	1.409946529832854845e+00
8.818000000000000282e-01	1.669452818821133944e+00
8.853999999999999648e-01	3.644737532678828273e+00
8.890000000000000124e-01	2.749781315609801435e+00
8.925999999999999490e-01	3.085094989047983738e+00
8.961999999999999966e-01	1.209654471207551651e+00
8.998000000000000442e-01	1.306209019625429235e+00
9.033999999999999808e-01	1.695266174497995326e+00
9.070000000000000284e-01	2.812262905631140342e+00
9.105999999999999650e-01	2.915003195111301348e+00
9.142000000000000126e-01	1.706981178746397987e+00
9.177999999999999492e-01	1.045934248372419662e+00
9.213999999999999968e-01	3.239791589266254768e+00
9.251000000000000334e-01	2.420136728643972557e+00
9.286999999999999700e-01	2.726302054139840170e+00
9.323000000000000176e-01	3.085907126251385080e+00
9.358999999999999542e-01	1.021297114808700668e+00
9.395000000000000018e-01	3.047918295387426646e+00
9.431000000000000494e-01	3.851628209118429957e+00
9.466999999999999860e-01	3.421829087311089701e+00
9.503000000000000336e-01	2.289368892108645692e+00
9.538999999999999702e-01	3.949865182671199904e+00
9.575000000000000178e-01	2.011488771247977425e+00
9.610999999999999543e-01	4.229106278352567472e+00
9.647000000000000020e-01	3.099740462037013256e+00
9.683000000000000496e-01	2.158598618075211029e+00
9.718999999999999861e-01	3.306843384841678279e+00
9.756000000000000227e-01	3.251309445902164974e+00
9.791999999999999593e-01	2.924940246229634333e+00
9.828000000000000069e-01	4.537245920562490653e+00
9.864000000000000545e-01	4.323819529288678964e+00
9.899999999999999911e-01	2.244950393767500163e+00
9.936000000000000387e-01	3.097467511799659512e+00
9.971999999999999753e-01	2.472381520873091709e+00
1.000799999999999912e+00	5.342896669163932799e+00
1.004399999999999959e+00	2.627233748106925226e+00
1.008000000000000007e+00	5.828891605484411542e+00
1.011600000000000055e+00	3.907231647455297718e+00
1.015200000000000102e+00	3.746174798691816576e+00
1.018799999999999928e+00	5.010203105054426231e+00
1.022399999999999975e+00	4.283294662044331957e+00
1.026100000000000012e+00	5.913892937634775748e+00
1.029700000000000060e+00	4.797185516385219728e+00
1.033300000000000107e+00	4.289004390236843101e+00
1.036899999999999933e+00	6.022702122043420481e+00
1.040499999999999980e+00	6.847077268565891828e+00
1.044100000000000028e+00	6.711790830513381323e+00
1.047700000000000076e+00	6.936574568664766183e+00
1.051299999999999901e+00	7.046440095730389430e+00
1.054899999999999949e+00	6.762424002793627764e+00
1.058499999999999996e+00	6.557778935408890675e+00
1.062100000000000044e+00	6.885491131431149547e+00
1.065700000000000092e+00	6.443449850912395860e+00
1.069299999999999917e+00	6.674702588952685645e+00
1.072899999999999965e+00	6.128462978517104531e+00
1.076600000000000001e+00	5.020551836063159357e+00
1.080200000000000049e+00	5.789610363261824766e+00
1.083800000000000097e+00	5.839543726450761696e+00
1.087399999999999922e+00	6.540984277503163469e+00
1.090999999999999970e+00	7.447409132157818412e+00
1.094600000000000017e+00	8.080382155420137380e+00
1.098200000000000065e+00	9.817554975260405214e+00
1.101799999999999891e+00	1.094887477260160580e+01
1.105399999999999938e+00	7.783722010432996719e+00
1.108999999999999986e+00	8.531543315210491585e+00
1.112600000000000033e+00	7.196938927102751293e+00
1.116200000000000081e+00	8.537847841712446595e+00
1.119799999999999907e+00	7.942990206241481665e+00
1.123399999999999954e+00	7.390072713107064928e+00
1.127099999999999991e+00	7.531892593669403446e+00
1.130700000000000038e+00	9.258464217272754482e+00
1.134300000000000086e+00	8.426274071740582627e+00
1.137899999999999912e+00	7.404000663806898253e+00
1.141499999999999959e+00	7.674251062284191072e+00
1.145100000000000007e+00	9.951920069682996584e+00
1.148700000000000054e+00	1.153898656129210565e+01
1.152300000000000102e+00	1.227382313514368484e+01
1.155899999999999928e+00	1.068399693940912876e+01
1.159499999999999975e+00	1.412968639106650848e+01
1.163100000000000023e+00	1.225675427307368359e+01
1.166700000000000070e+00	1.433322781391301426e+01
1.170299999999999896e+00	1.240714143348180620e+01
1.173899999999999944e+00	1.033454553998256031e+01
1.177599999999999980e+00	9.996109940831713558e+00
1.181200000000000028e+00	9.214681389739846296e+00
1.184800000000000075e+00	1.210015545780829349e+01
1.188399999999999901e+00	1.135349293371967150e+01
1.191999999999999948e+00	1.245192540856193908e+01
1.195599999999999996e+00	1.232868529729990570e+01
1.199200000000000044e+00	1.285070699935513083e+01
1.202800000000000091e+00	1.371382831972642613e+01
1.206399999999999917e+00	1.387115285800690145e+01
1.209999999999999964e+00	1.353416794630793341e+01
1.213600000000000012e+00	1.467985479050106257e+01
1.217200000000000060e+00	1.546951538128466197e+01
1.220800000000000107e+00	1.367293140612142466e+01
1.224399999999999933e+00	1.400809348252482245e+01
1.228099999999999969e+00	1.388826843028115654e+01
1.231700000000000017e+00	1.700932685832652425e+01
1.235300000000000065e+00	1.483981913171368561e+01
1.238899999999999890e+00	1.598959416844240700e+01
1.242499999999999938e+00	1.838765965944145009e+01
1.246099999999999985e+00	1.508542681992694057e+01
1.249700000000000033e+00	1.536069252677817509e+01
1.253300000000000081e+00	1.485099962886481961e+01
1.256899999999999906e+00	1.542052546147271386e+01
1.260499999999999954e+00	1.751775266502633599e+01
1.264100000000000001e+00	1.588989361539244882e+01
1.267700000000000049e+00	1.746625459217187881e+01
1.271300000000000097e+00	1.589416761313943027e+01
1.274899999999999922e+00	1.707974444463421548e+01
1.278599999999999959e+00	1.621050637660954763e+01
1.282200000000000006e+00	1.646918659925001904e+01
1.285800000000000054e+00	1.662519776239629365e+01
1.289400000000000102e+00	1.643265572737638536e+01
1.292999999999999927e+00	1.804394055054446611e+01
1.296599999999999975e+00	1.642520555532594884e+01
1.300200000000000022e+00	1.533386221165413943e+01
1.303800000000000070e+00	1.586597823628114234e+01
1.307399999999999896e+00	1.563640083114823831e+01
1.310999999999999943e+00	1.793615857191387875e+01
1.314599999999999991e+00	1.739741917311895492e+01
1.318200000000000038e+00	1.516508419233230498e+01
1.321800000000000086e+00	1.653938869033444092e+01
1.325499999999999901e+00	1.539723991119816127e+01
1.329099999999999948e+00	1.616255160562884896e+01
1.332699999999999996e+00	1.591505857874268237e+01
1.336300000000000043e+00	1.543128501302256161e+01
1.339900000000000091e+00	1.591821080888766460e+01
1.343499999999999917e+00	1.489226588014314778e+01
1.347099999999999964e+00	1.435589690716925837e+01
1.350700000000000012e+00	1.594375643524824859e+01
1.354300000000000059e+00	1.567966999227721381e+01
1.357900000000000107e+00	1.548989921144732129e+01
1.361499999999999932e+00	1.617069958785798534e+01
1.365099999999999980e+00	1.417956223131989901e+01
1.368700000000000028e+00	1.537018411076835456e+01
1.372300000000000075e+00	1.625905216141955023e+01
1.375999999999999890e+00	1.334516965935811861e+01
1.379599999999999937e+00	1.417819205933430382e+01
1.383199999999999985e+00	1.425430689558325170e+01
1.386800000000000033e+00	1.528620294846372829e+01
1.390400000000000080e+00	1.361259997308198244e+01
1.393999999999999906e+00	1.588977638107865253e+01
1.397599999999999953e+00	1.416210734428835671e+01
1.401200000000000001e+00	1.613177382466164289e+01
1.404800000000000049e+00	1.595985003729642138e+01
1.408400000000000096e+00	1.619842008464328131e+01
1.411999999999999922e+00	1.717211232887276751e+01
1.415599999999999969e+00	1.706442822079590727e+01
1.419200000000000017e+00	1.566617034778048456e+01
1.422800000000000065e+00	1.474098790942089110e+01
1.426500000000000101e+00	1.661433479278558423e+01
1.430099999999999927e+00	1.416214462210288438e+01
1.433699999999999974e+00	1.369051781659703870e+01
1.437300000000000022e+00	1.371409885969756104e+01
1.440900000000000070e+00	1.328696087058957076e+01
1.444499999999999895e+00	1.569412071597647973e+01
1.448099999999999943e+00	1.587816947962783409e+01
1.451699999999999990e+00	1.368253635043135752e+01
1.455300000000000038e+00	1.477943071405053033e+01
1.458900000000000086e+00	1.525792413426370153e+01
1.462499999999999911e+00	1.540747837084055227e+01
1.466099999999999959e+00	1.422683407369104280e+01
1.469700000000000006e+00	1.413218720238650050e+01
1.473300000000000054e+00	1.423802164702020434e+01
1.477000000000000091e+00	1.575982516454575943e+01
1.480599999999999916e+00	1.448037171079155883e+01
1.484199999999999964e+00	1.552091308406609649e+01
1.487800000000000011e+00	1.569561292233296435e+01
1.491400000000000059e+00	1.537988944276434466e+01
1.495000000000000107e+00	1.752601728234471778e+01
1.498599999999999932e+00	1.628630632072110629e+01
1.502199999999999980e+00	1.671710365108303264e+01
1.505800000000000027e+00	1.514477631641636179e+01
1.509400000000000075e+00	1.726551336012015980e+01
1.512999999999999901e+00	1.756200675596449301e+01
1.516599999999999948e+00	1.640778449356873381e+01
1.520199999999999996e+00	1.883454766846585215e+01
1.523800000000000043e+00	1.951237575773678401e+01
1.527500000000000080e+00	1.791537865457557643e+01
1.531099999999999905e+00	1.847543862242009283e+01
1.534699999999999953e+00	1.844174684694950628e+01
1.538300000000000001e+00	1.675811155303428279e+01
1.541900000000000048e+00	1.828608413230643848e+01
1.545500000000000096e+00	1.744180155475360650e+01
1.549099999999999921e+00	1.902876010118552585e+01
1.552699999999999969e+00	1.929494471263949507e+01
1.556300000000000017e+00	1.980990330233627361e+01
1.559900000000000064e+00	1.931103779822901956e+01
1.563499999999999890e+00	1.940995882825355423e+01
1.567099999999999937e+00	2.005600259102349625e+01
1.570699999999999985e+00	1.951376335004200513e+01
1.574300000000000033e+00	1.940763734059003909e+01
1.578000000000000069e+00	2.096374522917942684e+01
1.581599999999999895e+00	1.916151463748330031e+01
1.585199999999999942e+00	2.094923303376338453e+01
1.588799999999999990e+00	2.134581017152121518e+01
1.592400000000000038e+00	2.273373615387950508e+01
1.596000000000000085e+00	2.167117471716871080e+01
1.599599999999999911e+00	1.984226809248854551e+01
1.603199999999999958e+00	1.987225618104099922e+01
1.606800000000000006e+00	2.172790849975315908e+01
1.610400000000000054e+00	2.049417453267363953e+01
1.614000000000000101e+00	2.085877081953569245e+01
1.617599999999999927e+00	2.010030654861844823e+01
1.621199999999999974e+00	1.952712813623019983e+01
1.624800000000000022e+00	1.995188282748643616e+01
1.628500000000000059e+00	2.212914658422171854e+01
1.632100000000000106e+00	2.242763274020931163e+01
1.635699999999999932e+00	2.218912378190913159e+01
1.639299999999999979e+00	2.148904343027334463e+01
1.642900000000000027e+00	2.224417648113407964e+01
1.646500000000000075e+00	2.231636940534089319e+01
1.650099999999999900e+00	2.412560189978069047e+01
1.653699999999999948e+00	2.492568744150991122e+01
1.657299999999999995e+00	2.780339653203868977e+01
1.660900000000000043e+00	2.891854913302583796e+01
1.664500000000000091e+00	2.934122988261870901e+01
1.668099999999999916e+00	3.074766992818295819e+01
1.671699999999999964e+00	3.121140365611225320e+01
1.675400000000000000e+00	2.925017532371409601e+01
1.679000000000000048e+00	2.626811646169672798e+01
1.682600000000000096e+00	2.489508856659196923e+01
1.686199999999999921e+00	2.197135233511315278e+01
1.689799999999999969e+00	2.142999555529005207e+01
1.693400000000000016e+00	1.959149864938958530e+01
1.697000000000000064e+00	2.356627124026852016e+01
1.700599999999999890e+00	2.401103499667140539e+01
1.704199999999999937e+00	2.544892004556261611e+01
1.707799999999999985e+00	2.815426331570185070e+01
1.711400000000000032e+00	2.951026665838720930e+01
1.715000000000000080e+00	3.169870472383624715e+01
1.718599999999999905e+00	3.179704703027237755e+01
1.722199999999999953e+00	2.861762016586775914e+01
1.725899999999999990e+00	2.548140403427171563e+01
1.729500000000000037e+00	2.319349049182034861e+01
1.733100000000000085e+00	2.247169185737008590e+01
1.736699999999999910e+00	2.345053813547551158e+01
1.740299999999999958e+00	2.285382318066277563e+01
1.743900000000000006e+00	2.365091073540988020e+01
1.747500000000000053e+00	2.448441407364636646e+01
1.751100000000000101e+00	2.341303149305245412e+01
1.754699999999999926e+00	2.412335493101403117e+01
1.758299999999999974e+00	2.465265641670558949e+01
1.761900000000000022e+00	2.427481535742098373e+01
1.765500000000000069e+00	2.635194845216670601e+01
1.769099999999999895e+00	2.502813226199287655e+01
1.772699999999999942e+00	2.453082676054714639e+01
1.776399999999999979e+00	2.625959839705949861e+01
1.780000000000000027e+00	2.432541697923462465e+01
1.783600000000000074e+00	2.540553139884369571e+01
1.787199999999999900e+00	2.595274194513562094e+01
1.790799999999999947e+00	2.575748841316719506e+01
1.794399999999999995e+00	2.627249686284304531e+01
1.798000000000000043e+00	2.496553346033491394e+01
1.801600000000000090e+00	2.491368653566696523e+01
1.805199999999999916e+00	2.744421623778292485e+01
1.808799999999999963e+00	2.573210585301339393e+01
1.812400000000000011e+00	2.714416354312320223e+01
1.816000000000000059e+00	2.742527825347196213e+01
1.819600000000000106e+00	2.669500888851412412e+01
1.823199999999999932e+00	2.744704491790486145e+01
1.826899999999999968e+00	2.933387594570855228e+01
1.830500000000000016e+00	3.054343303304136370e+01
1.834100000000000064e+00	3.223355750417958632e+01
1.837699999999999889e+00	3.144872614256734522e+01
1.841299999999999937e+00	3.027819216765399801e+01
1.844899999999999984e+00	3.104403529091446856e+01
1.848500000000000032e+00	2.909268061934953309e+01
1.852100000000000080e+00	3.128385111769268789e+01
1.855699999999999905e+00	3.208249688406307598e+01
1.859299999999999953e+00	3.291632627314667303e+01
1.862900000000000000e+00	3.670652551656709761e+01
1.866500000000000048e+00	3.507441910714349120e+01
1.870100000000000096e+00	3.307797435623525217e+01
1.873699999999999921e+00	3.181671912214848774e+01
1.877399999999999958e+00	2.953648787985261492e+01
1.881000000000000005e+00	3.090382333188475528e+01
1.884600000000000053e+00	3.162765083116013898e+01
1.888200000000000101e+00	3.275034960434750531e+01
1.891799999999999926e+00	3.647140728796479436e+01
1.895399999999999974e+00	3.761899220755216788e+01
1.899000000000000021e+00	3.838806958455254659e+01
1.902600000000000069e+00	3.837165297903796102e+01
1.906199999999999894e+00	3.879264024541254230e+01
1.909799999999999942e+00	4.046616282081429006e+01
1.913399999999999990e+00	4.224545573450696168e+01
1.917000000000000037e+00	4.058847692711719901e+01
1.920600000000000085e+00	4.482163032638099764e+01
1.924199999999999910e+00	4.103502396540888952e+01
1.927899999999999947e+00	3.950241863236090722e+01
1.931499999999999995e+00	3.753308807349404930e+01
1.935100000000000042e+00	3.513075530336968200e+01
1.938700000000000090e+00	3.525037224375221712e+01
1.942299999999999915e+00	3.353679476781306334e+01
1.945899999999999963e+00	3.726980323884684765e+01
1.949500000000000011e+00	4.036412476059496868e+01
1.953100000000000058e+00	4.239145554726708554e+01
1.956700000000000106e+00	4.257591843286770938e+01
1.960299999999999931e+00	3.968968606643288410e+01
1.963899999999999979e+00	3.962530539728881251e+01
1.967500000000000027e+00	3.928944687900336419e+01
1.971100000000000074e+00	4.091507341948545218e+01
1.974699999999999900e+00	4.722821126265042579e+01
1.978399999999999936e+00	5.399116537284111672e+01
1.981999999999999984e+00	6.287775860625836089e+01
1.985600000000000032e+00	7.112076621875931437e+01
1.989200000000000079e+00	7.788720840335027162e+01
1.992799999999999905e+00	8.379025489610070565e+01
1.996399999999999952e+00	8.492043352658848221e+01
2.000000000000000000e+00	8.106742049041304199e+01
