2.000000000000000111e-01	-1.352963117222464318e+00
2.036000000000000032e-01	-1.583902306905444535e+00
2.071999999999999953e-01	-9.980310393881270947e-01
2.107999999999999874e-01	-2.654464294269438973e+00
2.144000000000000072e-01	-1.284953932387287834e+00
2.179999999999999993e-01	-1.651084937215836490e+00
2.215999999999999914e-01	-1.634827675122947355e-01
2.253000000000000003e-01	-1.292890315459628736e+00
2.288999999999999924e-01	-1.225800339345488155e+00
2.325000000000000122e-01	-7.189937220965230136e-01
2.361000000000000043e-01	-1.074043995994828027e+00
2.396999999999999964e-01	-8.063132397746418656e-01
2.432999999999999885e-01	-7.832867329121925293e-01
2.469000000000000083e-01	-6.198570308162862919e-01
2.505000000000000004e-01	9.916555906845339052e-01
2.540999999999999925e-01	-2.525968362436895376e+00
2.576999999999999846e-01	-2.244719340933261087e-01
2.612999999999999767e-01	8.729184196819577135e-01
2.649000000000000243e-01	-3.948703113206013526e-01
2.685000000000000164e-01	-6.330151447503353790e-01
2.721000000000000085e-01	2.364506394859382521e-01
2.757999999999999896e-01	-1.198745838957352428e+00
2.793999999999999817e-01	-2.177903526202328077e+00
2.829999999999999738e-01	-1.122932788692214023e+00
2.866000000000000214e-01	-1.010669594572552343e+00
2.902000000000000135e-01	-1.539198001266716131e+00
2.938000000000000056e-01	-5.826265032268713728e-01
2.973999999999999977e-01	-1.775943239966535359e+00
3.009999999999999898e-01	-1.317921039984122356e+00
3.045999999999999819e-01	-9.585222223951819220e-01
3.081999999999999740e-01	-1.612449887737047005e+00
3.118000000000000216e-01	-1.024457715708654959e+00
3.154000000000000137e-01	-1.721474666774833739e+00
3.190000000000000058e-01	-6.841943218414762162e-01
3.225999999999999979e-01	-1.320625115885500911e-01
3.262999999999999790e-01	-5.715527828738853344e-03
3.299000000000000266e-01	1.058384417701847768e+00
3.335000000000000187e-01	6.917984040578599725e-01
3.371000000000000107e-01	-3.493823589998955592e-01
3.407000000000000028e-01	2.004910632914152391e+00
3.442999999999999949e-01	1.179106161477218029e+00
3.478999999999999870e-01	6.632679947490631722e-01
3.514999999999999791e-01	9.640043088917115144e-01
3.551000000000000267e-01	6.276574768474553201e-01
3.587000000000000188e-01	-6.968527745884625091e-01
3.623000000000000109e-01	2.890469193051911079e-01
3.659000000000000030e-01	-1.262581289661919071e+00
3.694999999999999951e-01	-1.983822804217439950e-01
3.730999999999999872e-01	-5.638412767083170740e-01
3.768000000000000238e-01	1.568122803833198464e-01
3.804000000000000159e-01	2.484231165061910884e-01
3.840000000000000080e-01	-7.412217343210542042e-01
3.876000000000000001e-01	-8.456333973212608601e-01
3.911999999999999922e-01	-7.111659876600295860e-01
3.947999999999999843e-01	-3.366064914660307217e-01
3.983999999999999764e-01	5.423928113335407808e-02
4.020000000000000240e-01	8.342270460750822458e-01
4.056000000000000161e-01	-9.048603251191409402e-01
4.092000000000000082e-01	-1.296398380898633462e-01
4.128000000000000003e-01	-6.400893695354976654e-01
4.163999999999999924e-01	5.292410617459997191e-03
4.199999999999999845e-01	1.174814822010832982e+00
4.235999999999999766e-01	5.460225743514159902e-01
4.273000000000000131e-01	1.640351704733829519e-01
4.309000000000000052e-01	7.566341305723447985e-02
4.344999999999999973e-01	5.416489830759271262e-01
4.380999999999999894e-01	1.029499222827529259e+00
4.416999999999999815e-01	5.891894897516860574e-01
4.452999999999999736e-01	1.047296328279073485e+00
4.489000000000000212e-01	1.327088476778672810e+00
4.525000000000000133e-01	1.150461956159277488e+00
4.561000000000000054e-01	1.430994582372404178e+00
4.596999999999999975e-01	2.238126907248354058e+00
4.632999999999999896e-01	2.066161113707951635e+00
4.668999999999999817e-01	1.226007866051750606e+00
4.704999999999999738e-01	6.873994078713170364e-01
4.741000000000000214e-01	5.717691016246285729e-01
4.778000000000000025e-01	1.069213942556902053e+00
4.813999999999999946e-01	4.806550812921502325e-01
4.849999999999999867e-01	-3.519879167614767268e-01
4.885999999999999788e-01	4.154818536445536448e-01
4.922000000000000264e-01	1.114058382922801460e+00
4.958000000000000185e-01	-2.620415075837254082e-01
4.994000000000000106e-01	1.408970830771549609e+00
5.030000000000000027e-01	7.920923446844878590e-01
5.066000000000000503e-01	1.092577198981566466e+00
5.101999999999999869e-01	1.274137616700392606e+00
5.138000000000000345e-01	1.904725156303516131e+00
5.173999999999999710e-01	2.202747946651910926e-01
5.210000000000000187e-01	9.628490385850858591e-01
5.245999999999999552e-01	1.479659473589613139e+00
5.282999999999999918e-01	1.456988093403921436e+00
5.319000000000000394e-01	2.021898236051713482e+00
5.354999999999999760e-01	8.530158912514624880e-01
5.391000000000000236e-01	9.910865556653181141e-01
5.426999999999999602e-01	1.244522120508948726e+00
5.463000000000000078e-01	1.579465376528217835e+00
5.499000000000000554e-01	3.466822551094904004e+00
5.534999999999999920e-01	1.996011141952865220e+00
5.571000000000000396e-01	2.180786038149487460e+00
5.606999999999999762e-01	2.264223515993696978e+00
5.643000000000000238e-01	3.124310609672166450e+00
5.678999999999999604e-01	3.029388226715326926e+00
5.715000000000000080e-01	1.469223031319263573e+00
5.752000000000000446e-01	1.697645028899557262e+00
5.787999999999999812e-01	1.673324963387525122e+00
5.824000000000000288e-01	6.101016120300952750e-01
5.859999999999999654e-01	1.971935263828309415e+00
5.896000000000000130e-01	2.570412127533116542e-01
5.931999999999999496e-01	1.520679707401290326e+00
5.967999999999999972e-01	1.465654927931150819e+00
6.004000000000000448e-01	7.594630636855417283e-01
6.039999999999999813e-01	9.522779366429301451e-01
6.076000000000000290e-01	-6.360886531606986249e-01
6.111999999999999655e-01	1.750397031764946432e+00
6.148000000000000131e-01	1.715123667228481752e+00
6.183999999999999497e-01	1.409530987105768851e+00
6.219999999999999973e-01	1.140836084102665904e+00
6.257000000000000339e-01	9.675163148337037056e-01
6.292999999999999705e-01	1.435618803561391266e+00
6.329000000000000181e-01	2.844521943802123420e+00
6.364999999999999547e-01	2.484431546047063399e+00
6.401000000000000023e-01	1.762603556093690571e+00
6.437000000000000499e-01	2.137351505614281777e+00
6.472999999999999865e-01	1.000563264875868885e+00
6.509000000000000341e-01	9.420767473914541945e-01
6.544999999999999707e-01	1.116694179998035885e+00
6.581000000000000183e-01	1.594026669040951250e+00
6.616999999999999549e-01	1.736597484281512394e+00
6.653000000000000025e-01	1.413039745364453426e+00
6.689000000000000501e-01	2.562601316007626195e+00
6.724999999999999867e-01	2.603168930847088003e+00
6.762000000000000233e-01	1.845213104171718133e+00
6.797999999999999599e-01	1.859408612745557132e+00
6.834000000000000075e-01	1.872360524674621995e+00
6.870000000000000551e-01	1.591473110563001558e+00
6.905999999999999917e-01	1.217772374149164172e+00
6.942000000000000393e-01	1.519151150168210229e+00
6.977999999999999758e-01	2.015632065653861549e+00
7.014000000000000234e-01	1.786553501526463084e+00
7.049999999999999600e-01	1.540427823903681270e+00
7.086000000000000076e-01	8.961608344272523619e-01
7.122000000000000552e-01	2.377549539472227025e+00
7.157999999999999918e-01	2.196501132089393682e+00
7.194000000000000394e-01	2.256405650039410737e+00
7.229999999999999760e-01	2.238469698393880325e+00
7.267000000000000126e-01	2.068834593599369054e+00
7.302999999999999492e-01	1.574529507641451609e+00
7.338999999999999968e-01	2.605433642202727995e+00
7.375000000000000444e-01	2.662174256175755982e+00
7.410999999999999810e-01	1.263734605362380803e+00
7.447000000000000286e-01	2.758095554816285322e+00
7.482999999999999652e-01	3.555723748721818289e+00
7.519000000000000128e-01	4.174724188942366965e+00
7.554999999999999494e-01	3.139074650638364439e+00
7.590999999999999970e-01	3.107001779121333129e+00
7.627000000000000446e-01	1.984955687182907713e+00
7.662999999999999812e-01	1.991614222091342645e+00
7.699000000000000288e-01	1.484656480835996772e+00
7.734999999999999654e-01	2.050897479278601221e+00
7.772000000000000020e-01	2.626436980176900526e+00
7.808000000000000496e-01	1.843727295370696684e+00
7.843999999999999861e-01	9.035304059522063502e-01
7.880000000000000338e-01	1.920039297083016017e+00
7.915999999999999703e-01	1.080465608984378267e+00
7.952000000000000179e-01	1.043656482188715318e+00
7.987999999999999545e-01	1.443215263569129991e+00
8.024000000000000021e-01	6.249421175553178109e-01
8.060000000000000497e-01	1.063450984163904600e+00
8.095999999999999863e-01	2.688922586044654173e-01
8.132000000000000339e-01	1.481813382916922217e-01
8.167999999999999705e-01	6.356442089477825075e-01
8.204000000000000181e-01	1.838515244142674865e+00
8.239999999999999547e-01	1.771133872504350393e+00
8.276999999999999913e-01	1.403949994532471157e+00
8.313000000000000389e-01	1.842307188828660625e+00
8.348999999999999755e-01	4.076903572251954877e+00
8.385000000000000231e-01	2.849879645621848478e+00
8.420999999999999597e-01	1.107910953087440475e+00
8.457000000000000073e-01	2.350094702329410978e+00
8.493000000000000549e-01	1.441842720990884397e+00
8.528999999999999915e-01	3.189260350902018981e+00
8.565000000000000391e-01	3.402845638057047761e+00
8.600999999999999757e-01	3.240263548912782010e+00
8.637000000000000233e-01	2.180480546977650924e+00
8.672999999999999599e-01	1.895745790233229311e+00
8.709000000000000075e-01	1.715847649873221581e+00
8.745000000000000551e-01	3.005007416972980572e+00
8.781999999999999806e-01	1.547422480197544470e+00
8.818000000000000282e-01	2.184450165793001997e+00
8.853999999999999648e-01	1.425962988493604255e+00
8.890000000000000124e-01	6.832024314153937183e-01
8.925999999999999490e-01	1.463381694157714241e+00
8.961999999999999966e-01	1.271028794523587191e+00
8.998000000000000442e-01	5.268383767374369420e-01
9.033999999999999808e-01	1.756383003379589081e+00
9.070000000000000284e-01	1.577783906145746817e+00
9.105999999999999650e-01	1.390141005893733350e+00
9.142000000000000126e-01	1.393199801855232067e+00
9.177999999999999492e-01	2.154562062782771292e+00
9.213999999999999968e-01	2.272821919703229554e+00
9.251000000000000334e-01	1.626935690584370153e+00
9.286999999999999700e-01	3.754261924209719936e+00
9.323000000000000176e-01	2.636556753934481634e+00
9.358999999999999542e-01	2.235487322949826883e+00
9.395000000000000018e-01	2.383755049292866524e+00
9.431000000000000494e-01	4.767640006581752132e+00
9.466999999999999860e-01	3.208630469513718886e+00
9.503000000000000336e-01	2.850283796568223948e+00
9.538999999999999702e-01	2.272685618025548138e+00
9.575000000000000178e-01	4.416468029249588589e+00
9.610999999999999543e-01	3.297470365454270080e+00
9.647000000000000020e-01	3.770638906856422334e+00
9.683000000000000496e-01	2.744960145518972272e+00
9.718999999999999861e-01	2.874753103333655524e+00
9.756000000000000227e-01	1.360331708649108018e+00
9.791999999999999593e-01	2.729127046949295199e+00
9.828000000000000069e-01	2.771711685818027515e+00
9.864000000000000545e-01	3.756070260044252151e+00
9.899999999999999911e-01	2.275149778203114259e+00
9.936000000000000387e-01	2.202654642283103037e+00
9.971999999999999753e-01	2.129326736970036826e+00
1.000799999999999912e+00	3.100360533831138632e+00
1.004399999999999959e+00	2.889824499214434184e+00
1.008000000000000007e+00	2.438637875630468521e+00
1.011600000000000055e+00	3.135232128321405742e+00
1.015200000000000102e+00	4.186326024601049411e+00
1.018799999999999928e+00	4.735897400042057725e+00
1.022399999999999975e+00	3.591292328913123111e+00
1.026100000000000012e+00	5.285977275026834121e+00
1.029700000000000060e+00	4.815709484319198097e+00
1.033300000000000107e+00	4.672338116793479657e+00
1.036899999999999933e+00	6.431360814867300491e+00
1.040499999999999980e+00	5.910714705904338118e+00
1.044100000000000028e+00	5.595713626510622873e+00
1.047700000000000076e+00	6.117337524087233191e+00
1.051299999999999901e+00	7.018590070730562402e+00
1.054899999999999949e+00	5.768140818421521487e+00
1.058499999999999996e+00	7.495843743092024170e+00
1.062100000000000044e+00	6.512556435106870545e+00
1.065700000000000092e+00	5.262983321120866087e+00
1.069299999999999917e+00	6.354846673120334799e+00
1.072899999999999965e+00	5.092999397778760873e+00
1.076600000000000001e+00	4.314110601264747658e+00
1.080200000000000049e+00	5.764423975642172238e+00
1.083800000000000097e+00	5.387012006470404124e+00
1.087399999999999922e+00	6.164023998436482188e+00
1.090999999999999970e+00	6.674202124781158929e+00
1.094600000000000017e+00	7.967815388028414603e+00
1.098200000000000065e+00	7.174653380981352413e+00
1.101799999999999891e+00	7.427274307166627842e+00
1.105399999999999938e+00	7.340455929614924990e+00
1.108999999999999986e+00	8.993738366771026449e+00
1.112600000000000033e+00	8.095808215148071696e+00
1.116200000000000081e+00	7.435660615113180327e+00
1.119799999999999907e+00	8.929870444407859154e+00
1.123399999999999954e+00	8.801028765909514107e+00
1.127099999999999991e+00	6.538095479531012444e+00
1.130700000000000038e+00	7.589954648366043166e+00
1.134300000000000086e+00	7.708209599396753653e+00
1.137899999999999912e+00	1.095903326198324024e+01
1.141499999999999959e+00	8.748977056187738910e+00
1.145100000000000007e+00	9.453027809151926419e+00
1.148700000000000054e+00	9.544246870460312948e+00
1.152300000000000102e+00	1.065206203558731346e+01
1.155899999999999928e+00	1.031642860735411560e+01
1.159499999999999975e+00	1.080956731581498964e+01
1.163100000000000023e+00	1.163608994073346103e+01
1.166700000000000070e+00	1.180128490063414581e+01
1.170299999999999896e+00	1.230481980041956724e+01
1.173899999999999944e+00	1.110439635231963784e+01
1.177599999999999980e+00	9.874261554594482959e+00
1.181200000000000028e+00	1.046432677170062853e+01
1.184800000000000075e+00	1.037909465359623162e+01
1.188399999999999901e+00	1.096189132354597717e+01
1.191999999999999948e+00	1.167975629841181551e+01
1.195599999999999996e+00	1.180296808850430246e+01
1.199200000000000044e+00	1.319304742731585378e+01
1.202800000000000091e+00	1.291646247007052750e+01
1.206399999999999917e+00	1.337944197950166725e+01
1.209999999999999964e+00	1.277105907150625974e+01
1.213600000000000012e+00	1.387453789669133997e+01
1.217200000000000060e+00	1.353596386473376256e+01
1.220800000000000107e+00	1.225042158995536745e+01
1.224399999999999933e+00	1.383965415856724590e+01
1.228099999999999969e+00	1.468748161555967613e+01
1.231700000000000017e+00	1.341049915042215090e+01
1.235300000000000065e+00	1.430321641892101248e+01
1.238899999999999890e+00	1.586079310762494643e+01
1.242499999999999938e+00	1.518555114536702355e+01
1.246099999999999985e+00	1.456310955371571403e+01
1.249700000000000033e+00	1.539885768689158496e+01
1.253300000000000081e+00	1.597183092700938190e+01
1.256899999999999906e+00	1.522230379667607103e+01
1.260499999999999954e+00	1.609172244927855289e+01
1.264100000000000001e+00	1.610250609390897125e+01
1.267700000000000049e+00	1.642358718535873763e+01
1.271300000000000097e+00	1.731426281068461748e+01
1.274899999999999922e+00	1.572057296918644020e+01
1.278599999999999959e+00	1.597429624178890606e+01
1.282200000000000006e+00	1.559572460969694419e+01
1.285800000000000054e+00	1.538570355568116277e+01
1.289400000000000102e+00	1.608549128104725412e+01
1.292999999999999927e+00	1.635837349510383021e+01
1.296599999999999975e+00	1.673918724650284418e+01
1.300200000000000022e+00	1.540690906783949288e+01
1.303800000000000070e+00	1.523023358644855207e+01
1.307399999999999896e+00	1.632874710696642850e+01
1.310999999999999943e+00	1.632599688462486043e+01
1.314599999999999991e+00	1.607565239373241894e+01
1.318200000000000038e+00	1.658515904547596875e+01
1.321800000000000086e+00	1.577115870408881726e+01
1.325499999999999901e+00	1.502819020513854298e+01
1.329099999999999948e+00	1.595539451649336726e+01
1.332699999999999996e+00	1.522630831360068271e+01
1.336300000000000043e+00	1.417031057271480421e+01
1.339900000000000091e+00	1.557283451957108333e+01
1.343499999999999917e+00	1.546314639961646265e+01
1.347099999999999964e+00	1.658418213181249712e+01
1.350700000000000012e+00	1.591839982743129056e+01
1.354300000000000059e+00	1.568830041401109199e+01
1.357900000000000107e+00	1.394866700638550583e+01
1.361499999999999932e+00	1.400484267806837302e+01
1.365099999999999980e+00	1.389185835739794506e+01
1.368700000000000028e+00	1.424623229927908419e+01
1.372300000000000075e+00	1.391299628686702050e+01
1.375999999999999890e+00	1.458339586264971466e+01
1.379599999999999937e+00	1.447022803614141928e+01
1.383199999999999985e+00	1.422383767033247537e+01
1.386800000000000033e+00	1.404575945244513235e+01
1.390400000000000080e+00	1.548411934689122660e+01
1.393999999999999906e+00	1.535451452569786746e+01
1.397599999999999953e+00	1.414217711740841743e+01
1.401200000000000001e+00	1.433026441707808019e+01
1.404800000000000049e+00	1.481770913739018880e+01
1.408400000000000096e+00	1.630016924996361993e+01
1.411999999999999922e+00	1.668484035087707795e+01
1.415599999999999969e+00	1.612943479589693396e+01
1.419200000000000017e+00	1.574939352517770885e+01
1.422800000000000065e+00	1.586692406074082484e+01
1.426500000000000101e+00	1.534815276165510767e+01
1.430099999999999927e+00	1.464545172639272863e+01
1.433699999999999974e+00	1.512571639372450250e+01
1.437300000000000022e+00	1.518699187425084496e+01
1.440900000000000070e+00	1.271988304245798851e+01
1.444499999999999895e+00	1.367094397395249494e+01
1.448099999999999943e+00	1.327981843921172356e+01
1.451699999999999990e+00	1.417422914737767670e+01
1.455300000000000038e+00	1.389279200802352676e+01
1.458900000000000086e+00	1.324878351789668862e+01
1.462499999999999911e+00	1.494691166763740497e+01
1.466099999999999959e+00	1.485029484927571453e+01
1.469700000000000006e+00	1.532912858869007344e+01
1.473300000000000054e+00	1.465923932235533123e+01
1.477000000000000091e+00	1.426748598490292430e+01
1.480599999999999916e+00	1.586803239620964945e+01
1.484199999999999964e+00	1.475481482326880212e+01
1.487800000000000011e+00	1.452220282835859244e+01
1.491400000000000059e+00	1.558601170607691166e+01
1.495000000000000107e+00	1.605436823426963500e+01
1.498599999999999932e+00	1.527450165644232527e+01
1.502199999999999980e+00	1.628839376886604384e+01
1.505800000000000027e+00	1.598416133440168885e+01
1.509400000000000075e+00	1.614103176861822320e+01
1.512999999999999901e+00	1.661046145263970431e+01
1.516599999999999948e+00	1.600400186073294151e+01
1.520199999999999996e+00	1.570567530248552046e+01
1.523800000000000043e+00	1.679292413818207663e+01
1.527500000000000080e+00	1.784732349163260068e+01
1.531099999999999905e+00	1.738930393941522112e+01
1.534699999999999953e+00	1.702620908121383891e+01
1.538300000000000001e+00	1.773708902479704719e+01
1.541900000000000048e+00	1.876685790381157304e+01
1.545500000000000096e+00	1.810886734364984463e+01
1.549099999999999921e+00	1.855995921143557581e+01
1.552699999999999969e+00	1.838328616355973466e+01
1.556300000000000017e+00	1.898917204486330590e+01
1.559900000000000064e+00	1.902400466239396692e+01
1.563499999999999890e+00	1.920406749260276413e+01
1.567099999999999937e+00	1.969336349095453542e+01
1.570699999999999985e+00	1.979978120232498284e+01
1.574300000000000033e+00	1.937807232660777856e+01
1.578000000000000069e+00	2.075174336910808037e+01
1.581599999999999895e+00	1.943592023695376625e+01
1.585199999999999942e+00	2.080157927003110530e+01
1.588799999999999990e+00	2.066750410829079954e+01
1.592400000000000038e+00	2.166571283312707408e+01
1.596000000000000085e+00	2.120207863782705004e+01
1.599599999999999911e+00	2.016936225001424177e+01
1.603199999999999958e+00	2.056930997747582879e+01
1.606800000000000006e+00	2.080632919322987107e+01
1.610400000000000054e+00	2.183756879125551009e+01
1.614000000000000101e+00	2.015216058786088738e+01
1.617599999999999927e+00	2.055192285933530272e+01
1.621199999999999974e+00	2.188602571042581246e+01
1.624800000000000022e+00	2.145085030158974249e+01
1.628500000000000059e+00	2.119894148616096885e+01
1.632100000000000106e+00	2.201702371489172450e+01
1.635699999999999932e+00	1.898379348767077346e+01
1.639299999999999979e+00	2.105623747118599454e+01
1.642900000000000027e+00	2.182242797854212313e+01
1.646500000000000075e+00	2.285443020693389116e+01
1.650099999999999900e+00	2.344833752588551690e+01
1.653699999999999948e+00	2.492660072007508276e+01
1.657299999999999995e+00	2.560735912876257458e+01
1.660900000000000043e+00	2.667572307702890555e+01
1.664500000000000091e+00	2.905926004564715370e+01
1.668099999999999916e+00	3.006078103776742338e+01
1.671699999999999964e+00	2.747494750381539319e+01
1.675400000000000000e+00	2.735155054761391824e+01
1.679000000000000048e+00	2.513731736259226679e+01
1.682600000000000096e+00	2.309681723795058517e+01
1.686199999999999921e+00	2.234113436381586837e+01
1.689799999999999969e+00	2.089589552007977957e+01
1.693400000000000016e+00	2.071957479107852862e+01
1.697000000000000064e+00	2.174967988856521117e+01
1.700599999999999890e+00	2.270864461016644142e+01
1.704199999999999937e+00	2.461346133246164669e+01
1.707799999999999985e+00	2.477545884744679938e+01
1.711400000000000032e+00	2.483881584245642671e+01
1.715000000000000080e+00	2.729947694764221211e+01
1.718599999999999905e+00	2.631173836096627028e+01
1.722199999999999953e+00	2.486039497238573048e+01
1.725899999999999990e+00	2.398753779775095651e+01
1.729500000000000037e+00	2.258087061052311029e+01
1.733100000000000085e+00	2.492552881839570134e+01
1.736699999999999910e+00	2.338938446079234978e+01
1.740299999999999958e+00	2.320028199630103671e+01
1.743900000000000006e+00	2.350340929400485379e+01
1.747500000000000053e+00	2.389320358867631455e+01
1.751100000000000101e+00	2.422278741208670283e+01
1.754699999999999926e+00	2.451003769599538984e+01
1.758299999999999974e+00	2.381326758681216660e+01
1.761900000000000022e+00	2.490428435397019769e+01
1.765500000000000069e+00	2.411905428665351181e+01
1.769099999999999895e+00	2.264987421213789531e+01
1.772699999999999942e+00	2.345879868126402101e+01
1.776399999999999979e+00	2.308371971728320915e+01
1.780000000000000027e+00	2.413472889341777972e+01
1.783600000000000074e+00	2.466439413238059331e+01
1.787199999999999900e+00	2.504989711402477326e+01
1.790799999999999947e+00	2.639911187454075048e+01
1.794399999999999995e+00	2.573447352103054087e+01
1.798000000000000043e+00	2.546465638587227787e+01
1.801600000000000090e+00	2.819236826187608358e+01
1.805199999999999916e+00	2.683109880941821146e+01
1.808799999999999963e+00	2.639121876550212420e+01
1.812400000000000011e+00	2.806679850050937119e+01
1.816000000000000059e+00	2.658569768278441359e+01
1.819600000000000106e+00	2.664325604569909700e+01
1.823199999999999932e+00	2.840417660186275839e+01
1.826899999999999968e+00	3.167817892071681030e+01
1.830500000000000016e+00	3.176986812334079602e+01
1.834100000000000064e+00	3.454844831785339210e+01
1.837699999999999889e+00	3.369907482421655232e+01
1.841299999999999937e+00	3.268932160226442818e+01
1.844899999999999984e+00	3.166179202080293109e+01
1.848500000000000032e+00	3.100983611903452442e+01
1.852100000000000080e+00	3.131490377456000829e+01
1.855699999999999905e+00	3.194508597683070050e+01
1.859299999999999953e+00	3.246178783738680806e+01
1.862900000000000000e+00	3.266846089135213305e+01
1.866500000000000048e+00	3.364674039240638592e+01
1.870100000000000096e+00	3.187963003052049160e+01
1.873699999999999921e+00	3.182603218001487377e+01
1.877399999999999958e+00	3.074193509922176659e+01
1.881000000000000005e+00	3.311323690813182452e+01
1.884600000000000053e+00	3.212381258610729873e+01
1.888200000000000101e+00	3.733828661653036818e+01
1.891799999999999926e+00	3.812436142565856301e+01
1.895399999999999974e+00	4.055251999594839418e+01
1.899000000000000021e+00	4.234572433519967660e+01
1.902600000000000069e+00	4.387181900789970257e+01
1.906199999999999894e+00	4.224840442210441438e+01
1.909799999999999942e+00	4.288877334924763574e+01
1.913399999999999990e+00	4.072897009598711549e+01
1.917000000000000037e+00	3.988913430762234213e+01
1.920600000000000085e+00	3.759561031278282428e+01
1.924199999999999910e+00	3.563922858845904784e+01
1.927899999999999947e+00	3.563528243830239006e+01
1.931499999999999995e+00	3.724689075850906761e+01
1.935100000000000042e+00	4.079340855962032464e+01
1.938700000000000090e+00	4.070049109970943135e+01
1.942299999999999915e+00	4.495366628105465168e+01
1.945899999999999963e+00	4.283585513611056683e+01
1.949500000000000011e+00	4.252087802580211928e+01
1.953100000000000058e+00	4.223238026575034354e+01
1.956700000000000106e+00	4.457367711410642386e+01
1.960299999999999931e+00	4.358451025440444226e+01
1.963899999999999979e+00	4.652145122776253316e+01
1.967500000000000027e+00	4.512488081679990160e+01
1.971100000000000074e+00	4.648764587384142999e+01
1.974699999999999900e+00	5.106268094314463468e+01
1.978399999999999936e+00	5.089113232238918982e+01
1.981999999999999984e+00	5.378589195722921090e+01
1.985600000000000032e+00	5.605595528268742811e+01
1.989200000000000079e+00	5.843961845605787886e+01
1.992799999999999905e+00	6.272819859838443080e+01
1.996399999999999952e+00	6.677733309049023092e+01
2.000000000000000000e+00	7.306191566423319728e+01
