2.000000000000000111e-01	-1.039094686741756535e+00
2.036000000000000032e-01	-2.041562558848827091e+00
2.071999999999999953e-01	-1.843274392645724902e+00
2.107999999999999874e-01	-6.748315052179325590e-01
2.144000000000000072e-01	-2.943824686880241348e+00
2.179999999999999993e-01	-1.950011344661247481e+00
2.215999999999999914e-01	-1.696931623430262936e+00
2.253000000000000003e-01	-1.720823342940828837e+00
2.288999999999999924e-01	-3.622238564461510713e-01
2.325000000000000122e-01	-1.645578855926002060e+00
2.361000000000000043e-01	-1.709453187042305977e+00
2.396999999999999964e-01	-2.081048182743314268e+00
2.432999999999999885e-01	-1.761116633613315496e+00
2.469000000000000083e-01	-1.685822147576308438e+00
2.505000000000000004e-01	-2.311410830807836270e-01
2.540999999999999925e-01	-1.483146339216450116e-01
2.576999999999999846e-01	-4.416274094893471447e-01
2.612999999999999767e-01	4.788457924712358205e-01
2.649000000000000243e-01	-2.802076066637783636e-01
2.685000000000000164e-01	-6.445559687396240633e-01
2.721000000000000085e-01	1.172196095187691078e+00
2.757999999999999896e-01	4.472023849375698079e-01
2.793999999999999817e-01	4.143515042216908695e-01
2.829999999999999738e-01	5.684042493368346438e-01
2.866000000000000214e-01	5.758437205601297793e-01
2.902000000000000135e-01	-5.821029046003299845e-01
2.938000000000000056e-01	-1.096925518355050366e+00
2.973999999999999977e-01	-3.272169882352202186e-01
3.009999999999999898e-01	1.570359296855962095e-01
3.045999999999999819e-01	5.248154306654561063e-01
3.081999999999999740e-01	1.458564886674100780e+00
3.118000000000000216e-01	-9.059709940893573288e-01
3.154000000000000137e-01	-3.450108536304052897e-02
3.190000000000000058e-01	-1.094180471429448964e-01
3.225999999999999979e-01	-5.459514653494546010e-02
3.262999999999999790e-01	-4.987693592223243488e-01
3.299000000000000266e-01	-5.553888162545399521e-01
3.335000000000000187e-01	-3.165329430669105992e-01
3.371000000000000107e-01	-2.476464552458279567e-01
3.407000000000000028e-01	-8.089354904996914897e-02
3.442999999999999949e-01	-4.939942179057073002e-01
3.478999999999999870e-01	1.096284570078114307e+00
3.514999999999999791e-01	-6.568475702907632385e-01
3.551000000000000267e-01	-2.564206250655134967e-01
3.587000000000000188e-01	9.116650106277951471e-02
3.623000000000000109e-01	-3.425222796139390513e-01
3.659000000000000030e-01	1.093098770148730470e+00
3.694999999999999951e-01	2.176129316428650373e+00
3.730999999999999872e-01	1.457870429661723088e+00
3.768000000000000238e-01	1.843557380973464888e+00
3.804000000000000159e-01	2.551678601981646199e-01
3.840000000000000080e-01	1.812979750953952474e-01
3.876000000000000001e-01	8.805258816198316962e-01
3.911999999999999922e-01	1.063759653808392436e+00
3.947999999999999843e-01	1.572627035226718428e+00
3.983999999999999764e-01	2.463791905379426606e+00
4.020000000000000240e-01	2.019336816482669494e+00
4.056000000000000161e-01	1.744569948402833859e+00
4.092000000000000082e-01	3.473132726892936839e-01
4.128000000000000003e-01	1.669651958414007487e+00
4.163999999999999924e-01	1.759537466532424821e+00
4.199999999999999845e-01	-8.455232072290097545e-02
4.235999999999999766e-01	-4.794242146099651491e-01
4.273000000000000131e-01	-3.334259716405099661e-01
4.309000000000000052e-01	5.977952601994016568e-01
4.344999999999999973e-01	1.156953669866198853e+00
4.380999999999999894e-01	-2.986175699776938974e-01
4.416999999999999815e-01	-4.333700826951535912e-01
4.452999999999999736e-01	1.722351562867663777e+00
4.489000000000000212e-01	-9.205569598643772999e-02
4.525000000000000133e-01	9.375134342259228148e-01
4.561000000000000054e-01	-2.549635438393772491e-01
4.596999999999999975e-01	3.330775257426842328e-01
4.632999999999999896e-01	1.629557560216099432e+00
4.668999999999999817e-01	1.594184799867035096e+00
4.704999999999999738e-01	1.258144562466108951e+00
4.741000000000000214e-01	4.381252712334531729e+00
4.778000000000000025e-01	1.542638799957260609e+00
4.813999999999999946e-01	1.724609495709693352e+00
4.849999999999999867e-01	2.780988853968326957e+00
4.885999999999999788e-01	2.878046532984752215e+00
4.922000000000000264e-01	2.853489750675935355e+00
4.958000000000000185e-01	1.977471914288211785e+00
4.994000000000000106e-01	3.127271743046046826e+00
5.030000000000000027e-01	3.838531950221758304e+00
5.066000000000000503e-01	3.787780458055162391e+00
5.101999999999999869e-01	1.560005660508833047e+00
5.138000000000000345e-01	2.626786223945045684e+00
5.173999999999999710e-01	5.829226539109945149e-01
5.210000000000000187e-01	1.787090963489504691e+00
5.245999999999999552e-01	1.623653195781393554e+00
5.282999999999999918e-01	1.443906964579367624e+00
5.319000000000000394e-01	1.687692619893415014e+00
5.354999999999999760e-01	1.026334918023359410e+00
5.391000000000000236e-01	2.144773287507553583e+00
5.426999999999999602e-01	1.170758362165232658e+00
5.463000000000000078e-01	2.477987935774017547e-01
5.499000000000000554e-01	2.247855608923599036e+00
5.534999999999999920e-01	2.678672892580471476e+00
5.571000000000000396e-01	1.436704153079405355e+00
5.606999999999999762e-01	3.966132693625474381e+00
5.643000000000000238e-01	2.413883401260128458e+00
5.678999999999999604e-01	3.148217783408221671e+00
5.715000000000000080e-01	2.898363472480752101e+00
5.752000000000000446e-01	3.529719964886715911e+00
5.787999999999999812e-01	4.802030071062130645e+00
5.824000000000000288e-01	3.369432055838855078e+00
5.859999999999999654e-01	4.500478183771004836e+00
5.896000000000000130e-01	3.196843716314388573e+00
5.931999999999999496e-01	5.035186521234745527e+00
5.967999999999999972e-01	4.502549437490399598e+00
6.004000000000000448e-01	5.215151311889464125e+00
6.039999999999999813e-01	3.918958773674493745e+00
6.076000000000000290e-01	4.215438408305946183e+00
6.111999999999999655e-01	5.039472045852302351e+00
6.148000000000000131e-01	4.012859785885095398e+00
6.183999999999999497e-01	3.940392368458212502e+00
6.219999999999999973e-01	3.890788897366313392e+00
6.257000000000000339e-01	4.567604260727891941e+00
6.292999999999999705e-01	4.534799324132901432e+00
6.329000000000000181e-01	3.986340083739818407e+00
6.364999999999999547e-01	4.601914955289508669e+00
6.401000000000000023e-01	3.843434946641331784e+00
6.437000000000000499e-01	3.733664879927793834e+00
6.472999999999999865e-01	3.298372317679159949e+00
6.509000000000000341e-01	3.336867350765556850e+00
6.544999999999999707e-01	4.052231429887130254e+00
6.581000000000000183e-01	5.102308511638168120e+00
6.616999999999999549e-01	3.522746547158296604e+00
6.653000000000000025e-01	4.445799529758037494e+00
6.689000000000000501e-01	3.218445245148144895e+00
6.724999999999999867e-01	3.457277001529518667e+00
6.762000000000000233e-01	5.698018754434137634e+00
6.797999999999999599e-01	5.256928754018883154e+00
6.834000000000000075e-01	5.639383387822409333e+00
6.870000000000000551e-01	5.292795145508282673e+00
6.905999999999999917e-01	5.845871140701750512e+00
6.942000000000000393e-01	5.174824815917714815e+00
6.977999999999999758e-01	6.336204409870600074e+00
7.014000000000000234e-01	5.850411804669603200e+00
7.049999999999999600e-01	4.473338031183670793e+00
7.086000000000000076e-01	6.668421303542012346e+00
7.122000000000000552e-01	7.016140023033145212e+00
7.157999999999999918e-01	6.629406495151721757e+00
7.194000000000000394e-01	5.311855272598612565e+00
7.229999999999999760e-01	5.888605458230186329e+00
7.267000000000000126e-01	6.488489478394047438e+00
7.302999999999999492e-01	7.009093408296374506e+00
7.338999999999999968e-01	4.986868012067305678e+00
7.375000000000000444e-01	4.938864845889258781e+00
7.410999999999999810e-01	4.791260439858702647e+00
7.447000000000000286e-01	5.704969476923465344e+00
7.482999999999999652e-01	5.270870858169399042e+00
7.519000000000000128e-01	4.184774704800293676e+00
7.554999999999999494e-01	5.212113585745089317e+00
7.590999999999999970e-01	5.683865526719588779e+00
7.627000000000000446e-01	4.363492050452283166e+00
7.662999999999999812e-01	5.313048918632897966e+00
7.699000000000000288e-01	5.029697498502979869e+00
7.734999999999999654e-01	5.739736113048879318e+00
7.772000000000000020e-01	6.104004255725612893e+00
7.808000000000000496e-01	3.910516851398897487e+00
7.843999999999999861e-01	6.080913185185483627e+00
7.880000000000000338e-01	6.434016267423530167e+00
7.915999999999999703e-01	5.448297602089665403e+00
7.952000000000000179e-01	5.548065649788503251e+00
7.987999999999999545e-01	5.995720399726427452e+00
8.024000000000000021e-01	7.117575906590406731e+00
8.060000000000000497e-01	6.428929429330489498e+00
8.095999999999999863e-01	7.547517929029904593e+00
8.132000000000000339e-01	6.806083527973786573e+00
8.167999999999999705e-01	6.536295708514768599e+00
8.204000000000000181e-01	5.255727560998195713e+00
8.239999999999999547e-01	6.728848306044084460e+00
8.276999999999999913e-01	5.651849620741980829e+00
8.313000000000000389e-01	6.461475975860414778e+00
8.348999999999999755e-01	5.812655894905115694e+00
8.385000000000000231e-01	5.840363436724404167e+00
8.420999999999999597e-01	6.796678503209005129e+00
8.457000000000000073e-01	5.829518827742281140e+00
8.493000000000000549e-01	5.418643661851448634e+00
8.528999999999999915e-01	6.150930646525358370e+00
8.565000000000000391e-01	6.317844145248695753e+00
8.600999999999999757e-01	5.576825389440984715e+00
8.637000000000000233e-01	6.262389023698801793e+00
8.672999999999999599e-01	6.605736106958564946e+00
8.709000000000000075e-01	6.849224587965801803e+00
8.745000000000000551e-01	7.148219300517212993e+00
8.781999999999999806e-01	5.820858078124713231e+00
8.818000000000000282e-01	6.036010396154583901e+00
8.853999999999999648e-01	7.229606015562275445e+00
8.890000000000000124e-01	6.346741138135351790e+00
8.925999999999999490e-01	7.807036921652953154e+00
8.961999999999999966e-01	7.217997853125893037e+00
8.998000000000000442e-01	7.959286189799840372e+00
9.033999999999999808e-01	7.843041925462761910e+00
9.070000000000000284e-01	9.003464770647383375e+00
9.105999999999999650e-01	7.870429600372687240e+00
9.142000000000000126e-01	8.120541914785144755e+00
9.177999999999999492e-01	6.760106844436523765e+00
9.213999999999999968e-01	7.157155112804475472e+00
9.251000000000000334e-01	7.440224398408588513e+00
9.286999999999999700e-01	7.796862955735312184e+00
9.323000000000000176e-01	8.047951013179336144e+00
9.358999999999999542e-01	7.642077884889063810e+00
9.395000000000000018e-01	8.096416350518273575e+00
9.431000000000000494e-01	7.401994650868654269e+00
9.466999999999999860e-01	7.648462903644055899e+00
9.503000000000000336e-01	7.734926319723970600e+00
9.538999999999999702e-01	6.418025884460629271e+00
9.575000000000000178e-01	7.921953967703251998e+00
9.610999999999999543e-01	6.653805539527070323e+00
9.647000000000000020e-01	6.898783979626203156e+00
9.683000000000000496e-01	6.989564723214412467e+00
9.718999999999999861e-01	7.114446298353376719e+00
9.756000000000000227e-01	7.114022800959202364e+00
9.791999999999999593e-01	6.802199941213034506e+00
9.828000000000000069e-01	7.101749050766830607e+00
9.864000000000000545e-01	7.714355901449520658e+00
9.899999999999999911e-01	7.459614737432181286e+00
9.936000000000000387e-01	7.058332382094112845e+00
9.971999999999999753e-01	8.133355724226998262e+00
1.000799999999999912e+00	7.478569337341757439e+00
1.004399999999999959e+00	8.792339600412555356e+00
1.008000000000000007e+00	7.123878221556914525e+00
1.011600000000000055e+00	7.435146725179320626e+00
1.015200000000000102e+00	7.953729846048745777e+00
1.018799999999999928e+00	6.896427906458196588e+00
1.022399999999999975e+00	8.873058332486124300e+00
1.026100000000000012e+00	7.725919019035254465e+00
1.029700000000000060e+00	9.067961324842512383e+00
1.033300000000000107e+00	8.325976850703126431e+00
1.036899999999999933e+00	8.115025438239937827e+00
1.040499999999999980e+00	7.617061814078486037e+00
1.044100000000000028e+00	7.444029660526972236e+00
1.047700000000000076e+00	8.044482187961181197e+00
1.051299999999999901e+00	7.145940172120578637e+00
1.054899999999999949e+00	7.898212890594590974e+00
1.058499999999999996e+00	8.032022774192283165e+00
1.062100000000000044e+00	7.353411324205523236e+00
1.065700000000000092e+00	5.693909143564476416e+00
1.069299999999999917e+00	6.928057018575293213e+00
1.072899999999999965e+00	7.316147378753836250e+00
1.076600000000000001e+00	7.194279735121999586e+00
1.080200000000000049e+00	8.338828342656842807e+00
1.083800000000000097e+00	7.347946521661679498e+00
1.087399999999999922e+00	7.778404283007318121e+00
1.090999999999999970e+00	8.898142833575015231e+00
1.094600000000000017e+00	9.157663711418992492e+00
1.098200000000000065e+00	1.066859914712470747e+01
1.101799999999999891e+00	9.860533929410987497e+00
1.105399999999999938e+00	9.494681655696812328e+00
1.108999999999999986e+00	9.789581393583922875e+00
1.112600000000000033e+00	8.657637239363758397e+00
1.116200000000000081e+00	9.120365825514644698e+00
1.119799999999999907e+00	9.539444754153926453e+00
1.123399999999999954e+00	9.395621586071287723e+00
1.127099999999999991e+00	8.993750828923673168e+00
1.130700000000000038e+00	7.462080683196018249e+00
1.134300000000000086e+00	8.144804267273052290e+00
1.137899999999999912e+00	8.545052110956783409e+00
1.141499999999999959e+00	9.317008853103120103e+00
1.145100000000000007e+00	1.051956351413032564e+01
1.148700000000000054e+00	8.846632703409254006e+00
1.152300000000000102e+00	9.217770672567564105e+00
1.155899999999999928e+00	9.941885635374431374e+00
1.159499999999999975e+00	1.076660005095956585e+01
1.163100000000000023e+00	9.109192604120799786e+00
1.166700000000000070e+00	1.047077375635165808e+01
1.170299999999999896e+00	1.056436068984312548e+01
1.173899999999999944e+00	9.586385511791133851e+00
1.177599999999999980e+00	9.162421111513959104e+00
1.181200000000000028e+00	8.679172069824316438e+00
1.184800000000000075e+00	9.298160190281935300e+00
1.188399999999999901e+00	8.560561418599252903e+00
1.191999999999999948e+00	8.999356609693112574e+00
1.195599999999999996e+00	1.046436317432560337e+01
1.199200000000000044e+00	9.669782528041940495e+00
1.202800000000000091e+00	1.065338886436303056e+01
1.206399999999999917e+00	1.019250587663790242e+01
1.209999999999999964e+00	1.166559515598458674e+01
1.213600000000000012e+00	1.058965635612228340e+01
1.217200000000000060e+00	9.970707824277276643e+00
1.220800000000000107e+00	1.089683927206927372e+01
1.224399999999999933e+00	1.007810975414523114e+01
1.228099999999999969e+00	1.183313359217741478e+01
1.231700000000000017e+00	1.089018887691095294e+01
1.235300000000000065e+00	1.136925885215178766e+01
1.238899999999999890e+00	1.177921452759354004e+01
1.242499999999999938e+00	1.177382229771724020e+01
1.246099999999999985e+00	1.301899795702348506e+01
1.249700000000000033e+00	1.366648143106797164e+01
1.253300000000000081e+00	1.207367879258730348e+01
1.256899999999999906e+00	1.355596038319506036e+01
1.260499999999999954e+00	1.304396138605759425e+01
1.264100000000000001e+00	1.352123590061399305e+01
1.267700000000000049e+00	1.298483075123690433e+01
1.271300000000000097e+00	1.315361497826175885e+01
1.274899999999999922e+00	1.357027616851131491e+01
1.278599999999999959e+00	1.483809346133140039e+01
1.282200000000000006e+00	1.414259717383196246e+01
1.285800000000000054e+00	1.263526291242943778e+01
1.289400000000000102e+00	1.278561623889397225e+01
1.292999999999999927e+00	1.260254833387281082e+01
1.296599999999999975e+00	1.356696850683558786e+01
1.300200000000000022e+00	1.372276428784658719e+01
1.303800000000000070e+00	1.298860534179677195e+01
1.307399999999999896e+00	1.402238780583664557e+01
1.310999999999999943e+00	1.380350760104359686e+01
1.314599999999999991e+00	1.421312461497739221e+01
1.318200000000000038e+00	1.319431644866486053e+01
1.321800000000000086e+00	1.379490506853247744e+01
1.325499999999999901e+00	1.498803053369512917e+01
1.329099999999999948e+00	1.453505328948208408e+01
1.332699999999999996e+00	1.441889302247850502e+01
1.336300000000000043e+00	1.400830651992066578e+01
1.339900000000000091e+00	1.510974356084451564e+01
1.343499999999999917e+00	1.355101558574185283e+01
1.347099999999999964e+00	1.420699887388021132e+01
1.350700000000000012e+00	1.498053353281035172e+01
1.354300000000000059e+00	1.514479921418904773e+01
1.357900000000000107e+00	1.499363697880533941e+01
1.361499999999999932e+00	1.530715483359992746e+01
1.365099999999999980e+00	1.348137055525612737e+01
1.368700000000000028e+00	1.540905047499342473e+01
1.372300000000000075e+00	1.433639507100773081e+01
1.375999999999999890e+00	1.487728463358422637e+01
1.379599999999999937e+00	1.480315091561135965e+01
1.383199999999999985e+00	1.416985358955452412e+01
1.386800000000000033e+00	1.545139047757867701e+01
1.390400000000000080e+00	1.566396131293922700e+01
1.393999999999999906e+00	1.558150424704535908e+01
1.397599999999999953e+00	1.569794357497069370e+01
1.401200000000000001e+00	1.498956199052314453e+01
1.404800000000000049e+00	1.500276473985835324e+01
1.408400000000000096e+00	1.535609343313087649e+01
1.411999999999999922e+00	1.655124772010692524e+01
1.415599999999999969e+00	1.609328917993986252e+01
1.419200000000000017e+00	1.550475423189336510e+01
1.422800000000000065e+00	1.589116147095817766e+01
1.426500000000000101e+00	1.663283386632223326e+01
1.430099999999999927e+00	1.583047338813720373e+01
1.433699999999999974e+00	1.598204084114582457e+01
1.437300000000000022e+00	1.552465399137069468e+01
1.440900000000000070e+00	1.645756757660820568e+01
1.444499999999999895e+00	1.720464263536247174e+01
1.448099999999999943e+00	1.623679271880365604e+01
1.451699999999999990e+00	1.640536159297496965e+01
1.455300000000000038e+00	1.511114049681252069e+01
1.458900000000000086e+00	1.639153031443686714e+01
1.462499999999999911e+00	1.640907647657375179e+01
1.466099999999999959e+00	1.674037126872096337e+01
1.469700000000000006e+00	1.694035027353570655e+01
1.473300000000000054e+00	1.602928082520516995e+01
1.477000000000000091e+00	1.751633645806966300e+01
1.480599999999999916e+00	1.740962967129971162e+01
1.484199999999999964e+00	1.813545343670740095e+01
1.487800000000000011e+00	1.796079836898930893e+01
1.491400000000000059e+00	1.860449590563262134e+01
1.495000000000000107e+00	1.828597084376353976e+01
1.498599999999999932e+00	1.685638809293883256e+01
1.502199999999999980e+00	1.622583646377273325e+01
1.505800000000000027e+00	1.790979631895529423e+01
1.509400000000000075e+00	1.688112023056627820e+01
1.512999999999999901e+00	1.796754508398182892e+01
1.516599999999999948e+00	1.899554210064046700e+01
1.520199999999999996e+00	1.909176325740669355e+01
1.523800000000000043e+00	1.875429779233831695e+01
1.527500000000000080e+00	1.886935778399115904e+01
1.531099999999999905e+00	1.874643883611564732e+01
1.534699999999999953e+00	1.804002114577318849e+01
1.538300000000000001e+00	1.854961518461696102e+01
1.541900000000000048e+00	2.034326199962153225e+01
1.545500000000000096e+00	1.930817483209725083e+01
1.549099999999999921e+00	1.895281052956834600e+01
1.552699999999999969e+00	1.919695331447972109e+01
1.556300000000000017e+00	1.917621846521318574e+01
1.559900000000000064e+00	1.856902390296738403e+01
1.563499999999999890e+00	1.870337299976806378e+01
1.567099999999999937e+00	1.867181538029315035e+01
1.570699999999999985e+00	1.963645443687214964e+01
1.574300000000000033e+00	1.897824103014668395e+01
1.578000000000000069e+00	2.015997713997047569e+01
1.581599999999999895e+00	1.917990818838596212e+01
1.585199999999999942e+00	1.904229282637593101e+01
1.588799999999999990e+00	1.929521067248231603e+01
1.592400000000000038e+00	1.868202263357862236e+01
1.596000000000000085e+00	2.014749987097415485e+01
1.599599999999999911e+00	1.966002795377366752e+01
1.603199999999999958e+00	1.924322650201515472e+01
1.606800000000000006e+00	2.167044301478324542e+01
1.610400000000000054e+00	1.983262120274142859e+01
1.614000000000000101e+00	1.934435452587258908e+01
1.617599999999999927e+00	2.025353611909577722e+01
1.621199999999999974e+00	1.968739109560000955e+01
1.624800000000000022e+00	1.991566405148799745e+01
1.628500000000000059e+00	1.997306586315358246e+01
1.632100000000000106e+00	2.016368641666503692e+01
1.635699999999999932e+00	2.003886839803841013e+01
1.639299999999999979e+00	1.990948808906502521e+01
1.642900000000000027e+00	1.927037368225861869e+01
1.646500000000000075e+00	1.864540943836555442e+01
1.650099999999999900e+00	2.050314231643604757e+01
1.653699999999999948e+00	1.993405706374838360e+01
1.657299999999999995e+00	2.057260502479995878e+01
1.660900000000000043e+00	2.322743186350670186e+01
1.664500000000000091e+00	2.253955757591414155e+01
1.668099999999999916e+00	2.504217202119986752e+01
1.671699999999999964e+00	2.420019550566086863e+01
1.675400000000000000e+00	2.308117736164122746e+01
1.679000000000000048e+00	2.101073057265918465e+01
1.682600000000000096e+00	1.942494303545202072e+01
1.686199999999999921e+00	1.782783432309270921e+01
1.689799999999999969e+00	1.850655855858875398e+01
1.693400000000000016e+00	1.858315841888441255e+01
1.697000000000000064e+00	1.914759542810494608e+01
1.700599999999999890e+00	1.964492642771712383e+01
1.704199999999999937e+00	2.064878865334038238e+01
1.707799999999999985e+00	2.321229514161564111e+01
1.711400000000000032e+00	2.443237654721439611e+01
1.715000000000000080e+00	2.462655353734450614e+01
1.718599999999999905e+00	2.392218748495302449e+01
1.722199999999999953e+00	2.145778463406011127e+01
1.725899999999999990e+00	2.075770574480202058e+01
1.729500000000000037e+00	1.956589765309715290e+01
1.733100000000000085e+00	1.828859710020185503e+01
1.736699999999999910e+00	1.814311265231761183e+01
1.740299999999999958e+00	1.913012168599103546e+01
1.743900000000000006e+00	2.065436865832792890e+01
1.747500000000000053e+00	2.276492685289148099e+01
1.751100000000000101e+00	2.162979532077866907e+01
1.754699999999999926e+00	2.186185679611650912e+01
1.758299999999999974e+00	2.181293642128413879e+01
1.761900000000000022e+00	2.167120185700711943e+01
1.765500000000000069e+00	2.213969910043912037e+01
1.769099999999999895e+00	2.207042328894097949e+01
1.772699999999999942e+00	2.177834469698446540e+01
1.776399999999999979e+00	2.236184508889871836e+01
1.780000000000000027e+00	2.206992876951041893e+01
1.783600000000000074e+00	2.287382583001001635e+01
1.787199999999999900e+00	2.367770907796543511e+01
1.790799999999999947e+00	2.293847070199451466e+01
1.794399999999999995e+00	2.232684557835028016e+01
1.798000000000000043e+00	2.247885290100946065e+01
1.801600000000000090e+00	2.135284829249086158e+01
1.805199999999999916e+00	1.983410628204937964e+01
1.808799999999999963e+00	2.094293111684747544e+01
1.812400000000000011e+00	2.110854154547602590e+01
1.816000000000000059e+00	2.239618449848659054e+01
1.819600000000000106e+00	2.076278138823507291e+01
1.823199999999999932e+00	2.029772773561170851e+01
1.826899999999999968e+00	2.134949298492485781e+01
1.830500000000000016e+00	2.035258975476838117e+01
1.834100000000000064e+00	1.864184986446412751e+01
1.837699999999999889e+00	1.817787727315949908e+01
1.841299999999999937e+00	1.828312053093966583e+01
1.844899999999999984e+00	1.829139632445170349e+01
1.848500000000000032e+00	1.766716574564265230e+01
1.852100000000000080e+00	1.781297754771230757e+01
1.855699999999999905e+00	1.746126612402509437e+01
1.859299999999999953e+00	1.855140066271362187e+01
1.862900000000000000e+00	1.935422582774252831e+01
1.866500000000000048e+00	2.016679127872200539e+01
1.870100000000000096e+00	2.072823413360951150e+01
1.873699999999999921e+00	1.972999703993041365e+01
1.877399999999999958e+00	2.006137029551290141e+01
1.881000000000000005e+00	1.923956376534655988e+01
1.884600000000000053e+00	1.813813353425299013e+01
1.888200000000000101e+00	1.732819351315457368e+01
1.891799999999999926e+00	1.565705876485478143e+01
1.895399999999999974e+00	1.735202007003821123e+01
1.899000000000000021e+00	1.824548490568809100e+01
1.902600000000000069e+00	1.856559112474403506e+01
1.906199999999999894e+00	1.901378331346974804e+01
1.909799999999999942e+00	2.049732826208154535e+01
1.913399999999999990e+00	1.958716182552716489e+01
1.917000000000000037e+00	1.871660030592864388e+01
1.920600000000000085e+00	1.806544021158020996e+01
1.924199999999999910e+00	1.702424002906286304e+01
1.927899999999999947e+00	1.745192624268076287e+01
1.931499999999999995e+00	1.848109218826149913e+01
1.935100000000000042e+00	1.800548099957262593e+01
1.938700000000000090e+00	1.987696257044496662e+01
1.942299999999999915e+00	2.170134115414785470e+01
1.945899999999999963e+00	2.180294817534705487e+01
1.949500000000000011e+00	2.180783618311482996e+01
1.953100000000000058e+00	2.061198512908997671e+01
1.956700000000000106e+00	2.129262984528777736e+01
1.960299999999999931e+00	2.324212779676983942e+01
1.963899999999999979e+00	2.403888532888170815e+01
1.967500000000000027e+00	2.270048105699109797e+01
1.971100000000000074e+00	2.407423972722177652e+01
1.974699999999999900e+00	2.445078623483322389e+01
1.978399999999999936e+00	2.458353557379074061e+01
1.981999999999999984e+00	2.466349329828204873e+01
1.985600000000000032e+00	2.474556711791286290e+01
1.989200000000000079e+00	2.343995812923973077e+01
1.992799999999999905e+00	2.209138346432490962e+01
1.996399999999999952e+00	2.271562977294288288e+01
2.000000000000000000e+00	2.195494010112525984e+01
