2.000000000000000111e-01	1.001569340877328074e+00
2.036000000000000032e-01	1.149104477309761396e+00
2.071999999999999953e-01	2.070947205389739310e+00
2.107999999999999874e-01	1.510261326889649869e+00
2.144000000000000072e-01	2.277511253837577687e+00
2.179999999999999993e-01	1.942269553637757884e+00
2.215999999999999914e-01	2.668501570268785095e+00
2.253000000000000003e-01	3.959114836189256526e+00
2.288999999999999924e-01	3.775824545110862740e+00
2.325000000000000122e-01	3.178777673061599529e+00
2.361000000000000043e-01	2.876872698013664298e+00
2.396999999999999964e-01	2.142915994245296218e+00
2.432999999999999885e-01	3.649819911751240653e+00
2.469000000000000083e-01	1.475701541585062282e+00
2.505000000000000004e-01	1.680891297487474123e+00
2.540999999999999925e-01	2.044051826849865527e+00
2.576999999999999846e-01	1.449381320875746448e+00
2.612999999999999767e-01	7.504202431030522202e-01
2.649000000000000243e-01	5.011499697908845530e-01
2.685000000000000164e-01	7.133575479263682961e-01
2.721000000000000085e-01	-1.860308742900926293e-01
2.757999999999999896e-01	2.673189028562814595e-01
2.793999999999999817e-01	7.106295259883717297e-02
2.829999999999999738e-01	1.684533901749079687e+00
2.866000000000000214e-01	4.937392422504122136e-01
2.902000000000000135e-01	1.241284501165073939e+00
2.938000000000000056e-01	2.874088772225585231e+00
2.973999999999999977e-01	1.578689748196151488e+00
3.009999999999999898e-01	2.076855393758675561e+00
3.045999999999999819e-01	2.932659391730013443e+00
3.081999999999999740e-01	3.858472412145038444e+00
3.118000000000000216e-01	3.363865363791481489e+00
3.154000000000000137e-01	4.123301348040869563e+00
3.190000000000000058e-01	4.045402480144142388e+00
3.225999999999999979e-01	5.039086075785004226e+00
3.262999999999999790e-01	3.440615630194448382e+00
3.299000000000000266e-01	4.232304391319472003e+00
3.335000000000000187e-01	3.108232698957758000e+00
3.371000000000000107e-01	2.998129024558995326e+00
3.407000000000000028e-01	2.049598595470859763e+00
3.442999999999999949e-01	2.313290126393948931e+00
3.478999999999999870e-01	9.708961703673679722e-01
3.514999999999999791e-01	7.007259577699775921e-01
3.551000000000000267e-01	6.361832368350569533e-01
3.587000000000000188e-01	3.026241287462816398e-01
3.623000000000000109e-01	1.404440849663265434e+00
3.659000000000000030e-01	2.090037550770258878e+00
3.694999999999999951e-01	6.712756203997279902e-01
3.730999999999999872e-01	6.828687803856235972e-01
3.768000000000000238e-01	2.871546220428640606e+00
3.804000000000000159e-01	3.344150699306639218e+00
3.840000000000000080e-01	3.848599991058954117e+00
3.876000000000000001e-01	3.848289414892231086e+00
3.911999999999999922e-01	4.472748600138915620e+00
3.947999999999999843e-01	5.400920207512243110e+00
3.983999999999999764e-01	3.233394293088014848e+00
4.020000000000000240e-01	5.317082084553231169e+00
4.056000000000000161e-01	4.694457855306837679e+00
4.092000000000000082e-01	4.815092026890236632e+00
4.128000000000000003e-01	3.879834319070377902e+00
4.163999999999999924e-01	4.172736219682964709e+00
4.199999999999999845e-01	3.423899494568228175e+00
4.235999999999999766e-01	4.525624185246678977e+00
4.273000000000000131e-01	3.115337381954192075e+00
4.309000000000000052e-01	2.373413321679332277e+00
4.344999999999999973e-01	3.058510304686673731e+00
4.380999999999999894e-01	1.593881364144781099e+00
4.416999999999999815e-01	8.548803441269311465e-01
4.452999999999999736e-01	1.531855696230117747e+00
4.489000000000000212e-01	4.079452911025163164e-01
4.525000000000000133e-01	2.348588022792277297e+00
4.561000000000000054e-01	1.114397987791888367e+00
4.596999999999999975e-01	1.910644883025293117e-01
4.632999999999999896e-01	1.413032277195743980e+00
4.668999999999999817e-01	6.116749733265526290e-01
4.704999999999999738e-01	1.604246077648253666e+00
4.741000000000000214e-01	2.549861583306177515e+00
4.778000000000000025e-01	3.460309650683625726e+00
4.813999999999999946e-01	2.116934835336697684e+00
4.849999999999999867e-01	2.767161708820541133e+00
4.885999999999999788e-01	3.146265337006962870e+00
4.922000000000000264e-01	3.439625569803022920e+00
4.958000000000000185e-01	2.488672127687185043e+00
4.994000000000000106e-01	2.247435777625128139e+00
5.030000000000000027e-01	2.555870334322941417e+00
5.066000000000000503e-01	1.863391244138409064e+00
5.101999999999999869e-01	1.648432454932893032e+00
5.138000000000000345e-01	1.450937320471414882e-01
5.173999999999999710e-01	1.599011321557846532e+00
5.210000000000000187e-01	-6.227220476723741571e-01
5.245999999999999552e-01	-4.029534618791337230e-01
5.282999999999999918e-01	-1.493971861211540242e+00
5.319000000000000394e-01	-6.596594254424287262e-01
5.354999999999999760e-01	-2.443687559391623410e+00
5.391000000000000236e-01	8.565500872105946684e-03
5.426999999999999602e-01	-7.101437789171547443e-01
5.463000000000000078e-01	-7.182480049020113499e-01
5.499000000000000554e-01	8.137496077014445550e-01
5.534999999999999920e-01	8.197651255682525395e-01
5.571000000000000396e-01	9.636155269329762518e-01
5.606999999999999762e-01	2.751699176541965830e+00
5.643000000000000238e-01	2.407702746451993114e+00
5.678999999999999604e-01	2.739680290882362979e+00
5.715000000000000080e-01	4.817464984836703934e+00
5.752000000000000446e-01	3.813787162950201370e+00
5.787999999999999812e-01	3.474346419650280460e+00
5.824000000000000288e-01	3.801152865695043737e+00
5.859999999999999654e-01	4.270782555069803976e+00
5.896000000000000130e-01	3.691715358485952336e+00
5.931999999999999496e-01	2.322221545582902724e+00
5.967999999999999972e-01	3.896022318799155837e+00
6.004000000000000448e-01	2.514303699478395160e+00
6.039999999999999813e-01	2.153311987974015462e+00
6.076000000000000290e-01	8.093961768256444644e-01
6.111999999999999655e-01	1.712389013589301179e+00
6.148000000000000131e-01	9.766382925485703748e-01
6.183999999999999497e-01	1.000168167881664960e+00
6.219999999999999973e-01	-4.642320207074259741e-01
6.257000000000000339e-01	1.254662133953101666e+00
6.292999999999999705e-01	7.226869517868430570e-01
6.329000000000000181e-01	1.387850378582535349e+00
6.364999999999999547e-01	2.344834488117128579e+00
6.401000000000000023e-01	1.630784373958538591e+00
6.437000000000000499e-01	2.840756535701491003e+00
6.472999999999999865e-01	3.571624290194564288e+00
6.509000000000000341e-01	3.317795895034685305e+00
6.544999999999999707e-01	3.702694418696594880e+00
6.581000000000000183e-01	4.597899493109220082e+00
6.616999999999999549e-01	4.348118414657524688e+00
6.653000000000000025e-01	4.630851081144343517e+00
6.689000000000000501e-01	2.792305420853093079e+00
6.724999999999999867e-01	4.599001735836578675e+00
6.762000000000000233e-01	4.622524475730690696e+00
6.797999999999999599e-01	3.551612173940478900e+00
6.834000000000000075e-01	3.905557729441694104e+00
6.870000000000000551e-01	3.783042223217755406e+00
6.905999999999999917e-01	3.431086023885387526e+00
6.942000000000000393e-01	3.876121721249187413e+00
6.977999999999999758e-01	2.251016945033651240e+00
7.014000000000000234e-01	1.925472794724668812e+00
7.049999999999999600e-01	1.671827605342608880e+00
7.086000000000000076e-01	1.998080029038007632e+00
7.122000000000000552e-01	1.948882008847556691e+00
7.157999999999999918e-01	2.475892164173850496e+00
7.194000000000000394e-01	2.944497171018975568e+00
7.229999999999999760e-01	2.164739615715944865e+00
7.267000000000000126e-01	3.612949771801973853e+00
7.302999999999999492e-01	4.116981598272161591e+00
7.338999999999999968e-01	3.584878217066468142e+00
7.375000000000000444e-01	4.222332208973768708e+00
7.410999999999999810e-01	4.459416394135038431e+00
7.447000000000000286e-01	5.174187519949105862e+00
7.482999999999999652e-01	5.740323864293815248e+00
7.519000000000000128e-01	5.285960813720783413e+00
7.554999999999999494e-01	4.982567794206008038e+00
7.590999999999999970e-01	6.167017774064640356e+00
7.627000000000000446e-01	6.624989648118226881e+00
7.662999999999999812e-01	5.874273139111364728e+00
7.699000000000000288e-01	5.221672411119564039e+00
7.734999999999999654e-01	5.730768093951240871e+00
7.772000000000000020e-01	4.394185243881357117e+00
7.808000000000000496e-01	6.197911032316306468e+00
7.843999999999999861e-01	4.449091376594503267e+00
7.880000000000000338e-01	4.638471231010599993e+00
7.915999999999999703e-01	4.461075920432797659e+00
7.952000000000000179e-01	4.306515442163117768e+00
7.987999999999999545e-01	4.080854524127484950e+00
8.024000000000000021e-01	4.050804061114593679e+00
8.060000000000000497e-01	4.279170524067187564e+00
8.095999999999999863e-01	3.900962581695142539e+00
8.132000000000000339e-01	4.285434704072169865e+00
8.167999999999999705e-01	3.819915830375759658e+00
8.204000000000000181e-01	4.804442530867069294e+00
8.239999999999999547e-01	5.490349209600744018e+00
8.276999999999999913e-01	6.262818845339817031e+00
8.313000000000000389e-01	6.330273020748213852e+00
8.348999999999999755e-01	5.819070528802268605e+00
8.385000000000000231e-01	6.167117961942985893e+00
8.420999999999999597e-01	6.139341499134135738e+00
8.457000000000000073e-01	6.703363399596029559e+00
8.493000000000000549e-01	7.483114203083774285e+00
8.528999999999999915e-01	5.881262270827061656e+00
8.565000000000000391e-01	6.881274053870777507e+00
8.600999999999999757e-01	7.840751736040511233e+00
8.637000000000000233e-01	6.580014006435356499e+00
8.672999999999999599e-01	6.226754182404665272e+00
8.709000000000000075e-01	4.317621827706838111e+00
8.745000000000000551e-01	6.191551014680669596e+00
8.781999999999999806e-01	5.469145270851941021e+00
8.818000000000000282e-01	5.572600050754960677e+00
8.853999999999999648e-01	5.626160760018045437e+00
8.890000000000000124e-01	6.096603459405036674e+00
8.925999999999999490e-01	4.223371897228252791e+00
8.961999999999999966e-01	5.641385123454593753e+00
8.998000000000000442e-01	5.030640993998297006e+00
9.033999999999999808e-01	5.135109348326574619e+00
9.070000000000000284e-01	4.562286935748761429e+00
9.105999999999999650e-01	5.525703623653842378e+00
9.142000000000000126e-01	7.816829093278782281e+00
9.177999999999999492e-01	6.786742514271210780e+00
9.213999999999999968e-01	6.838951803848687838e+00
9.251000000000000334e-01	6.702613250964508218e+00
9.286999999999999700e-01	6.965472108998174150e+00
9.323000000000000176e-01	7.186837339263663971e+00
9.358999999999999542e-01	6.175456611444786859e+00
9.395000000000000018e-01	7.240831501764255052e+00
9.431000000000000494e-01	7.925090872425973210e+00
9.466999999999999860e-01	8.110649779571861728e+00
9.503000000000000336e-01	7.865652506415434786e+00
9.538999999999999702e-01	6.250644792425402940e+00
9.575000000000000178e-01	7.833338504259441670e+00
9.610999999999999543e-01	7.921675984774203982e+00
9.647000000000000020e-01	7.086673313184610912e+00
9.683000000000000496e-01	8.769366302101285982e+00
9.718999999999999861e-01	7.486071874507132407e+00
9.756000000000000227e-01	8.067112631161716507e+00
9.791999999999999593e-01	7.728644987111459308e+00
9.828000000000000069e-01	8.495614810453535171e+00
9.864000000000000545e-01	8.953598666001346018e+00
9.899999999999999911e-01	9.347048284710545829e+00
9.936000000000000387e-01	8.717703695653433726e+00
9.971999999999999753e-01	9.792435850226597793e+00
1.000799999999999912e+00	9.166857695081350954e+00
1.004399999999999959e+00	8.460155919241749700e+00
1.008000000000000007e+00	1.057758580980024732e+01
1.011600000000000055e+00	9.303774912953288734e+00
1.015200000000000102e+00	9.250483073808970502e+00
1.018799999999999928e+00	9.664476553387451929e+00
1.022399999999999975e+00	9.518971625373344736e+00
1.026100000000000012e+00	8.439133345567647382e+00
1.029700000000000060e+00	9.560642213386525867e+00
1.033300000000000107e+00	9.712466109902866407e+00
1.036899999999999933e+00	9.034501517734611298e+00
1.040499999999999980e+00	8.483953888678579247e+00
1.044100000000000028e+00	9.162920719734305663e+00
1.047700000000000076e+00	8.161093142083235108e+00
1.051299999999999901e+00	7.560872121801079260e+00
1.054899999999999949e+00	7.847039946293312696e+00
1.058499999999999996e+00	7.850204716658975457e+00
1.062100000000000044e+00	6.849149736648860731e+00
1.065700000000000092e+00	7.398338958703376100e+00
1.069299999999999917e+00	6.587124179587798167e+00
1.072899999999999965e+00	7.633083004342684497e+00
1.076600000000000001e+00	7.625107329684379209e+00
1.080200000000000049e+00	8.070376490163489791e+00
1.083800000000000097e+00	8.399576602673032966e+00
1.087399999999999922e+00	9.615637434621071122e+00
1.090999999999999970e+00	9.710564719294133340e+00
1.094600000000000017e+00	9.917040630235018028e+00
1.098200000000000065e+00	1.033252049655186688e+01
1.101799999999999891e+00	1.150242705835231405e+01
1.105399999999999938e+00	1.064045214638213110e+01
1.108999999999999986e+00	1.074684363266300124e+01
1.112600000000000033e+00	1.160866250228084340e+01
1.116200000000000081e+00	9.978355988423086131e+00
1.119799999999999907e+00	9.622399124488755007e+00
1.123399999999999954e+00	9.621716181786334587e+00
1.127099999999999991e+00	9.223180368506417537e+00
1.130700000000000038e+00	9.287939444494144325e+00
1.134300000000000086e+00	8.009104863073504887e+00
1.137899999999999912e+00	8.155872167852390220e+00
1.141499999999999959e+00	7.745298222903940655e+00
1.145100000000000007e+00	8.196969770801128874e+00
1.148700000000000054e+00	8.625851984905869685e+00
1.152300000000000102e+00	9.591898318691594483e+00
1.155899999999999928e+00	1.041310785162057861e+01
1.159499999999999975e+00	9.890495821758639394e+00
1.163100000000000023e+00	9.397765990490348997e+00
1.166700000000000070e+00	9.879565017295124818e+00
1.170299999999999896e+00	1.050835779307650952e+01
1.173899999999999944e+00	1.081312530956986073e+01
1.177599999999999980e+00	1.055936085945671721e+01
1.181200000000000028e+00	1.105334170728844612e+01
1.184800000000000075e+00	1.083750532487609419e+01
1.188399999999999901e+00	1.104913913347122900e+01
1.191999999999999948e+00	1.051275968968648655e+01
1.195599999999999996e+00	9.993009318027800347e+00
1.199200000000000044e+00	1.149909503639961450e+01
1.202800000000000091e+00	1.098108088240966396e+01
1.206399999999999917e+00	1.015898798772297695e+01
1.209999999999999964e+00	1.006839593019773815e+01
1.213600000000000012e+00	9.953943203822511521e+00
1.217200000000000060e+00	9.664660612382606431e+00
1.220800000000000107e+00	9.946129983247846695e+00
1.224399999999999933e+00	9.034466592819635267e+00
1.228099999999999969e+00	1.067635793204417993e+01
1.231700000000000017e+00	8.791828983777536521e+00
1.235300000000000065e+00	9.522273127469015108e+00
1.238899999999999890e+00	9.401284752210617768e+00
1.242499999999999938e+00	9.770833145112177931e+00
1.246099999999999985e+00	9.629359296534969914e+00
1.249700000000000033e+00	9.947772973145584174e+00
1.253300000000000081e+00	1.070981077551500960e+01
1.256899999999999906e+00	1.087325228066730709e+01
1.260499999999999954e+00	1.194868340081974267e+01
1.264100000000000001e+00	1.095762056832415432e+01
1.267700000000000049e+00	1.141471371192934292e+01
1.271300000000000097e+00	1.061491030249210077e+01
1.274899999999999922e+00	1.193000350111989860e+01
1.278599999999999959e+00	1.247815342090942359e+01
1.282200000000000006e+00	1.206055826310700319e+01
1.285800000000000054e+00	1.162715582120186042e+01
1.289400000000000102e+00	1.113012661514758328e+01
1.292999999999999927e+00	1.046069957219975066e+01
1.296599999999999975e+00	1.111354669224079217e+01
1.300200000000000022e+00	9.522464953386888808e+00
1.303800000000000070e+00	1.043036059653463710e+01
1.307399999999999896e+00	9.447291894659921141e+00
1.310999999999999943e+00	1.056085371714230448e+01
1.314599999999999991e+00	1.068221494544276950e+01
1.318200000000000038e+00	1.013317375683655364e+01
1.321800000000000086e+00	9.525619923875334294e+00
1.325499999999999901e+00	1.029434641010205453e+01
1.329099999999999948e+00	9.482173022769918802e+00
1.332699999999999996e+00	9.426043185879292352e+00
1.336300000000000043e+00	1.110396860292205901e+01
1.339900000000000091e+00	1.060771432893136712e+01
1.343499999999999917e+00	9.350644167009788177e+00
1.347099999999999964e+00	1.081107943139437033e+01
1.350700000000000012e+00	1.137179131039160218e+01
1.354300000000000059e+00	1.177484691407466499e+01
1.357900000000000107e+00	1.156300396426086685e+01
1.361499999999999932e+00	1.180460760835143397e+01
1.365099999999999980e+00	1.149398696192738001e+01
1.368700000000000028e+00	1.110877193942422281e+01
1.372300000000000075e+00	1.057476083795381783e+01
1.375999999999999890e+00	1.171379598417729540e+01
1.379599999999999937e+00	1.067111758812293409e+01
1.383199999999999985e+00	1.031597398211437877e+01
1.386800000000000033e+00	1.041318386832040943e+01
1.390400000000000080e+00	9.676249609825202214e+00
1.393999999999999906e+00	9.540489029114239017e+00
1.397599999999999953e+00	9.816982136931473590e+00
1.401200000000000001e+00	1.022729574710627709e+01
1.404800000000000049e+00	1.061169769999816737e+01
1.408400000000000096e+00	1.162076851514651388e+01
1.411999999999999922e+00	1.162266076607186349e+01
1.415599999999999969e+00	1.243978239656473761e+01
1.419200000000000017e+00	1.340183807155496076e+01
1.422800000000000065e+00	1.355797057748199741e+01
1.426500000000000101e+00	1.436278844945527844e+01
1.430099999999999927e+00	1.320149611187296301e+01
1.433699999999999974e+00	1.416724507390620680e+01
1.437300000000000022e+00	1.375347009982199964e+01
1.440900000000000070e+00	1.304519693109489609e+01
1.444499999999999895e+00	1.260429419301690324e+01
1.448099999999999943e+00	1.284510534534500259e+01
1.451699999999999990e+00	1.239750221443113176e+01
1.455300000000000038e+00	1.150706008523116886e+01
1.458900000000000086e+00	1.160573287511988383e+01
1.462499999999999911e+00	1.126924014284456810e+01
1.466099999999999959e+00	1.222863254411144851e+01
1.469700000000000006e+00	1.293676459578177429e+01
1.473300000000000054e+00	1.278129482875843159e+01
1.477000000000000091e+00	1.362926038410090257e+01
1.480599999999999916e+00	1.379258957085200343e+01
1.484199999999999964e+00	1.338160457053653651e+01
1.487800000000000011e+00	1.364718924131866906e+01
1.491400000000000059e+00	1.477011713311427954e+01
1.495000000000000107e+00	1.506936205328027256e+01
1.498599999999999932e+00	1.556991106687716453e+01
1.502199999999999980e+00	1.438075150606108465e+01
1.505800000000000027e+00	1.465185293074892137e+01
1.509400000000000075e+00	1.438259893108640597e+01
1.512999999999999901e+00	1.406141426317594423e+01
1.516599999999999948e+00	1.566126335281522231e+01
1.520199999999999996e+00	1.533437265726079879e+01
1.523800000000000043e+00	1.466309404562637475e+01
1.527500000000000080e+00	1.548903374509219688e+01
1.531099999999999905e+00	1.659753373303844981e+01
1.534699999999999953e+00	1.622621142648449322e+01
1.538300000000000001e+00	1.630500951830656930e+01
1.541900000000000048e+00	1.714832809100886024e+01
1.545500000000000096e+00	1.696689449742666156e+01
1.549099999999999921e+00	1.701693908879689232e+01
1.552699999999999969e+00	1.766774028047690592e+01
1.556300000000000017e+00	1.597852398812683106e+01
1.559900000000000064e+00	1.513178722902735807e+01
1.563499999999999890e+00	1.566536414034278124e+01
1.567099999999999937e+00	1.553469781783110548e+01
1.570699999999999985e+00	1.541878917462889120e+01
1.574300000000000033e+00	1.638454233297726148e+01
1.578000000000000069e+00	1.770967807764022339e+01
1.581599999999999895e+00	1.795483445809059475e+01
1.585199999999999942e+00	1.863183332392108582e+01
1.588799999999999990e+00	1.966284793424895128e+01
1.592400000000000038e+00	2.028275543023122296e+01
1.596000000000000085e+00	2.070101947722459812e+01
1.599599999999999911e+00	1.802609778440911370e+01
1.603199999999999958e+00	1.966190354453307521e+01
1.606800000000000006e+00	1.905523539705909997e+01
1.610400000000000054e+00	1.932118617553910411e+01
1.614000000000000101e+00	2.085726086078698316e+01
1.617599999999999927e+00	2.102532179223795339e+01
1.621199999999999974e+00	2.119213160581350408e+01
1.624800000000000022e+00	2.099480474292371568e+01
1.628500000000000059e+00	2.307549445764581009e+01
1.632100000000000106e+00	2.268608212120364342e+01
1.635699999999999932e+00	2.155541210208895109e+01
1.639299999999999979e+00	2.280508980245666706e+01
1.642900000000000027e+00	2.251785357928221032e+01
1.646500000000000075e+00	2.234998105204505237e+01
1.650099999999999900e+00	2.205641867619075924e+01
1.653699999999999948e+00	2.321882051569040328e+01
1.657299999999999995e+00	2.462731054236011019e+01
1.660900000000000043e+00	2.245890028078290612e+01
1.664500000000000091e+00	2.261478195215384090e+01
1.668099999999999916e+00	2.291528804766825189e+01
1.671699999999999964e+00	2.270651505873548714e+01
1.675400000000000000e+00	2.337556341250267877e+01
1.679000000000000048e+00	2.519723337591076984e+01
1.682600000000000096e+00	2.587170692383729786e+01
1.686199999999999921e+00	2.492909941286971431e+01
1.689799999999999969e+00	2.535208583233448465e+01
1.693400000000000016e+00	2.660333562989674405e+01
1.697000000000000064e+00	2.521673712547499591e+01
1.700599999999999890e+00	2.495812297303492500e+01
1.704199999999999937e+00	2.419853875837632984e+01
1.707799999999999985e+00	2.504371688132283680e+01
1.711400000000000032e+00	2.635322069140355694e+01
1.715000000000000080e+00	2.507573488557844854e+01
1.718599999999999905e+00	2.607719049771959519e+01
1.722199999999999953e+00	2.669273004662822046e+01
1.725899999999999990e+00	2.607632455099624735e+01
1.729500000000000037e+00	2.723838382601457297e+01
1.733100000000000085e+00	2.734983148147401621e+01
1.736699999999999910e+00	2.623113291897463739e+01
1.740299999999999958e+00	2.537948347913289027e+01
1.743900000000000006e+00	2.650368792947119090e+01
1.747500000000000053e+00	2.646386712714854283e+01
1.751100000000000101e+00	2.775699550555280126e+01
1.754699999999999926e+00	2.881294404869943548e+01
1.758299999999999974e+00	2.932534561512223803e+01
1.761900000000000022e+00	2.921985008040002540e+01
1.765500000000000069e+00	2.969629920298993042e+01
1.769099999999999895e+00	2.835549377582521657e+01
1.772699999999999942e+00	2.887764201212828041e+01
1.776399999999999979e+00	2.872541811452078520e+01
1.780000000000000027e+00	3.014092076769871653e+01
1.783600000000000074e+00	3.073015533521716236e+01
1.787199999999999900e+00	3.198233613238808815e+01
1.790799999999999947e+00	3.255055456757056476e+01
1.794399999999999995e+00	3.264756087378005844e+01
1.798000000000000043e+00	3.312039335493045655e+01
1.801600000000000090e+00	3.300471041761930735e+01
1.805199999999999916e+00	3.372067141555166359e+01
1.808799999999999963e+00	3.529169989525184548e+01
1.812400000000000011e+00	3.588252682746788480e+01
1.816000000000000059e+00	3.864940836057350282e+01
1.819600000000000106e+00	3.789210812512047966e+01
1.823199999999999932e+00	3.789746482091550916e+01
1.826899999999999968e+00	3.768627543962503523e+01
1.830500000000000016e+00	3.749909531945438346e+01
1.834100000000000064e+00	3.454479479465868508e+01
1.837699999999999889e+00	3.458637272642289417e+01
1.841299999999999937e+00	3.238751973338475665e+01
1.844899999999999984e+00	3.082174073165920092e+01
1.848500000000000032e+00	2.951805321565798934e+01
1.852100000000000080e+00	3.181516229853786015e+01
1.855699999999999905e+00	3.394056009153511155e+01
1.859299999999999953e+00	3.461985546781765066e+01
1.862900000000000000e+00	3.707915097036275398e+01
1.866500000000000048e+00	3.921764828104541323e+01
1.870100000000000096e+00	3.747325638172762297e+01
1.873699999999999921e+00	3.562070646151784814e+01
1.877399999999999958e+00	3.381792965331060685e+01
1.881000000000000005e+00	3.125046533798228054e+01
1.884600000000000053e+00	3.087292385735188205e+01
1.888200000000000101e+00	3.116165325327288471e+01
1.891799999999999926e+00	3.237328897321587107e+01
1.895399999999999974e+00	3.059401806596003581e+01
1.899000000000000021e+00	3.281485346683015791e+01
1.902600000000000069e+00	3.061850994133467196e+01
1.906199999999999894e+00	3.130140818258827906e+01
1.909799999999999942e+00	3.286895317256004745e+01
1.913399999999999990e+00	3.214189553020563039e+01
1.917000000000000037e+00	3.216435270057089468e+01
1.920600000000000085e+00	3.124527536798558103e+01
1.924199999999999910e+00	3.191475853397035323e+01
1.927899999999999947e+00	3.127606231683636295e+01
1.931499999999999995e+00	2.962642819789830284e+01
1.935100000000000042e+00	2.932314816328119278e+01
1.938700000000000090e+00	2.781378384681070770e+01
1.942299999999999915e+00	2.869404787582596228e+01
1.945899999999999963e+00	2.664964015591611002e+01
1.949500000000000011e+00	2.712310238495888726e+01
1.953100000000000058e+00	2.874803557476199245e+01
1.956700000000000106e+00	2.889462997574796432e+01
1.960299999999999931e+00	3.033470759306365849e+01
1.963899999999999979e+00	3.094419015653460647e+01
1.967500000000000027e+00	3.316864943108177499e+01
1.971100000000000074e+00	3.298845596981814765e+01
1.974699999999999900e+00	3.249414264921875173e+01
1.978399999999999936e+00	3.207571825145555522e+01
1.981999999999999984e+00	3.174309860234888347e+01
1.985600000000000032e+00	3.052982078942807931e+01
1.989200000000000079e+00	2.935476430905113432e+01
1.992799999999999905e+00	2.872877298122241640e+01
1.996399999999999952e+00	3.028942128553321567e+01
2.000000000000000000e+00	2.985435254592415433e+01
