2.000000000000000111e-01	-1.808875464269730227e+00
2.036000000000000032e-01	-1.483296864435041051e+00
2.071999999999999953e-01	-1.594969694325175880e+00
2.107999999999999874e-01	-1.688739326029662147e+00
2.144000000000000072e-01	-1.791493778401029413e+00
2.179999999999999993e-01	-2.085416914382482112e+00
2.215999999999999914e-01	-2.343165425899794485e+00
2.253000000000000003e-01	-2.621555708030650411e+00
2.288999999999999924e-01	-2.920634678253277272e+00
2.325000000000000122e-01	-3.103677774720538185e+00
2.361000000000000043e-01	-3.138727741494417245e+00
2.396999999999999964e-01	-3.170256356074353743e+00
2.432999999999999885e-01	-3.298755918926735475e+00
2.469000000000000083e-01	-3.158592834297029306e+00
2.505000000000000004e-01	-3.111554637306842341e+00
2.540999999999999925e-01	-3.141774273893598313e+00
2.576999999999999846e-01	-2.707233584284522099e+00
2.612999999999999767e-01	-2.402775951789146269e+00
2.649000000000000243e-01	-2.197098021107828369e+00
2.685000000000000164e-01	-1.857825642600641203e+00
2.721000000000000085e-01	-1.520492113581336957e+00
2.757999999999999896e-01	-1.316348233901206477e+00
2.793999999999999817e-01	-1.167730581195543182e+00
2.829999999999999738e-01	-9.511085272967730875e-01
2.866000000000000214e-01	-9.105350369098286212e-01
2.902000000000000135e-01	-9.401590998172509872e-01
2.938000000000000056e-01	-1.008860158223398917e+00
2.973999999999999977e-01	-1.103192091308789591e+00
3.009999999999999898e-01	-1.417775295630083310e+00
3.045999999999999819e-01	-1.544406709852725879e+00
3.081999999999999740e-01	-1.962871760124156539e+00
3.118000000000000216e-01	-1.956459237705592713e+00
3.154000000000000137e-01	-2.460432252720167856e+00
3.190000000000000058e-01	-2.547304475442999649e+00
3.225999999999999979e-01	-2.706275278666260053e+00
3.262999999999999790e-01	-2.668080383197600547e+00
3.299000000000000266e-01	-2.452994526189900881e+00
3.335000000000000187e-01	-2.350418540340741380e+00
3.371000000000000107e-01	-2.281033747048111682e+00
3.407000000000000028e-01	-1.748057111443904965e+00
3.442999999999999949e-01	-1.534378046121802619e+00
3.478999999999999870e-01	-1.133069755812476931e+00
3.514999999999999791e-01	-7.621219304273962880e-01
3.551000000000000267e-01	-4.725441703522178516e-01
3.587000000000000188e-01	-1.343005819981309967e-01
3.623000000000000109e-01	-6.233030620974709668e-03
3.659000000000000030e-01	1.669264412292142952e-01
3.694999999999999951e-01	1.844980051861916381e-01
3.730999999999999872e-01	1.304317548382938063e-01
3.768000000000000238e-01	-3.933600439313172242e-02
3.804000000000000159e-01	-1.170972039665887365e-01
3.840000000000000080e-01	-2.713362566677345877e-01
3.876000000000000001e-01	-4.121918487350548777e-01
3.911999999999999922e-01	-5.361832244724402674e-01
3.947999999999999843e-01	-7.624434735929369600e-01
3.983999999999999764e-01	-8.594141653187576946e-01
4.020000000000000240e-01	-8.403757728421898943e-01
4.056000000000000161e-01	-9.031431881420340924e-01
4.092000000000000082e-01	-9.211905972416113419e-01
4.128000000000000003e-01	-7.355735323710553830e-01
4.163999999999999924e-01	-5.783723079374051279e-01
4.199999999999999845e-01	-3.014203265088307715e-01
4.235999999999999766e-01	-9.946851480406782020e-02
4.273000000000000131e-01	3.329064589869115132e-01
4.309000000000000052e-01	3.978641973781537056e-01
4.344999999999999973e-01	5.686641353171988378e-01
4.380999999999999894e-01	7.066360158489268795e-01
4.416999999999999815e-01	7.578152969594696975e-01
4.452999999999999736e-01	1.048075348900194159e+00
4.489000000000000212e-01	9.242825471606713750e-01
4.525000000000000133e-01	9.444091106603347274e-01
4.561000000000000054e-01	8.296421640510420747e-01
4.596999999999999975e-01	7.104191190006574619e-01
4.632999999999999896e-01	6.354614945454266639e-01
4.668999999999999817e-01	5.211912216822410793e-01
4.704999999999999738e-01	1.925120501644023707e-01
4.741000000000000214e-01	1.520412724558443951e-02
4.778000000000000025e-01	-1.077487906336761225e-01
4.813999999999999946e-01	-1.781320358440850737e-01
4.849999999999999867e-01	-1.962783787298608140e-01
4.885999999999999788e-01	-1.828967387345266649e-01
4.922000000000000264e-01	9.077012631064779180e-04
4.958000000000000185e-01	2.543646609850591656e-01
4.994000000000000106e-01	4.308784093685771865e-01
5.030000000000000027e-01	6.712530440689589151e-01
5.066000000000000503e-01	9.300747169984935336e-01
5.101999999999999869e-01	1.121422107673202273e+00
5.138000000000000345e-01	1.356477349971854984e+00
5.173999999999999710e-01	1.454092102462929414e+00
5.210000000000000187e-01	1.710017410553442252e+00
5.245999999999999552e-01	1.648934233099780267e+00
5.282999999999999918e-01	1.723188101508606795e+00
5.319000000000000394e-01	1.485319069701682482e+00
5.354999999999999760e-01	1.222540356535348760e+00
5.391000000000000236e-01	9.456561369336281553e-01
5.426999999999999602e-01	9.816872577693130930e-01
5.463000000000000078e-01	1.027437045552942241e+00
5.499000000000000554e-01	8.953107250631897607e-01
5.534999999999999920e-01	1.036925358548881793e+00
5.571000000000000396e-01	1.151007629576229707e+00
5.606999999999999762e-01	1.086181271101199108e+00
5.643000000000000238e-01	1.197943303429946038e+00
5.678999999999999604e-01	1.326464065036093265e+00
5.715000000000000080e-01	1.326600714138528536e+00
5.752000000000000446e-01	1.335111960050535451e+00
5.787999999999999812e-01	1.641866035247134814e+00
5.824000000000000288e-01	1.955218680771603212e+00
5.859999999999999654e-01	2.016645780546591826e+00
5.896000000000000130e-01	2.288367117461759026e+00
5.931999999999999496e-01	2.787720911088639841e+00
5.967999999999999972e-01	2.996103988056314282e+00
6.004000000000000448e-01	2.987054897127901398e+00
6.039999999999999813e-01	3.201326961321430797e+00
6.076000000000000290e-01	3.333196186758506485e+00
6.111999999999999655e-01	3.289383559725693740e+00
6.148000000000000131e-01	3.134370215697493744e+00
6.183999999999999497e-01	3.033523961858482831e+00
6.219999999999999973e-01	2.632683922591057879e+00
6.257000000000000339e-01	2.483182847142028304e+00
6.292999999999999705e-01	2.109009592513598985e+00
6.329000000000000181e-01	1.902692771479679301e+00
6.364999999999999547e-01	1.679180589392363920e+00
6.401000000000000023e-01	1.689153010061659410e+00
6.437000000000000499e-01	1.438621831637644011e+00
6.472999999999999865e-01	1.431185625430542618e+00
6.509000000000000341e-01	1.683247215739072766e+00
6.544999999999999707e-01	1.830014333765046519e+00
6.581000000000000183e-01	2.107326257505827360e+00
6.616999999999999549e-01	2.314233980848749095e+00
6.653000000000000025e-01	2.611048516241270878e+00
6.689000000000000501e-01	2.966271743154595519e+00
6.724999999999999867e-01	3.292496372979297981e+00
6.762000000000000233e-01	3.533480839254864669e+00
6.797999999999999599e-01	3.903405092815106947e+00
6.834000000000000075e-01	4.103956510321721929e+00
6.870000000000000551e-01	4.329036765246061513e+00
6.905999999999999917e-01	4.438424564994005728e+00
6.942000000000000393e-01	4.523004674027252037e+00
6.977999999999999758e-01	4.352228309183505672e+00
7.014000000000000234e-01	4.067618160345943146e+00
7.049999999999999600e-01	3.906023072318333789e+00
7.086000000000000076e-01	3.508119672812196388e+00
7.122000000000000552e-01	3.261918030891832743e+00
7.157999999999999918e-01	3.186680446703887615e+00
7.194000000000000394e-01	3.190389343443862380e+00
7.229999999999999760e-01	2.986803615479154406e+00
7.267000000000000126e-01	3.171029818580116899e+00
7.302999999999999492e-01	3.090858103767254672e+00
7.338999999999999968e-01	3.281361205315783458e+00
7.375000000000000444e-01	3.348618137377674664e+00
7.410999999999999810e-01	3.725310520615923160e+00
7.447000000000000286e-01	4.141339262486154915e+00
7.482999999999999652e-01	4.449049608939013467e+00
7.519000000000000128e-01	4.939142667449066160e+00
7.554999999999999494e-01	5.099272261607927348e+00
7.590999999999999970e-01	5.160949877084265225e+00
7.627000000000000446e-01	5.248627096588590391e+00
7.662999999999999812e-01	5.181230390889109749e+00
7.699000000000000288e-01	5.081522162096044681e+00
7.734999999999999654e-01	4.874833775776178157e+00
7.772000000000000020e-01	4.884229441357175183e+00
7.808000000000000496e-01	4.917207129030827240e+00
7.843999999999999861e-01	4.924744488578078006e+00
7.880000000000000338e-01	4.828479640520365379e+00
7.915999999999999703e-01	4.836949554842522758e+00
7.952000000000000179e-01	4.522786994319477394e+00
7.987999999999999545e-01	4.673524319420673478e+00
8.024000000000000021e-01	4.566932419646777319e+00
8.060000000000000497e-01	4.525575597400779415e+00
8.095999999999999863e-01	4.407995805526533140e+00
8.132000000000000339e-01	4.456822752728911041e+00
8.167999999999999705e-01	4.639081455942600130e+00
8.204000000000000181e-01	4.851968978829141577e+00
8.239999999999999547e-01	5.138566056660912373e+00
8.276999999999999913e-01	5.437814785814802043e+00
8.313000000000000389e-01	5.615932323161634265e+00
8.348999999999999755e-01	5.730971047950212061e+00
8.385000000000000231e-01	6.079195768581942438e+00
8.420999999999999597e-01	6.221764966508261274e+00
8.457000000000000073e-01	6.318562066094869145e+00
8.493000000000000549e-01	6.216342131256803683e+00
8.528999999999999915e-01	6.188628164233096918e+00
8.565000000000000391e-01	6.122681091610977511e+00
8.600999999999999757e-01	5.797060698667284129e+00
8.637000000000000233e-01	5.796005187768129119e+00
8.672999999999999599e-01	5.682957990562783834e+00
8.709000000000000075e-01	5.420634460499865526e+00
8.745000000000000551e-01	5.373483839626084446e+00
8.781999999999999806e-01	5.458715281560750476e+00
8.818000000000000282e-01	5.654337242424179344e+00
8.853999999999999648e-01	5.742021618800046134e+00
8.890000000000000124e-01	5.810046846503425400e+00
8.925999999999999490e-01	6.070872635376728610e+00
8.961999999999999966e-01	6.483244164378508145e+00
8.998000000000000442e-01	6.711620295328135199e+00
9.033999999999999808e-01	7.001013082892144190e+00
9.070000000000000284e-01	7.068979505877618585e+00
9.105999999999999650e-01	7.144252127796977270e+00
9.142000000000000126e-01	7.274297721274850304e+00
9.177999999999999492e-01	7.298396615786209907e+00
9.213999999999999968e-01	7.330369445841004250e+00
9.251000000000000334e-01	7.499557128438802067e+00
9.286999999999999700e-01	7.571032740849620524e+00
9.323000000000000176e-01	7.692428888589813774e+00
9.358999999999999542e-01	7.852650299890570729e+00
9.395000000000000018e-01	7.789609798354197423e+00
9.431000000000000494e-01	7.792241572647251147e+00
9.466999999999999860e-01	7.651024869111413551e+00
9.503000000000000336e-01	7.768246111512514318e+00
9.538999999999999702e-01	7.549209939081181986e+00
9.575000000000000178e-01	7.567174106043792037e+00
9.610999999999999543e-01	7.489456811943802528e+00
9.647000000000000020e-01	7.554696228153516380e+00
9.683000000000000496e-01	7.725149710642726930e+00
9.718999999999999861e-01	8.013400709737901195e+00
9.756000000000000227e-01	8.231608344828758916e+00
9.791999999999999593e-01	8.674144876635946133e+00
9.828000000000000069e-01	8.805566753669964442e+00
9.864000000000000545e-01	8.849456008937140794e+00
9.899999999999999911e-01	9.153511832191203013e+00
9.936000000000000387e-01	9.042244077403751135e+00
9.971999999999999753e-01	9.230512449645100759e+00
1.000799999999999912e+00	9.322335314397360406e+00
1.004399999999999959e+00	9.456309496186543484e+00
1.008000000000000007e+00	9.607395474692919990e+00
1.011600000000000055e+00	9.489303840859786732e+00
1.015200000000000102e+00	9.571746610434866298e+00
1.018799999999999928e+00	9.339542963170792689e+00
1.022399999999999975e+00	9.252218773857178391e+00
1.026100000000000012e+00	9.263044155849053496e+00
1.029700000000000060e+00	9.095636936270286910e+00
1.033300000000000107e+00	9.095776116942772660e+00
1.036899999999999933e+00	9.084543644086501502e+00
1.040499999999999980e+00	8.928623556760797442e+00
1.044100000000000028e+00	8.814516976233115031e+00
1.047700000000000076e+00	8.691730643744390861e+00
1.051299999999999901e+00	8.493158622293890403e+00
1.054899999999999949e+00	8.555673351764713885e+00
1.058499999999999996e+00	8.682599164531927372e+00
1.062100000000000044e+00	8.874491646485473950e+00
1.065700000000000092e+00	9.070161358506107163e+00
1.069299999999999917e+00	9.391207227534762225e+00
1.072899999999999965e+00	9.516654738567320138e+00
1.076600000000000001e+00	9.583660205647325014e+00
1.080200000000000049e+00	9.712044327615691586e+00
1.083800000000000097e+00	9.980068604858063352e+00
1.087399999999999922e+00	1.052936319707801083e+01
1.090999999999999970e+00	1.120378977265055553e+01
1.094600000000000017e+00	1.180902350871439133e+01
1.098200000000000065e+00	1.221402982932961478e+01
1.101799999999999891e+00	1.224659108978407751e+01
1.105399999999999938e+00	1.210364693162568450e+01
1.108999999999999986e+00	1.175886227124641259e+01
1.112600000000000033e+00	1.130490661913639983e+01
1.116200000000000081e+00	1.097431114398811047e+01
1.119799999999999907e+00	1.071542579409922524e+01
1.123399999999999954e+00	1.043729571973129922e+01
1.127099999999999991e+00	1.050696506865142155e+01
1.130700000000000038e+00	1.040618505739709221e+01
1.134300000000000086e+00	1.047360542209317913e+01
1.137899999999999912e+00	1.035383627713589760e+01
1.141499999999999959e+00	1.072481039067914743e+01
1.145100000000000007e+00	1.116588352210839119e+01
1.148700000000000054e+00	1.220252029155780171e+01
1.152300000000000102e+00	1.281412864862491041e+01
1.155899999999999928e+00	1.362653877559554338e+01
1.159499999999999975e+00	1.409232039582118468e+01
1.163100000000000023e+00	1.396711446473882390e+01
1.166700000000000070e+00	1.338904508403554416e+01
1.170299999999999896e+00	1.287339709592049175e+01
1.173899999999999944e+00	1.225361939915932474e+01
1.177599999999999980e+00	1.218402352715125403e+01
1.181200000000000028e+00	1.242026023718372230e+01
1.184800000000000075e+00	1.295281133798485840e+01
1.188399999999999901e+00	1.334977311159625657e+01
1.191999999999999948e+00	1.377781066812005761e+01
1.195599999999999996e+00	1.392767966238849731e+01
1.199200000000000044e+00	1.427441113736223777e+01
1.202800000000000091e+00	1.425125774785090194e+01
1.206399999999999917e+00	1.425722103840883292e+01
1.209999999999999964e+00	1.401800553706188346e+01
1.213600000000000012e+00	1.403787574470667288e+01
1.217200000000000060e+00	1.388168668139245199e+01
1.220800000000000107e+00	1.392793163480645369e+01
1.224399999999999933e+00	1.401970489959794897e+01
1.228099999999999969e+00	1.447580210337966911e+01
1.231700000000000017e+00	1.468342700422411973e+01
1.235300000000000065e+00	1.482450680025177903e+01
1.238899999999999890e+00	1.510987629507291530e+01
1.242499999999999938e+00	1.528656104810340466e+01
1.246099999999999985e+00	1.549726410582863068e+01
1.249700000000000033e+00	1.550638813590840748e+01
1.253300000000000081e+00	1.568677916158929087e+01
1.256899999999999906e+00	1.584079787542561313e+01
1.260499999999999954e+00	1.596864585485414167e+01
1.264100000000000001e+00	1.618966305895044044e+01
1.267700000000000049e+00	1.614111929151102487e+01
1.271300000000000097e+00	1.632094264563385266e+01
1.274899999999999922e+00	1.634966687923909134e+01
1.278599999999999959e+00	1.647499909551615360e+01
1.282200000000000006e+00	1.667416719689515858e+01
1.285800000000000054e+00	1.684475778931038548e+01
1.289400000000000102e+00	1.707854792668817723e+01
1.292999999999999927e+00	1.719204694993248239e+01
1.296599999999999975e+00	1.726909194334992748e+01
1.300200000000000022e+00	1.719758817891745295e+01
1.303800000000000070e+00	1.704708983650089493e+01
1.307399999999999896e+00	1.691343903597561393e+01
1.310999999999999943e+00	1.693687103333547128e+01
1.314599999999999991e+00	1.729648886926909057e+01
1.318200000000000038e+00	1.738578267020175616e+01
1.321800000000000086e+00	1.795386582588110258e+01
1.325499999999999901e+00	1.832907520379390576e+01
1.329099999999999948e+00	1.850671945352893388e+01
1.332699999999999996e+00	1.879524536762132314e+01
1.336300000000000043e+00	1.885038908710025396e+01
1.339900000000000091e+00	1.890954826136541200e+01
1.343499999999999917e+00	1.887322691566912169e+01
1.347099999999999964e+00	1.882175890853374511e+01
1.350700000000000012e+00	1.902974462442429626e+01
1.354300000000000059e+00	1.932300047795466824e+01
1.357900000000000107e+00	1.943339842426885156e+01
1.361499999999999932e+00	1.964208432707242480e+01
1.365099999999999980e+00	1.992198748723718893e+01
1.368700000000000028e+00	1.998690616287775512e+01
1.372300000000000075e+00	2.024591956176269747e+01
1.375999999999999890e+00	2.046990640743665679e+01
1.379599999999999937e+00	2.034896993400413479e+01
1.383199999999999985e+00	2.039909442329919287e+01
1.386800000000000033e+00	2.040739853581108321e+01
1.390400000000000080e+00	2.020713082789597337e+01
1.393999999999999906e+00	2.014910556728613145e+01
1.397599999999999953e+00	1.990163793050345120e+01
1.401200000000000001e+00	2.013750707736932810e+01
1.404800000000000049e+00	2.016775367428019905e+01
1.408400000000000096e+00	2.011335601869853917e+01
1.411999999999999922e+00	2.036228315880482143e+01
1.415599999999999969e+00	2.037982180937651933e+01
1.419200000000000017e+00	1.995436133178386129e+01
1.422800000000000065e+00	1.982987639763912213e+01
1.426500000000000101e+00	1.969352527819417276e+01
1.430099999999999927e+00	1.944134376859335234e+01
1.433699999999999974e+00	1.947586042716454813e+01
1.437300000000000022e+00	1.939316099876578292e+01
1.440900000000000070e+00	1.943393674715517605e+01
1.444499999999999895e+00	1.961607391139190426e+01
1.448099999999999943e+00	1.951945250596191528e+01
1.451699999999999990e+00	1.956747198571840229e+01
1.455300000000000038e+00	1.961497593052616750e+01
1.458900000000000086e+00	1.980477449803378320e+01
1.462499999999999911e+00	1.994550494640741078e+01
1.466099999999999959e+00	2.025902608893477108e+01
1.469700000000000006e+00	2.066137746739887504e+01
1.473300000000000054e+00	2.108049360550208817e+01
1.477000000000000091e+00	2.125364913983736059e+01
1.480599999999999916e+00	2.145543133419240434e+01
1.484199999999999964e+00	2.176635038816721845e+01
1.487800000000000011e+00	2.203512162094210325e+01
1.491400000000000059e+00	2.215081185894243632e+01
1.495000000000000107e+00	2.242051026742741371e+01
1.498599999999999932e+00	2.264812925544022448e+01
1.502199999999999980e+00	2.273764788078849364e+01
1.505800000000000027e+00	2.279358113189644541e+01
1.509400000000000075e+00	2.291630804193285798e+01
1.512999999999999901e+00	2.288675496611323723e+01
1.516599999999999948e+00	2.281447726515830610e+01
1.520199999999999996e+00	2.293219167107814371e+01
1.523800000000000043e+00	2.307790083249299329e+01
1.527500000000000080e+00	2.321224783753078924e+01
1.531099999999999905e+00	2.340926573035518032e+01
1.534699999999999953e+00	2.382751078942320078e+01
1.538300000000000001e+00	2.416470132144882399e+01
1.541900000000000048e+00	2.478960276585050337e+01
1.545500000000000096e+00	2.511627665895585082e+01
1.549099999999999921e+00	2.538631660449289740e+01
1.552699999999999969e+00	2.541242671960830535e+01
1.556300000000000017e+00	2.528795834487288730e+01
1.559900000000000064e+00	2.513370596876995222e+01
1.563499999999999890e+00	2.475712615092908919e+01
1.567099999999999937e+00	2.471489578856083824e+01
1.570699999999999985e+00	2.464836085836311597e+01
1.574300000000000033e+00	2.503567365691007396e+01
1.578000000000000069e+00	2.533091441881702366e+01
1.581599999999999895e+00	2.582687121270432939e+01
1.585199999999999942e+00	2.615231490585685847e+01
1.588799999999999990e+00	2.663528205193909670e+01
1.592400000000000038e+00	2.702783438401752392e+01
1.596000000000000085e+00	2.701350609885901477e+01
1.599599999999999911e+00	2.706174156370470030e+01
1.603199999999999958e+00	2.715128312182634929e+01
1.606800000000000006e+00	2.709069719564284640e+01
1.610400000000000054e+00	2.728834618808071966e+01
1.614000000000000101e+00	2.761638560711176993e+01
1.617599999999999927e+00	2.808444652149288601e+01
1.621199999999999974e+00	2.849937314166671598e+01
1.624800000000000022e+00	2.876072163993637076e+01
1.628500000000000059e+00	2.883714775090644267e+01
1.632100000000000106e+00	2.846681110137907211e+01
1.635699999999999932e+00	2.841339914864763472e+01
1.639299999999999979e+00	2.821088821484826781e+01
1.642900000000000027e+00	2.817191502322853580e+01
1.646500000000000075e+00	2.859223268176164012e+01
1.650099999999999900e+00	2.915079027210133944e+01
1.653699999999999948e+00	2.981488350008652688e+01
1.657299999999999995e+00	3.057642847085534399e+01
1.660900000000000043e+00	3.125828173669350463e+01
1.664500000000000091e+00	3.183330083960166590e+01
1.668099999999999916e+00	3.227238739095187015e+01
1.671699999999999964e+00	3.232639350438783765e+01
1.675400000000000000e+00	3.196284662073231431e+01
1.679000000000000048e+00	3.152742955610901276e+01
1.682600000000000096e+00	3.115086311556299137e+01
1.686199999999999921e+00	3.094935842597227449e+01
1.689799999999999969e+00	3.130124822672923912e+01
1.693400000000000016e+00	3.191691770354154301e+01
1.697000000000000064e+00	3.294185447967360858e+01
1.700599999999999890e+00	3.465172719369531507e+01
1.704199999999999937e+00	3.644858478251579470e+01
1.707799999999999985e+00	3.830179762541499855e+01
1.711400000000000032e+00	3.984336677830386009e+01
1.715000000000000080e+00	4.039870882586637180e+01
1.718599999999999905e+00	4.013017714262780089e+01
1.722199999999999953e+00	3.903610908986706818e+01
1.725899999999999990e+00	3.777849473560468141e+01
1.729500000000000037e+00	3.691234261970361530e+01
1.733100000000000085e+00	3.644581200541282584e+01
1.736699999999999910e+00	3.686908577868074843e+01
1.740299999999999958e+00	3.697594830472655048e+01
1.743900000000000006e+00	3.721688812423772674e+01
1.747500000000000053e+00	3.679213189241660587e+01
1.751100000000000101e+00	3.593813832927231999e+01
1.754699999999999926e+00	3.491269957869454288e+01
1.758299999999999974e+00	3.419550337385921068e+01
1.761900000000000022e+00	3.398438523983552528e+01
1.765500000000000069e+00	3.443891147668660579e+01
1.769099999999999895e+00	3.512781920057104657e+01
1.772699999999999942e+00	3.603682247462730004e+01
1.776399999999999979e+00	3.651783777311059254e+01
1.780000000000000027e+00	3.650833961963030561e+01
1.783600000000000074e+00	3.599321003739871827e+01
1.787199999999999900e+00	3.551177364716200202e+01
1.790799999999999947e+00	3.486876412242594370e+01
1.794399999999999995e+00	3.425798217398014600e+01
1.798000000000000043e+00	3.383221854258366079e+01
1.801600000000000090e+00	3.368544237726224111e+01
1.805199999999999916e+00	3.380594093359161434e+01
1.808799999999999963e+00	3.443185304230589594e+01
1.812400000000000011e+00	3.507297923274658302e+01
1.816000000000000059e+00	3.601792650636560467e+01
1.819600000000000106e+00	3.654238537319886859e+01
1.823199999999999932e+00	3.687263038019207073e+01
1.826899999999999968e+00	3.691119118635581486e+01
1.830500000000000016e+00	3.644851131030623748e+01
1.834100000000000064e+00	3.556563216293899643e+01
1.837699999999999889e+00	3.469361328089999574e+01
1.841299999999999937e+00	3.345427170781096038e+01
1.844899999999999984e+00	3.239078667586579741e+01
1.848500000000000032e+00	3.158945779220991312e+01
1.852100000000000080e+00	3.137893614032251222e+01
1.855699999999999905e+00	3.182112014184921378e+01
1.859299999999999953e+00	3.257980029626774865e+01
1.862900000000000000e+00	3.326511103014603776e+01
1.866500000000000048e+00	3.412854219207967077e+01
1.870100000000000096e+00	3.507488472969677673e+01
1.873699999999999921e+00	3.559519674366830344e+01
1.877399999999999958e+00	3.622862610066375311e+01
1.881000000000000005e+00	3.674336570734917018e+01
1.884600000000000053e+00	3.719978831614629655e+01
1.888200000000000101e+00	3.782015551861714187e+01
1.891799999999999926e+00	3.850507861189236536e+01
1.895399999999999974e+00	3.906774945119387610e+01
1.899000000000000021e+00	4.010028545647529086e+01
1.902600000000000069e+00	4.110272273773389884e+01
1.906199999999999894e+00	4.137829661835113626e+01
1.909799999999999942e+00	4.062728431956435315e+01
1.913399999999999990e+00	3.887409389231268619e+01
1.917000000000000037e+00	3.648769077415082762e+01
1.920600000000000085e+00	3.470653908513257591e+01
1.924199999999999910e+00	3.426853412507668395e+01
1.927899999999999947e+00	3.587776903443984367e+01
1.931499999999999995e+00	3.910519960390721650e+01
1.935100000000000042e+00	4.238526003282547094e+01
1.938700000000000090e+00	4.508116278087426565e+01
1.942299999999999915e+00	4.539653351350181509e+01
1.945899999999999963e+00	4.373251875497185637e+01
1.949500000000000011e+00	4.119060335062951594e+01
1.953100000000000058e+00	3.928710583683019308e+01
1.956700000000000106e+00	3.869605345861844370e+01
1.960299999999999931e+00	4.015426097270147920e+01
1.963899999999999979e+00	4.245923502027130070e+01
1.967500000000000027e+00	4.517687736065852278e+01
1.971100000000000074e+00	4.761884039243416566e+01
1.974699999999999900e+00	4.924877887619684458e+01
1.978399999999999936e+00	4.996270052032409126e+01
1.981999999999999984e+00	5.021632654383295602e+01
1.985600000000000032e+00	5.020555026492562689e+01
1.989200000000000079e+00	4.957630268930989814e+01
1.992799999999999905e+00	4.873242043078465713e+01
1.996399999999999952e+00	4.763620770708065777e+01
2.000000000000000000e+00	4.656724657518088151e+01
