2.000000000000000111e-01	3.320181824362228862e-01
2.036000000000000032e-01	5.877081305712013037e-01
2.071999999999999953e-01	6.237847447168115567e-01
2.107999999999999874e-01	2.463858348308583857e+00
2.144000000000000072e-01	1.456355598702276488e+00
2.179999999999999993e-01	2.867595733359308063e+00
2.215999999999999914e-01	2.788715907090148605e+00
2.253000000000000003e-01	2.232133639889968268e+00
2.288999999999999924e-01	1.527157292160528979e+00
2.325000000000000122e-01	3.328081164388669411e+00
2.361000000000000043e-01	3.351000243721215632e+00
2.396999999999999964e-01	3.078921000548493936e+00
2.432999999999999885e-01	1.312374122794747411e+00
2.469000000000000083e-01	2.937424097300780801e+00
2.505000000000000004e-01	9.393501830724074741e-01
2.540999999999999925e-01	1.221763635992136443e+00
2.576999999999999846e-01	9.499813935284050492e-01
2.612999999999999767e-01	1.016903001828650011e+00
2.649000000000000243e-01	-4.011042963119544336e-01
2.685000000000000164e-01	3.810417425529692981e-01
2.721000000000000085e-01	6.127687793870864041e-01
2.757999999999999896e-01	1.087237479553599950e+00
2.793999999999999817e-01	-1.117407843413219248e-01
2.829999999999999738e-01	1.268591756359615186e+00
2.866000000000000214e-01	1.900877102910479177e+00
2.902000000000000135e-01	1.205931539034793998e+00
2.938000000000000056e-01	2.802363231683108857e+00
2.973999999999999977e-01	1.718883737431303071e+00
3.009999999999999898e-01	3.958000709808921158e+00
3.045999999999999819e-01	3.484100928471063785e+00
3.081999999999999740e-01	2.768194963356034766e+00
3.118000000000000216e-01	4.446622484951639365e+00
3.154000000000000137e-01	3.698207837166378464e+00
3.190000000000000058e-01	4.596491263000980432e+00
3.225999999999999979e-01	3.678249924784450009e+00
3.262999999999999790e-01	3.743588561186927954e+00
3.299000000000000266e-01	2.788485397621660589e+00
3.335000000000000187e-01	4.245358951967769912e+00
3.371000000000000107e-01	3.209491250980978982e+00
3.407000000000000028e-01	2.265150073291403388e+00
3.442999999999999949e-01	1.772741492723229673e+00
3.478999999999999870e-01	1.623140732132164032e+00
3.514999999999999791e-01	8.706976988777597182e-01
3.551000000000000267e-01	8.286081634966147025e-01
3.587000000000000188e-01	1.078848933442867697e+00
3.623000000000000109e-01	-2.382028946097044519e-01
3.659000000000000030e-01	1.999886836125252421e+00
3.694999999999999951e-01	9.605209418789576459e-01
3.730999999999999872e-01	1.975479347976930589e+00
3.768000000000000238e-01	1.682294472735578417e+00
3.804000000000000159e-01	3.383966408622816502e+00
3.840000000000000080e-01	3.402623537727176739e+00
3.876000000000000001e-01	4.174356311000461339e+00
3.911999999999999922e-01	4.450033955240057182e+00
3.947999999999999843e-01	3.639172546808985498e+00
3.983999999999999764e-01	5.335585086114337017e+00
4.020000000000000240e-01	5.429001124712957704e+00
4.056000000000000161e-01	4.363117437891988359e+00
4.092000000000000082e-01	5.367559554051872794e+00
4.128000000000000003e-01	3.796850171907543370e+00
4.163999999999999924e-01	4.574276811879015803e+00
4.199999999999999845e-01	4.950196960007254177e+00
4.235999999999999766e-01	3.233315172459240827e+00
4.273000000000000131e-01	2.682857733828155844e+00
4.309000000000000052e-01	2.473473838603701402e+00
4.344999999999999973e-01	1.297705868502647020e+00
4.380999999999999894e-01	1.008136056110742418e+00
4.416999999999999815e-01	-1.085982995431755693e-02
4.452999999999999736e-01	1.392739193654344287e-01
4.489000000000000212e-01	9.147113435121920766e-01
4.525000000000000133e-01	1.958879753305509119e-01
4.561000000000000054e-01	9.752314938683233070e-01
4.596999999999999975e-01	8.284520892600657493e-01
4.632999999999999896e-01	-9.785640956787022837e-02
4.668999999999999817e-01	3.386599261802035521e+00
4.704999999999999738e-01	2.461434937497686271e+00
4.741000000000000214e-01	1.521601075016437932e+00
4.778000000000000025e-01	2.129659820900946965e+00
4.813999999999999946e-01	1.474933149627386531e+00
4.849999999999999867e-01	2.802998389335924934e+00
4.885999999999999788e-01	2.713405851816564684e+00
4.922000000000000264e-01	2.614531164841343625e+00
4.958000000000000185e-01	2.223554639078711315e+00
4.994000000000000106e-01	2.358858817549106313e+00
5.030000000000000027e-01	3.292433617016278902e+00
5.066000000000000503e-01	2.214027829192319885e+00
5.101999999999999869e-01	2.032006256587980175e+00
5.138000000000000345e-01	1.611306748565518809e+00
5.173999999999999710e-01	-4.977473776778503778e-01
5.210000000000000187e-01	8.364706143147739859e-01
5.245999999999999552e-01	2.309530478172170387e-01
5.282999999999999918e-01	-1.057244939741574408e+00
5.319000000000000394e-01	-2.056956903065722653e+00
5.354999999999999760e-01	-5.302841117112517821e-01
5.391000000000000236e-01	-1.125678063696639253e+00
5.426999999999999602e-01	2.650871370743084210e-01
5.463000000000000078e-01	1.240523937375044294e-01
5.499000000000000554e-01	8.518926204345244058e-01
5.534999999999999920e-01	7.094958541943722219e-01
5.571000000000000396e-01	6.444918123829423973e-01
5.606999999999999762e-01	1.744155103987890865e+00
5.643000000000000238e-01	2.471378652870321435e+00
5.678999999999999604e-01	2.241877578265857096e+00
5.715000000000000080e-01	2.833310389502289528e+00
5.752000000000000446e-01	3.208998367653999928e+00
5.787999999999999812e-01	3.706417364650551161e+00
5.824000000000000288e-01	3.374192317645988481e+00
5.859999999999999654e-01	3.848062645923647107e+00
5.896000000000000130e-01	4.834710902118801279e+00
5.931999999999999496e-01	3.226416498443392733e+00
5.967999999999999972e-01	3.765038831527532714e+00
6.004000000000000448e-01	1.479755232357273798e+00
6.039999999999999813e-01	2.315814145800965562e+00
6.076000000000000290e-01	2.265991740632445683e+00
6.111999999999999655e-01	1.603324946040963095e+00
6.148000000000000131e-01	7.655955231703788222e-01
6.183999999999999497e-01	5.554499076938715918e-01
6.219999999999999973e-01	5.891161156673946353e-02
6.257000000000000339e-01	-9.662282834659552400e-02
6.292999999999999705e-01	2.290610005500853530e-01
6.329000000000000181e-01	8.052909397000048708e-01
6.364999999999999547e-01	7.601204979639549775e-01
6.401000000000000023e-01	2.619270952781445949e+00
6.437000000000000499e-01	3.150035449636716223e+00
6.472999999999999865e-01	2.879825243671235935e+00
6.509000000000000341e-01	3.249558130822197910e+00
6.544999999999999707e-01	3.784856533514255439e+00
6.581000000000000183e-01	4.209495078485478103e+00
6.616999999999999549e-01	4.786330349419615438e+00
6.653000000000000025e-01	3.935032357579015816e+00
6.689000000000000501e-01	4.341028914000860439e+00
6.724999999999999867e-01	5.614556818762246770e+00
6.762000000000000233e-01	3.959032308951752732e+00
6.797999999999999599e-01	3.562081657330537610e+00
6.834000000000000075e-01	2.711086780350221215e+00
6.870000000000000551e-01	3.863239178666205920e+00
6.905999999999999917e-01	2.310359441779424206e+00
6.942000000000000393e-01	4.436215777522679815e+00
6.977999999999999758e-01	3.157549152811049975e+00
7.014000000000000234e-01	2.901621160068450944e+00
7.049999999999999600e-01	2.815972773559356934e+00
7.086000000000000076e-01	2.138806689296564922e+00
7.122000000000000552e-01	1.461587871515517056e+00
7.157999999999999918e-01	2.501082339725854808e+00
7.194000000000000394e-01	2.100089474228103104e+00
7.229999999999999760e-01	3.026910340275498434e+00
7.267000000000000126e-01	3.997809991459853940e+00
7.302999999999999492e-01	4.106581366483329276e+00
7.338999999999999968e-01	2.416420287762599539e+00
7.375000000000000444e-01	3.214959879084342109e+00
7.410999999999999810e-01	5.208270793547421285e+00
7.447000000000000286e-01	4.618893813774933577e+00
7.482999999999999652e-01	4.172293305939955843e+00
7.519000000000000128e-01	5.029528165239112170e+00
7.554999999999999494e-01	5.504325593844446196e+00
7.590999999999999970e-01	6.006369111762063007e+00
7.627000000000000446e-01	6.039480696553971129e+00
7.662999999999999812e-01	5.585134438166071469e+00
7.699000000000000288e-01	5.344737770523957821e+00
7.734999999999999654e-01	4.511500613590404996e+00
7.772000000000000020e-01	4.847756215092501542e+00
7.808000000000000496e-01	5.094354023862498693e+00
7.843999999999999861e-01	5.061121951300179944e+00
7.880000000000000338e-01	4.309709205096520890e+00
7.915999999999999703e-01	4.734444001841800365e+00
7.952000000000000179e-01	2.418990293756343668e+00
7.987999999999999545e-01	3.779684959337511696e+00
8.024000000000000021e-01	3.572752315934674794e+00
8.060000000000000497e-01	4.624054897564152000e+00
8.095999999999999863e-01	4.035660803651111905e+00
8.132000000000000339e-01	4.437113021097276899e+00
8.167999999999999705e-01	4.099757250253350804e+00
8.204000000000000181e-01	4.198468672556654013e+00
8.239999999999999547e-01	5.635781380074863733e+00
8.276999999999999913e-01	4.964718872621856960e+00
8.313000000000000389e-01	5.111107811038474225e+00
8.348999999999999755e-01	5.233069667792917379e+00
8.385000000000000231e-01	6.300162587648374668e+00
8.420999999999999597e-01	6.103638037323214860e+00
8.457000000000000073e-01	7.141441702803132507e+00
8.493000000000000549e-01	6.650521778731028455e+00
8.528999999999999915e-01	6.750914652843742481e+00
8.565000000000000391e-01	6.155053309114031812e+00
8.600999999999999757e-01	6.076909646577985491e+00
8.637000000000000233e-01	5.335863661306647465e+00
8.672999999999999599e-01	5.988493168050249338e+00
8.709000000000000075e-01	6.155389675451131914e+00
8.745000000000000551e-01	5.067837566248707404e+00
8.781999999999999806e-01	5.075181158370564383e+00
8.818000000000000282e-01	5.666102716412682483e+00
8.853999999999999648e-01	6.283095846163234910e+00
8.890000000000000124e-01	5.022663126373966946e+00
8.925999999999999490e-01	5.580793346837708668e+00
8.961999999999999966e-01	4.688447461617902157e+00
8.998000000000000442e-01	3.553002638480645903e+00
9.033999999999999808e-01	5.119946379791015190e+00
9.070000000000000284e-01	5.624705859082737902e+00
9.105999999999999650e-01	6.653287406784929914e+00
9.142000000000000126e-01	5.665134154741021888e+00
9.177999999999999492e-01	5.582599365057780538e+00
9.213999999999999968e-01	6.772378599320775017e+00
9.251000000000000334e-01	7.389752731787201157e+00
9.286999999999999700e-01	7.354097025798377985e+00
9.323000000000000176e-01	8.134218879217193887e+00
9.358999999999999542e-01	8.257069204866397172e+00
9.395000000000000018e-01	8.222494713125101384e+00
9.431000000000000494e-01	6.539311386752201471e+00
9.466999999999999860e-01	7.083002060988270898e+00
9.503000000000000336e-01	7.070690071858896530e+00
9.538999999999999702e-01	8.033229289943552232e+00
9.575000000000000178e-01	9.009005960543854385e+00
9.610999999999999543e-01	7.109131502428129856e+00
9.647000000000000020e-01	7.149116980445239022e+00
9.683000000000000496e-01	7.655209371197465806e+00
9.718999999999999861e-01	6.951765628397303942e+00
9.756000000000000227e-01	8.481758446439251031e+00
9.791999999999999593e-01	7.924434016809215997e+00
9.828000000000000069e-01	7.689602621437403585e+00
9.864000000000000545e-01	7.787167167469453588e+00
9.899999999999999911e-01	7.083361987381966429e+00
9.936000000000000387e-01	8.400698041516680092e+00
9.971999999999999753e-01	8.647666363140430690e+00
1.000799999999999912e+00	9.830350366682520047e+00
1.004399999999999959e+00	8.210432730038808913e+00
1.008000000000000007e+00	8.384260980933422758e+00
1.011600000000000055e+00	9.654552855294724623e+00
1.015200000000000102e+00	9.738461662232070992e+00
1.018799999999999928e+00	8.275576414867011010e+00
1.022399999999999975e+00	9.199743692612431190e+00
1.026100000000000012e+00	7.491725469715940555e+00
1.029700000000000060e+00	8.539799483276656389e+00
1.033300000000000107e+00	7.547324858956360849e+00
1.036899999999999933e+00	9.040133251862371822e+00
1.040499999999999980e+00	9.295728162215761259e+00
1.044100000000000028e+00	8.125454251518920756e+00
1.047700000000000076e+00	7.381669759888940696e+00
1.051299999999999901e+00	7.071247189702778435e+00
1.054899999999999949e+00	7.024842844865601066e+00
1.058499999999999996e+00	6.288672316136266538e+00
1.062100000000000044e+00	7.549411845993693859e+00
1.065700000000000092e+00	6.417192669400778371e+00
1.069299999999999917e+00	7.441602082087270809e+00
1.072899999999999965e+00	6.918097490601938127e+00
1.076600000000000001e+00	6.732652970651193947e+00
1.080200000000000049e+00	7.286233961777472956e+00
1.083800000000000097e+00	7.562503608732428440e+00
1.087399999999999922e+00	8.082099956495133242e+00
1.090999999999999970e+00	8.006650073766811815e+00
1.094600000000000017e+00	9.010151448766766435e+00
1.098200000000000065e+00	9.680727962146528753e+00
1.101799999999999891e+00	9.710020218701895800e+00
1.105399999999999938e+00	1.150545797957063598e+01
1.108999999999999986e+00	1.073564736997924385e+01
1.112600000000000033e+00	9.778772423431457028e+00
1.116200000000000081e+00	9.389158703286929253e+00
1.119799999999999907e+00	9.989337262243401128e+00
1.123399999999999954e+00	9.372211959191753650e+00
1.127099999999999991e+00	8.793483443469098049e+00
1.130700000000000038e+00	8.761925747272620413e+00
1.134300000000000086e+00	7.951231131399389085e+00
1.137899999999999912e+00	7.022316256902968234e+00
1.141499999999999959e+00	8.519921687369304664e+00
1.145100000000000007e+00	6.750095063749239621e+00
1.148700000000000054e+00	7.787392256306433502e+00
1.152300000000000102e+00	8.290922545536091093e+00
1.155899999999999928e+00	8.238174487776941390e+00
1.159499999999999975e+00	9.275214058147213336e+00
1.163100000000000023e+00	1.006779515966606553e+01
1.166700000000000070e+00	9.943736680902704350e+00
1.170299999999999896e+00	9.505304681857742466e+00
1.173899999999999944e+00	9.819259846769814004e+00
1.177599999999999980e+00	9.436545717603037176e+00
1.181200000000000028e+00	8.950286686664510327e+00
1.184800000000000075e+00	1.037055793205457555e+01
1.188399999999999901e+00	9.413649773278670807e+00
1.191999999999999948e+00	9.674172042515436942e+00
1.195599999999999996e+00	8.976481167879171608e+00
1.199200000000000044e+00	9.382839186246572538e+00
1.202800000000000091e+00	9.041748764509717873e+00
1.206399999999999917e+00	8.920573551037771054e+00
1.209999999999999964e+00	9.674512365139932513e+00
1.213600000000000012e+00	9.079325576250040442e+00
1.217200000000000060e+00	1.083034840480975625e+01
1.220800000000000107e+00	1.031812886471546875e+01
1.224399999999999933e+00	9.026507788879884586e+00
1.228099999999999969e+00	9.628942302168667311e+00
1.231700000000000017e+00	9.027402775951166802e+00
1.235300000000000065e+00	8.251613471439149805e+00
1.238899999999999890e+00	7.819729957507512097e+00
1.242499999999999938e+00	9.160098557696542798e+00
1.246099999999999985e+00	8.508225006469047003e+00
1.249700000000000033e+00	9.640075752874977866e+00
1.253300000000000081e+00	8.959811094066093773e+00
1.256899999999999906e+00	9.455375870058533749e+00
1.260499999999999954e+00	1.192167654702875623e+01
1.264100000000000001e+00	1.062402316218375908e+01
1.267700000000000049e+00	1.096654601520555694e+01
1.271300000000000097e+00	9.777392653427941838e+00
1.274899999999999922e+00	1.141850299146049252e+01
1.278599999999999959e+00	1.160853973558079844e+01
1.282200000000000006e+00	1.088959807951218117e+01
1.285800000000000054e+00	1.047392490240000740e+01
1.289400000000000102e+00	1.157096745564246021e+01
1.292999999999999927e+00	1.057224626034730441e+01
1.296599999999999975e+00	1.071539773476854762e+01
1.300200000000000022e+00	1.012285100032500296e+01
1.303800000000000070e+00	9.054606860444295080e+00
1.307399999999999896e+00	9.089564145400732542e+00
1.310999999999999943e+00	9.333403717089046481e+00
1.314599999999999991e+00	9.365505124428986861e+00
1.318200000000000038e+00	9.623815704647135760e+00
1.321800000000000086e+00	9.277476172307812519e+00
1.325499999999999901e+00	9.029393869604547262e+00
1.329099999999999948e+00	1.002363567769856090e+01
1.332699999999999996e+00	9.107811622697653320e+00
1.336300000000000043e+00	1.104727589756820549e+01
1.339900000000000091e+00	9.684863326197648448e+00
1.343499999999999917e+00	1.205237590024166394e+01
1.347099999999999964e+00	1.071224174849135302e+01
1.350700000000000012e+00	1.070285763346986307e+01
1.354300000000000059e+00	1.109439260067973976e+01
1.357900000000000107e+00	1.057304603567615509e+01
1.361499999999999932e+00	1.164755922882449468e+01
1.365099999999999980e+00	1.003341627043928597e+01
1.368700000000000028e+00	1.075810652659147593e+01
1.372300000000000075e+00	1.123883526518364739e+01
1.375999999999999890e+00	9.861246784053758319e+00
1.379599999999999937e+00	9.895664205820267512e+00
1.383199999999999985e+00	9.410330656012902750e+00
1.386800000000000033e+00	9.453094718196105362e+00
1.390400000000000080e+00	1.018583672999245771e+01
1.393999999999999906e+00	9.425007162771803948e+00
1.397599999999999953e+00	9.648698571236266730e+00
1.401200000000000001e+00	1.071065403068002730e+01
1.404800000000000049e+00	1.073813423201575290e+01
1.408400000000000096e+00	1.193698565132012313e+01
1.411999999999999922e+00	1.070409797583894296e+01
1.415599999999999969e+00	1.237945674684742592e+01
1.419200000000000017e+00	1.193974598212389182e+01
1.422800000000000065e+00	1.172304767424627414e+01
1.426500000000000101e+00	1.264371456138482230e+01
1.430099999999999927e+00	1.326087922763166382e+01
1.433699999999999974e+00	1.279097214545081052e+01
1.437300000000000022e+00	1.292034695397582311e+01
1.440900000000000070e+00	1.206507567894098010e+01
1.444499999999999895e+00	1.247461681855992310e+01
1.448099999999999943e+00	1.352613240659076865e+01
1.451699999999999990e+00	1.237565311275002244e+01
1.455300000000000038e+00	1.214834004337497753e+01
1.458900000000000086e+00	1.093270300291892383e+01
1.462499999999999911e+00	1.126728239367421658e+01
1.466099999999999959e+00	1.158643166451735418e+01
1.469700000000000006e+00	1.208038386973105460e+01
1.473300000000000054e+00	1.095396702904996289e+01
1.477000000000000091e+00	1.178472132391585703e+01
1.480599999999999916e+00	1.346645438481790080e+01
1.484199999999999964e+00	1.249237936614229127e+01
1.487800000000000011e+00	1.141457192541938070e+01
1.491400000000000059e+00	1.314878185288173107e+01
1.495000000000000107e+00	1.340252515640819198e+01
1.498599999999999932e+00	1.257469622470733306e+01
1.502199999999999980e+00	1.278534871844896692e+01
1.505800000000000027e+00	1.440839704123225928e+01
1.509400000000000075e+00	1.482347126290474293e+01
1.512999999999999901e+00	1.307838129152159645e+01
1.516599999999999948e+00	1.255993826020047521e+01
1.520199999999999996e+00	1.142394346825120088e+01
1.523800000000000043e+00	1.254386540992123678e+01
1.527500000000000080e+00	1.256424498678679136e+01
1.531099999999999905e+00	1.308071827155217903e+01
1.534699999999999953e+00	1.522932428929885695e+01
1.538300000000000001e+00	1.577378083808216047e+01
1.541900000000000048e+00	1.424612733531751374e+01
1.545500000000000096e+00	1.599944109014175453e+01
1.549099999999999921e+00	1.493156529495225193e+01
1.552699999999999969e+00	1.510475757996517032e+01
1.556300000000000017e+00	1.463904671827626025e+01
1.559900000000000064e+00	1.525524447928118654e+01
1.563499999999999890e+00	1.456839806064319021e+01
1.567099999999999937e+00	1.480242364293742341e+01
1.570699999999999985e+00	1.376708448005756935e+01
1.574300000000000033e+00	1.454446149513842457e+01
1.578000000000000069e+00	1.589350394476124251e+01
1.581599999999999895e+00	1.619617732717188829e+01
1.585199999999999942e+00	1.574619302638406637e+01
1.588799999999999990e+00	1.652418526187907943e+01
1.592400000000000038e+00	1.763097163642410692e+01
1.596000000000000085e+00	1.830044507003514553e+01
1.599599999999999911e+00	1.869867374007975869e+01
1.603199999999999958e+00	1.900571063436407826e+01
1.606800000000000006e+00	1.891498755491061701e+01
1.610400000000000054e+00	1.985249644185476114e+01
1.614000000000000101e+00	1.999798379703939943e+01
1.617599999999999927e+00	1.983601427917594862e+01
1.621199999999999974e+00	2.125037329929028473e+01
1.624800000000000022e+00	2.110002596383442608e+01
1.628500000000000059e+00	2.120212844787362627e+01
1.632100000000000106e+00	2.159916517369285316e+01
1.635699999999999932e+00	2.402240734313562953e+01
1.639299999999999979e+00	2.266615675030111632e+01
1.642900000000000027e+00	2.251564830171346898e+01
1.646500000000000075e+00	2.103243839159928541e+01
1.650099999999999900e+00	2.022152090757607468e+01
1.653699999999999948e+00	1.966164366773663730e+01
1.657299999999999995e+00	1.976506231072717767e+01
1.660900000000000043e+00	1.975451532265918075e+01
1.664500000000000091e+00	2.029228253899253076e+01
1.668099999999999916e+00	2.157898590623855029e+01
1.671699999999999964e+00	2.156824846477876179e+01
1.675400000000000000e+00	2.212242810576865537e+01
1.679000000000000048e+00	2.237237371165070599e+01
1.682600000000000096e+00	2.238515033851332703e+01
1.686199999999999921e+00	2.276792955550827458e+01
1.689799999999999969e+00	2.285320483027163974e+01
1.693400000000000016e+00	2.250276188970218172e+01
1.697000000000000064e+00	2.287086578824313676e+01
1.700599999999999890e+00	2.288680614870729002e+01
1.704199999999999937e+00	2.189087631242075105e+01
1.707799999999999985e+00	2.239434381113550288e+01
1.711400000000000032e+00	2.211896578399332114e+01
1.715000000000000080e+00	2.279162043131634974e+01
1.718599999999999905e+00	2.306893063394262455e+01
1.722199999999999953e+00	2.293345610902069254e+01
1.725899999999999990e+00	2.223648905766693318e+01
1.729500000000000037e+00	2.114552030584293263e+01
1.733100000000000085e+00	2.156182259376990018e+01
1.736699999999999910e+00	2.003772309983541078e+01
1.740299999999999958e+00	2.081789215039958663e+01
1.743900000000000006e+00	2.207141635985095363e+01
1.747500000000000053e+00	2.233773355596465393e+01
1.751100000000000101e+00	2.273521495793693248e+01
1.754699999999999926e+00	2.596720245863501830e+01
1.758299999999999974e+00	2.731108160099336146e+01
1.761900000000000022e+00	2.652543387573822997e+01
1.765500000000000069e+00	2.741769755021085686e+01
1.769099999999999895e+00	2.655981295097520700e+01
1.772699999999999942e+00	2.504945557442006177e+01
1.776399999999999979e+00	2.529197068930132630e+01
1.780000000000000027e+00	2.535544027273831347e+01
1.783600000000000074e+00	2.563097811652616542e+01
1.787199999999999900e+00	2.430647230424410310e+01
1.790799999999999947e+00	2.612588037264284324e+01
1.794399999999999995e+00	2.604380506203997214e+01
1.798000000000000043e+00	2.498088499656061856e+01
1.801600000000000090e+00	2.546219211625464141e+01
1.805199999999999916e+00	2.522234917564901835e+01
1.808799999999999963e+00	2.627831251533668322e+01
1.812400000000000011e+00	2.798850260302436865e+01
1.816000000000000059e+00	2.793761380565827679e+01
1.819600000000000106e+00	2.807723055043524951e+01
1.823199999999999932e+00	2.787551318561142821e+01
1.826899999999999968e+00	2.862975039066533256e+01
1.830500000000000016e+00	2.791563736394326867e+01
1.834100000000000064e+00	2.936249430383863412e+01
1.837699999999999889e+00	2.765198011192113015e+01
1.841299999999999937e+00	2.855591673194786750e+01
1.844899999999999984e+00	2.740729491501350878e+01
1.848500000000000032e+00	2.939142236054318857e+01
1.852100000000000080e+00	2.961171946258140864e+01
1.855699999999999905e+00	2.989373921992056893e+01
1.859299999999999953e+00	3.138636233657042496e+01
1.862900000000000000e+00	2.926815519390826736e+01
1.866500000000000048e+00	3.009235806039118444e+01
1.870100000000000096e+00	2.921358602924526693e+01
1.873699999999999921e+00	2.780335726992222689e+01
1.877399999999999958e+00	2.782547982596544855e+01
1.881000000000000005e+00	2.546042734402171348e+01
1.884600000000000053e+00	2.600829358613290054e+01
1.888200000000000101e+00	2.570367808717207225e+01
1.891799999999999926e+00	2.567738023073558651e+01
1.895399999999999974e+00	2.636164912007205530e+01
1.899000000000000021e+00	2.672185324972005915e+01
1.902600000000000069e+00	2.602369474014179218e+01
1.906199999999999894e+00	2.368588398057547195e+01
1.909799999999999942e+00	2.308966844668378826e+01
1.913399999999999990e+00	2.320514351287273769e+01
1.917000000000000037e+00	2.382256703709228063e+01
1.920600000000000085e+00	2.372185012864058251e+01
1.924199999999999910e+00	2.279404567047663477e+01
1.927899999999999947e+00	2.320282544593418450e+01
1.931499999999999995e+00	2.318326797382929172e+01
1.935100000000000042e+00	2.410778908504763507e+01
1.938700000000000090e+00	2.383205557743519165e+01
1.942299999999999915e+00	2.466996458592745967e+01
1.945899999999999963e+00	2.492482899558353893e+01
1.949500000000000011e+00	2.617524837587493636e+01
1.953100000000000058e+00	2.647559518874878748e+01
1.956700000000000106e+00	2.630836599203683335e+01
1.960299999999999931e+00	2.668934718489579083e+01
1.963899999999999979e+00	2.586137840031145529e+01
1.967500000000000027e+00	2.585777214550629921e+01
1.971100000000000074e+00	2.536906066862256637e+01
1.974699999999999900e+00	2.476435108641142691e+01
1.978399999999999936e+00	2.408773576441992503e+01
1.981999999999999984e+00	2.513858012916611528e+01
1.985600000000000032e+00	2.454086595227735401e+01
1.989200000000000079e+00	2.466709086656248573e+01
1.992799999999999905e+00	2.421402850709568710e+01
1.996399999999999952e+00	2.672250189946893073e+01
2.000000000000000000e+00	2.931387930171121070e+01
