2.000000000000000111e-01	5.193147106268207747e-01
2.036000000000000032e-01	1.849121137635617584e+00
2.071999999999999953e-01	1.101258312905339043e+00
2.107999999999999874e-01	1.371432891883719307e+00
2.144000000000000072e-01	1.939537167847164234e+00
2.179999999999999993e-01	3.230326217698907598e+00
2.215999999999999914e-01	2.758009667581349689e+00
2.253000000000000003e-01	3.165134838909472226e+00
2.288999999999999924e-01	2.725373596793864373e+00
2.325000000000000122e-01	2.463638124210585367e+00
2.361000000000000043e-01	3.899256072299168707e+00
2.396999999999999964e-01	3.112275058671171379e+00
2.432999999999999885e-01	2.644515002508197377e+00
2.469000000000000083e-01	2.017161930126909475e+00
2.505000000000000004e-01	2.337707024982112358e+00
2.540999999999999925e-01	5.407115209658235333e-01
2.576999999999999846e-01	6.009523888171561801e-01
2.612999999999999767e-01	1.867677769396456910e-01
2.649000000000000243e-01	1.946951811271160904e-01
2.685000000000000164e-01	-6.634162306674181719e-01
2.721000000000000085e-01	-2.491826739865450890e-01
2.757999999999999896e-01	3.972827883225815704e-02
2.793999999999999817e-01	4.068437557266296745e-01
2.829999999999999738e-01	1.092139106145131322e+00
2.866000000000000214e-01	6.395077155694317561e-01
2.902000000000000135e-01	1.097063287131682108e+00
2.938000000000000056e-01	2.199772967499480814e+00
2.973999999999999977e-01	2.148916629636914877e+00
3.009999999999999898e-01	2.823037733529082605e+00
3.045999999999999819e-01	1.620507390256294311e+00
3.081999999999999740e-01	2.450544594783322871e+00
3.118000000000000216e-01	3.086591040894077320e+00
3.154000000000000137e-01	3.840217011993209972e+00
3.190000000000000058e-01	3.639496379250493963e+00
3.225999999999999979e-01	4.159428549184166712e+00
3.262999999999999790e-01	3.923538789286229900e+00
3.299000000000000266e-01	3.175290298476456385e+00
3.335000000000000187e-01	3.326803317956910089e+00
3.371000000000000107e-01	3.111561248148267289e+00
3.407000000000000028e-01	2.605009810290420447e+00
3.442999999999999949e-01	2.187386874360783828e+00
3.478999999999999870e-01	1.258934238420920115e+00
3.514999999999999791e-01	1.466219223149784590e+00
3.551000000000000267e-01	-1.517193846739576801e-01
3.587000000000000188e-01	3.075577063694709956e-01
3.623000000000000109e-01	7.186049176879951705e-01
3.659000000000000030e-01	7.334397726352812619e-01
3.694999999999999951e-01	9.929038994983830912e-01
3.730999999999999872e-01	1.255322739388918141e+00
3.768000000000000238e-01	2.352710898738898049e+00
3.804000000000000159e-01	3.687463005422589646e+00
3.840000000000000080e-01	2.938953193312419998e+00
3.876000000000000001e-01	4.746575659541978354e+00
3.911999999999999922e-01	3.588072055622830270e+00
3.947999999999999843e-01	4.417499684167368379e+00
3.983999999999999764e-01	3.973309842715312179e+00
4.020000000000000240e-01	4.717340956657835704e+00
4.056000000000000161e-01	4.439237072633384074e+00
4.092000000000000082e-01	4.129117642014651146e+00
4.128000000000000003e-01	3.674240547765925236e+00
4.163999999999999924e-01	4.408785444264880837e+00
4.199999999999999845e-01	3.335205142664644296e+00
4.235999999999999766e-01	3.425138188311086296e+00
4.273000000000000131e-01	2.347638547557818978e+00
4.309000000000000052e-01	2.152661557657155278e+00
4.344999999999999973e-01	1.166315430054324365e+00
4.380999999999999894e-01	1.349085049589724861e+00
4.416999999999999815e-01	7.875648320600836527e-01
4.452999999999999736e-01	1.397627498911923283e+00
4.489000000000000212e-01	2.866487854583815720e-02
4.525000000000000133e-01	1.475442101822567187e+00
4.561000000000000054e-01	7.499310392396669744e-01
4.596999999999999975e-01	4.993395312698194477e-01
4.632999999999999896e-01	8.554884080369528077e-01
4.668999999999999817e-01	1.064725791159257806e+00
4.704999999999999738e-01	1.794588924601010493e+00
4.741000000000000214e-01	1.568955152699704314e+00
4.778000000000000025e-01	2.467319249349958277e+00
4.813999999999999946e-01	2.962329364842692936e+00
4.849999999999999867e-01	2.321827622457116380e+00
4.885999999999999788e-01	2.579893055883125896e+00
4.922000000000000264e-01	2.994712490503589120e+00
4.958000000000000185e-01	3.064995901288916524e+00
4.994000000000000106e-01	3.060191388651522626e+00
5.030000000000000027e-01	1.892591697502495895e+00
5.066000000000000503e-01	1.158194807419144823e+00
5.101999999999999869e-01	5.704659163000693756e-01
5.138000000000000345e-01	1.337768888014086333e+00
5.173999999999999710e-01	9.640898849787091773e-01
5.210000000000000187e-01	-1.030109651380879399e+00
5.245999999999999552e-01	-3.451570522014484332e-01
5.282999999999999918e-01	-2.075399203500192247e-01
5.319000000000000394e-01	-1.841408645313121983e+00
5.354999999999999760e-01	-1.253483649786847565e+00
5.391000000000000236e-01	-1.221934748310504082e+00
5.426999999999999602e-01	-7.170013311555116786e-01
5.463000000000000078e-01	-1.258065411423034519e+00
5.499000000000000554e-01	-2.241606084565102019e-01
5.534999999999999920e-01	-1.262885774752518508e-01
5.571000000000000396e-01	1.505524430537197089e+00
5.606999999999999762e-01	1.790746903705643822e+00
5.643000000000000238e-01	1.495795148234387639e+00
5.678999999999999604e-01	2.712938527189839633e+00
5.715000000000000080e-01	3.294301156190647006e+00
5.752000000000000446e-01	3.259592362990848535e+00
5.787999999999999812e-01	3.814858461594164307e+00
5.824000000000000288e-01	3.927372669246032899e+00
5.859999999999999654e-01	4.146115958531620294e+00
5.896000000000000130e-01	3.785405675419238669e+00
5.931999999999999496e-01	3.016527842872926080e+00
5.967999999999999972e-01	2.743140099709534763e+00
6.004000000000000448e-01	1.943375771555390985e+00
6.039999999999999813e-01	2.567854000711797813e+00
6.076000000000000290e-01	9.692340212618568707e-01
6.111999999999999655e-01	1.771699623512458688e+00
6.148000000000000131e-01	1.642997869293194579e-01
6.183999999999999497e-01	1.080231603263246631e+00
6.219999999999999973e-01	9.863342044021995436e-01
6.257000000000000339e-01	9.325334761722254839e-01
6.292999999999999705e-01	5.245637503559831272e-01
6.329000000000000181e-01	1.129375890385633685e+00
6.364999999999999547e-01	1.420672544087277611e+00
6.401000000000000023e-01	1.467527649961105185e+00
6.437000000000000499e-01	1.922024587689428188e+00
6.472999999999999865e-01	2.791355493932096365e+00
6.509000000000000341e-01	2.945551453735724134e+00
6.544999999999999707e-01	3.989272421653004663e+00
6.581000000000000183e-01	3.709881808523538993e+00
6.616999999999999549e-01	4.368115460605345390e+00
6.653000000000000025e-01	4.444377018492421172e+00
6.689000000000000501e-01	4.323445854015664835e+00
6.724999999999999867e-01	4.203978681808980156e+00
6.762000000000000233e-01	4.252924461013813939e+00
6.797999999999999599e-01	3.083103281025497466e+00
6.834000000000000075e-01	3.273719377921007201e+00
6.870000000000000551e-01	3.055009471776965135e+00
6.905999999999999917e-01	3.107623760185260764e+00
6.942000000000000393e-01	2.723665853019692662e+00
6.977999999999999758e-01	2.433900638651356640e+00
7.014000000000000234e-01	2.220305540601708483e+00
7.049999999999999600e-01	2.331061275487522622e+00
7.086000000000000076e-01	3.217961477936654102e+00
7.122000000000000552e-01	1.642740959088468067e+00
7.157999999999999918e-01	2.239297677445384327e+00
7.194000000000000394e-01	2.756002478426423430e+00
7.229999999999999760e-01	3.060496500336825854e+00
7.267000000000000126e-01	3.341166600225637939e+00
7.302999999999999492e-01	3.940954467951933715e+00
7.338999999999999968e-01	3.463340044649310112e+00
7.375000000000000444e-01	3.047433336175660035e+00
7.410999999999999810e-01	3.903654253328038504e+00
7.447000000000000286e-01	5.080016168400166343e+00
7.482999999999999652e-01	3.958573727923107466e+00
7.519000000000000128e-01	6.051404356210282387e+00
7.554999999999999494e-01	4.829209515891438542e+00
7.590999999999999970e-01	5.924477502980964871e+00
7.627000000000000446e-01	5.587068850430271461e+00
7.662999999999999812e-01	5.467607378008160879e+00
7.699000000000000288e-01	5.700516463941493583e+00
7.734999999999999654e-01	5.555176708550551012e+00
7.772000000000000020e-01	5.283262973760969317e+00
7.808000000000000496e-01	4.737429982598956535e+00
7.843999999999999861e-01	3.847715198602302156e+00
7.880000000000000338e-01	2.892160496503325628e+00
7.915999999999999703e-01	4.801102929382182971e+00
7.952000000000000179e-01	3.652662275354601196e+00
7.987999999999999545e-01	3.980063477215645129e+00
8.024000000000000021e-01	4.387388316545408173e+00
8.060000000000000497e-01	3.976994713224724975e+00
8.095999999999999863e-01	4.160747497170921072e+00
8.132000000000000339e-01	4.192421690768919795e+00
8.167999999999999705e-01	4.842031142758376205e+00
8.204000000000000181e-01	4.755014017367716228e+00
8.239999999999999547e-01	4.625409677185942314e+00
8.276999999999999913e-01	5.922777869325919653e+00
8.313000000000000389e-01	5.614411300318350229e+00
8.348999999999999755e-01	5.637431049871209687e+00
8.385000000000000231e-01	6.578138148675263253e+00
8.420999999999999597e-01	6.316885219139170005e+00
8.457000000000000073e-01	5.634518794099902195e+00
8.493000000000000549e-01	6.535029538600964472e+00
8.528999999999999915e-01	6.534440107506479301e+00
8.565000000000000391e-01	6.701900520302908504e+00
8.600999999999999757e-01	6.245552754312713617e+00
8.637000000000000233e-01	6.379981662576547308e+00
8.672999999999999599e-01	5.365796995695863103e+00
8.709000000000000075e-01	5.296424898633962819e+00
8.745000000000000551e-01	4.805888807716454991e+00
8.781999999999999806e-01	5.768458694643134876e+00
8.818000000000000282e-01	5.248053360180452209e+00
8.853999999999999648e-01	5.656291611980679868e+00
8.890000000000000124e-01	5.122932885532556213e+00
8.925999999999999490e-01	5.117473913148203657e+00
8.961999999999999966e-01	4.989833888792932548e+00
8.998000000000000442e-01	4.823930971245919963e+00
9.033999999999999808e-01	5.079679390781598691e+00
9.070000000000000284e-01	5.783517944575706338e+00
9.105999999999999650e-01	6.233408305757850876e+00
9.142000000000000126e-01	6.519383827832374578e+00
9.177999999999999492e-01	6.499134089877272480e+00
9.213999999999999968e-01	6.806122961511333003e+00
9.251000000000000334e-01	7.260889121205974739e+00
9.286999999999999700e-01	7.199680250194403719e+00
9.323000000000000176e-01	7.342595016529627650e+00
9.358999999999999542e-01	7.770866916359137733e+00
9.395000000000000018e-01	7.492726786217278168e+00
9.431000000000000494e-01	7.962790470216853045e+00
9.466999999999999860e-01	7.208587632201311379e+00
9.503000000000000336e-01	6.746925844212865897e+00
9.538999999999999702e-01	7.777686862578690352e+00
9.575000000000000178e-01	7.314451507626266391e+00
9.610999999999999543e-01	7.608789243595216689e+00
9.647000000000000020e-01	7.738263706872611891e+00
9.683000000000000496e-01	7.427017848394552146e+00
9.718999999999999861e-01	7.604924737234552090e+00
9.756000000000000227e-01	7.874245680170247397e+00
9.791999999999999593e-01	7.771194677191964217e+00
9.828000000000000069e-01	7.994952493940587601e+00
9.864000000000000545e-01	8.660755174761161967e+00
9.899999999999999911e-01	8.151318415858204602e+00
9.936000000000000387e-01	8.617280819877347398e+00
9.971999999999999753e-01	9.187197468262084499e+00
1.000799999999999912e+00	8.873932174206276002e+00
1.004399999999999959e+00	8.572407051540318790e+00
1.008000000000000007e+00	8.756002842957382626e+00
1.011600000000000055e+00	9.669077940368300261e+00
1.015200000000000102e+00	9.522324290687082637e+00
1.018799999999999928e+00	9.118397947942469273e+00
1.022399999999999975e+00	8.605974766660104081e+00
1.026100000000000012e+00	9.219914017701562159e+00
1.029700000000000060e+00	9.083157514153750611e+00
1.033300000000000107e+00	9.446173585034676634e+00
1.036899999999999933e+00	9.170379404823020053e+00
1.040499999999999980e+00	9.640658152665890768e+00
1.044100000000000028e+00	8.785796612347420265e+00
1.047700000000000076e+00	7.530462592499471697e+00
1.051299999999999901e+00	7.396022805982135573e+00
1.054899999999999949e+00	7.218418498013052798e+00
1.058499999999999996e+00	7.434369337562661606e+00
1.062100000000000044e+00	7.486479415045990571e+00
1.065700000000000092e+00	7.434505930238632487e+00
1.069299999999999917e+00	7.560627122264170552e+00
1.072899999999999965e+00	7.046838420179061480e+00
1.076600000000000001e+00	7.712009298220251274e+00
1.080200000000000049e+00	7.309938887592542400e+00
1.083800000000000097e+00	7.935081683365552863e+00
1.087399999999999922e+00	8.552119635406697284e+00
1.090999999999999970e+00	9.206510158037570335e+00
1.094600000000000017e+00	9.728818740496583573e+00
1.098200000000000065e+00	1.053550422073725024e+01
1.101799999999999891e+00	1.113217925496312333e+01
1.105399999999999938e+00	1.130309315453421881e+01
1.108999999999999986e+00	1.059664572060977505e+01
1.112600000000000033e+00	1.011703745960562806e+01
1.116200000000000081e+00	1.007994135145099968e+01
1.119799999999999907e+00	9.329554343243952275e+00
1.123399999999999954e+00	8.685285490463732216e+00
1.127099999999999991e+00	8.060578214875816272e+00
1.130700000000000038e+00	8.104039993138863807e+00
1.134300000000000086e+00	6.610382009476269083e+00
1.137899999999999912e+00	8.237951397492057737e+00
1.141499999999999959e+00	7.996343653582562716e+00
1.145100000000000007e+00	7.665646829703471887e+00
1.148700000000000054e+00	8.398793518585579321e+00
1.152300000000000102e+00	9.496862473092857471e+00
1.155899999999999928e+00	1.017852444599660089e+01
1.159499999999999975e+00	1.007252985661811806e+01
1.163100000000000023e+00	1.072062569080509320e+01
1.166700000000000070e+00	1.049186346664079572e+01
1.170299999999999896e+00	1.068329143760015754e+01
1.173899999999999944e+00	1.082754560186864623e+01
1.177599999999999980e+00	1.099028721061774405e+01
1.181200000000000028e+00	1.084080866076272898e+01
1.184800000000000075e+00	1.108830932939719993e+01
1.188399999999999901e+00	9.805589940279388017e+00
1.191999999999999948e+00	1.003321057816012107e+01
1.195599999999999996e+00	1.066059919339338968e+01
1.199200000000000044e+00	1.041631404766471825e+01
1.202800000000000091e+00	9.547790773177878165e+00
1.206399999999999917e+00	1.033189018204058307e+01
1.209999999999999964e+00	1.033032831987148370e+01
1.213600000000000012e+00	1.116729151214202176e+01
1.217200000000000060e+00	1.064931283025678610e+01
1.220800000000000107e+00	1.026081402338824411e+01
1.224399999999999933e+00	9.076988505611158331e+00
1.228099999999999969e+00	9.599220204073986906e+00
1.231700000000000017e+00	9.354211179538850729e+00
1.235300000000000065e+00	8.487281320484770575e+00
1.238899999999999890e+00	8.943636874746012211e+00
1.242499999999999938e+00	1.004105550970019145e+01
1.246099999999999985e+00	9.223097842032553118e+00
1.249700000000000033e+00	9.461362496221470408e+00
1.253300000000000081e+00	1.059027121581275033e+01
1.256899999999999906e+00	1.091804540917522104e+01
1.260499999999999954e+00	1.103700871239426107e+01
1.264100000000000001e+00	1.074237904462505000e+01
1.267700000000000049e+00	1.078478768881809735e+01
1.271300000000000097e+00	1.167357399668346574e+01
1.274899999999999922e+00	1.043385670759522199e+01
1.278599999999999959e+00	1.054062233430068574e+01
1.282200000000000006e+00	1.066042238042876100e+01
1.285800000000000054e+00	1.072939055204516201e+01
1.289400000000000102e+00	1.133518081209568429e+01
1.292999999999999927e+00	1.180648003464041729e+01
1.296599999999999975e+00	1.079453480416439959e+01
1.300200000000000022e+00	1.179569116213728996e+01
1.303800000000000070e+00	1.143372411521706944e+01
1.307399999999999896e+00	1.111160709558500059e+01
1.310999999999999943e+00	9.914752873603960737e+00
1.314599999999999991e+00	1.025622096247635007e+01
1.318200000000000038e+00	9.368894450357556636e+00
1.321800000000000086e+00	9.801147964735484663e+00
1.325499999999999901e+00	8.584070992302024194e+00
1.329099999999999948e+00	9.017961618599995788e+00
1.332699999999999996e+00	9.965596823245890690e+00
1.336300000000000043e+00	1.046160240873555303e+01
1.339900000000000091e+00	1.011311568944174510e+01
1.343499999999999917e+00	1.094436967203300703e+01
1.347099999999999964e+00	1.223324600355219616e+01
1.350700000000000012e+00	1.188715920532896675e+01
1.354300000000000059e+00	1.194298836277701525e+01
1.357900000000000107e+00	1.089343911272366050e+01
1.361499999999999932e+00	1.151360818820515597e+01
1.365099999999999980e+00	1.061140604470818083e+01
1.368700000000000028e+00	1.023866905620931611e+01
1.372300000000000075e+00	1.094922161840596253e+01
1.375999999999999890e+00	1.019573506280691255e+01
1.379599999999999937e+00	1.046792987285222409e+01
1.383199999999999985e+00	1.023626929841260313e+01
1.386800000000000033e+00	1.051231508755432742e+01
1.390400000000000080e+00	9.729491594228500517e+00
1.393999999999999906e+00	8.923669357308876116e+00
1.397599999999999953e+00	9.359499255600871592e+00
1.401200000000000001e+00	1.015936060428156651e+01
1.404800000000000049e+00	1.143699406865774115e+01
1.408400000000000096e+00	1.206384919225645191e+01
1.411999999999999922e+00	1.208625346627323260e+01
1.415599999999999969e+00	1.358951392221186971e+01
1.419200000000000017e+00	1.403499638048904785e+01
1.422800000000000065e+00	1.373604790408419163e+01
1.426500000000000101e+00	1.404962194477845649e+01
1.430099999999999927e+00	1.420870466310164026e+01
1.433699999999999974e+00	1.353946659745559167e+01
1.437300000000000022e+00	1.325848895995243559e+01
1.440900000000000070e+00	1.264095075000246382e+01
1.444499999999999895e+00	1.212578447795428360e+01
1.448099999999999943e+00	1.151576142779413914e+01
1.451699999999999990e+00	1.080593486117030189e+01
1.455300000000000038e+00	1.128205162559455488e+01
1.458900000000000086e+00	1.100765404076754450e+01
1.462499999999999911e+00	1.124434214328994841e+01
1.466099999999999959e+00	1.243752504951151927e+01
1.469700000000000006e+00	1.325326704783363851e+01
1.473300000000000054e+00	1.339934546302844254e+01
1.477000000000000091e+00	1.454245102450489391e+01
1.480599999999999916e+00	1.376243467133090626e+01
1.484199999999999964e+00	1.451927898933620753e+01
1.487800000000000011e+00	1.417379905869550960e+01
1.491400000000000059e+00	1.470684950543354574e+01
1.495000000000000107e+00	1.437529476255907390e+01
1.498599999999999932e+00	1.542432765173411724e+01
1.502199999999999980e+00	1.591605511876552725e+01
1.505800000000000027e+00	1.449161906293610080e+01
1.509400000000000075e+00	1.433705527393632018e+01
1.512999999999999901e+00	1.610747916091926157e+01
1.516599999999999948e+00	1.555169067453535447e+01
1.520199999999999996e+00	1.482913761410476994e+01
1.523800000000000043e+00	1.509613875502182623e+01
1.527500000000000080e+00	1.451305937966272275e+01
1.531099999999999905e+00	1.503851822907394009e+01
1.534699999999999953e+00	1.609129587615662160e+01
1.538300000000000001e+00	1.581667326198693857e+01
1.541900000000000048e+00	1.641396094084600676e+01
1.545500000000000096e+00	1.715129413467957065e+01
1.549099999999999921e+00	1.665165563044713792e+01
1.552699999999999969e+00	1.632682204623860400e+01
1.556300000000000017e+00	1.663676675579715436e+01
1.559900000000000064e+00	1.642115991480085313e+01
1.563499999999999890e+00	1.559659170941925055e+01
1.567099999999999937e+00	1.608427920905698372e+01
1.570699999999999985e+00	1.638885435547870273e+01
1.574300000000000033e+00	1.515542154901112148e+01
1.578000000000000069e+00	1.646531463526939731e+01
1.581599999999999895e+00	1.673563240456216406e+01
1.585199999999999942e+00	1.891494167802126825e+01
1.588799999999999990e+00	2.147439175695570768e+01
1.592400000000000038e+00	2.162051596132731035e+01
1.596000000000000085e+00	2.110423044365494860e+01
1.599599999999999911e+00	2.253185746779301724e+01
1.603199999999999958e+00	2.134841619014993697e+01
1.606800000000000006e+00	2.064076585088873017e+01
1.610400000000000054e+00	2.020095456800583733e+01
1.614000000000000101e+00	1.978845042310349100e+01
1.617599999999999927e+00	2.060420244287268687e+01
1.621199999999999974e+00	2.106294756691305636e+01
1.624800000000000022e+00	2.187278623016916868e+01
1.628500000000000059e+00	2.234777704107421670e+01
1.632100000000000106e+00	2.189974891157438819e+01
1.635699999999999932e+00	2.210105529114861156e+01
1.639299999999999979e+00	2.204422792805159759e+01
1.642900000000000027e+00	2.236157115029087095e+01
1.646500000000000075e+00	2.184250898838208244e+01
1.650099999999999900e+00	2.266774751475280070e+01
1.653699999999999948e+00	2.262705612885941875e+01
1.657299999999999995e+00	2.415156857534248758e+01
1.660900000000000043e+00	2.542040576956349085e+01
1.664500000000000091e+00	2.528402324681535873e+01
1.668099999999999916e+00	2.703237578550793785e+01
1.671699999999999964e+00	2.664597917803572713e+01
1.675400000000000000e+00	2.619038638647059258e+01
1.679000000000000048e+00	2.457592918396758108e+01
1.682600000000000096e+00	2.465891846143206223e+01
1.686199999999999921e+00	2.439010872204516645e+01
1.689799999999999969e+00	2.508217949339383424e+01
1.693400000000000016e+00	2.482093085563172252e+01
1.697000000000000064e+00	2.674200680742132974e+01
1.700599999999999890e+00	2.750202166334159770e+01
1.704199999999999937e+00	2.763902253881000348e+01
1.707799999999999985e+00	2.858675765684617431e+01
1.711400000000000032e+00	2.899549370223465061e+01
1.715000000000000080e+00	2.714544241063273233e+01
1.718599999999999905e+00	2.617878321214619319e+01
1.722199999999999953e+00	2.603857924127155243e+01
1.725899999999999990e+00	2.510121433300038873e+01
1.729500000000000037e+00	2.544534123805654957e+01
1.733100000000000085e+00	2.511904653449988345e+01
1.736699999999999910e+00	2.517214347077049652e+01
1.740299999999999958e+00	2.646787768152182352e+01
1.743900000000000006e+00	2.690045139323059686e+01
1.747500000000000053e+00	2.771572515346824517e+01
1.751100000000000101e+00	2.896533035030888925e+01
1.754699999999999926e+00	3.031524851347898419e+01
1.758299999999999974e+00	3.029123595106356959e+01
1.761900000000000022e+00	3.090911281891004947e+01
1.765500000000000069e+00	2.959337672404474162e+01
1.769099999999999895e+00	2.885926508047696970e+01
1.772699999999999942e+00	3.011968576846883749e+01
1.776399999999999979e+00	2.997138930982811900e+01
1.780000000000000027e+00	3.209904700381414955e+01
1.783600000000000074e+00	3.382857887982948597e+01
1.787199999999999900e+00	3.602671152618784589e+01
1.790799999999999947e+00	3.508964123777455058e+01
1.794399999999999995e+00	3.598964143772143132e+01
1.798000000000000043e+00	3.319532345366598491e+01
1.801600000000000090e+00	3.135448884038801864e+01
1.805199999999999916e+00	3.020653957513392029e+01
1.808799999999999963e+00	3.104828726862356802e+01
1.812400000000000011e+00	3.321187316457758953e+01
1.816000000000000059e+00	3.449733588275876173e+01
1.819600000000000106e+00	3.537787223393481639e+01
1.823199999999999932e+00	3.597020359613972573e+01
1.826899999999999968e+00	3.587028368088753894e+01
1.830500000000000016e+00	3.433025328057814818e+01
1.834100000000000064e+00	3.447525579900474924e+01
1.837699999999999889e+00	3.262594715157543845e+01
1.841299999999999937e+00	3.156918107617804026e+01
1.844899999999999984e+00	3.077325942267501446e+01
1.848500000000000032e+00	3.109665463456165213e+01
1.852100000000000080e+00	3.079801283464314210e+01
1.855699999999999905e+00	3.361457171319819537e+01
1.859299999999999953e+00	3.398544237530627754e+01
1.862900000000000000e+00	3.596536293018061059e+01
1.866500000000000048e+00	3.552821134810022841e+01
1.870100000000000096e+00	3.384057313936369837e+01
1.873699999999999921e+00	3.240619237465466540e+01
1.877399999999999958e+00	3.030585602494313946e+01
1.881000000000000005e+00	2.839811595904885166e+01
1.884600000000000053e+00	2.924958680245039844e+01
1.888200000000000101e+00	2.957359878962025235e+01
1.891799999999999926e+00	3.052821108058879673e+01
1.895399999999999974e+00	3.091472996895027592e+01
1.899000000000000021e+00	2.933575837338432990e+01
1.902600000000000069e+00	2.893235479025355161e+01
1.906199999999999894e+00	2.795256988298069700e+01
1.909799999999999942e+00	2.682610899965224505e+01
1.913399999999999990e+00	2.743819680012669693e+01
1.917000000000000037e+00	2.810954377844247887e+01
1.920600000000000085e+00	3.009321594622768004e+01
1.924199999999999910e+00	3.114948101156787530e+01
1.927899999999999947e+00	3.153412132973276272e+01
1.931499999999999995e+00	3.100972504467492996e+01
1.935100000000000042e+00	3.084820025755391626e+01
1.938700000000000090e+00	2.938936550095507272e+01
1.942299999999999915e+00	3.076110491973582128e+01
1.945899999999999963e+00	2.948189407970202325e+01
1.949500000000000011e+00	2.913217545199573522e+01
1.953100000000000058e+00	2.907218296820411396e+01
1.956700000000000106e+00	2.733346660300462361e+01
1.960299999999999931e+00	2.914348404056404718e+01
1.963899999999999979e+00	2.827628634701832411e+01
1.967500000000000027e+00	2.831635592712142824e+01
1.971100000000000074e+00	2.894601217927571213e+01
1.974699999999999900e+00	2.716853760749145152e+01
1.978399999999999936e+00	2.851079622202539099e+01
1.981999999999999984e+00	2.774227503853335364e+01
1.985600000000000032e+00	2.770847160820330757e+01
1.989200000000000079e+00	2.785431829203593423e+01
1.992799999999999905e+00	2.861321047119526639e+01
1.996399999999999952e+00	2.978198659560473160e+01
2.000000000000000000e+00	3.119314371318191803e+01
