2.000000000000000111e-01	-2.278220288960637774e+00
2.036000000000000032e-01	-2.517376530213810248e+00
2.071999999999999953e-01	-2.597494370709307443e+00
2.107999999999999874e-01	-2.552442261268706769e+00
2.144000000000000072e-01	-2.531748149948880755e+00
2.179999999999999993e-01	-2.348313753052944541e+00
2.215999999999999914e-01	-2.396169577505950166e+00
2.253000000000000003e-01	-2.419340743509679204e+00
2.288999999999999924e-01	-2.211208704191362173e+00
2.325000000000000122e-01	-2.211302993862227062e+00
2.361000000000000043e-01	-2.000990410093643312e+00
2.396999999999999964e-01	-1.905857219785090706e+00
2.432999999999999885e-01	-1.614792733164248428e+00
2.469000000000000083e-01	-1.477393745067905551e+00
2.505000000000000004e-01	-1.079044456803902374e+00
2.540999999999999925e-01	-8.275509810381623810e-01
2.576999999999999846e-01	-7.237118566155195110e-01
2.612999999999999767e-01	-7.822658987295089128e-01
2.649000000000000243e-01	-5.584360329710057469e-01
2.685000000000000164e-01	-2.183697566352045261e-01
2.721000000000000085e-01	-4.752281227217113324e-01
2.757999999999999896e-01	-3.543407750291492908e-01
2.793999999999999817e-01	-4.567150016723938721e-01
2.829999999999999738e-01	-1.358635469089110870e-01
2.866000000000000214e-01	-2.261233409100776304e-01
2.902000000000000135e-01	-1.860560001437643329e-01
2.938000000000000056e-01	-3.355839437844285733e-01
2.973999999999999977e-01	-6.197924571528025117e-01
3.009999999999999898e-01	-4.645356189501241850e-01
3.045999999999999819e-01	-6.117067440943938506e-01
3.081999999999999740e-01	-9.496730123881794716e-01
3.118000000000000216e-01	-1.238802601449065399e+00
3.154000000000000137e-01	-1.379311642768134671e+00
3.190000000000000058e-01	-1.294654558122686483e+00
3.225999999999999979e-01	-1.144961512339650600e+00
3.262999999999999790e-01	-1.500384351971323804e+00
3.299000000000000266e-01	-1.317747170900093856e+00
3.335000000000000187e-01	-1.502433832033270855e+00
3.371000000000000107e-01	-1.459795157665660259e+00
3.407000000000000028e-01	-1.217204679218178986e+00
3.442999999999999949e-01	-1.015215380737019668e+00
3.478999999999999870e-01	-9.780644670360090220e-01
3.514999999999999791e-01	-7.007725354317410060e-01
3.551000000000000267e-01	-2.682535307687472503e-01
3.587000000000000188e-01	-1.250651942805375283e-01
3.623000000000000109e-01	1.197862792084311290e-01
3.659000000000000030e-01	8.770879686658653029e-02
3.694999999999999951e-01	1.248445676228551876e-01
3.730999999999999872e-01	5.167954056000925167e-01
3.768000000000000238e-01	4.301226795752333132e-01
3.804000000000000159e-01	7.537576956437777032e-01
3.840000000000000080e-01	3.781805543213569987e-01
3.876000000000000001e-01	7.570542889299997080e-01
3.911999999999999922e-01	8.339022145083894166e-01
3.947999999999999843e-01	8.159179881114773103e-01
3.983999999999999764e-01	7.647064093582955913e-01
4.020000000000000240e-01	7.492208881839965695e-01
4.056000000000000161e-01	6.493797628007261791e-01
4.092000000000000082e-01	6.825532728668477489e-01
4.128000000000000003e-01	3.684212806929365591e-01
4.163999999999999924e-01	2.475891935669982113e-01
4.199999999999999845e-01	7.053193681053930575e-02
4.235999999999999766e-01	3.496703305354187385e-02
4.273000000000000131e-01	-2.575042680695943664e-01
4.309000000000000052e-01	-2.943517566842177025e-01
4.344999999999999973e-01	-6.437104153867440059e-01
4.380999999999999894e-01	-2.243263063436614080e-01
4.416999999999999815e-01	-3.174038525450970649e-01
4.452999999999999736e-01	-3.452540585723943289e-01
4.489000000000000212e-01	-2.440334554297384773e-01
4.525000000000000133e-01	5.344384118290440577e-02
4.561000000000000054e-01	9.853687294657209605e-02
4.596999999999999975e-01	5.584415760398770967e-01
4.632999999999999896e-01	4.863124280132509192e-01
4.668999999999999817e-01	6.991758776864968050e-01
4.704999999999999738e-01	8.629087877760653891e-01
4.741000000000000214e-01	9.522370534885966631e-01
4.778000000000000025e-01	1.440536761780720987e+00
4.813999999999999946e-01	1.575638768892560604e+00
4.849999999999999867e-01	1.835163393272860821e+00
4.885999999999999788e-01	1.917483735757918639e+00
4.922000000000000264e-01	2.063281525608085865e+00
4.958000000000000185e-01	2.119868261490379879e+00
4.994000000000000106e-01	2.051205365543730785e+00
5.030000000000000027e-01	1.924494034940590570e+00
5.066000000000000503e-01	1.961092402906861265e+00
5.101999999999999869e-01	2.112663377396918563e+00
5.138000000000000345e-01	1.500084544480088544e+00
5.173999999999999710e-01	1.481248217153815050e+00
5.210000000000000187e-01	1.367872848236649785e+00
5.245999999999999552e-01	1.221036318476458771e+00
5.282999999999999918e-01	9.042647845962472619e-01
5.319000000000000394e-01	5.737918540353185159e-01
5.354999999999999760e-01	4.596403547491157426e-01
5.391000000000000236e-01	3.823778950359208451e-01
5.426999999999999602e-01	3.728051348812758681e-01
5.463000000000000078e-01	7.663803724242936877e-01
5.499000000000000554e-01	1.749546632781394440e+00
5.534999999999999920e-01	2.542035499128338927e+00
5.571000000000000396e-01	3.371560188287689996e+00
5.606999999999999762e-01	3.477153180026018475e+00
5.643000000000000238e-01	3.763016186476647817e+00
5.678999999999999604e-01	3.309688797217402279e+00
5.715000000000000080e-01	3.115397072701612480e+00
5.752000000000000446e-01	3.004567367981146653e+00
5.787999999999999812e-01	2.880043741271034019e+00
5.824000000000000288e-01	2.942125688701787034e+00
5.859999999999999654e-01	3.207627092138349845e+00
5.896000000000000130e-01	3.691817299238207895e+00
5.931999999999999496e-01	3.638096767449870761e+00
5.967999999999999972e-01	3.923645652687069330e+00
6.004000000000000448e-01	3.836860609297012559e+00
6.039999999999999813e-01	3.904130260261931440e+00
6.076000000000000290e-01	4.138306776459578451e+00
6.111999999999999655e-01	3.891450437355348679e+00
6.148000000000000131e-01	3.788540304976012241e+00
6.183999999999999497e-01	3.747322391635478755e+00
6.219999999999999973e-01	3.482223654465554930e+00
6.257000000000000339e-01	3.436056149540771987e+00
6.292999999999999705e-01	3.611724653347442970e+00
6.329000000000000181e-01	2.973960904486934176e+00
6.364999999999999547e-01	3.254992334351195726e+00
6.401000000000000023e-01	2.770286762422343063e+00
6.437000000000000499e-01	2.663855582618718465e+00
6.472999999999999865e-01	2.796992516724694955e+00
6.509000000000000341e-01	2.678156538484893989e+00
6.544999999999999707e-01	3.027499251064909913e+00
6.581000000000000183e-01	3.122199366897860706e+00
6.616999999999999549e-01	3.188083833280553669e+00
6.653000000000000025e-01	3.426431400373089353e+00
6.689000000000000501e-01	3.511046644877847456e+00
6.724999999999999867e-01	3.917176586696903495e+00
6.762000000000000233e-01	4.085525031234231719e+00
6.797999999999999599e-01	4.069557555976519581e+00
6.834000000000000075e-01	4.537285589328905466e+00
6.870000000000000551e-01	4.867945054278295380e+00
6.905999999999999917e-01	5.066504527756441334e+00
6.942000000000000393e-01	5.098412607101605154e+00
6.977999999999999758e-01	5.699236183999572880e+00
7.014000000000000234e-01	5.662924386523289222e+00
7.049999999999999600e-01	5.646719749718831949e+00
7.086000000000000076e-01	5.635101621806878569e+00
7.122000000000000552e-01	5.400165494362018315e+00
7.157999999999999918e-01	5.417027490419442870e+00
7.194000000000000394e-01	5.534258477081126060e+00
7.229999999999999760e-01	5.485750510326873552e+00
7.267000000000000126e-01	5.280668680026732176e+00
7.302999999999999492e-01	5.007490723261694754e+00
7.338999999999999968e-01	5.172392293848224298e+00
7.375000000000000444e-01	5.124832723273995860e+00
7.410999999999999810e-01	4.961437140363329945e+00
7.447000000000000286e-01	5.449573993491608093e+00
7.482999999999999652e-01	5.473260094092860406e+00
7.519000000000000128e-01	5.461352536958209214e+00
7.554999999999999494e-01	5.459869328430119850e+00
7.590999999999999970e-01	5.665948348165420256e+00
7.627000000000000446e-01	5.157936768673571315e+00
7.662999999999999812e-01	4.844807148402964003e+00
7.699000000000000288e-01	4.374801567261742186e+00
7.734999999999999654e-01	4.505879753660202880e+00
7.772000000000000020e-01	4.470664796141860187e+00
7.808000000000000496e-01	4.710432623441118238e+00
7.843999999999999861e-01	4.855873800146536468e+00
7.880000000000000338e-01	5.113047453603939196e+00
7.915999999999999703e-01	4.924780312124024562e+00
7.952000000000000179e-01	5.450656673897263715e+00
7.987999999999999545e-01	5.695748019030440368e+00
8.024000000000000021e-01	5.475696178365280886e+00
8.060000000000000497e-01	5.700073917672178858e+00
8.095999999999999863e-01	5.849361151803657677e+00
8.132000000000000339e-01	5.984475673088917702e+00
8.167999999999999705e-01	6.078084663935110932e+00
8.204000000000000181e-01	5.873374079038903517e+00
8.239999999999999547e-01	5.834560107005782648e+00
8.276999999999999913e-01	5.803160307083377489e+00
8.313000000000000389e-01	5.621831423854374954e+00
8.348999999999999755e-01	5.448186083220512899e+00
8.385000000000000231e-01	5.446404283963543591e+00
8.420999999999999597e-01	5.317534862739079493e+00
8.457000000000000073e-01	5.419338368418652685e+00
8.493000000000000549e-01	5.323728721193626612e+00
8.528999999999999915e-01	5.415507689165932170e+00
8.565000000000000391e-01	5.452057932326501266e+00
8.600999999999999757e-01	5.224152584013887157e+00
8.637000000000000233e-01	4.968023678322236236e+00
8.672999999999999599e-01	5.377980561131574078e+00
8.709000000000000075e-01	5.124857407709886736e+00
8.745000000000000551e-01	5.266229936249173349e+00
8.781999999999999806e-01	5.389235413799338126e+00
8.818000000000000282e-01	5.609549799054246222e+00
8.853999999999999648e-01	5.866254396902354173e+00
8.890000000000000124e-01	5.929875245754988811e+00
8.925999999999999490e-01	6.427403854131730654e+00
8.961999999999999966e-01	6.272157825033030321e+00
8.998000000000000442e-01	6.544703329876039533e+00
9.033999999999999808e-01	6.612920019213360590e+00
9.070000000000000284e-01	6.707731361154499972e+00
9.105999999999999650e-01	6.463446631488174887e+00
9.142000000000000126e-01	6.727740186394773225e+00
9.177999999999999492e-01	6.506218765519755642e+00
9.213999999999999968e-01	6.780462514089188097e+00
9.251000000000000334e-01	6.718685852384054691e+00
9.286999999999999700e-01	6.630854562987291700e+00
9.323000000000000176e-01	6.671272164061279319e+00
9.358999999999999542e-01	6.906545343852911856e+00
9.395000000000000018e-01	6.685033519445529926e+00
9.431000000000000494e-01	6.648393709149619468e+00
9.466999999999999860e-01	6.857690203394658290e+00
9.503000000000000336e-01	6.790368256264423863e+00
9.538999999999999702e-01	6.658572112634738360e+00
9.575000000000000178e-01	6.691688921390388956e+00
9.610999999999999543e-01	6.478493275368556681e+00
9.647000000000000020e-01	6.507288039950794634e+00
9.683000000000000496e-01	6.479150539915767837e+00
9.718999999999999861e-01	6.404371054690681575e+00
9.756000000000000227e-01	6.471779105193800063e+00
9.791999999999999593e-01	6.374042601243405493e+00
9.828000000000000069e-01	6.591388416239878367e+00
9.864000000000000545e-01	6.724947879689483266e+00
9.899999999999999911e-01	7.173549421478974786e+00
9.936000000000000387e-01	7.023163646595515175e+00
9.971999999999999753e-01	7.054349082875281951e+00
1.000799999999999912e+00	7.266940285643879172e+00
1.004399999999999959e+00	7.415686547683600693e+00
1.008000000000000007e+00	7.080253060627764938e+00
1.011600000000000055e+00	7.305092555152435274e+00
1.015200000000000102e+00	7.359502102134248602e+00
1.018799999999999928e+00	7.671190580937955694e+00
1.022399999999999975e+00	7.445507963018547670e+00
1.026100000000000012e+00	7.342836427052849224e+00
1.029700000000000060e+00	7.594436468801762707e+00
1.033300000000000107e+00	7.948739946728707650e+00
1.036899999999999933e+00	7.726715530790073672e+00
1.040499999999999980e+00	7.839552089798694112e+00
1.044100000000000028e+00	7.665959729712652937e+00
1.047700000000000076e+00	7.622774944724968194e+00
1.051299999999999901e+00	7.594357407621483702e+00
1.054899999999999949e+00	7.229242262347477244e+00
1.058499999999999996e+00	7.103427517448354322e+00
1.062100000000000044e+00	7.264097602427208145e+00
1.065700000000000092e+00	7.162657451985471546e+00
1.069299999999999917e+00	6.732204977770910759e+00
1.072899999999999965e+00	6.470672701218767919e+00
1.076600000000000001e+00	6.102706343644664244e+00
1.080200000000000049e+00	5.823880918708853827e+00
1.083800000000000097e+00	6.382298846451109675e+00
1.087399999999999922e+00	7.735181340860170174e+00
1.090999999999999970e+00	9.704157632493425112e+00
1.094600000000000017e+00	1.183675902060193685e+01
1.098200000000000065e+00	1.333361791887844561e+01
1.101799999999999891e+00	1.410333549101801331e+01
1.105399999999999938e+00	1.367523729631220597e+01
1.108999999999999986e+00	1.249695839356290605e+01
1.112600000000000033e+00	1.116150351869701396e+01
1.116200000000000081e+00	1.010821244722482426e+01
1.119799999999999907e+00	9.141136424287648055e+00
1.123399999999999954e+00	8.653028335033686957e+00
1.127099999999999991e+00	8.288767364127783921e+00
1.130700000000000038e+00	8.006689342126398046e+00
1.134300000000000086e+00	7.288321882605081292e+00
1.137899999999999912e+00	7.176250836684998191e+00
1.141499999999999959e+00	7.937673111171096529e+00
1.145100000000000007e+00	8.745848767633452425e+00
1.148700000000000054e+00	1.061685480755719801e+01
1.152300000000000102e+00	1.313510502189686058e+01
1.155899999999999928e+00	1.475951806690699719e+01
1.159499999999999975e+00	1.595907957480920381e+01
1.163100000000000023e+00	1.523050871643925852e+01
1.166700000000000070e+00	1.362749945698530851e+01
1.170299999999999896e+00	1.126717923641101926e+01
1.173899999999999944e+00	9.072032717171152782e+00
1.177599999999999980e+00	8.063251341997508703e+00
1.181200000000000028e+00	7.598818992573178832e+00
1.184800000000000075e+00	7.684563872454114097e+00
1.188399999999999901e+00	8.616204587451779418e+00
1.191999999999999948e+00	9.195515132300901229e+00
1.195599999999999996e+00	1.042992298778488269e+01
1.199200000000000044e+00	1.110205995606499130e+01
1.202800000000000091e+00	1.137426563730513429e+01
1.206399999999999917e+00	1.131695047300916634e+01
1.209999999999999964e+00	1.111390600677026796e+01
1.213600000000000012e+00	1.079522328009007737e+01
1.217200000000000060e+00	1.041642516454383305e+01
1.220800000000000107e+00	1.054403010913876670e+01
1.224399999999999933e+00	1.036222491608796936e+01
1.228099999999999969e+00	1.087400766360109650e+01
1.231700000000000017e+00	1.133603191909302765e+01
1.235300000000000065e+00	1.174452726756059384e+01
1.238899999999999890e+00	1.225246340345763230e+01
1.242499999999999938e+00	1.208928070355251272e+01
1.246099999999999985e+00	1.228293768627412241e+01
1.249700000000000033e+00	1.222977787378925107e+01
1.253300000000000081e+00	1.213854771952106049e+01
1.256899999999999906e+00	1.241110354279246764e+01
1.260499999999999954e+00	1.244989416642277114e+01
1.264100000000000001e+00	1.259574597868371093e+01
1.267700000000000049e+00	1.265490632345762201e+01
1.271300000000000097e+00	1.261298957060147607e+01
1.274899999999999922e+00	1.283836175454775486e+01
1.278599999999999959e+00	1.262383807661458590e+01
1.282200000000000006e+00	1.282634361842886683e+01
1.285800000000000054e+00	1.282248176904364101e+01
1.289400000000000102e+00	1.252627604813244311e+01
1.292999999999999927e+00	1.284021643648693711e+01
1.296599999999999975e+00	1.271105369588828360e+01
1.300200000000000022e+00	1.300821965089176935e+01
1.303800000000000070e+00	1.316308538955351715e+01
1.307399999999999896e+00	1.323544430810947325e+01
1.310999999999999943e+00	1.322121466215904562e+01
1.314599999999999991e+00	1.388028167158148385e+01
1.318200000000000038e+00	1.368605189629415264e+01
1.321800000000000086e+00	1.336864922856919335e+01
1.325499999999999901e+00	1.341331910108836034e+01
1.329099999999999948e+00	1.373593187112600589e+01
1.332699999999999996e+00	1.338529189053488366e+01
1.336300000000000043e+00	1.325463548390045787e+01
1.339900000000000091e+00	1.334169607257389067e+01
1.343499999999999917e+00	1.344161044046169273e+01
1.347099999999999964e+00	1.345365897380032116e+01
1.350700000000000012e+00	1.392773513463205859e+01
1.354300000000000059e+00	1.421037441570933346e+01
1.357900000000000107e+00	1.397061518271940095e+01
1.361499999999999932e+00	1.427383044926811095e+01
1.365099999999999980e+00	1.421453774267375714e+01
1.368700000000000028e+00	1.420244201826686137e+01
1.372300000000000075e+00	1.395975105436090580e+01
1.375999999999999890e+00	1.423973887611905376e+01
1.379599999999999937e+00	1.403515853884039544e+01
1.383199999999999985e+00	1.368128683036976412e+01
1.386800000000000033e+00	1.369327269666766256e+01
1.390400000000000080e+00	1.352013236723691847e+01
1.393999999999999906e+00	1.375542757577577291e+01
1.397599999999999953e+00	1.394821141637943818e+01
1.401200000000000001e+00	1.493259886883838483e+01
1.404800000000000049e+00	1.612294638035553263e+01
1.408400000000000096e+00	1.762378474097610592e+01
1.411999999999999922e+00	1.841997955078381111e+01
1.415599999999999969e+00	1.906051511488881545e+01
1.419200000000000017e+00	1.872246301373719390e+01
1.422800000000000065e+00	1.793681711955389346e+01
1.426500000000000101e+00	1.710440122830359044e+01
1.430099999999999927e+00	1.614310735350402481e+01
1.433699999999999974e+00	1.584623418430508046e+01
1.437300000000000022e+00	1.542939370652555198e+01
1.440900000000000070e+00	1.553281714808271552e+01
1.444499999999999895e+00	1.539321846673144201e+01
1.448099999999999943e+00	1.529006003736291142e+01
1.451699999999999990e+00	1.512942276248463891e+01
1.455300000000000038e+00	1.545001576662505371e+01
1.458900000000000086e+00	1.536753789104260370e+01
1.462499999999999911e+00	1.538668317805773178e+01
1.466099999999999959e+00	1.572842777290143346e+01
1.469700000000000006e+00	1.634787111941459514e+01
1.473300000000000054e+00	1.682026078366074628e+01
1.477000000000000091e+00	1.709403972987230702e+01
1.480599999999999916e+00	1.738379851815161814e+01
1.484199999999999964e+00	1.712406061887341835e+01
1.487800000000000011e+00	1.693439171339625915e+01
1.491400000000000059e+00	1.682197508942850916e+01
1.495000000000000107e+00	1.700689542536943222e+01
1.498599999999999932e+00	1.691774242548869367e+01
1.502199999999999980e+00	1.713623837057607702e+01
1.505800000000000027e+00	1.716624286219651552e+01
1.509400000000000075e+00	1.749567873049460687e+01
1.512999999999999901e+00	1.753917125784001030e+01
1.516599999999999948e+00	1.781474953904499969e+01
1.520199999999999996e+00	1.790577047119885989e+01
1.523800000000000043e+00	1.801635118538337466e+01
1.527500000000000080e+00	1.830761535190292477e+01
1.531099999999999905e+00	1.856565930845430756e+01
1.534699999999999953e+00	1.863791588906083163e+01
1.538300000000000001e+00	1.854943263358304151e+01
1.541900000000000048e+00	1.835392573166901187e+01
1.545500000000000096e+00	1.847612966015266167e+01
1.549099999999999921e+00	1.821716421988314139e+01
1.552699999999999969e+00	1.826446506228732858e+01
1.556300000000000017e+00	1.839290438810537154e+01
1.559900000000000064e+00	1.879355241934701937e+01
1.563499999999999890e+00	1.890697248681629006e+01
1.567099999999999937e+00	1.904267137844720992e+01
1.570699999999999985e+00	1.941279184658106871e+01
1.574300000000000033e+00	1.944960384669645848e+01
1.578000000000000069e+00	1.922852522924586793e+01
1.581599999999999895e+00	1.976031476732478964e+01
1.585199999999999942e+00	2.006947460118165694e+01
1.588799999999999990e+00	2.024564767400594434e+01
1.592400000000000038e+00	2.064064497511776253e+01
1.596000000000000085e+00	2.064695231690379984e+01
1.599599999999999911e+00	2.076173171648380844e+01
1.603199999999999958e+00	2.092609082855217650e+01
1.606800000000000006e+00	2.081090053831810494e+01
1.610400000000000054e+00	2.073348191035272592e+01
1.614000000000000101e+00	2.080522378417016682e+01
1.617599999999999927e+00	2.073360433924959523e+01
1.621199999999999974e+00	2.091739301552119912e+01
1.624800000000000022e+00	2.037620542894339692e+01
1.628500000000000059e+00	2.027271905211412317e+01
1.632100000000000106e+00	2.009195362187763578e+01
1.635699999999999932e+00	2.000961908580819681e+01
1.639299999999999979e+00	1.943349094396982935e+01
1.642900000000000027e+00	1.940315941882315443e+01
1.646500000000000075e+00	1.964197447222702664e+01
1.650099999999999900e+00	2.068856197037023392e+01
1.653699999999999948e+00	2.296409189356324987e+01
1.657299999999999995e+00	2.657070896850853714e+01
1.660900000000000043e+00	3.148833993551468069e+01
1.664500000000000091e+00	3.558387584540714954e+01
1.668099999999999916e+00	3.813091449593348159e+01
1.671699999999999964e+00	3.725477827594866653e+01
1.675400000000000000e+00	3.345972135564522176e+01
1.679000000000000048e+00	2.811479285699207509e+01
1.682600000000000096e+00	2.262760498955688249e+01
1.686199999999999921e+00	1.820191727898936307e+01
1.689799999999999969e+00	1.597047871293801791e+01
1.693400000000000016e+00	1.608635912759716646e+01
1.697000000000000064e+00	1.784450951334024182e+01
1.700599999999999890e+00	2.157826757199752521e+01
1.704199999999999937e+00	2.691723876329846732e+01
1.707799999999999985e+00	3.215320123501190608e+01
1.711400000000000032e+00	3.634657900924459994e+01
1.715000000000000080e+00	3.741292457545395678e+01
1.718599999999999905e+00	3.486826530589797812e+01
1.722199999999999953e+00	3.005632769250911096e+01
1.725899999999999990e+00	2.455272486897866457e+01
1.729500000000000037e+00	1.956463992108028904e+01
1.733100000000000085e+00	1.743979446384183163e+01
1.736699999999999910e+00	1.724142186808498067e+01
1.740299999999999958e+00	1.804981140649323024e+01
1.743900000000000006e+00	1.987475247562053582e+01
1.747500000000000053e+00	2.140759746810367758e+01
1.751100000000000101e+00	2.180702311976117969e+01
1.754699999999999926e+00	2.244857464691262194e+01
1.758299999999999974e+00	2.254782906851419000e+01
1.761900000000000022e+00	2.253641739380538311e+01
1.765500000000000069e+00	2.241086773132894194e+01
1.769099999999999895e+00	2.206933300720698909e+01
1.772699999999999942e+00	2.220123830951923694e+01
1.776399999999999979e+00	2.237577863062633909e+01
1.780000000000000027e+00	2.267590356204959789e+01
1.783600000000000074e+00	2.276121920277825694e+01
1.787199999999999900e+00	2.328065602214321217e+01
1.790799999999999947e+00	2.337484367357082959e+01
1.794399999999999995e+00	2.349230691143966254e+01
1.798000000000000043e+00	2.298914511640964520e+01
1.801600000000000090e+00	2.288050221561787723e+01
1.805199999999999916e+00	2.248737434779040001e+01
1.808799999999999963e+00	2.245134331092260638e+01
1.812400000000000011e+00	2.191781091459608533e+01
1.816000000000000059e+00	2.161268973130753324e+01
1.819600000000000106e+00	2.105293502072362699e+01
1.823199999999999932e+00	2.034888861865172416e+01
1.826899999999999968e+00	1.938490392444948185e+01
1.830500000000000016e+00	1.827522267788195620e+01
1.834100000000000064e+00	1.732416719413003747e+01
1.837699999999999889e+00	1.681381102866731680e+01
1.841299999999999937e+00	1.664937472718315803e+01
1.844899999999999984e+00	1.689260604028444490e+01
1.848500000000000032e+00	1.715510061029673849e+01
1.852100000000000080e+00	1.848022452772599067e+01
1.855699999999999905e+00	2.037918185430537577e+01
1.859299999999999953e+00	2.212955191777093589e+01
1.862900000000000000e+00	2.351387641422664032e+01
1.866500000000000048e+00	2.384396075895729084e+01
1.870100000000000096e+00	2.324856971505822401e+01
1.873699999999999921e+00	2.168848966770540088e+01
1.877399999999999958e+00	2.042048274643815375e+01
1.881000000000000005e+00	1.899437201516579776e+01
1.884600000000000053e+00	1.790973023483369886e+01
1.888200000000000101e+00	1.708331928544368949e+01
1.891799999999999926e+00	1.679695322272822011e+01
1.895399999999999974e+00	1.647990069824190584e+01
1.899000000000000021e+00	1.683700773872782008e+01
1.902600000000000069e+00	1.716868023044055747e+01
1.906199999999999894e+00	1.803969349883026752e+01
1.909799999999999942e+00	1.891642191283102292e+01
1.913399999999999990e+00	1.981945649680925925e+01
1.917000000000000037e+00	2.045595729841859622e+01
1.920600000000000085e+00	2.142830973179530929e+01
1.924199999999999910e+00	2.169123148084273467e+01
1.927899999999999947e+00	2.151258469170213061e+01
1.931499999999999995e+00	2.141011849263197320e+01
1.935100000000000042e+00	2.090188282277052423e+01
1.938700000000000090e+00	2.064146687756113252e+01
1.942299999999999915e+00	2.070359032169130842e+01
1.945899999999999963e+00	2.118657958595945345e+01
1.949500000000000011e+00	2.153463322217393738e+01
1.953100000000000058e+00	2.202555360305262155e+01
1.956700000000000106e+00	2.220165997227794108e+01
1.960299999999999931e+00	2.187703522684951096e+01
1.963899999999999979e+00	2.156664773483493391e+01
1.967500000000000027e+00	2.152554976906119322e+01
1.971100000000000074e+00	2.169450682015425258e+01
1.974699999999999900e+00	2.247500257388572464e+01
1.978399999999999936e+00	2.322827949279212945e+01
1.981999999999999984e+00	2.431784030465035329e+01
1.985600000000000032e+00	2.487205061116139859e+01
1.989200000000000079e+00	2.500275700746612273e+01
1.992799999999999905e+00	2.478147427289096427e+01
1.996399999999999952e+00	2.402157332794068978e+01
2.000000000000000000e+00	2.188586387082242979e+01
