2.000000000000000111e-01	-1.883668802430669142e+00
2.036000000000000032e-01	-1.850909536470781713e+00
2.071999999999999953e-01	-2.033948066228668861e+00
2.107999999999999874e-01	-2.530152608767590738e+00
2.144000000000000072e-01	-2.660192464485254149e+00
2.179999999999999993e-01	-1.802237152425949951e+00
2.215999999999999914e-01	-1.106640972358534203e+00
2.253000000000000003e-01	-2.176039231211459590e+00
2.288999999999999924e-01	-1.430684102297295146e+00
2.325000000000000122e-01	-1.690720441817441300e+00
2.361000000000000043e-01	-2.206838144983723549e+00
2.396999999999999964e-01	-1.641059826568080027e+00
2.432999999999999885e-01	-1.374243271945006173e+00
2.469000000000000083e-01	1.177501745416147383e-01
2.505000000000000004e-01	-6.284414085554037577e-01
2.540999999999999925e-01	-4.589744682664337327e-01
2.576999999999999846e-01	-2.103826139555257102e-01
2.612999999999999767e-01	2.411850331163786221e-01
2.649000000000000243e-01	-4.393816690405301650e-01
2.685000000000000164e-01	5.567359333163179880e-02
2.721000000000000085e-01	3.963396727593662683e-01
2.757999999999999896e-01	-4.017930283135586755e-01
2.793999999999999817e-01	8.344349968551828534e-02
2.829999999999999738e-01	1.050406061141274383e-01
2.866000000000000214e-01	3.796569564381194195e-01
2.902000000000000135e-01	3.169279460066334875e-02
2.938000000000000056e-01	-3.048493317808746439e-01
2.973999999999999977e-01	-5.390922465114034168e-01
3.009999999999999898e-01	-4.581888681422964238e-01
3.045999999999999819e-01	-6.912546712123408543e-01
3.081999999999999740e-01	-3.577979352197324658e-01
3.118000000000000216e-01	-9.055953616056887645e-01
3.154000000000000137e-01	-9.023018773143849369e-01
3.190000000000000058e-01	-7.488219429062592525e-01
3.225999999999999979e-01	-6.878359193121864612e-01
3.262999999999999790e-01	-1.097876327197059743e+00
3.299000000000000266e-01	-4.564058193155939858e-01
3.335000000000000187e-01	-1.205887840919995568e+00
3.371000000000000107e-01	-4.901212718336234175e-01
3.407000000000000028e-01	-8.924191691403344784e-01
3.442999999999999949e-01	-8.718998882610905499e-01
3.478999999999999870e-01	-6.165742526612050245e-01
3.514999999999999791e-01	-8.009289713967981950e-02
3.551000000000000267e-01	1.171580921207857617e-01
3.587000000000000188e-01	-2.747866340522654438e-01
3.623000000000000109e-01	4.546115811092812931e-01
3.659000000000000030e-01	7.293260420992861426e-02
3.694999999999999951e-01	3.237404971884877969e-01
3.730999999999999872e-01	6.083787747846476357e-01
3.768000000000000238e-01	1.061187449842945441e+00
3.804000000000000159e-01	9.177269744230848181e-01
3.840000000000000080e-01	9.905997460645101782e-01
3.876000000000000001e-01	6.384556993027519223e-01
3.911999999999999922e-01	1.524273958222217118e+00
3.947999999999999843e-01	1.093463937826777643e+00
3.983999999999999764e-01	9.581339595457064595e-01
4.020000000000000240e-01	1.911281025784287824e+00
4.056000000000000161e-01	9.922011850796964572e-01
4.092000000000000082e-01	4.362803333077501233e-01
4.128000000000000003e-01	1.237231486456899399e+00
4.163999999999999924e-01	2.906444375809854042e-01
4.199999999999999845e-01	1.050355609225003484e+00
4.235999999999999766e-01	-2.260081206814949506e-01
4.273000000000000131e-01	-6.156982129088389710e-02
4.309000000000000052e-01	-1.948539517859764203e-01
4.344999999999999973e-01	-6.175004895737373767e-02
4.380999999999999894e-01	-3.444529754609126360e-01
4.416999999999999815e-01	-4.545239461943208492e-01
4.452999999999999736e-01	-3.187165906766171730e-01
4.489000000000000212e-01	-3.287462875695842945e-01
4.525000000000000133e-01	5.321631789708741733e-01
4.561000000000000054e-01	4.847667519455096108e-01
4.596999999999999975e-01	6.173012020702822733e-02
4.632999999999999896e-01	1.013627165520473827e+00
4.668999999999999817e-01	6.550264024838906574e-01
4.704999999999999738e-01	1.396057227576562587e+00
4.741000000000000214e-01	1.318835438960377360e+00
4.778000000000000025e-01	1.951491930268811181e+00
4.813999999999999946e-01	2.294949985235308798e+00
4.849999999999999867e-01	2.173816535322838472e+00
4.885999999999999788e-01	2.777771175191963593e+00
4.922000000000000264e-01	2.203660242981515971e+00
4.958000000000000185e-01	3.194615855917835479e+00
4.994000000000000106e-01	2.921161342576040099e+00
5.030000000000000027e-01	2.604667183500696925e+00
5.066000000000000503e-01	2.734412827521637723e+00
5.101999999999999869e-01	2.000004728057245273e+00
5.138000000000000345e-01	2.145950005293717933e+00
5.173999999999999710e-01	2.226661677273321871e+00
5.210000000000000187e-01	1.598284268944376141e+00
5.245999999999999552e-01	1.528588984097335679e+00
5.282999999999999918e-01	1.558741736931627209e+00
5.319000000000000394e-01	1.089935831172804459e+00
5.354999999999999760e-01	5.552984674080132521e-01
5.391000000000000236e-01	6.750134477005897971e-01
5.426999999999999602e-01	1.265048092668869639e+00
5.463000000000000078e-01	9.366738283750193350e-01
5.499000000000000554e-01	1.737597808908984742e+00
5.534999999999999920e-01	2.099607517905359266e+00
5.571000000000000396e-01	3.336772017016922831e+00
5.606999999999999762e-01	2.379088029520479708e+00
5.643000000000000238e-01	3.288549159676594780e+00
5.678999999999999604e-01	3.143158764137493844e+00
5.715000000000000080e-01	3.082130982325905766e+00
5.752000000000000446e-01	3.003817498623495119e+00
5.787999999999999812e-01	3.640032731091562113e+00
5.824000000000000288e-01	3.466350555580736348e+00
5.859999999999999654e-01	3.873398993487663589e+00
5.896000000000000130e-01	3.810194595569502241e+00
5.931999999999999496e-01	4.241359461586828417e+00
5.967999999999999972e-01	4.595064366980793125e+00
6.004000000000000448e-01	3.862092063228503847e+00
6.039999999999999813e-01	4.213480679376107041e+00
6.076000000000000290e-01	4.107742428108122290e+00
6.111999999999999655e-01	4.184110919410333196e+00
6.148000000000000131e-01	3.469269029114233849e+00
6.183999999999999497e-01	4.552730711163180288e+00
6.219999999999999973e-01	3.616516926774128393e+00
6.257000000000000339e-01	3.892399282837386121e+00
6.292999999999999705e-01	4.122197842427326009e+00
6.329000000000000181e-01	3.672396162345716419e+00
6.364999999999999547e-01	3.771864890039392293e+00
6.401000000000000023e-01	2.919694705157048098e+00
6.437000000000000499e-01	3.129676466439971438e+00
6.472999999999999865e-01	2.607625126393285253e+00
6.509000000000000341e-01	3.606211010169783737e+00
6.544999999999999707e-01	2.959322999817004085e+00
6.581000000000000183e-01	4.203350787494301244e+00
6.616999999999999549e-01	3.484384773743430141e+00
6.653000000000000025e-01	4.509258906465086980e+00
6.689000000000000501e-01	4.765656876521605412e+00
6.724999999999999867e-01	4.052001842766247641e+00
6.762000000000000233e-01	4.634580393832392176e+00
6.797999999999999599e-01	4.674277996118413547e+00
6.834000000000000075e-01	4.965069031375665354e+00
6.870000000000000551e-01	5.216791632999732364e+00
6.905999999999999917e-01	5.674681853877760140e+00
6.942000000000000393e-01	5.379948865317008888e+00
6.977999999999999758e-01	5.820719079917850536e+00
7.014000000000000234e-01	5.809353428645171569e+00
7.049999999999999600e-01	6.463981627274205444e+00
7.086000000000000076e-01	6.294531305650599151e+00
7.122000000000000552e-01	6.110205937537413590e+00
7.157999999999999918e-01	5.839235499753611336e+00
7.194000000000000394e-01	6.169374630745865673e+00
7.229999999999999760e-01	5.765239494723775948e+00
7.267000000000000126e-01	5.450554875941501898e+00
7.302999999999999492e-01	5.485742880029790491e+00
7.338999999999999968e-01	5.682619454634100897e+00
7.375000000000000444e-01	5.688946704110565022e+00
7.410999999999999810e-01	5.173184992716370445e+00
7.447000000000000286e-01	5.062411625479433575e+00
7.482999999999999652e-01	5.621137267831101347e+00
7.519000000000000128e-01	5.055282675842367013e+00
7.554999999999999494e-01	5.548484646106340179e+00
7.590999999999999970e-01	5.931622979530094320e+00
7.627000000000000446e-01	5.575861327955740521e+00
7.662999999999999812e-01	4.643630019548329990e+00
7.699000000000000288e-01	5.367332926635541845e+00
7.734999999999999654e-01	4.280765185402164441e+00
7.772000000000000020e-01	4.560840757742342433e+00
7.808000000000000496e-01	5.503254217072787391e+00
7.843999999999999861e-01	5.139448617504998040e+00
7.880000000000000338e-01	5.877772179348691672e+00
7.915999999999999703e-01	5.827187786071339026e+00
7.952000000000000179e-01	6.139815688615347433e+00
7.987999999999999545e-01	5.701397775956207781e+00
8.024000000000000021e-01	6.127232984770619062e+00
8.060000000000000497e-01	6.446378166010354072e+00
8.095999999999999863e-01	5.853908141834738288e+00
8.132000000000000339e-01	6.832802978017706863e+00
8.167999999999999705e-01	6.667852466285706825e+00
8.204000000000000181e-01	6.318452624261053252e+00
8.239999999999999547e-01	6.671917130456642475e+00
8.276999999999999913e-01	6.478166331107622966e+00
8.313000000000000389e-01	5.904660676681783293e+00
8.348999999999999755e-01	6.041080008888719988e+00
8.385000000000000231e-01	5.675100052833188968e+00
8.420999999999999597e-01	5.666759695695385624e+00
8.457000000000000073e-01	5.837671771104990803e+00
8.493000000000000549e-01	5.681247318899975696e+00
8.528999999999999915e-01	5.962560693475960960e+00
8.565000000000000391e-01	6.123008846988579279e+00
8.600999999999999757e-01	5.724180744737292770e+00
8.637000000000000233e-01	6.183310446872756216e+00
8.672999999999999599e-01	5.697786847312462655e+00
8.709000000000000075e-01	5.466534757487084839e+00
8.745000000000000551e-01	5.664448382078855815e+00
8.781999999999999806e-01	6.116943517623639082e+00
8.818000000000000282e-01	6.081183202926946585e+00
8.853999999999999648e-01	6.072218876813333388e+00
8.890000000000000124e-01	6.652442762533040010e+00
8.925999999999999490e-01	6.575048091286141094e+00
8.961999999999999966e-01	6.621707964321516648e+00
8.998000000000000442e-01	7.115690058869439838e+00
9.033999999999999808e-01	6.949660053324635989e+00
9.070000000000000284e-01	7.436599524669365913e+00
9.105999999999999650e-01	6.959502604165567874e+00
9.142000000000000126e-01	7.807831726047512078e+00
9.177999999999999492e-01	7.346604777571814182e+00
9.213999999999999968e-01	6.908727328130516376e+00
9.251000000000000334e-01	7.654472222467770592e+00
9.286999999999999700e-01	6.332503276210855958e+00
9.323000000000000176e-01	7.171048860319155338e+00
9.358999999999999542e-01	7.421169941666867054e+00
9.395000000000000018e-01	7.255270764211777745e+00
9.431000000000000494e-01	7.217668845928596255e+00
9.466999999999999860e-01	7.614140375510549674e+00
9.503000000000000336e-01	7.694471782598487408e+00
9.538999999999999702e-01	7.165175843846212977e+00
9.575000000000000178e-01	7.235819801345654945e+00
9.610999999999999543e-01	7.111505541205723979e+00
9.647000000000000020e-01	6.895363197281362488e+00
9.683000000000000496e-01	7.025704800200760047e+00
9.718999999999999861e-01	7.279518573317146135e+00
9.756000000000000227e-01	7.029476673208877813e+00
9.791999999999999593e-01	6.906282551163573480e+00
9.828000000000000069e-01	7.338440062143893883e+00
9.864000000000000545e-01	7.863152870741330958e+00
9.899999999999999911e-01	7.197733297472904468e+00
9.936000000000000387e-01	7.735429219810491475e+00
9.971999999999999753e-01	7.602126130249555302e+00
1.000799999999999912e+00	7.656195097392936688e+00
1.004399999999999959e+00	8.256000524028973331e+00
1.008000000000000007e+00	8.037121183199557706e+00
1.011600000000000055e+00	7.955135149466244116e+00
1.015200000000000102e+00	7.780584742470964876e+00
1.018799999999999928e+00	7.513677830003760327e+00
1.022399999999999975e+00	8.189205317058910083e+00
1.026100000000000012e+00	8.568300853306883624e+00
1.029700000000000060e+00	8.330714585675162098e+00
1.033300000000000107e+00	8.263014323123345051e+00
1.036899999999999933e+00	7.871134935105360775e+00
1.040499999999999980e+00	8.613559853963183244e+00
1.044100000000000028e+00	8.875212492009639575e+00
1.047700000000000076e+00	8.141694358280167521e+00
1.051299999999999901e+00	8.214504844399858285e+00
1.054899999999999949e+00	7.504760222452225626e+00
1.058499999999999996e+00	7.507597585087007808e+00
1.062100000000000044e+00	8.008234737229338762e+00
1.065700000000000092e+00	7.682335892775572717e+00
1.069299999999999917e+00	6.989061888233284670e+00
1.072899999999999965e+00	7.433111417403439170e+00
1.076600000000000001e+00	6.628049076724280120e+00
1.080200000000000049e+00	6.926682593930730825e+00
1.083800000000000097e+00	7.632467668481522693e+00
1.087399999999999922e+00	8.126191579961712819e+00
1.090999999999999970e+00	9.060727711205295520e+00
1.094600000000000017e+00	1.029666289926274203e+01
1.098200000000000065e+00	1.219643981798090060e+01
1.101799999999999891e+00	1.215593677774674752e+01
1.105399999999999938e+00	1.183146812119142233e+01
1.108999999999999986e+00	1.072416473584286578e+01
1.112600000000000033e+00	1.081496495984862172e+01
1.116200000000000081e+00	9.197736790158252518e+00
1.119799999999999907e+00	9.080144683366150105e+00
1.123399999999999954e+00	8.976925961697556744e+00
1.127099999999999991e+00	8.963214044531488511e+00
1.130700000000000038e+00	8.271797753327092551e+00
1.134300000000000086e+00	8.588515794014877969e+00
1.137899999999999912e+00	9.052936208736213075e+00
1.141499999999999959e+00	7.720215713255098144e+00
1.145100000000000007e+00	9.046946246417371995e+00
1.148700000000000054e+00	1.072927446429257969e+01
1.152300000000000102e+00	1.225330312854110915e+01
1.155899999999999928e+00	1.334304441092834992e+01
1.159499999999999975e+00	1.369307884786669760e+01
1.163100000000000023e+00	1.325708675322244190e+01
1.166700000000000070e+00	1.185209115450353323e+01
1.170299999999999896e+00	1.092268437838715656e+01
1.173899999999999944e+00	9.683478392419793579e+00
1.177599999999999980e+00	8.392763205084179390e+00
1.181200000000000028e+00	8.600390188946361647e+00
1.184800000000000075e+00	8.707689285214778252e+00
1.188399999999999901e+00	8.247167921641993971e+00
1.191999999999999948e+00	9.275766047489232946e+00
1.195599999999999996e+00	1.060603097853964272e+01
1.199200000000000044e+00	1.102623041012917682e+01
1.202800000000000091e+00	1.084279683112327319e+01
1.206399999999999917e+00	1.100471496782129499e+01
1.209999999999999964e+00	1.157110464363509195e+01
1.213600000000000012e+00	1.092060767082874939e+01
1.217200000000000060e+00	1.046413656260357605e+01
1.220800000000000107e+00	1.065466346443581180e+01
1.224399999999999933e+00	1.107333614608288919e+01
1.228099999999999969e+00	1.126747510027659693e+01
1.231700000000000017e+00	1.198542735819599514e+01
1.235300000000000065e+00	1.226179073134541575e+01
1.238899999999999890e+00	1.280797550847113264e+01
1.242499999999999938e+00	1.279693542476723778e+01
1.246099999999999985e+00	1.277699469104852348e+01
1.249700000000000033e+00	1.276297620675564204e+01
1.253300000000000081e+00	1.290737201817371371e+01
1.256899999999999906e+00	1.236293407132981415e+01
1.260499999999999954e+00	1.256881532729035200e+01
1.264100000000000001e+00	1.284516674820818949e+01
1.267700000000000049e+00	1.344035368206658987e+01
1.271300000000000097e+00	1.348026752244256343e+01
1.274899999999999922e+00	1.322483443875189302e+01
1.278599999999999959e+00	1.318176827800288997e+01
1.282200000000000006e+00	1.329696845578667208e+01
1.285800000000000054e+00	1.277868294146688655e+01
1.289400000000000102e+00	1.304868459967081940e+01
1.292999999999999927e+00	1.350259938745855592e+01
1.296599999999999975e+00	1.246231712558110516e+01
1.300200000000000022e+00	1.300645587636712541e+01
1.303800000000000070e+00	1.309708543662721958e+01
1.307399999999999896e+00	1.371003842582065246e+01
1.310999999999999943e+00	1.419005282629481712e+01
1.314599999999999991e+00	1.368331530103410820e+01
1.318200000000000038e+00	1.345299746887717696e+01
1.321800000000000086e+00	1.392123500885252341e+01
1.325499999999999901e+00	1.403796132906483329e+01
1.329099999999999948e+00	1.420853048760422688e+01
1.332699999999999996e+00	1.405277859523788564e+01
1.336300000000000043e+00	1.415151195767973924e+01
1.339900000000000091e+00	1.432225058768837300e+01
1.343499999999999917e+00	1.499213276773376968e+01
1.347099999999999964e+00	1.393609090818787344e+01
1.350700000000000012e+00	1.472011204655243155e+01
1.354300000000000059e+00	1.471924341514595369e+01
1.357900000000000107e+00	1.457146297356097087e+01
1.361499999999999932e+00	1.435370313053341107e+01
1.365099999999999980e+00	1.466182292216438299e+01
1.368700000000000028e+00	1.447601289627294996e+01
1.372300000000000075e+00	1.438094249072433506e+01
1.375999999999999890e+00	1.434301378493225876e+01
1.379599999999999937e+00	1.497282170815012492e+01
1.383199999999999985e+00	1.458645656904830545e+01
1.386800000000000033e+00	1.442172616496123005e+01
1.390400000000000080e+00	1.426650649154687045e+01
1.393999999999999906e+00	1.432196636549788238e+01
1.397599999999999953e+00	1.425576614208297066e+01
1.401200000000000001e+00	1.517308873619203702e+01
1.404800000000000049e+00	1.593655811251267984e+01
1.408400000000000096e+00	1.815496356263004785e+01
1.411999999999999922e+00	1.831174408649661345e+01
1.415599999999999969e+00	1.865205091462806308e+01
1.419200000000000017e+00	1.867912419690810921e+01
1.422800000000000065e+00	1.804356204439059397e+01
1.426500000000000101e+00	1.716025732151351946e+01
1.430099999999999927e+00	1.624635380626790138e+01
1.433699999999999974e+00	1.646081735838950522e+01
1.437300000000000022e+00	1.637081675595553421e+01
1.440900000000000070e+00	1.679708198808372188e+01
1.444499999999999895e+00	1.623588190879672766e+01
1.448099999999999943e+00	1.607098341830693400e+01
1.451699999999999990e+00	1.662382562102101602e+01
1.455300000000000038e+00	1.598854949639628842e+01
1.458900000000000086e+00	1.650277138471113147e+01
1.462499999999999911e+00	1.689740968289352452e+01
1.466099999999999959e+00	1.632584280759601114e+01
1.469700000000000006e+00	1.705941113282121790e+01
1.473300000000000054e+00	1.743980574531386551e+01
1.477000000000000091e+00	1.762391276115021199e+01
1.480599999999999916e+00	1.791240537346287809e+01
1.484199999999999964e+00	1.766875390726296757e+01
1.487800000000000011e+00	1.863328422425505693e+01
1.491400000000000059e+00	1.819020108867717767e+01
1.495000000000000107e+00	1.830973127450334914e+01
1.498599999999999932e+00	1.773815345821052247e+01
1.502199999999999980e+00	1.772431958635805316e+01
1.505800000000000027e+00	1.735689607162486325e+01
1.509400000000000075e+00	1.795366056465489635e+01
1.512999999999999901e+00	1.800668049521412684e+01
1.516599999999999948e+00	1.790976454234836268e+01
1.520199999999999996e+00	1.813446705139153536e+01
1.523800000000000043e+00	1.797878441819660011e+01
1.527500000000000080e+00	1.932305127877129536e+01
1.531099999999999905e+00	1.874033467451434376e+01
1.534699999999999953e+00	1.866024412105694097e+01
1.538300000000000001e+00	1.915801653927141857e+01
1.541900000000000048e+00	1.878731446488599488e+01
1.545500000000000096e+00	1.966407221986449727e+01
1.549099999999999921e+00	1.918649209436908620e+01
1.552699999999999969e+00	1.929640968226796360e+01
1.556300000000000017e+00	1.864947527773992064e+01
1.559900000000000064e+00	1.899625720352488401e+01
1.563499999999999890e+00	1.894755691276716547e+01
1.567099999999999937e+00	1.868961909592479387e+01
1.570699999999999985e+00	1.904237327283659198e+01
1.574300000000000033e+00	1.983611331319175619e+01
1.578000000000000069e+00	1.967511822075295314e+01
1.581599999999999895e+00	1.976570194244143863e+01
1.585199999999999942e+00	2.057991400174599406e+01
1.588799999999999990e+00	2.124303933500124586e+01
1.592400000000000038e+00	2.139296874794105818e+01
1.596000000000000085e+00	2.141474113002512070e+01
1.599599999999999911e+00	2.162666244683349248e+01
1.603199999999999958e+00	2.113552459941791639e+01
1.606800000000000006e+00	2.047032614609598511e+01
1.610400000000000054e+00	2.048165357268558040e+01
1.614000000000000101e+00	1.982819408061533295e+01
1.617599999999999927e+00	2.066536805367077179e+01
1.621199999999999974e+00	2.055748259032175440e+01
1.624800000000000022e+00	2.055984650562579219e+01
1.628500000000000059e+00	2.058283669685702577e+01
1.632100000000000106e+00	2.003457883807375595e+01
1.635699999999999932e+00	2.029948101945602801e+01
1.639299999999999979e+00	1.952587971994891092e+01
1.642900000000000027e+00	1.985905837338509627e+01
1.646500000000000075e+00	1.991339342644428356e+01
1.650099999999999900e+00	2.045245794458996969e+01
1.653699999999999948e+00	2.149247366108897594e+01
1.657299999999999995e+00	2.416884932199930702e+01
1.660900000000000043e+00	2.742920426769919118e+01
1.664500000000000091e+00	3.114440190694219979e+01
1.668099999999999916e+00	3.313435474104543488e+01
1.671699999999999964e+00	3.302470329951226802e+01
1.675400000000000000e+00	3.002059085524388848e+01
1.679000000000000048e+00	2.644410707009793882e+01
1.682600000000000096e+00	2.290126644964205838e+01
1.686199999999999921e+00	1.928957467809037496e+01
1.689799999999999969e+00	1.724949395395924867e+01
1.693400000000000016e+00	1.649576241317717162e+01
1.697000000000000064e+00	1.801572990973832233e+01
1.700599999999999890e+00	2.065173813318564910e+01
1.704199999999999937e+00	2.451423373827059393e+01
1.707799999999999985e+00	2.906638754566626304e+01
1.711400000000000032e+00	3.199482830216832241e+01
1.715000000000000080e+00	3.340614943993071506e+01
1.718599999999999905e+00	3.177614346041466220e+01
1.722199999999999953e+00	2.860042381732349881e+01
1.725899999999999990e+00	2.437628716881393132e+01
1.729500000000000037e+00	2.150866816123037495e+01
1.733100000000000085e+00	1.958071387541526676e+01
1.736699999999999910e+00	1.949764488862179235e+01
1.740299999999999958e+00	1.965321827374776475e+01
1.743900000000000006e+00	2.071765363513349101e+01
1.747500000000000053e+00	2.116183868750777108e+01
1.751100000000000101e+00	2.217421028005697892e+01
1.754699999999999926e+00	2.243849459317696571e+01
1.758299999999999974e+00	2.280722853946614492e+01
1.761900000000000022e+00	2.319040311661634490e+01
1.765500000000000069e+00	2.299022190689201040e+01
1.769099999999999895e+00	2.297269767167642840e+01
1.772699999999999942e+00	2.324073536365928661e+01
1.776399999999999979e+00	2.338676490494364657e+01
1.780000000000000027e+00	2.331732970166327235e+01
1.783600000000000074e+00	2.375139371954139733e+01
1.787199999999999900e+00	2.487095943637116591e+01
1.790799999999999947e+00	2.434296237385316530e+01
1.794399999999999995e+00	2.406031350825117343e+01
1.798000000000000043e+00	2.356324882042781610e+01
1.801600000000000090e+00	2.362962450143395188e+01
1.805199999999999916e+00	2.374507363377346536e+01
1.808799999999999963e+00	2.307749259484328519e+01
1.812400000000000011e+00	2.288792050145372059e+01
1.816000000000000059e+00	2.301426720451404861e+01
1.819600000000000106e+00	2.270454387804160845e+01
1.823199999999999932e+00	2.183740277878380098e+01
1.826899999999999968e+00	2.141518290054055740e+01
1.830500000000000016e+00	2.055910770907262730e+01
1.834100000000000064e+00	1.952913820695537694e+01
1.837699999999999889e+00	1.824191704105572143e+01
1.841299999999999937e+00	1.856282585028328924e+01
1.844899999999999984e+00	1.835926621279957516e+01
1.848500000000000032e+00	1.813475799774186115e+01
1.852100000000000080e+00	1.925335625948153506e+01
1.855699999999999905e+00	2.041807749899945179e+01
1.859299999999999953e+00	2.142109047775161201e+01
1.862900000000000000e+00	2.217610875067644116e+01
1.866500000000000048e+00	2.167729030250128375e+01
1.870100000000000096e+00	2.038171903105687122e+01
1.873699999999999921e+00	1.928990285020258000e+01
1.877399999999999958e+00	1.768097268212269313e+01
1.881000000000000005e+00	1.702599016706686541e+01
1.884600000000000053e+00	1.659606697437020983e+01
1.888200000000000101e+00	1.686863733692391776e+01
1.891799999999999926e+00	1.726383375457628233e+01
1.895399999999999974e+00	1.832720507891290396e+01
1.899000000000000021e+00	1.875115470717286215e+01
1.902600000000000069e+00	1.877534835067910279e+01
1.906199999999999894e+00	1.887661565402501296e+01
1.909799999999999942e+00	1.880063087414833944e+01
1.913399999999999990e+00	1.973227342920933580e+01
1.917000000000000037e+00	1.928345251323649379e+01
1.920600000000000085e+00	2.047498346792088597e+01
1.924199999999999910e+00	1.993865159488299099e+01
1.927899999999999947e+00	2.000852411025481459e+01
1.931499999999999995e+00	1.881752973072667601e+01
1.935100000000000042e+00	1.882785881187890453e+01
1.938700000000000090e+00	1.845333704390875695e+01
1.942299999999999915e+00	1.866219111978347556e+01
1.945899999999999963e+00	1.893828040003039703e+01
1.949500000000000011e+00	2.046069378782518200e+01
1.953100000000000058e+00	2.119048752799636404e+01
1.956700000000000106e+00	2.127775780222750868e+01
1.960299999999999931e+00	2.236780698954078517e+01
1.963899999999999979e+00	2.235068854567728280e+01
1.967500000000000027e+00	2.268309817202576539e+01
1.971100000000000074e+00	2.368449763390900742e+01
1.974699999999999900e+00	2.383566936630004918e+01
1.978399999999999936e+00	2.383163153339836526e+01
1.981999999999999984e+00	2.467693104054636066e+01
1.985600000000000032e+00	2.399137555802106192e+01
1.989200000000000079e+00	2.373021132219826512e+01
1.992799999999999905e+00	2.286744549711232111e+01
1.996399999999999952e+00	2.145623187189276848e+01
2.000000000000000000e+00	1.992759579510834200e+01
