2.000000000000000111e-01	-2.908597170823507216e+00
2.036000000000000032e-01	-1.570947639653677008e+00
2.071999999999999953e-01	-2.899214136133647646e+00
2.107999999999999874e-01	-1.645671738089408587e+00
2.144000000000000072e-01	-1.450800434919885973e+00
2.179999999999999993e-01	-2.178495984569807309e+00
2.215999999999999914e-01	-1.784866583423347031e+00
2.253000000000000003e-01	-1.599080221557482862e+00
2.288999999999999924e-01	-2.820358560499054867e+00
2.325000000000000122e-01	-1.417017887397431952e+00
2.361000000000000043e-01	-7.516191493828192627e-01
2.396999999999999964e-01	-7.980592837254962824e-01
2.432999999999999885e-01	-5.657435709706637450e-01
2.469000000000000083e-01	-1.723083803379644507e+00
2.505000000000000004e-01	-3.264226756251460415e-01
2.540999999999999925e-01	-1.126058878158252341e+00
2.576999999999999846e-01	-4.223433619334993061e-02
2.612999999999999767e-01	4.276367531259154253e-01
2.649000000000000243e-01	-3.113439965963020195e-01
2.685000000000000164e-01	-3.690972362300667386e-01
2.721000000000000085e-01	7.649992418417197459e-01
2.757999999999999896e-01	9.905609418380592057e-01
2.793999999999999817e-01	-1.020644986665348419e+00
2.829999999999999738e-01	8.375253065668073482e-01
2.866000000000000214e-01	4.206360725705740045e-01
2.902000000000000135e-01	-3.280735762481041262e-01
2.938000000000000056e-01	1.456156610061173362e+00
2.973999999999999977e-01	-4.083183794939130862e-01
3.009999999999999898e-01	2.706612093377227524e-01
3.045999999999999819e-01	8.563002258763263708e-02
3.081999999999999740e-01	2.157602075225235616e-01
3.118000000000000216e-01	-2.812758256842662341e-01
3.154000000000000137e-01	-1.124855221202527344e+00
3.190000000000000058e-01	4.366887573161646330e-01
3.225999999999999979e-01	2.202465289031865225e-01
3.262999999999999790e-01	-1.840262219491999973e+00
3.299000000000000266e-01	-4.257184488950349621e-01
3.335000000000000187e-01	-3.279556785877351111e-01
3.371000000000000107e-01	-7.941069608112599765e-01
3.407000000000000028e-01	-4.327823836394967261e-01
3.442999999999999949e-01	-7.937137278109624994e-01
3.478999999999999870e-01	-1.072312368839942298e+00
3.514999999999999791e-01	-1.051031758550759143e+00
3.551000000000000267e-01	-5.505646988124174301e-01
3.587000000000000188e-01	5.778409057825094619e-01
3.623000000000000109e-01	2.126244632603818463e+00
3.659000000000000030e-01	-4.824822584014830662e-01
3.694999999999999951e-01	7.338397091670023631e-01
3.730999999999999872e-01	6.665353628312180589e-01
3.768000000000000238e-01	1.135894710140558983e+00
3.804000000000000159e-01	1.003369935957935555e+00
3.840000000000000080e-01	7.395266248571484846e-01
3.876000000000000001e-01	1.761218393377919966e+00
3.911999999999999922e-01	9.780774980986988165e-01
3.947999999999999843e-01	2.084514171713490516e+00
3.983999999999999764e-01	1.107667775298492252e+00
4.020000000000000240e-01	4.015791240565452780e-01
4.056000000000000161e-01	2.119991947502227081e+00
4.092000000000000082e-01	-3.646810724046149477e-01
4.128000000000000003e-01	1.568843972289135857e+00
4.163999999999999924e-01	1.085557861770674259e+00
4.199999999999999845e-01	7.594226830848757048e-01
4.235999999999999766e-01	-4.324115722706823317e-01
4.273000000000000131e-01	-6.004896861313269163e-01
4.309000000000000052e-01	1.330493220509708419e+00
4.344999999999999973e-01	-7.019624447392346367e-01
4.380999999999999894e-01	-8.526076700292737343e-01
4.416999999999999815e-01	-5.771440858505090254e-01
4.452999999999999736e-01	-1.314305008792138185e-02
4.489000000000000212e-01	-7.887843841618145113e-01
4.525000000000000133e-01	5.676682180769739849e-01
4.561000000000000054e-01	1.392155424114854601e+00
4.596999999999999975e-01	1.422479858230453864e+00
4.632999999999999896e-01	1.319802580624039656e+00
4.668999999999999817e-01	1.801236697139378951e+00
4.704999999999999738e-01	2.031286210608904241e+00
4.741000000000000214e-01	1.120867937690826377e+00
4.778000000000000025e-01	1.788987313470386864e+00
4.813999999999999946e-01	1.416810227473753514e+00
4.849999999999999867e-01	1.988712815350432095e+00
4.885999999999999788e-01	2.661158012333011857e+00
4.922000000000000264e-01	2.507181503810016032e+00
4.958000000000000185e-01	2.985462907973785107e+00
4.994000000000000106e-01	2.352513005666392321e+00
5.030000000000000027e-01	1.732782808527847607e+00
5.066000000000000503e-01	2.881767483545405906e+00
5.101999999999999869e-01	2.244914117848160195e+00
5.138000000000000345e-01	2.454545591718769515e+00
5.173999999999999710e-01	8.414738373365419077e-01
5.210000000000000187e-01	2.869300760978561904e+00
5.245999999999999552e-01	2.961622507269905835e+00
5.282999999999999918e-01	1.114421794297064450e+00
5.319000000000000394e-01	4.034095106854986845e-01
5.354999999999999760e-01	9.336573641457950323e-01
5.391000000000000236e-01	8.029281827435119645e-01
5.426999999999999602e-01	1.254292680405231453e+00
5.463000000000000078e-01	-4.263032657744985077e-01
5.499000000000000554e-01	2.287638522822958098e+00
5.534999999999999920e-01	2.591013838062643071e+00
5.571000000000000396e-01	3.505082039868292032e+00
5.606999999999999762e-01	3.873383703699182945e+00
5.643000000000000238e-01	3.940672432211332232e+00
5.678999999999999604e-01	3.180047548206872410e+00
5.715000000000000080e-01	3.636155108075953102e+00
5.752000000000000446e-01	2.816571605421875457e+00
5.787999999999999812e-01	3.561951131333321641e+00
5.824000000000000288e-01	3.318082538217805411e+00
5.859999999999999654e-01	3.634775300572828716e+00
5.896000000000000130e-01	3.252935225281930354e+00
5.931999999999999496e-01	2.887120113984230407e+00
5.967999999999999972e-01	4.480295873869203582e+00
6.004000000000000448e-01	4.409171759131203849e+00
6.039999999999999813e-01	4.503111198813349425e+00
6.076000000000000290e-01	4.544310120539566178e+00
6.111999999999999655e-01	3.901218226271379930e+00
6.148000000000000131e-01	4.346663844406649879e+00
6.183999999999999497e-01	5.042432222180787349e+00
6.219999999999999973e-01	3.835300681319814053e+00
6.257000000000000339e-01	3.705267892599729329e+00
6.292999999999999705e-01	3.829863515507172078e+00
6.329000000000000181e-01	4.261086533664962595e+00
6.364999999999999547e-01	4.432658451400461885e+00
6.401000000000000023e-01	3.765011072565734196e+00
6.437000000000000499e-01	3.499444909479991317e+00
6.472999999999999865e-01	4.046873499552736675e+00
6.509000000000000341e-01	2.739506098193510653e+00
6.544999999999999707e-01	3.878562427458406958e+00
6.581000000000000183e-01	3.482899047815440241e+00
6.616999999999999549e-01	3.411741893073940712e+00
6.653000000000000025e-01	3.855254005606217671e+00
6.689000000000000501e-01	3.421414679964901673e+00
6.724999999999999867e-01	4.480448152394514771e+00
6.762000000000000233e-01	4.594783876265641887e+00
6.797999999999999599e-01	4.619954973587781843e+00
6.834000000000000075e-01	4.946409513007387737e+00
6.870000000000000551e-01	4.879376972622701203e+00
6.905999999999999917e-01	5.422757738879132816e+00
6.942000000000000393e-01	4.767084033337122051e+00
6.977999999999999758e-01	5.842070953242110676e+00
7.014000000000000234e-01	6.465738969046691764e+00
7.049999999999999600e-01	5.541112906621497913e+00
7.086000000000000076e-01	5.652824693958376834e+00
7.122000000000000552e-01	5.900552312312910885e+00
7.157999999999999918e-01	7.270471683288443288e+00
7.194000000000000394e-01	5.934331566752898190e+00
7.229999999999999760e-01	6.496820712455797064e+00
7.267000000000000126e-01	6.279997631552811654e+00
7.302999999999999492e-01	5.495399372011156025e+00
7.338999999999999968e-01	6.501353273223910101e+00
7.375000000000000444e-01	4.349465614367812982e+00
7.410999999999999810e-01	5.233972566661265091e+00
7.447000000000000286e-01	4.853362493500915420e+00
7.482999999999999652e-01	5.920923723213036283e+00
7.519000000000000128e-01	5.347492524734900776e+00
7.554999999999999494e-01	5.590294579364221583e+00
7.590999999999999970e-01	6.060741902400642367e+00
7.627000000000000446e-01	5.676921600771096976e+00
7.662999999999999812e-01	4.899716453663705451e+00
7.699000000000000288e-01	5.420190076073638785e+00
7.734999999999999654e-01	4.344712847865130456e+00
7.772000000000000020e-01	4.419926222373017133e+00
7.808000000000000496e-01	5.333904256198975347e+00
7.843999999999999861e-01	4.819313256217664154e+00
7.880000000000000338e-01	5.604407150954832773e+00
7.915999999999999703e-01	5.187283398360139408e+00
7.952000000000000179e-01	5.182965657994621722e+00
7.987999999999999545e-01	6.442359081693321166e+00
8.024000000000000021e-01	6.377706545058580367e+00
8.060000000000000497e-01	6.618958263645842166e+00
8.095999999999999863e-01	7.158008795426050952e+00
8.132000000000000339e-01	6.037483895494199615e+00
8.167999999999999705e-01	7.534573984057446161e+00
8.204000000000000181e-01	6.382291254807971548e+00
8.239999999999999547e-01	6.778298116183451683e+00
8.276999999999999913e-01	6.391395468921801992e+00
8.313000000000000389e-01	5.051444209314997380e+00
8.348999999999999755e-01	6.218391188258459046e+00
8.385000000000000231e-01	6.213430828907680947e+00
8.420999999999999597e-01	6.105681332463055888e+00
8.457000000000000073e-01	4.902504272976275779e+00
8.493000000000000549e-01	5.256561562282166200e+00
8.528999999999999915e-01	6.711403379700930039e+00
8.565000000000000391e-01	5.788924636151188352e+00
8.600999999999999757e-01	6.402252561939977049e+00
8.637000000000000233e-01	5.590431146421767750e+00
8.672999999999999599e-01	6.339289181560353370e+00
8.709000000000000075e-01	6.139764652469752448e+00
8.745000000000000551e-01	4.963510111619830134e+00
8.781999999999999806e-01	7.311098844448681966e+00
8.818000000000000282e-01	6.401118055353011371e+00
8.853999999999999648e-01	6.210083760476940107e+00
8.890000000000000124e-01	6.619749995653998020e+00
8.925999999999999490e-01	6.919000479321736563e+00
8.961999999999999966e-01	6.817465726571110274e+00
8.998000000000000442e-01	7.877662875087952266e+00
9.033999999999999808e-01	7.225439560265172645e+00
9.070000000000000284e-01	6.467426507777562783e+00
9.105999999999999650e-01	6.408281580388173637e+00
9.142000000000000126e-01	7.800894239616395609e+00
9.177999999999999492e-01	5.846776396065476611e+00
9.213999999999999968e-01	6.161906775173413564e+00
9.251000000000000334e-01	7.155026510094661063e+00
9.286999999999999700e-01	6.883975904008812208e+00
9.323000000000000176e-01	6.993821399788232362e+00
9.358999999999999542e-01	7.194061321231302486e+00
9.395000000000000018e-01	6.091301105096533774e+00
9.431000000000000494e-01	7.038872809035206402e+00
9.466999999999999860e-01	7.392277415700991838e+00
9.503000000000000336e-01	7.173757412690560109e+00
9.538999999999999702e-01	7.394965627100803296e+00
9.575000000000000178e-01	7.660762893990407996e+00
9.610999999999999543e-01	7.524148210769467937e+00
9.647000000000000020e-01	6.546524117513680352e+00
9.683000000000000496e-01	6.878646797711621907e+00
9.718999999999999861e-01	7.260023891844955557e+00
9.756000000000000227e-01	7.038143996295269211e+00
9.791999999999999593e-01	7.292931925126975301e+00
9.828000000000000069e-01	6.841548804756419244e+00
9.864000000000000545e-01	6.642460564548316349e+00
9.899999999999999911e-01	7.922440206870790647e+00
9.936000000000000387e-01	7.326371884902530773e+00
9.971999999999999753e-01	6.615635750635487256e+00
1.000799999999999912e+00	8.179501769381158027e+00
1.004399999999999959e+00	7.048129700228598082e+00
1.008000000000000007e+00	6.716691711687665212e+00
1.011600000000000055e+00	7.579900197261260075e+00
1.015200000000000102e+00	7.854686660780374474e+00
1.018799999999999928e+00	7.872663217836149308e+00
1.022399999999999975e+00	7.129060178765174172e+00
1.026100000000000012e+00	7.468778289591196717e+00
1.029700000000000060e+00	8.527304172748273459e+00
1.033300000000000107e+00	7.809431262849623856e+00
1.036899999999999933e+00	7.776395295248761386e+00
1.040499999999999980e+00	7.904712946606074375e+00
1.044100000000000028e+00	8.630043921162112497e+00
1.047700000000000076e+00	9.100409364908539800e+00
1.051299999999999901e+00	9.423874461660123103e+00
1.054899999999999949e+00	6.947424921865422931e+00
1.058499999999999996e+00	6.838794756871717340e+00
1.062100000000000044e+00	7.736877552227483079e+00
1.065700000000000092e+00	7.695131632242113717e+00
1.069299999999999917e+00	7.332076499242323742e+00
1.072899999999999965e+00	8.158998527282758317e+00
1.076600000000000001e+00	7.092841162167954572e+00
1.080200000000000049e+00	7.247789977670056061e+00
1.083800000000000097e+00	6.293574351686871182e+00
1.087399999999999922e+00	9.425344465827791396e+00
1.090999999999999970e+00	1.053204938453436768e+01
1.094600000000000017e+00	1.254166263102156620e+01
1.098200000000000065e+00	1.417252898310672471e+01
1.101799999999999891e+00	1.329931715178852514e+01
1.105399999999999938e+00	1.261633368674150368e+01
1.108999999999999986e+00	1.243665437501841886e+01
1.112600000000000033e+00	1.100745335676398184e+01
1.116200000000000081e+00	9.548832963912703420e+00
1.119799999999999907e+00	9.599648066597390894e+00
1.123399999999999954e+00	8.258711281352828948e+00
1.127099999999999991e+00	8.837635035560541752e+00
1.130700000000000038e+00	8.067154589639672579e+00
1.134300000000000086e+00	7.922933843654715425e+00
1.137899999999999912e+00	7.254404125234416689e+00
1.141499999999999959e+00	8.811759459288253993e+00
1.145100000000000007e+00	8.633970279934189307e+00
1.148700000000000054e+00	1.085950618415643554e+01
1.152300000000000102e+00	1.478620460334333231e+01
1.155899999999999928e+00	1.616343086270341090e+01
1.159499999999999975e+00	1.599202467640282777e+01
1.163100000000000023e+00	1.628886665384150234e+01
1.166700000000000070e+00	1.410110696805360675e+01
1.170299999999999896e+00	1.147907803625648526e+01
1.173899999999999944e+00	1.056069519670720780e+01
1.177599999999999980e+00	7.978881277525785798e+00
1.181200000000000028e+00	8.108067815736905715e+00
1.184800000000000075e+00	7.630385348340316121e+00
1.188399999999999901e+00	8.264360737363265486e+00
1.191999999999999948e+00	9.730465124412742028e+00
1.195599999999999996e+00	1.064611364957047002e+01
1.199200000000000044e+00	1.161759446792028427e+01
1.202800000000000091e+00	1.283330076028560995e+01
1.206399999999999917e+00	1.242787647028780995e+01
1.209999999999999964e+00	1.238788474406075402e+01
1.213600000000000012e+00	1.133002864646216246e+01
1.217200000000000060e+00	1.098195965023373866e+01
1.220800000000000107e+00	1.059110452959459181e+01
1.224399999999999933e+00	1.036298792000816604e+01
1.228099999999999969e+00	1.159183715009176829e+01
1.231700000000000017e+00	1.268836772168575422e+01
1.235300000000000065e+00	1.229901898487666223e+01
1.238899999999999890e+00	1.248941452952088405e+01
1.242499999999999938e+00	1.287435771958492126e+01
1.246099999999999985e+00	1.325774909938485280e+01
1.249700000000000033e+00	1.224546770462286638e+01
1.253300000000000081e+00	1.269221690923929735e+01
1.256899999999999906e+00	1.278327480125484072e+01
1.260499999999999954e+00	1.257271374270013453e+01
1.264100000000000001e+00	1.298914201120031287e+01
1.267700000000000049e+00	1.405831520759872433e+01
1.271300000000000097e+00	1.168926576227567971e+01
1.274899999999999922e+00	1.290635595498179811e+01
1.278599999999999959e+00	1.385834318517440877e+01
1.282200000000000006e+00	1.284304477165439273e+01
1.285800000000000054e+00	1.360513772071586125e+01
1.289400000000000102e+00	1.312271665552653488e+01
1.292999999999999927e+00	1.351964967166901133e+01
1.296599999999999975e+00	1.336882658602730345e+01
1.300200000000000022e+00	1.345850232586793283e+01
1.303800000000000070e+00	1.352334010876981729e+01
1.307399999999999896e+00	1.418753635305591665e+01
1.310999999999999943e+00	1.346709100301332818e+01
1.314599999999999991e+00	1.370743533587753582e+01
1.318200000000000038e+00	1.390563875834590490e+01
1.321800000000000086e+00	1.412814320631770038e+01
1.325499999999999901e+00	1.445023550700051906e+01
1.329099999999999948e+00	1.473088785857297367e+01
1.332699999999999996e+00	1.302610830796374586e+01
1.336300000000000043e+00	1.411215433958527221e+01
1.339900000000000091e+00	1.332526598419157793e+01
1.343499999999999917e+00	1.387736902217004520e+01
1.347099999999999964e+00	1.434045887058877256e+01
1.350700000000000012e+00	1.452313954828270681e+01
1.354300000000000059e+00	1.351524413716327722e+01
1.357900000000000107e+00	1.461080148334363749e+01
1.361499999999999932e+00	1.400126694221896706e+01
1.365099999999999980e+00	1.436918892503899947e+01
1.368700000000000028e+00	1.349409268246010996e+01
1.372300000000000075e+00	1.508058003135018055e+01
1.375999999999999890e+00	1.388354492272682528e+01
1.379599999999999937e+00	1.442696255469785171e+01
1.383199999999999985e+00	1.586425599268815034e+01
1.386800000000000033e+00	1.303209068062707843e+01
1.390400000000000080e+00	1.395622690609255301e+01
1.393999999999999906e+00	1.372441802440883762e+01
1.397599999999999953e+00	1.389045383720154092e+01
1.401200000000000001e+00	1.597492194036002822e+01
1.404800000000000049e+00	1.724609226372088600e+01
1.408400000000000096e+00	1.865539017604295324e+01
1.411999999999999922e+00	1.920891385223150039e+01
1.415599999999999969e+00	1.973039072845782727e+01
1.419200000000000017e+00	1.964608824251748231e+01
1.422800000000000065e+00	1.894699344788131157e+01
1.426500000000000101e+00	1.713997066303557304e+01
1.430099999999999927e+00	1.609400516953627047e+01
1.433699999999999974e+00	1.594785024696424713e+01
1.437300000000000022e+00	1.515701493110721820e+01
1.440900000000000070e+00	1.540782882624710126e+01
1.444499999999999895e+00	1.685786369955280151e+01
1.448099999999999943e+00	1.499460746981325876e+01
1.451699999999999990e+00	1.621676823415807789e+01
1.455300000000000038e+00	1.531269570121385826e+01
1.458900000000000086e+00	1.457271554889672771e+01
1.462499999999999911e+00	1.515836873294814424e+01
1.466099999999999959e+00	1.637970483372035702e+01
1.469700000000000006e+00	1.632924866753490178e+01
1.473300000000000054e+00	1.754886060610013132e+01
1.477000000000000091e+00	1.785647547268627733e+01
1.480599999999999916e+00	1.676199995341687554e+01
1.484199999999999964e+00	1.721197197846136362e+01
1.487800000000000011e+00	1.863832767008409874e+01
1.491400000000000059e+00	1.772658200333785317e+01
1.495000000000000107e+00	1.809416352711181730e+01
1.498599999999999932e+00	1.823722178774169933e+01
1.502199999999999980e+00	1.760400954331538159e+01
1.505800000000000027e+00	1.748037006016643602e+01
1.509400000000000075e+00	1.738832645323823201e+01
1.512999999999999901e+00	1.733303292110371885e+01
1.516599999999999948e+00	1.877613077553693088e+01
1.520199999999999996e+00	1.870423587031665491e+01
1.523800000000000043e+00	1.929863341231885698e+01
1.527500000000000080e+00	1.834852215068612225e+01
1.531099999999999905e+00	1.965861050481105110e+01
1.534699999999999953e+00	1.943623801181376720e+01
1.538300000000000001e+00	1.882994307522693234e+01
1.541900000000000048e+00	1.794967422034744686e+01
1.545500000000000096e+00	1.877015736707691573e+01
1.549099999999999921e+00	1.809741575261747926e+01
1.552699999999999969e+00	1.867685038016621490e+01
1.556300000000000017e+00	1.934345914354687679e+01
1.559900000000000064e+00	1.845733700004578992e+01
1.563499999999999890e+00	1.967059301523930159e+01
1.567099999999999937e+00	2.022628676012140048e+01
1.570699999999999985e+00	2.033100629229671696e+01
1.574300000000000033e+00	1.866596522744138298e+01
1.578000000000000069e+00	1.911455263757892453e+01
1.581599999999999895e+00	2.016316975398874689e+01
1.585199999999999942e+00	1.943890034078743767e+01
1.588799999999999990e+00	2.070878103149915717e+01
1.592400000000000038e+00	2.044042507684585885e+01
1.596000000000000085e+00	2.121812090352941027e+01
1.599599999999999911e+00	2.087492916847682878e+01
1.603199999999999958e+00	2.200021913659583106e+01
1.606800000000000006e+00	2.172865163573114700e+01
1.610400000000000054e+00	2.165914888702684848e+01
1.614000000000000101e+00	2.073757438451627522e+01
1.617599999999999927e+00	2.186905866272977050e+01
1.621199999999999974e+00	2.122444916198688247e+01
1.624800000000000022e+00	1.985052410614861174e+01
1.628500000000000059e+00	2.080007924206202929e+01
1.632100000000000106e+00	2.034982219419221749e+01
1.635699999999999932e+00	2.060202439737413016e+01
1.639299999999999979e+00	1.937100595663050129e+01
1.642900000000000027e+00	1.974100501752426240e+01
1.646500000000000075e+00	2.058529342865218936e+01
1.650099999999999900e+00	2.109367907740126213e+01
1.653699999999999948e+00	2.339178403226038583e+01
1.657299999999999995e+00	2.784741882106054689e+01
1.660900000000000043e+00	3.190337431847981264e+01
1.664500000000000091e+00	3.653624679134859576e+01
1.668099999999999916e+00	3.794344241290821174e+01
1.671699999999999964e+00	3.803931978107190304e+01
1.675400000000000000e+00	3.435076705312440026e+01
1.679000000000000048e+00	2.944918221005426417e+01
1.682600000000000096e+00	2.284737573131352661e+01
1.686199999999999921e+00	1.833239596700785867e+01
1.689799999999999969e+00	1.701001547154541527e+01
1.693400000000000016e+00	1.524201553463844583e+01
1.697000000000000064e+00	1.938175380704312190e+01
1.700599999999999890e+00	2.179723067073783227e+01
1.704199999999999937e+00	2.763556494509595396e+01
1.707799999999999985e+00	3.245487921154876432e+01
1.711400000000000032e+00	3.611795564892578625e+01
1.715000000000000080e+00	3.732052999363413903e+01
1.718599999999999905e+00	3.621737001121034893e+01
1.722199999999999953e+00	3.044273962763734431e+01
1.725899999999999990e+00	2.485373698364807282e+01
1.729500000000000037e+00	1.877990286873967918e+01
1.733100000000000085e+00	1.785352345108729111e+01
1.736699999999999910e+00	1.707770677317826369e+01
1.740299999999999958e+00	1.848134529177688279e+01
1.743900000000000006e+00	2.030909374831043479e+01
1.747500000000000053e+00	2.203492837134244908e+01
1.751100000000000101e+00	2.307180254261270846e+01
1.754699999999999926e+00	2.366544710841213117e+01
1.758299999999999974e+00	2.208549583729713461e+01
1.761900000000000022e+00	2.303520321864820630e+01
1.765500000000000069e+00	2.258907457776571803e+01
1.769099999999999895e+00	2.290861232970447858e+01
1.772699999999999942e+00	2.279879298617532513e+01
1.776399999999999979e+00	2.258340872464581395e+01
1.780000000000000027e+00	2.321940210941536264e+01
1.783600000000000074e+00	2.387824528172057015e+01
1.787199999999999900e+00	2.465833452007173676e+01
1.790799999999999947e+00	2.355543251033577690e+01
1.794399999999999995e+00	2.389404910717095021e+01
1.798000000000000043e+00	2.406677505016862995e+01
1.801600000000000090e+00	2.347721458175718112e+01
1.805199999999999916e+00	2.237943379746706540e+01
1.808799999999999963e+00	2.322330181902696822e+01
1.812400000000000011e+00	2.261275391549649072e+01
1.816000000000000059e+00	2.227727821704463906e+01
1.819600000000000106e+00	2.146585995955611992e+01
1.823199999999999932e+00	1.999508573154264468e+01
1.826899999999999968e+00	2.069214387814402301e+01
1.830500000000000016e+00	1.742509462158112044e+01
1.834100000000000064e+00	1.986060819655018150e+01
1.837699999999999889e+00	1.671522182996765338e+01
1.841299999999999937e+00	1.739563498988675505e+01
1.844899999999999984e+00	1.713413695732431563e+01
1.848500000000000032e+00	1.778124097038831763e+01
1.852100000000000080e+00	1.898736710578023335e+01
1.855699999999999905e+00	2.058353073887381868e+01
1.859299999999999953e+00	2.254761754452795586e+01
1.862900000000000000e+00	2.460227191667094004e+01
1.866500000000000048e+00	2.328494580131700076e+01
1.870100000000000096e+00	2.491454063665177898e+01
1.873699999999999921e+00	2.195060996094279204e+01
1.877399999999999958e+00	2.133120331371928557e+01
1.881000000000000005e+00	1.917125728934899342e+01
1.884600000000000053e+00	1.807085844082095605e+01
1.888200000000000101e+00	1.795434600088134758e+01
1.891799999999999926e+00	1.654531580722485984e+01
1.895399999999999974e+00	1.794410636889610444e+01
1.899000000000000021e+00	1.857764566369531423e+01
1.902600000000000069e+00	1.676407963315583061e+01
1.906199999999999894e+00	1.882954685555774077e+01
1.909799999999999942e+00	2.024018500801999210e+01
1.913399999999999990e+00	2.085279330515048457e+01
1.917000000000000037e+00	2.112228114841816407e+01
1.920600000000000085e+00	2.099520264243986745e+01
1.924199999999999910e+00	2.223885020884308972e+01
1.927899999999999947e+00	2.157489272277392800e+01
1.931499999999999995e+00	2.170760773964699908e+01
1.935100000000000042e+00	2.094778544242205243e+01
1.938700000000000090e+00	2.016430863815839558e+01
1.942299999999999915e+00	2.055686708307570854e+01
1.945899999999999963e+00	2.241700195738026480e+01
1.949500000000000011e+00	2.165591160559414874e+01
1.953100000000000058e+00	2.224939230192199346e+01
1.956700000000000106e+00	2.197289256657110101e+01
1.960299999999999931e+00	2.263792397689705993e+01
1.963899999999999979e+00	2.255163640652256873e+01
1.967500000000000027e+00	2.169591424064292084e+01
1.971100000000000074e+00	2.322135376957737307e+01
1.974699999999999900e+00	2.293983073604583467e+01
1.978399999999999936e+00	2.410233243410095483e+01
1.981999999999999984e+00	2.367200631625035356e+01
1.985600000000000032e+00	2.574912762671504396e+01
1.989200000000000079e+00	2.511204220395883979e+01
1.992799999999999905e+00	2.510620316455008094e+01
1.996399999999999952e+00	2.474521550381256674e+01
2.000000000000000000e+00	2.165677372333385975e+01
