2.000000000000000111e-01	-1.533646507260731484e+00
2.036000000000000032e-01	-1.738807202395805662e+00
2.071999999999999953e-01	-1.378030855849754488e-03
2.107999999999999874e-01	-8.927721183602711497e-01
2.144000000000000072e-01	-1.697527631335899345e+00
2.179999999999999993e-01	-1.232431007298431913e+00
2.215999999999999914e-01	-1.222483516281987592e+00
2.253000000000000003e-01	-3.673967844956762985e+00
2.288999999999999924e-01	-2.947860056981289389e+00
2.325000000000000122e-01	-2.704523743270927927e+00
2.361000000000000043e-01	-2.649027204432289118e+00
2.396999999999999964e-01	-3.079563444124287841e+00
2.432999999999999885e-01	-2.532484046405141687e+00
2.469000000000000083e-01	-1.885762606611848691e+00
2.505000000000000004e-01	-2.866376178644912454e+00
2.540999999999999925e-01	-3.163964714185972582e+00
2.576999999999999846e-01	-3.190603420669318790e+00
2.612999999999999767e-01	-2.498984838694201294e+00
2.649000000000000243e-01	-1.811291967817418413e+00
2.685000000000000164e-01	-1.090491344050046330e-01
2.721000000000000085e-01	-4.185520082450449042e-01
2.757999999999999896e-01	-2.005044777680673906e+00
2.793999999999999817e-01	-4.221342488852641850e-04
2.829999999999999738e-01	-7.890865066438832454e-01
2.866000000000000214e-01	-6.971682486991359617e-01
2.902000000000000135e-01	-1.622276606832317780e+00
2.938000000000000056e-01	-2.000276134178369247e-02
2.973999999999999977e-01	2.877835378019701906e-01
3.009999999999999898e-01	1.196400860479879924e+00
3.045999999999999819e-01	-2.256885038137916855e-01
3.081999999999999740e-01	-9.245502788027306629e-01
3.118000000000000216e-01	-2.335818294826886632e+00
3.154000000000000137e-01	-2.219873001316134520e+00
3.190000000000000058e-01	-1.656867561969562086e+00
3.225999999999999979e-01	-2.727599562808592282e+00
3.262999999999999790e-01	-3.057162780897875187e+00
3.299000000000000266e-01	-1.577658812567373170e+00
3.335000000000000187e-01	-2.435803994446737786e+00
3.371000000000000107e-01	-3.980164581965119908e-01
3.407000000000000028e-01	-1.013573180262276052e+00
3.442999999999999949e-01	-1.069731406149447839e+00
3.478999999999999870e-01	-1.662869040302575208e+00
3.514999999999999791e-01	2.547651056285415994e-02
3.551000000000000267e-01	6.411359556387737912e-01
3.587000000000000188e-01	5.188740699956529978e-01
3.623000000000000109e-01	1.171853400541604140e+00
3.659000000000000030e-01	2.434581082520816953e-01
3.694999999999999951e-01	2.795199769828145553e-01
3.730999999999999872e-01	1.390151107747065184e+00
3.768000000000000238e-01	4.956531193324690276e-01
3.804000000000000159e-01	1.616243098196379568e+00
3.840000000000000080e-01	-2.696231986763949484e-01
3.876000000000000001e-01	-1.046919315887592683e+00
3.911999999999999922e-01	-3.754451587682187119e-01
3.947999999999999843e-01	-7.564175311384542244e-01
3.983999999999999764e-01	4.370407964529120504e-01
4.020000000000000240e-01	-9.994119150023075271e-01
4.056000000000000161e-01	9.948750026129306034e-01
4.092000000000000082e-01	-8.121659125881562913e-01
4.128000000000000003e-01	-1.207583320260916082e+00
4.163999999999999924e-01	1.321761993689047898e-01
4.199999999999999845e-01	1.891467111738615037e-01
4.235999999999999766e-01	-6.499370797855336113e-01
4.273000000000000131e-01	-2.676010915253429490e-01
4.309000000000000052e-01	9.197224740774815333e-01
4.344999999999999973e-01	-3.317579620366964410e-01
4.380999999999999894e-01	1.302008425922235979e+00
4.416999999999999815e-01	1.094592130475170233e+00
4.452999999999999736e-01	6.536186424023820996e-01
4.489000000000000212e-01	1.731090622050710959e+00
4.525000000000000133e-01	1.874179433162900033e+00
4.561000000000000054e-01	8.143682931836245809e-01
4.596999999999999975e-01	2.414811553957283419e+00
4.632999999999999896e-01	9.027325606732156116e-01
4.668999999999999817e-01	5.445893697440653547e-01
4.704999999999999738e-01	1.190063284534309762e+00
4.741000000000000214e-01	4.305878397297403515e-01
4.778000000000000025e-01	1.614375101723957817e+00
4.813999999999999946e-01	9.895620615097675543e-01
4.849999999999999867e-01	-5.416707433342280442e-01
4.885999999999999788e-01	-2.069904440864900885e-01
4.922000000000000264e-01	2.894127706668019329e-01
4.958000000000000185e-01	1.623807404941758348e-01
4.994000000000000106e-01	4.376876330006418958e-01
5.030000000000000027e-01	6.839000320206922723e-02
5.066000000000000503e-01	2.199753158043465273e+00
5.101999999999999869e-01	1.402425947418150631e+00
5.138000000000000345e-01	1.848218119427618600e+00
5.173999999999999710e-01	2.055426510694191577e+00
5.210000000000000187e-01	3.414246993373911465e+00
5.245999999999999552e-01	3.875963224592785306e+00
5.282999999999999918e-01	3.016380693446262917e+00
5.319000000000000394e-01	2.497576817242018521e+00
5.354999999999999760e-01	1.484687785731000353e+00
5.391000000000000236e-01	1.506738215788724133e+00
5.426999999999999602e-01	2.289518983436369393e+00
5.463000000000000078e-01	1.697073129164896610e+00
5.499000000000000554e-01	1.712072590821795526e+00
5.534999999999999920e-01	1.119303281001006178e+00
5.571000000000000396e-01	1.316935037141504505e+00
5.606999999999999762e-01	2.416472862322357251e+00
5.643000000000000238e-01	2.704867255516572033e+00
5.678999999999999604e-01	2.571707815889195281e+00
5.715000000000000080e-01	1.825112422689957103e+00
5.752000000000000446e-01	1.080250471266919199e+00
5.787999999999999812e-01	2.383668847467157903e+00
5.824000000000000288e-01	2.879225452012883935e+00
5.859999999999999654e-01	2.356714872183732545e+00
5.896000000000000130e-01	2.763494832744614271e+00
5.931999999999999496e-01	2.715286403713760954e+00
5.967999999999999972e-01	2.720301397063585203e+00
6.004000000000000448e-01	3.618519461809144744e+00
6.039999999999999813e-01	4.198647496723697969e+00
6.076000000000000290e-01	4.430123128585101711e+00
6.111999999999999655e-01	3.333755000826419401e+00
6.148000000000000131e-01	4.485199678633200904e+00
6.183999999999999497e-01	4.079104861054231534e+00
6.219999999999999973e-01	3.270929174612392298e+00
6.257000000000000339e-01	2.612986802226114236e+00
6.292999999999999705e-01	2.145186003382278717e+00
6.329000000000000181e-01	2.869947249175015092e+00
6.364999999999999547e-01	2.036820135052947123e+00
6.401000000000000023e-01	2.372279650935723794e+00
6.437000000000000499e-01	1.778969067756220213e+00
6.472999999999999865e-01	1.642751854051634375e+00
6.509000000000000341e-01	2.441505508127262303e+00
6.544999999999999707e-01	1.407448871494320297e+00
6.581000000000000183e-01	1.991098846571804026e+00
6.616999999999999549e-01	2.983365745000426283e+00
6.653000000000000025e-01	2.444809028966384190e+00
6.689000000000000501e-01	3.140518526569473057e+00
6.724999999999999867e-01	3.988360496456306414e+00
6.762000000000000233e-01	4.748391628826164279e+00
6.797999999999999599e-01	5.141932674860233199e+00
6.834000000000000075e-01	5.351971656599188165e+00
6.870000000000000551e-01	5.793185537166629651e+00
6.905999999999999917e-01	5.474017850339882862e+00
6.942000000000000393e-01	5.699168727093626430e+00
6.977999999999999758e-01	5.300871065864145137e+00
7.014000000000000234e-01	4.604097403900092367e+00
7.049999999999999600e-01	4.777832150861005545e+00
7.086000000000000076e-01	3.771545777931161414e+00
7.122000000000000552e-01	4.107307748997844676e+00
7.157999999999999918e-01	3.704566366398620580e+00
7.194000000000000394e-01	2.397574765099556249e+00
7.229999999999999760e-01	2.605846450447485640e+00
7.267000000000000126e-01	3.242818919024808455e+00
7.302999999999999492e-01	3.390561792836700672e+00
7.338999999999999968e-01	3.817285288707619184e+00
7.375000000000000444e-01	4.179003230392503099e+00
7.410999999999999810e-01	4.965055611068351027e+00
7.447000000000000286e-01	4.832867079670846167e+00
7.482999999999999652e-01	6.020326391907018682e+00
7.519000000000000128e-01	4.621900597176617609e+00
7.554999999999999494e-01	4.769630756522095005e+00
7.590999999999999970e-01	6.319882832182651455e+00
7.627000000000000446e-01	5.448296533525625485e+00
7.662999999999999812e-01	5.248705662960827745e+00
7.699000000000000288e-01	5.236552630587758550e+00
7.734999999999999654e-01	6.480072085124056969e+00
7.772000000000000020e-01	5.273280482924277202e+00
7.808000000000000496e-01	4.598312645046055636e+00
7.843999999999999861e-01	5.131670988485651286e+00
7.880000000000000338e-01	5.713047607792166360e+00
7.915999999999999703e-01	5.098108699546442857e+00
7.952000000000000179e-01	7.600622670609174847e+00
7.987999999999999545e-01	4.263456803197823497e+00
8.024000000000000021e-01	5.005526452686631877e+00
8.060000000000000497e-01	4.601187895892294932e+00
8.095999999999999863e-01	3.728323899885015003e+00
8.132000000000000339e-01	4.608169142740180746e+00
8.167999999999999705e-01	6.373472195413265595e+00
8.204000000000000181e-01	5.370208880217946401e+00
8.239999999999999547e-01	4.879060554861589516e+00
8.276999999999999913e-01	7.459418704130063915e+00
8.313000000000000389e-01	7.314125629963215580e+00
8.348999999999999755e-01	7.715427330714332399e+00
8.385000000000000231e-01	6.564179197730896753e+00
8.420999999999999597e-01	7.637884466835725306e+00
8.457000000000000073e-01	8.213157675971489269e+00
8.493000000000000549e-01	6.532064364113256971e+00
8.528999999999999915e-01	6.622736940517109261e+00
8.565000000000000391e-01	5.781859416340414448e+00
8.600999999999999757e-01	5.773944611719439735e+00
8.637000000000000233e-01	6.763817705224617782e+00
8.672999999999999599e-01	7.155703969754036109e+00
8.709000000000000075e-01	5.941381510920010101e+00
8.745000000000000551e-01	5.590481161789099929e+00
8.781999999999999806e-01	8.545506858392569072e+00
8.818000000000000282e-01	5.074147969960879578e+00
8.853999999999999648e-01	6.630157420273299351e+00
8.890000000000000124e-01	6.301960818211457926e+00
8.925999999999999490e-01	6.596517076619166531e+00
8.961999999999999966e-01	6.994748350051221308e+00
8.998000000000000442e-01	7.490486728303594077e+00
9.033999999999999808e-01	7.438381007531451594e+00
9.070000000000000284e-01	7.218947922943269369e+00
9.105999999999999650e-01	8.204331714134644571e+00
9.142000000000000126e-01	8.719773062651086093e+00
9.177999999999999492e-01	8.215216921978436559e+00
9.213999999999999968e-01	8.410949314064939841e+00
9.251000000000000334e-01	9.067921404546908093e+00
9.286999999999999700e-01	7.386003926863880409e+00
9.323000000000000176e-01	9.093345751724134729e+00
9.358999999999999542e-01	9.327443774669585963e+00
9.395000000000000018e-01	7.278101478377218214e+00
9.431000000000000494e-01	8.515689712870448957e+00
9.466999999999999860e-01	7.891176517028177351e+00
9.503000000000000336e-01	8.692461782335220377e+00
9.538999999999999702e-01	7.042784454082365642e+00
9.575000000000000178e-01	8.683704929280871454e+00
9.610999999999999543e-01	7.732484476093357983e+00
9.647000000000000020e-01	6.684800532567428455e+00
9.683000000000000496e-01	6.981430733024301283e+00
9.718999999999999861e-01	7.743564056427648445e+00
9.756000000000000227e-01	8.480309429200218574e+00
9.791999999999999593e-01	8.725972246703310731e+00
9.828000000000000069e-01	9.842732709989194362e+00
9.864000000000000545e-01	8.920081506190150833e+00
9.899999999999999911e-01	8.347247374950306664e+00
9.936000000000000387e-01	9.980021092786207859e+00
9.971999999999999753e-01	9.184326934223555838e+00
1.000799999999999912e+00	9.956185992309052324e+00
1.004399999999999959e+00	9.646433817574870062e+00
1.008000000000000007e+00	9.576531313136431578e+00
1.011600000000000055e+00	1.080477278571199307e+01
1.015200000000000102e+00	9.578483754407692174e+00
1.018799999999999928e+00	9.226404523162985427e+00
1.022399999999999975e+00	8.530330991165262944e+00
1.026100000000000012e+00	9.892975664421173931e+00
1.029700000000000060e+00	1.018988716228569125e+01
1.033300000000000107e+00	8.980110702445632143e+00
1.036899999999999933e+00	1.075527318505764640e+01
1.040499999999999980e+00	9.147209823146312146e+00
1.044100000000000028e+00	8.310273358793304865e+00
1.047700000000000076e+00	9.601883434277135976e+00
1.051299999999999901e+00	9.077326447876020055e+00
1.054899999999999949e+00	8.659474216108351996e+00
1.058499999999999996e+00	9.303608755341539194e+00
1.062100000000000044e+00	8.741086836937208560e+00
1.065700000000000092e+00	1.029914352281111434e+01
1.069299999999999917e+00	9.647350474961793765e+00
1.072899999999999965e+00	1.015167528145074982e+01
1.076600000000000001e+00	1.099091357883913034e+01
1.080200000000000049e+00	1.186736923760720330e+01
1.083800000000000097e+00	1.170450909534710249e+01
1.087399999999999922e+00	1.065597929463920579e+01
1.090999999999999970e+00	1.175243285844875452e+01
1.094600000000000017e+00	1.151239358714381744e+01
1.098200000000000065e+00	1.229954884829532347e+01
1.101799999999999891e+00	1.166164654436344250e+01
1.105399999999999938e+00	1.243632436083093751e+01
1.108999999999999986e+00	1.367288280030293635e+01
1.112600000000000033e+00	1.209334817774900728e+01
1.116200000000000081e+00	1.155562180666281691e+01
1.119799999999999907e+00	1.172557888880293042e+01
1.123399999999999954e+00	1.118294014573799799e+01
1.127099999999999991e+00	1.128891099001517873e+01
1.130700000000000038e+00	1.090876399137761688e+01
1.134300000000000086e+00	1.179495744916527045e+01
1.137899999999999912e+00	1.132105806833058281e+01
1.141499999999999959e+00	1.143794369325923910e+01
1.145100000000000007e+00	1.253709877223846370e+01
1.148700000000000054e+00	1.232995505692222515e+01
1.152300000000000102e+00	1.350085485673203323e+01
1.155899999999999928e+00	1.360247967320325735e+01
1.159499999999999975e+00	1.362309421407877963e+01
1.163100000000000023e+00	1.471468192665783192e+01
1.166700000000000070e+00	1.281221691728359247e+01
1.170299999999999896e+00	1.442208229845155998e+01
1.173899999999999944e+00	1.261175136695650956e+01
1.177599999999999980e+00	1.203156455539728142e+01
1.181200000000000028e+00	1.415729366829383196e+01
1.184800000000000075e+00	1.318499093939228572e+01
1.188399999999999901e+00	1.382516014519459091e+01
1.191999999999999948e+00	1.516587233803514323e+01
1.195599999999999996e+00	1.383297241394756050e+01
1.199200000000000044e+00	1.358899042519727018e+01
1.202800000000000091e+00	1.374796825785038479e+01
1.206399999999999917e+00	1.494674433622745013e+01
1.209999999999999964e+00	1.518660183301878064e+01
1.213600000000000012e+00	1.497868452545068862e+01
1.217200000000000060e+00	1.480980905700699068e+01
1.220800000000000107e+00	1.527364709228661965e+01
1.224399999999999933e+00	1.479816909366272704e+01
1.228099999999999969e+00	1.472124104022982394e+01
1.231700000000000017e+00	1.533758748273306693e+01
1.235300000000000065e+00	1.393151574587276897e+01
1.238899999999999890e+00	1.515255890658725590e+01
1.242499999999999938e+00	1.577478038008986516e+01
1.246099999999999985e+00	1.608038874027507958e+01
1.249700000000000033e+00	1.890849281723467357e+01
1.253300000000000081e+00	1.594345078010586825e+01
1.256899999999999906e+00	1.750981831513858111e+01
1.260499999999999954e+00	1.502825666925519954e+01
1.264100000000000001e+00	1.689887913010415943e+01
1.267700000000000049e+00	1.684654801504744626e+01
1.271300000000000097e+00	1.700004039207879103e+01
1.274899999999999922e+00	1.735423982064780546e+01
1.278599999999999959e+00	1.774159070691128903e+01
1.282200000000000006e+00	1.818420663027207951e+01
1.285800000000000054e+00	1.757955607105611406e+01
1.289400000000000102e+00	1.856617942548578526e+01
1.292999999999999927e+00	1.706911482479724640e+01
1.296599999999999975e+00	1.823880561476069317e+01
1.300200000000000022e+00	1.708065923284803134e+01
1.303800000000000070e+00	1.858768474073736243e+01
1.307399999999999896e+00	1.715367942704218507e+01
1.310999999999999943e+00	1.840813684747014278e+01
1.314599999999999991e+00	1.883415924270432029e+01
1.318200000000000038e+00	1.863944642873856239e+01
1.321800000000000086e+00	1.747841550651821407e+01
1.325499999999999901e+00	1.936678600900524216e+01
1.329099999999999948e+00	1.970404990311368820e+01
1.332699999999999996e+00	1.809531561903155250e+01
1.336300000000000043e+00	1.942069909349763535e+01
1.339900000000000091e+00	2.042136935615784665e+01
1.343499999999999917e+00	1.889657285738369907e+01
1.347099999999999964e+00	2.122847506329156531e+01
1.350700000000000012e+00	2.103831932521470094e+01
1.354300000000000059e+00	2.081291036249049142e+01
1.357900000000000107e+00	2.061036500438534702e+01
1.361499999999999932e+00	2.137833735555019032e+01
1.365099999999999980e+00	2.021896442106509539e+01
1.368700000000000028e+00	2.186149311409862506e+01
1.372300000000000075e+00	1.991146093543013151e+01
1.375999999999999890e+00	2.230392073495372784e+01
1.379599999999999937e+00	2.099569648023462420e+01
1.383199999999999985e+00	2.036763334983641371e+01
1.386800000000000033e+00	2.037303730231158738e+01
1.390400000000000080e+00	2.095673373530667050e+01
1.393999999999999906e+00	2.029107209131483458e+01
1.397599999999999953e+00	1.969946058740383066e+01
1.401200000000000001e+00	1.978523178049766784e+01
1.404800000000000049e+00	2.231304843189248643e+01
1.408400000000000096e+00	2.036562471324983292e+01
1.411999999999999922e+00	2.016392899381598980e+01
1.415599999999999969e+00	2.051678917565706683e+01
1.419200000000000017e+00	2.056617324359479326e+01
1.422800000000000065e+00	2.001425471010773194e+01
1.426500000000000101e+00	2.008078682018092564e+01
1.430099999999999927e+00	1.923277263487622690e+01
1.433699999999999974e+00	1.877194958812752645e+01
1.437300000000000022e+00	1.882694211828252051e+01
1.440900000000000070e+00	2.035447763558086365e+01
1.444499999999999895e+00	1.970678508802384954e+01
1.448099999999999943e+00	2.028726420216491633e+01
1.451699999999999990e+00	2.042542987817316558e+01
1.455300000000000038e+00	1.946835843891104290e+01
1.458900000000000086e+00	2.073178956202665546e+01
1.462499999999999911e+00	2.096902829418879932e+01
1.466099999999999959e+00	2.217053245449789500e+01
1.469700000000000006e+00	2.093691128899846277e+01
1.473300000000000054e+00	2.241891127733037337e+01
1.477000000000000091e+00	2.301977270055703073e+01
1.480599999999999916e+00	2.206451024701211239e+01
1.484199999999999964e+00	2.112994480171452594e+01
1.487800000000000011e+00	2.326750277961964741e+01
1.491400000000000059e+00	2.262136672421290484e+01
1.495000000000000107e+00	2.341486429019979454e+01
1.498599999999999932e+00	2.220652999050844301e+01
1.502199999999999980e+00	2.370125904258485861e+01
1.505800000000000027e+00	2.243752897888475673e+01
1.509400000000000075e+00	2.321648391534989386e+01
1.512999999999999901e+00	2.412653011911543643e+01
1.516599999999999948e+00	2.437279643930044415e+01
1.520199999999999996e+00	2.331544892415372061e+01
1.523800000000000043e+00	2.405078395642966882e+01
1.527500000000000080e+00	2.401106307811455665e+01
1.531099999999999905e+00	2.474651847354552459e+01
1.534699999999999953e+00	2.350292910153583392e+01
1.538300000000000001e+00	2.503608044737723048e+01
1.541900000000000048e+00	2.493163594903134950e+01
1.545500000000000096e+00	2.429251212874362764e+01
1.549099999999999921e+00	2.499092604158771636e+01
1.552699999999999969e+00	2.715547805884605381e+01
1.556300000000000017e+00	2.705522520106518769e+01
1.559900000000000064e+00	2.604520674062694496e+01
1.563499999999999890e+00	2.636004883716885061e+01
1.567099999999999937e+00	2.571454370626641506e+01
1.570699999999999985e+00	2.607484279450322973e+01
1.574300000000000033e+00	2.620367045120154259e+01
1.578000000000000069e+00	2.714333216590976150e+01
1.581599999999999895e+00	2.628260180909691712e+01
1.585199999999999942e+00	2.561148080887770817e+01
1.588799999999999990e+00	2.546488980724824813e+01
1.592400000000000038e+00	2.740491474180988973e+01
1.596000000000000085e+00	2.705299132962908004e+01
1.599599999999999911e+00	2.869829200233382238e+01
1.603199999999999958e+00	2.940325372197466436e+01
1.606800000000000006e+00	3.010668968239473031e+01
1.610400000000000054e+00	3.026887574645887824e+01
1.614000000000000101e+00	3.119887387149192293e+01
1.617599999999999927e+00	3.048807990183956562e+01
1.621199999999999974e+00	2.998920476818540237e+01
1.624800000000000022e+00	3.018705704900574815e+01
1.628500000000000059e+00	2.846455544842526564e+01
1.632100000000000106e+00	3.041127465082541903e+01
1.635699999999999932e+00	2.943652303711935758e+01
1.639299999999999979e+00	2.953989605572348864e+01
1.642900000000000027e+00	3.100488538027617125e+01
1.646500000000000075e+00	2.890404744539549853e+01
1.650099999999999900e+00	3.040607041353127116e+01
1.653699999999999948e+00	2.992018043062151733e+01
1.657299999999999995e+00	2.994282158082468470e+01
1.660900000000000043e+00	3.101587048043534978e+01
1.664500000000000091e+00	3.164582799822694881e+01
1.668099999999999916e+00	3.174739145812907282e+01
1.671699999999999964e+00	3.263167978929087099e+01
1.675400000000000000e+00	3.203834081696439284e+01
1.679000000000000048e+00	2.963761587093449634e+01
1.682600000000000096e+00	2.940735182591087948e+01
1.686199999999999921e+00	3.049898923376399296e+01
1.689799999999999969e+00	2.901881106019732215e+01
1.693400000000000016e+00	2.951223972547282415e+01
1.697000000000000064e+00	3.272151918328019349e+01
1.700599999999999890e+00	3.454982883006643846e+01
1.704199999999999937e+00	3.526439545616193527e+01
1.707799999999999985e+00	3.621925241517168104e+01
1.711400000000000032e+00	3.793260241422132140e+01
1.715000000000000080e+00	3.643655720799694819e+01
1.718599999999999905e+00	3.656348984861675433e+01
1.722199999999999953e+00	3.678708236712399327e+01
1.725899999999999990e+00	3.646372593935949169e+01
1.729500000000000037e+00	3.389374139248595696e+01
1.733100000000000085e+00	3.471329176881212675e+01
1.736699999999999910e+00	3.334161920451597183e+01
1.740299999999999958e+00	3.531204481455475985e+01
1.743900000000000006e+00	3.556476661062876587e+01
1.747500000000000053e+00	3.589069035039344868e+01
1.751100000000000101e+00	3.595320077197146702e+01
1.754699999999999926e+00	3.626965878487288819e+01
1.758299999999999974e+00	3.633758599021847147e+01
1.761900000000000022e+00	3.640798222346801793e+01
1.765500000000000069e+00	3.608839357253681612e+01
1.769099999999999895e+00	3.602024456602028835e+01
1.772699999999999942e+00	3.576183371352527018e+01
1.776399999999999979e+00	3.606642205261092471e+01
1.780000000000000027e+00	3.474107666353989288e+01
1.783600000000000074e+00	3.353847454573060105e+01
1.787199999999999900e+00	3.425795599516933976e+01
1.790799999999999947e+00	3.316197736155858422e+01
1.794399999999999995e+00	3.207335635975704946e+01
1.798000000000000043e+00	3.448208466023275065e+01
1.801600000000000090e+00	3.275736800501910295e+01
1.805199999999999916e+00	3.189332829949752934e+01
1.808799999999999963e+00	3.278640772949633941e+01
1.812400000000000011e+00	3.470294153089989209e+01
1.816000000000000059e+00	3.543845191833212738e+01
1.819600000000000106e+00	3.513214497836197125e+01
1.823199999999999932e+00	3.705485734830023858e+01
1.826899999999999968e+00	3.710257539921426684e+01
1.830500000000000016e+00	3.500569313422460027e+01
1.834100000000000064e+00	3.610245463565334489e+01
1.837699999999999889e+00	3.548544039022544183e+01
1.841299999999999937e+00	3.446934597851844018e+01
1.844899999999999984e+00	3.342039418969865494e+01
1.848500000000000032e+00	3.447546676921290043e+01
1.852100000000000080e+00	3.309311122311336817e+01
1.855699999999999905e+00	3.345972749812563762e+01
1.859299999999999953e+00	3.388923475070088642e+01
1.862900000000000000e+00	3.381171874838022262e+01
1.866500000000000048e+00	3.515775608733239466e+01
1.870100000000000096e+00	3.401387828616351072e+01
1.873699999999999921e+00	3.350261159424930923e+01
1.877399999999999958e+00	3.506261448832113814e+01
1.881000000000000005e+00	3.361388000988723945e+01
1.884600000000000053e+00	3.491764019369767880e+01
1.888200000000000101e+00	3.636166947609606126e+01
1.891799999999999926e+00	3.631332159281571847e+01
1.895399999999999974e+00	3.722497596802315911e+01
1.899000000000000021e+00	3.981605860770775251e+01
1.902600000000000069e+00	3.871387459851358415e+01
1.906199999999999894e+00	4.018496957416807902e+01
1.909799999999999942e+00	4.145407924738096028e+01
1.913399999999999990e+00	4.257208033005727543e+01
1.917000000000000037e+00	4.286871154618042112e+01
1.920600000000000085e+00	4.328646509212691029e+01
1.924199999999999910e+00	4.211856921640222851e+01
1.927899999999999947e+00	4.096340780912932900e+01
1.931499999999999995e+00	4.155553201496126547e+01
1.935100000000000042e+00	3.956902427611458251e+01
1.938700000000000090e+00	3.827476265113016041e+01
1.942299999999999915e+00	3.643125725957461469e+01
1.945899999999999963e+00	3.807033586793275504e+01
1.949500000000000011e+00	3.934813163163256888e+01
1.953100000000000058e+00	3.952621711793378267e+01
1.956700000000000106e+00	3.977642731693550360e+01
1.960299999999999931e+00	4.208157431438656459e+01
1.963899999999999979e+00	4.290663302466138873e+01
1.967500000000000027e+00	4.258109022778817376e+01
1.971100000000000074e+00	4.309815182945626333e+01
1.974699999999999900e+00	4.214663330756327753e+01
1.978399999999999936e+00	4.321338834452347299e+01
1.981999999999999984e+00	4.309428686074559778e+01
1.985600000000000032e+00	4.201202132749684637e+01
1.989200000000000079e+00	4.376385804124409162e+01
1.992799999999999905e+00	4.193056513039503130e+01
1.996399999999999952e+00	4.117434694849177390e+01
2.000000000000000000e+00	4.021690189472968058e+01
