2.000000000000000111e-01	1.830011827344670827e-01
2.036000000000000032e-01	-1.282648298303394663e+00
2.071999999999999953e-01	-6.273630368664322443e-01
2.107999999999999874e-01	-3.335128567144247658e-01
2.144000000000000072e-01	-8.194997154321632671e-01
2.179999999999999993e-01	-1.118889840633465749e+00
2.215999999999999914e-01	-1.524538674070987643e+00
2.253000000000000003e-01	-2.977059086596955062e+00
2.288999999999999924e-01	-1.930490695698985348e+00
2.325000000000000122e-01	-1.586401453686545837e+00
2.361000000000000043e-01	-2.451645537146247111e+00
2.396999999999999964e-01	-2.443975491467618610e+00
2.432999999999999885e-01	-1.701536323909634163e+00
2.469000000000000083e-01	-2.766584554407805818e+00
2.505000000000000004e-01	-3.178256564112797555e+00
2.540999999999999925e-01	-2.624815289645358263e+00
2.576999999999999846e-01	-2.882108335955491984e+00
2.612999999999999767e-01	-1.753333571359199317e+00
2.649000000000000243e-01	-1.233962939484035903e+00
2.685000000000000164e-01	-1.161250287644775891e+00
2.721000000000000085e-01	-5.166163294808041595e-01
2.757999999999999896e-01	-6.226135020672486364e-01
2.793999999999999817e-01	1.999242644554866111e-02
2.829999999999999738e-01	-1.223785438852527996e+00
2.866000000000000214e-01	-8.355937837337300556e-01
2.902000000000000135e-01	-1.626726248135902386e-01
2.938000000000000056e-01	-1.723879670126576613e+00
2.973999999999999977e-01	-8.922301929375002771e-01
3.009999999999999898e-01	3.100900036845228858e-01
3.045999999999999819e-01	-1.052674905157605645e+00
3.081999999999999740e-01	-1.896715094926697986e+00
3.118000000000000216e-01	-1.381156732987462998e+00
3.154000000000000137e-01	-1.388350124973566579e+00
3.190000000000000058e-01	-2.710867470935542034e+00
3.225999999999999979e-01	-1.975865363953970499e+00
3.262999999999999790e-01	-3.159678151898428489e+00
3.299000000000000266e-01	-1.661152086440675024e+00
3.335000000000000187e-01	-2.410892369947177372e+00
3.371000000000000107e-01	-2.030662228065373665e+00
3.407000000000000028e-01	-1.927409166089276482e+00
3.442999999999999949e-01	-1.397086339247002318e-01
3.478999999999999870e-01	-1.694655115391975109e+00
3.514999999999999791e-01	-1.713233532962420202e+00
3.551000000000000267e-01	8.811096616608818932e-01
3.587000000000000188e-01	6.787049992615307170e-01
3.623000000000000109e-01	7.454236096323548777e-01
3.659000000000000030e-01	5.644294030481756819e-01
3.694999999999999951e-01	7.521528179398397906e-01
3.730999999999999872e-01	4.913565716571853814e-01
3.768000000000000238e-01	5.953037647845559333e-01
3.804000000000000159e-01	3.250106524220197635e-01
3.840000000000000080e-01	4.038383590958732894e-01
3.876000000000000001e-01	1.954273781880194738e+00
3.911999999999999922e-01	-9.093361754633980665e-01
3.947999999999999843e-01	1.014580415849495987e+00
3.983999999999999764e-01	1.315126950906346792e+00
4.020000000000000240e-01	2.787362041731467066e-02
4.056000000000000161e-01	3.038891525937947868e-03
4.092000000000000082e-01	-1.987406859059969166e-01
4.128000000000000003e-01	6.397316602371538874e-01
4.163999999999999924e-01	6.271837023679909251e-01
4.199999999999999845e-01	1.443598247340087237e+00
4.235999999999999766e-01	5.073634838509316625e-01
4.273000000000000131e-01	2.152077925294471061e+00
4.309000000000000052e-01	7.632748974840046774e-01
4.344999999999999973e-01	2.568186565808185495e+00
4.380999999999999894e-01	1.932307804687402486e+00
4.416999999999999815e-01	1.393970560793614144e+00
4.452999999999999736e-01	1.624343097117406431e+00
4.489000000000000212e-01	2.128164899557110079e+00
4.525000000000000133e-01	8.444559706884523509e-01
4.561000000000000054e-01	2.821984560975186795e+00
4.596999999999999975e-01	3.794639697524249122e-01
4.632999999999999896e-01	1.281217061435165228e+00
4.668999999999999817e-01	2.955874442482871456e-01
4.704999999999999738e-01	4.425766655214127820e-01
4.741000000000000214e-01	1.166687391223970804e+00
4.778000000000000025e-01	3.208499682651385632e-01
4.813999999999999946e-01	-5.083836966532592205e-01
4.849999999999999867e-01	1.456334892351408006e-01
4.885999999999999788e-01	-7.245501279302285491e-02
4.922000000000000264e-01	9.615435430015940865e-02
4.958000000000000185e-01	7.085460647363032161e-01
4.994000000000000106e-01	1.344817419229991318e+00
5.030000000000000027e-01	1.667281595945232731e+00
5.066000000000000503e-01	1.231929401886541875e+00
5.101999999999999869e-01	2.053533820654576569e+00
5.138000000000000345e-01	2.592558928329421697e+00
5.173999999999999710e-01	2.366024669205132547e+00
5.210000000000000187e-01	2.265652707513417852e+00
5.245999999999999552e-01	2.190536313031660409e+00
5.282999999999999918e-01	2.633712605805311302e+00
5.319000000000000394e-01	1.812827794539512150e+00
5.354999999999999760e-01	2.361543948182710739e+00
5.391000000000000236e-01	8.958736456469252873e-01
5.426999999999999602e-01	1.294549074333831484e+00
5.463000000000000078e-01	8.370507552970305465e-01
5.499000000000000554e-01	1.479571892868610572e+00
5.534999999999999920e-01	2.239362312046190517e+00
5.571000000000000396e-01	2.037558436317505883e+00
5.606999999999999762e-01	1.885817797151977615e+00
5.643000000000000238e-01	1.122215012965645187e+00
5.678999999999999604e-01	1.910504069701608021e+00
5.715000000000000080e-01	1.503991371372189079e+00
5.752000000000000446e-01	2.821253916724715261e-01
5.787999999999999812e-01	2.942751725580932121e+00
5.824000000000000288e-01	2.390117307901991062e+00
5.859999999999999654e-01	3.487240807685425548e+00
5.896000000000000130e-01	1.774874494222641985e+00
5.931999999999999496e-01	2.535445216776484934e+00
5.967999999999999972e-01	2.251511796527224885e+00
6.004000000000000448e-01	3.886068776568882832e+00
6.039999999999999813e-01	3.495586526832662244e+00
6.076000000000000290e-01	4.831597298114582273e+00
6.111999999999999655e-01	3.046864907470708150e+00
6.148000000000000131e-01	3.814614700810246006e+00
6.183999999999999497e-01	4.661573330245961877e+00
6.219999999999999973e-01	3.550842862609073780e+00
6.257000000000000339e-01	1.590389458110478049e+00
6.292999999999999705e-01	2.318142469760894109e+00
6.329000000000000181e-01	3.230011886524901676e+00
6.364999999999999547e-01	1.976030635235248134e+00
6.401000000000000023e-01	2.737424931114122995e+00
6.437000000000000499e-01	2.187222915116194599e+00
6.472999999999999865e-01	1.993839263368542003e+00
6.509000000000000341e-01	2.985870659737090094e+00
6.544999999999999707e-01	2.828499603044843269e+00
6.581000000000000183e-01	3.126216796031846545e+00
6.616999999999999549e-01	3.048528806136869385e+00
6.653000000000000025e-01	2.922186583033031138e+00
6.689000000000000501e-01	4.254007943710183426e+00
6.724999999999999867e-01	4.256028299257472725e+00
6.762000000000000233e-01	4.163480558865336079e+00
6.797999999999999599e-01	4.385581663854686063e+00
6.834000000000000075e-01	4.444132074832747747e+00
6.870000000000000551e-01	4.145121005380555168e+00
6.905999999999999917e-01	4.034429582172340822e+00
6.942000000000000393e-01	5.166328454885415589e+00
6.977999999999999758e-01	5.134262312165361664e+00
7.014000000000000234e-01	4.792265086100668370e+00
7.049999999999999600e-01	3.753066368633812822e+00
7.086000000000000076e-01	2.492211025929672363e+00
7.122000000000000552e-01	3.260685251922331940e+00
7.157999999999999918e-01	3.071619026630376226e+00
7.194000000000000394e-01	3.312291312898960616e+00
7.229999999999999760e-01	4.514203490380429784e+00
7.267000000000000126e-01	3.952597763196348257e+00
7.302999999999999492e-01	4.146877849684515560e+00
7.338999999999999968e-01	3.633831220355014047e+00
7.375000000000000444e-01	3.246034553614618012e+00
7.410999999999999810e-01	3.579842366530922693e+00
7.447000000000000286e-01	4.024649952790997354e+00
7.482999999999999652e-01	4.114783622401584573e+00
7.519000000000000128e-01	3.846446263215897776e+00
7.554999999999999494e-01	5.336721264011315746e+00
7.590999999999999970e-01	6.504837576407958899e+00
7.627000000000000446e-01	6.364275096786988328e+00
7.662999999999999812e-01	4.835372727837952134e+00
7.699000000000000288e-01	5.836605468218113657e+00
7.734999999999999654e-01	5.122208666847226866e+00
7.772000000000000020e-01	5.390332871158897809e+00
7.808000000000000496e-01	5.222051423684269444e+00
7.843999999999999861e-01	5.974619929360172499e+00
7.880000000000000338e-01	5.917531816482089368e+00
7.915999999999999703e-01	5.333983243908069660e+00
7.952000000000000179e-01	5.787183525722609190e+00
7.987999999999999545e-01	4.250253276350692389e+00
8.024000000000000021e-01	4.907895331142255735e+00
8.060000000000000497e-01	5.794791245939888036e+00
8.095999999999999863e-01	4.806195457389698333e+00
8.132000000000000339e-01	5.655771468112710920e+00
8.167999999999999705e-01	5.647913285883833012e+00
8.204000000000000181e-01	4.580084352761865318e+00
8.239999999999999547e-01	6.215975875590196154e+00
8.276999999999999913e-01	5.389433563603656552e+00
8.313000000000000389e-01	6.758317023669471624e+00
8.348999999999999755e-01	7.510070892071315285e+00
8.385000000000000231e-01	6.312772584966524825e+00
8.420999999999999597e-01	6.806950312151941240e+00
8.457000000000000073e-01	6.775462233101945841e+00
8.493000000000000549e-01	7.076681211693676588e+00
8.528999999999999915e-01	6.238736557586674003e+00
8.565000000000000391e-01	8.449679752874960315e+00
8.600999999999999757e-01	7.683994359783512529e+00
8.637000000000000233e-01	5.492452999020837723e+00
8.672999999999999599e-01	7.305124384357103651e+00
8.709000000000000075e-01	6.054990685761869607e+00
8.745000000000000551e-01	5.681318463565441235e+00
8.781999999999999806e-01	5.847322397966292939e+00
8.818000000000000282e-01	6.475736092928625176e+00
8.853999999999999648e-01	5.022750460006100148e+00
8.890000000000000124e-01	5.602868242496260365e+00
8.925999999999999490e-01	7.203981512629503925e+00
8.961999999999999966e-01	5.870933496332206403e+00
8.998000000000000442e-01	7.701572883443990492e+00
9.033999999999999808e-01	8.278085139234848455e+00
9.070000000000000284e-01	7.383459899143682392e+00
9.105999999999999650e-01	8.464653314861751099e+00
9.142000000000000126e-01	7.627342933851339879e+00
9.177999999999999492e-01	7.107705006226817446e+00
9.213999999999999968e-01	7.377823525698767426e+00
9.251000000000000334e-01	7.197326481141693932e+00
9.286999999999999700e-01	8.051380521560467685e+00
9.323000000000000176e-01	6.639160073018755881e+00
9.358999999999999542e-01	8.496586025460784342e+00
9.395000000000000018e-01	8.431506485692544572e+00
9.431000000000000494e-01	7.892014113775521977e+00
9.466999999999999860e-01	8.749147265419212616e+00
9.503000000000000336e-01	7.143301013417783452e+00
9.538999999999999702e-01	7.899434259740116815e+00
9.575000000000000178e-01	7.975964649658554784e+00
9.610999999999999543e-01	8.571197575179411388e+00
9.647000000000000020e-01	8.255951774318637248e+00
9.683000000000000496e-01	8.224438914183586746e+00
9.718999999999999861e-01	8.929694438351623020e+00
9.756000000000000227e-01	8.372826886893264486e+00
9.791999999999999593e-01	8.512922179374415421e+00
9.828000000000000069e-01	9.512160125042566250e+00
9.864000000000000545e-01	9.913769173809596325e+00
9.899999999999999911e-01	1.046307718235933137e+01
9.936000000000000387e-01	9.370787896376810977e+00
9.971999999999999753e-01	9.208985243453014391e+00
1.000799999999999912e+00	9.047739873863619664e+00
1.004399999999999959e+00	9.212495163601202464e+00
1.008000000000000007e+00	1.051349490945207066e+01
1.011600000000000055e+00	1.044567386887479188e+01
1.015200000000000102e+00	8.894196924607681964e+00
1.018799999999999928e+00	9.397727831096538864e+00
1.022399999999999975e+00	9.975129599021590465e+00
1.026100000000000012e+00	9.748889748540809919e+00
1.029700000000000060e+00	9.830793655103301276e+00
1.033300000000000107e+00	9.967005207432745095e+00
1.036899999999999933e+00	9.633525192249368985e+00
1.040499999999999980e+00	1.017868738990969746e+01
1.044100000000000028e+00	8.756599974949526910e+00
1.047700000000000076e+00	8.866417477604338515e+00
1.051299999999999901e+00	9.361300872287639407e+00
1.054899999999999949e+00	9.293009903785851122e+00
1.058499999999999996e+00	1.029189737253562598e+01
1.062100000000000044e+00	1.135061562209356190e+01
1.065700000000000092e+00	9.815503161624416606e+00
1.069299999999999917e+00	9.435530729577386921e+00
1.072899999999999965e+00	1.020281109275795295e+01
1.076600000000000001e+00	1.006977325400774603e+01
1.080200000000000049e+00	9.055396478956559747e+00
1.083800000000000097e+00	9.945797902185216088e+00
1.087399999999999922e+00	1.157415582881422900e+01
1.090999999999999970e+00	1.119739017016682681e+01
1.094600000000000017e+00	1.305422511133470920e+01
1.098200000000000065e+00	1.250196835648877247e+01
1.101799999999999891e+00	1.204696854389659677e+01
1.105399999999999938e+00	1.307761719072833806e+01
1.108999999999999986e+00	1.119386091328836663e+01
1.112600000000000033e+00	1.186909822746039467e+01
1.116200000000000081e+00	1.079629341130144304e+01
1.119799999999999907e+00	1.028031367214029856e+01
1.123399999999999954e+00	1.045229595766098640e+01
1.127099999999999991e+00	1.032763775312669097e+01
1.130700000000000038e+00	1.034736494105955806e+01
1.134300000000000086e+00	1.111477248297364007e+01
1.137899999999999912e+00	1.075353623175494810e+01
1.141499999999999959e+00	1.050780834773752304e+01
1.145100000000000007e+00	1.181596388617070303e+01
1.148700000000000054e+00	1.337895405295416040e+01
1.152300000000000102e+00	1.255052248476843069e+01
1.155899999999999928e+00	1.429724331395276771e+01
1.159499999999999975e+00	1.370666801047381966e+01
1.163100000000000023e+00	1.263074956949165362e+01
1.166700000000000070e+00	1.466104204639692909e+01
1.170299999999999896e+00	1.225790420604013775e+01
1.173899999999999944e+00	1.282750267175912562e+01
1.177599999999999980e+00	1.282412291365331924e+01
1.181200000000000028e+00	1.287315750798351210e+01
1.184800000000000075e+00	1.500402761415147879e+01
1.188399999999999901e+00	1.269180468030178588e+01
1.191999999999999948e+00	1.530723856838645425e+01
1.195599999999999996e+00	1.408017921683265250e+01
1.199200000000000044e+00	1.472109757157257448e+01
1.202800000000000091e+00	1.538781187644741877e+01
1.206399999999999917e+00	1.416515480039306141e+01
1.209999999999999964e+00	1.494401348244610261e+01
1.213600000000000012e+00	1.477842641748153518e+01
1.217200000000000060e+00	1.324342382073620072e+01
1.220800000000000107e+00	1.375300390159277342e+01
1.224399999999999933e+00	1.557426870197828350e+01
1.228099999999999969e+00	1.413756481337402882e+01
1.231700000000000017e+00	1.537063493543098147e+01
1.235300000000000065e+00	1.421546879277773101e+01
1.238899999999999890e+00	1.587397652067077658e+01
1.242499999999999938e+00	1.573379361046517388e+01
1.246099999999999985e+00	1.592828129203756937e+01
1.249700000000000033e+00	1.693156787036732069e+01
1.253300000000000081e+00	1.542130030864013257e+01
1.256899999999999906e+00	1.642686684457169477e+01
1.260499999999999954e+00	1.733043340227263229e+01
1.264100000000000001e+00	1.685905844045533541e+01
1.267700000000000049e+00	1.688605077353087225e+01
1.271300000000000097e+00	1.764589925835485573e+01
1.274899999999999922e+00	1.622569306087958552e+01
1.278599999999999959e+00	1.839002108471521524e+01
1.282200000000000006e+00	1.759199416308199559e+01
1.285800000000000054e+00	1.645823799380966790e+01
1.289400000000000102e+00	1.611655619877068091e+01
1.292999999999999927e+00	1.808081960257328191e+01
1.296599999999999975e+00	1.816905844816637128e+01
1.300200000000000022e+00	1.761847474649910339e+01
1.303800000000000070e+00	1.786051002777965024e+01
1.307399999999999896e+00	1.742083697287893429e+01
1.310999999999999943e+00	1.731502475303710753e+01
1.314599999999999991e+00	1.813839647495760232e+01
1.318200000000000038e+00	1.736721681734744749e+01
1.321800000000000086e+00	1.879211110939460028e+01
1.325499999999999901e+00	1.721256580391069591e+01
1.329099999999999948e+00	1.836598144865256543e+01
1.332699999999999996e+00	1.787016368976961544e+01
1.336300000000000043e+00	1.972780841598435231e+01
1.339900000000000091e+00	1.815450455295145460e+01
1.343499999999999917e+00	1.978726817568271557e+01
1.347099999999999964e+00	2.022720743034903990e+01
1.350700000000000012e+00	2.006865607524352768e+01
1.354300000000000059e+00	1.924898237242740606e+01
1.357900000000000107e+00	2.058934406726757871e+01
1.361499999999999932e+00	1.996352206695203435e+01
1.365099999999999980e+00	2.125757211921074585e+01
1.368700000000000028e+00	2.010041235466345100e+01
1.372300000000000075e+00	2.255130870424501310e+01
1.375999999999999890e+00	1.919723791911120614e+01
1.379599999999999937e+00	2.073151523727940315e+01
1.383199999999999985e+00	2.025837581950630906e+01
1.386800000000000033e+00	2.156917222901311249e+01
1.390400000000000080e+00	2.103517526438690410e+01
1.393999999999999906e+00	2.021190779382828140e+01
1.397599999999999953e+00	1.988025132570068010e+01
1.401200000000000001e+00	2.151733479279945627e+01
1.404800000000000049e+00	2.147789197554251928e+01
1.408400000000000096e+00	2.006998602254400410e+01
1.411999999999999922e+00	2.122678075314697566e+01
1.415599999999999969e+00	2.041945468839719879e+01
1.419200000000000017e+00	1.915326985487324762e+01
1.422800000000000065e+00	1.994622376156333488e+01
1.426500000000000101e+00	1.996665330622814238e+01
1.430099999999999927e+00	1.806391258169513137e+01
1.433699999999999974e+00	1.938129575155807416e+01
1.437300000000000022e+00	1.854614482616578286e+01
1.440900000000000070e+00	2.049037306517261214e+01
1.444499999999999895e+00	2.040023903251053383e+01
1.448099999999999943e+00	2.050140996589898279e+01
1.451699999999999990e+00	2.103925571826937713e+01
1.455300000000000038e+00	2.041581707737112694e+01
1.458900000000000086e+00	2.108988007210713178e+01
1.462499999999999911e+00	2.051398958471859046e+01
1.466099999999999959e+00	2.115786764702142619e+01
1.469700000000000006e+00	1.950403211943593718e+01
1.473300000000000054e+00	2.222652397942263036e+01
1.477000000000000091e+00	2.206312031621076741e+01
1.480599999999999916e+00	2.203331437570228246e+01
1.484199999999999964e+00	2.126996497813600584e+01
1.487800000000000011e+00	2.172173531055895879e+01
1.491400000000000059e+00	2.253244629006649546e+01
1.495000000000000107e+00	2.237660918398807652e+01
1.498599999999999932e+00	2.139429606448832288e+01
1.502199999999999980e+00	2.261522778781281673e+01
1.505800000000000027e+00	2.237380088621101848e+01
1.509400000000000075e+00	2.267201309793451358e+01
1.512999999999999901e+00	2.257326726470725831e+01
1.516599999999999948e+00	2.287691535188119119e+01
1.520199999999999996e+00	2.368863410456913954e+01
1.523800000000000043e+00	2.352130634880616000e+01
1.527500000000000080e+00	2.414312929761294413e+01
1.531099999999999905e+00	2.354452664550428054e+01
1.534699999999999953e+00	2.497349815915844218e+01
1.538300000000000001e+00	2.502759702209392145e+01
1.541900000000000048e+00	2.658425184393982832e+01
1.545500000000000096e+00	2.503153689290409645e+01
1.549099999999999921e+00	2.697633472584377046e+01
1.552699999999999969e+00	2.673265045241519999e+01
1.556300000000000017e+00	2.704122760576077411e+01
1.559900000000000064e+00	2.713279605523053206e+01
1.563499999999999890e+00	2.709373738806154819e+01
1.567099999999999937e+00	2.650454095871748805e+01
1.570699999999999985e+00	2.650285602549748631e+01
1.574300000000000033e+00	2.757478431440969047e+01
1.578000000000000069e+00	2.563955546291654031e+01
1.581599999999999895e+00	2.603508628884703313e+01
1.585199999999999942e+00	2.659995048425308184e+01
1.588799999999999990e+00	2.529073843451675430e+01
1.592400000000000038e+00	2.577298771549858003e+01
1.596000000000000085e+00	2.792082898980255123e+01
1.599599999999999911e+00	2.839867556529645398e+01
1.603199999999999958e+00	2.771476438419906074e+01
1.606800000000000006e+00	2.915258132758433263e+01
1.610400000000000054e+00	2.995501886190824337e+01
1.614000000000000101e+00	3.041555163500403935e+01
1.617599999999999927e+00	3.062381741594425932e+01
1.621199999999999974e+00	2.965997275159851299e+01
1.624800000000000022e+00	2.948043927482746795e+01
1.628500000000000059e+00	3.097095893091925944e+01
1.632100000000000106e+00	3.040527058360686397e+01
1.635699999999999932e+00	2.991722030253706777e+01
1.639299999999999979e+00	2.938504545639640497e+01
1.642900000000000027e+00	2.938530188958229061e+01
1.646500000000000075e+00	2.935954509765457487e+01
1.650099999999999900e+00	2.913854920256579817e+01
1.653699999999999948e+00	3.025133266818705735e+01
1.657299999999999995e+00	2.930481407615778977e+01
1.660900000000000043e+00	3.035465302612899663e+01
1.664500000000000091e+00	3.271213761712657941e+01
1.668099999999999916e+00	3.120914565810145547e+01
1.671699999999999964e+00	3.067544445744980663e+01
1.675400000000000000e+00	3.204978697304699153e+01
1.679000000000000048e+00	3.105763503861751929e+01
1.682600000000000096e+00	2.899440436758118977e+01
1.686199999999999921e+00	3.088244888234487817e+01
1.689799999999999969e+00	3.119539808826209537e+01
1.693400000000000016e+00	3.106871154865321927e+01
1.697000000000000064e+00	3.306704358031401370e+01
1.700599999999999890e+00	3.459098891785868091e+01
1.704199999999999937e+00	3.588499589491626551e+01
1.707799999999999985e+00	3.709418556317813653e+01
1.711400000000000032e+00	3.704758300032528240e+01
1.715000000000000080e+00	3.746793307148986685e+01
1.718599999999999905e+00	3.646940291604489914e+01
1.722199999999999953e+00	3.540534261309865371e+01
1.725899999999999990e+00	3.632526476313064734e+01
1.729500000000000037e+00	3.322300163802815121e+01
1.733100000000000085e+00	3.295678716832836130e+01
1.736699999999999910e+00	3.380459195127554750e+01
1.740299999999999958e+00	3.454421895602058612e+01
1.743900000000000006e+00	3.304833053939785970e+01
1.747500000000000053e+00	3.616162271942391016e+01
1.751100000000000101e+00	3.535781164282835221e+01
1.754699999999999926e+00	3.545770220712662280e+01
1.758299999999999974e+00	3.555550832559070074e+01
1.761900000000000022e+00	3.642645817172726197e+01
1.765500000000000069e+00	3.616235895082534313e+01
1.769099999999999895e+00	3.672822819159877383e+01
1.772699999999999942e+00	3.713685468614852425e+01
1.776399999999999979e+00	3.557148525701305175e+01
1.780000000000000027e+00	3.639250912128792947e+01
1.783600000000000074e+00	3.497389937428523865e+01
1.787199999999999900e+00	3.416049063926132590e+01
1.790799999999999947e+00	3.205875319414990088e+01
1.794399999999999995e+00	3.232870219669990064e+01
1.798000000000000043e+00	3.063330748633218903e+01
1.801600000000000090e+00	3.206755081228055815e+01
1.805199999999999916e+00	3.209177002254820366e+01
1.808799999999999963e+00	3.340644751235856091e+01
1.812400000000000011e+00	3.441367575353028485e+01
1.816000000000000059e+00	3.420308312803506112e+01
1.819600000000000106e+00	3.625356054431460961e+01
1.823199999999999932e+00	3.533433783138597306e+01
1.826899999999999968e+00	3.543934793369919589e+01
1.830500000000000016e+00	3.536571409625159390e+01
1.834100000000000064e+00	3.587222029135521240e+01
1.837699999999999889e+00	3.522136235375404567e+01
1.841299999999999937e+00	3.410950889538536046e+01
1.844899999999999984e+00	3.429956087260388387e+01
1.848500000000000032e+00	3.439985014589368006e+01
1.852100000000000080e+00	3.481147593735619949e+01
1.855699999999999905e+00	3.351808773794608243e+01
1.859299999999999953e+00	3.413636666098889805e+01
1.862900000000000000e+00	3.494649440533181206e+01
1.866500000000000048e+00	3.422955932492727982e+01
1.870100000000000096e+00	3.384112639049966731e+01
1.873699999999999921e+00	3.360327281077864114e+01
1.877399999999999958e+00	3.340110358472256991e+01
1.881000000000000005e+00	3.348387309935932166e+01
1.884600000000000053e+00	3.470195010863562857e+01
1.888200000000000101e+00	3.652663432056429116e+01
1.891799999999999926e+00	3.699292226418521778e+01
1.895399999999999974e+00	3.737482925895826469e+01
1.899000000000000021e+00	3.800227089157224469e+01
1.902600000000000069e+00	4.015498332730619779e+01
1.906199999999999894e+00	4.023752429799998964e+01
1.909799999999999942e+00	4.017844566822167707e+01
1.913399999999999990e+00	4.210704065191926304e+01
1.917000000000000037e+00	4.390435199173902703e+01
1.920600000000000085e+00	4.313472397740349606e+01
1.924199999999999910e+00	4.401834736756347866e+01
1.927899999999999947e+00	4.189027818682450999e+01
1.931499999999999995e+00	3.980456341120967778e+01
1.935100000000000042e+00	3.950107028528607600e+01
1.938700000000000090e+00	3.918280074097157240e+01
1.942299999999999915e+00	3.658130246696863708e+01
1.945899999999999963e+00	3.867338283115730491e+01
1.949500000000000011e+00	3.827413103302306041e+01
1.953100000000000058e+00	3.949399266165633549e+01
1.956700000000000106e+00	4.091913379408023133e+01
1.960299999999999931e+00	4.273898992018061449e+01
1.963899999999999979e+00	4.166614818125943032e+01
1.967500000000000027e+00	4.208548064280371648e+01
1.971100000000000074e+00	4.265717562106395633e+01
1.974699999999999900e+00	4.307353687878882909e+01
1.978399999999999936e+00	4.327367661858454539e+01
1.981999999999999984e+00	4.282571903665614599e+01
1.985600000000000032e+00	4.311109180904981031e+01
1.989200000000000079e+00	4.258003717465114590e+01
1.992799999999999905e+00	4.128333861173770458e+01
1.996399999999999952e+00	4.301045680935062876e+01
2.000000000000000000e+00	4.007079284902612670e+01
