2.000000000000000111e-01	-4.464206533564305523e-01
2.036000000000000032e-01	-5.519985401086018317e-01
2.071999999999999953e-01	-1.219314646734356078e+00
2.107999999999999874e-01	-1.326144298502383023e+00
2.144000000000000072e-01	-2.004483650419231378e+00
2.179999999999999993e-01	-6.710877667312464823e-01
2.215999999999999914e-01	-8.587088005814922376e-01
2.253000000000000003e-01	-2.219196735249036934e+00
2.288999999999999924e-01	-2.317322374934486895e+00
2.325000000000000122e-01	-2.171599701373895019e+00
2.361000000000000043e-01	-2.592489640118639027e+00
2.396999999999999964e-01	-3.049419685322075413e+00
2.432999999999999885e-01	-2.371139731579186449e+00
2.469000000000000083e-01	-2.989245724305785057e+00
2.505000000000000004e-01	-1.304830682877041070e+00
2.540999999999999925e-01	-3.091990327320692344e+00
2.576999999999999846e-01	-1.033826110674841647e+00
2.612999999999999767e-01	-1.596507009662473386e+00
2.649000000000000243e-01	-2.411839751761168049e+00
2.685000000000000164e-01	-2.566186082425101489e+00
2.721000000000000085e-01	-1.191984885943984995e+00
2.757999999999999896e-01	-1.597090180376868451e+00
2.793999999999999817e-01	-1.655153538793484813e+00
2.829999999999999738e-01	-7.242402857266077021e-01
2.866000000000000214e-01	-9.576911214403148742e-01
2.902000000000000135e-01	-2.010910425174780025e-01
2.938000000000000056e-01	2.647375763091439627e-01
2.973999999999999977e-01	-7.826634663001406089e-01
3.009999999999999898e-01	-1.460075262440411414e+00
3.045999999999999819e-01	-1.370211333132165477e+00
3.081999999999999740e-01	-9.845280882267619660e-01
3.118000000000000216e-01	-2.107359869287138920e+00
3.154000000000000137e-01	-1.740493102352438815e+00
3.190000000000000058e-01	-2.391875559979847132e+00
3.225999999999999979e-01	-2.725813178769611600e+00
3.262999999999999790e-01	-2.232106896284172137e+00
3.299000000000000266e-01	-1.175509951257955876e+00
3.335000000000000187e-01	-1.348827437103357951e+00
3.371000000000000107e-01	-3.007011662408111796e+00
3.407000000000000028e-01	-6.256131565249081206e-01
3.442999999999999949e-01	-4.134531812431694320e-01
3.478999999999999870e-01	-7.594421204477640464e-01
3.514999999999999791e-01	-5.396218703384398907e-01
3.551000000000000267e-01	-8.438347662429553919e-01
3.587000000000000188e-01	1.515423906848162972e+00
3.623000000000000109e-01	8.720196311475778561e-01
3.659000000000000030e-01	1.815754357963392795e-01
3.694999999999999951e-01	1.294212526057612278e+00
3.730999999999999872e-01	1.307364688568022348e+00
3.768000000000000238e-01	5.607381618772986354e-01
3.804000000000000159e-01	2.693780071863030590e-02
3.840000000000000080e-01	1.504538810586854014e-01
3.876000000000000001e-01	5.355719786804985505e-02
3.911999999999999922e-01	-3.768849008263286948e-01
3.947999999999999843e-01	3.203390687886753518e-02
3.983999999999999764e-01	2.774850119955397654e-01
4.020000000000000240e-01	2.698209854127711083e-01
4.056000000000000161e-01	-5.509579558422494916e-02
4.092000000000000082e-01	-7.269838814242364222e-01
4.128000000000000003e-01	3.859022868975452436e-01
4.163999999999999924e-01	2.299731268250375660e-01
4.199999999999999845e-01	3.856624820405312182e-01
4.235999999999999766e-01	-4.397573385284141434e-01
4.273000000000000131e-01	-1.534448770497036652e-01
4.309000000000000052e-01	2.280054237869037603e+00
4.344999999999999973e-01	1.044260615653937352e+00
4.380999999999999894e-01	1.259941234508978436e+00
4.416999999999999815e-01	9.361458611653279416e-01
4.452999999999999736e-01	1.312262395954299166e+00
4.489000000000000212e-01	1.791446323584472644e+00
4.525000000000000133e-01	1.187598855995136704e+00
4.561000000000000054e-01	2.679935469164325568e+00
4.596999999999999975e-01	3.727187683755446290e-01
4.632999999999999896e-01	1.067533468570689204e+00
4.668999999999999817e-01	5.560892355762748762e-01
4.704999999999999738e-01	1.757072518271994843e+00
4.741000000000000214e-01	3.745292490018580223e-01
4.778000000000000025e-01	-2.557734203738707413e-01
4.813999999999999946e-01	6.454344993093286131e-02
4.849999999999999867e-01	7.691769522654365865e-01
4.885999999999999788e-01	7.164785870718934913e-01
4.922000000000000264e-01	1.741626988248762942e+00
4.958000000000000185e-01	5.639223158890969145e-01
4.994000000000000106e-01	1.226640421217844112e+00
5.030000000000000027e-01	4.624192935989780429e-01
5.066000000000000503e-01	1.564297016725848088e+00
5.101999999999999869e-01	1.893806420462042173e+00
5.138000000000000345e-01	1.790809164599274972e+00
5.173999999999999710e-01	2.159135182954690091e+00
5.210000000000000187e-01	1.983406816688715324e+00
5.245999999999999552e-01	1.367885433537267659e+00
5.282999999999999918e-01	2.446691634802535376e+00
5.319000000000000394e-01	1.624981652101081808e+00
5.354999999999999760e-01	1.248144725340294636e+00
5.391000000000000236e-01	1.694535375658699827e+00
5.426999999999999602e-01	2.348736115883708120e+00
5.463000000000000078e-01	1.039791743251403666e+00
5.499000000000000554e-01	1.549718228363931249e+00
5.534999999999999920e-01	7.427521789285501663e-01
5.571000000000000396e-01	9.613288681703584526e-01
5.606999999999999762e-01	9.973735273962736070e-01
5.643000000000000238e-01	1.973459640888574285e+00
5.678999999999999604e-01	1.731588325794096495e+00
5.715000000000000080e-01	1.401831992594752885e+00
5.752000000000000446e-01	2.386231024059640493e+00
5.787999999999999812e-01	1.340444724880653027e+00
5.824000000000000288e-01	3.651760122755963067e+00
5.859999999999999654e-01	2.806203753994295003e+00
5.896000000000000130e-01	2.657294354307936146e+00
5.931999999999999496e-01	3.840044542748094258e+00
5.967999999999999972e-01	3.670192068867175195e+00
6.004000000000000448e-01	3.102553726883658047e+00
6.039999999999999813e-01	3.749687000659920333e+00
6.076000000000000290e-01	4.282981337270594047e+00
6.111999999999999655e-01	2.970702626041270111e+00
6.148000000000000131e-01	3.073589435558405913e+00
6.183999999999999497e-01	2.410329885791229199e+00
6.219999999999999973e-01	2.571843841506886275e+00
6.257000000000000339e-01	2.659144121777522241e+00
6.292999999999999705e-01	3.616077509255260392e+00
6.329000000000000181e-01	2.253449654760770748e+00
6.364999999999999547e-01	1.746150559962940552e+00
6.401000000000000023e-01	1.872520816657358367e+00
6.437000000000000499e-01	3.002993018791536350e+00
6.472999999999999865e-01	1.816409435558818730e+00
6.509000000000000341e-01	3.126164283528744203e+00
6.544999999999999707e-01	2.510239933488606745e+00
6.581000000000000183e-01	2.043825276152510639e+00
6.616999999999999549e-01	3.452472637588827720e+00
6.653000000000000025e-01	3.335517442087895024e+00
6.689000000000000501e-01	3.063830642877084287e+00
6.724999999999999867e-01	3.756082038462669637e+00
6.762000000000000233e-01	3.521510844954800490e+00
6.797999999999999599e-01	4.792625798959033290e+00
6.834000000000000075e-01	4.934575370080521495e+00
6.870000000000000551e-01	5.089227687673529843e+00
6.905999999999999917e-01	4.292388770981641954e+00
6.942000000000000393e-01	4.195836999837331938e+00
6.977999999999999758e-01	5.314963875122277415e+00
7.014000000000000234e-01	4.463458714713678610e+00
7.049999999999999600e-01	4.127149311206463445e+00
7.086000000000000076e-01	3.679029831313226140e+00
7.122000000000000552e-01	3.003551906238287827e+00
7.157999999999999918e-01	3.236511608112532024e+00
7.194000000000000394e-01	4.662071417092851000e+00
7.229999999999999760e-01	2.785437175269535715e+00
7.267000000000000126e-01	3.845386637148959341e+00
7.302999999999999492e-01	3.293421845603916154e+00
7.338999999999999968e-01	4.343890401278225788e+00
7.375000000000000444e-01	3.960952688984463954e+00
7.410999999999999810e-01	4.385939758790086351e+00
7.447000000000000286e-01	4.238270298463093333e+00
7.482999999999999652e-01	4.702150600705805594e+00
7.519000000000000128e-01	4.647545444384554969e+00
7.554999999999999494e-01	5.096652365315439859e+00
7.590999999999999970e-01	4.694731284422135609e+00
7.627000000000000446e-01	5.305440476612068856e+00
7.662999999999999812e-01	5.012992241776393243e+00
7.699000000000000288e-01	4.752102515382856218e+00
7.734999999999999654e-01	5.123077664284530819e+00
7.772000000000000020e-01	5.365407650546615947e+00
7.808000000000000496e-01	5.818871864363907243e+00
7.843999999999999861e-01	5.151496712180452242e+00
7.880000000000000338e-01	6.394606696833333714e+00
7.915999999999999703e-01	6.108551085341718867e+00
7.952000000000000179e-01	5.254525364881912353e+00
7.987999999999999545e-01	4.338189068074724375e+00
8.024000000000000021e-01	4.690693716854130280e+00
8.060000000000000497e-01	4.993991533517611714e+00
8.095999999999999863e-01	5.163354112299679777e+00
8.132000000000000339e-01	6.248718985608064713e+00
8.167999999999999705e-01	5.986191792999348671e+00
8.204000000000000181e-01	5.433623322871728334e+00
8.239999999999999547e-01	6.326061494259626272e+00
8.276999999999999913e-01	6.285025616832088602e+00
8.313000000000000389e-01	6.918513523548773136e+00
8.348999999999999755e-01	6.139907169208549398e+00
8.385000000000000231e-01	5.311758165081374550e+00
8.420999999999999597e-01	8.112053023365588089e+00
8.457000000000000073e-01	7.900869475258005536e+00
8.493000000000000549e-01	7.039292243871519084e+00
8.528999999999999915e-01	7.443619574755926394e+00
8.565000000000000391e-01	6.896992773205093741e+00
8.600999999999999757e-01	6.454324718069004874e+00
8.637000000000000233e-01	6.880813326732025281e+00
8.672999999999999599e-01	6.684370653221321845e+00
8.709000000000000075e-01	6.087270334080022494e+00
8.745000000000000551e-01	6.178073870450897509e+00
8.781999999999999806e-01	6.502398837275511490e+00
8.818000000000000282e-01	5.906850188303548244e+00
8.853999999999999648e-01	6.412407568372429090e+00
8.890000000000000124e-01	6.656715171086400318e+00
8.925999999999999490e-01	7.044500799689916271e+00
8.961999999999999966e-01	7.253177789218880456e+00
8.998000000000000442e-01	6.986105238937073914e+00
9.033999999999999808e-01	7.698804479728356576e+00
9.070000000000000284e-01	7.961355084544047500e+00
9.105999999999999650e-01	7.120214542593562790e+00
9.142000000000000126e-01	6.532702685730196634e+00
9.177999999999999492e-01	8.796253855275821820e+00
9.213999999999999968e-01	7.951455049251181073e+00
9.251000000000000334e-01	7.670595827408720702e+00
9.286999999999999700e-01	8.721886229347200370e+00
9.323000000000000176e-01	7.709825161370298829e+00
9.358999999999999542e-01	7.920512525458447861e+00
9.395000000000000018e-01	8.142540612026847313e+00
9.431000000000000494e-01	7.883546077873167413e+00
9.466999999999999860e-01	7.853386628373609568e+00
9.503000000000000336e-01	8.244183100049085056e+00
9.538999999999999702e-01	8.326206499836859010e+00
9.575000000000000178e-01	8.016967880023406323e+00
9.610999999999999543e-01	7.664147444992765124e+00
9.647000000000000020e-01	7.555278781830447876e+00
9.683000000000000496e-01	7.837335626150339074e+00
9.718999999999999861e-01	9.180507309619798662e+00
9.756000000000000227e-01	1.000261789041984883e+01
9.791999999999999593e-01	9.032720660170413751e+00
9.828000000000000069e-01	9.819318065906156079e+00
9.864000000000000545e-01	9.218994660302310962e+00
9.899999999999999911e-01	9.060105460163374147e+00
9.936000000000000387e-01	9.538596331503937265e+00
9.971999999999999753e-01	9.948103296956592345e+00
1.000799999999999912e+00	9.265846757341151374e+00
1.004399999999999959e+00	1.143533126239731779e+01
1.008000000000000007e+00	9.402388960392372041e+00
1.011600000000000055e+00	1.067419583875489941e+01
1.015200000000000102e+00	1.002271048261592945e+01
1.018799999999999928e+00	9.484864122659104169e+00
1.022399999999999975e+00	9.710874194738734033e+00
1.026100000000000012e+00	9.447606280484739827e+00
1.029700000000000060e+00	1.055921295146363548e+01
1.033300000000000107e+00	1.005737724136099942e+01
1.036899999999999933e+00	9.846105895026960653e+00
1.040499999999999980e+00	8.493201015205414706e+00
1.044100000000000028e+00	8.772698063947311553e+00
1.047700000000000076e+00	8.391195508411806614e+00
1.051299999999999901e+00	8.347547398374647543e+00
1.054899999999999949e+00	8.654863292082504600e+00
1.058499999999999996e+00	1.001054787448556382e+01
1.062100000000000044e+00	1.007002168489308858e+01
1.065700000000000092e+00	9.262268535239753575e+00
1.069299999999999917e+00	1.054929157836741638e+01
1.072899999999999965e+00	1.014819847480044146e+01
1.076600000000000001e+00	1.048579742904004775e+01
1.080200000000000049e+00	9.615080339448786262e+00
1.083800000000000097e+00	1.058495018215652195e+01
1.087399999999999922e+00	1.132313747417119920e+01
1.090999999999999970e+00	1.076133475539827877e+01
1.094600000000000017e+00	1.104337513956535233e+01
1.098200000000000065e+00	1.191247970149220947e+01
1.101799999999999891e+00	1.186662000227659775e+01
1.105399999999999938e+00	1.282697929435833117e+01
1.108999999999999986e+00	1.135642576806622550e+01
1.112600000000000033e+00	1.148523316084521717e+01
1.116200000000000081e+00	1.006858556326801413e+01
1.119799999999999907e+00	1.175146187310657631e+01
1.123399999999999954e+00	1.149642574704448705e+01
1.127099999999999991e+00	1.120223912237687536e+01
1.130700000000000038e+00	1.119756022180590627e+01
1.134300000000000086e+00	1.186190606382806401e+01
1.137899999999999912e+00	1.109104812562526376e+01
1.141499999999999959e+00	1.192827811143276584e+01
1.145100000000000007e+00	1.078017112395643551e+01
1.148700000000000054e+00	1.288061284453941546e+01
1.152300000000000102e+00	1.229378657337030845e+01
1.155899999999999928e+00	1.347763128246624298e+01
1.159499999999999975e+00	1.429429839786267387e+01
1.163100000000000023e+00	1.338503765106541721e+01
1.166700000000000070e+00	1.266321935084172523e+01
1.170299999999999896e+00	1.373806445792936159e+01
1.173899999999999944e+00	1.135033137913892531e+01
1.177599999999999980e+00	1.295845237248049209e+01
1.181200000000000028e+00	1.302155162257925269e+01
1.184800000000000075e+00	1.344160401075314049e+01
1.188399999999999901e+00	1.327047812297068674e+01
1.191999999999999948e+00	1.362511562482598393e+01
1.195599999999999996e+00	1.451153608383356541e+01
1.199200000000000044e+00	1.460440029793916494e+01
1.202800000000000091e+00	1.453147962958247597e+01
1.206399999999999917e+00	1.410469932282192396e+01
1.209999999999999964e+00	1.498759339288898929e+01
1.213600000000000012e+00	1.315735059541534469e+01
1.217200000000000060e+00	1.344710194509061019e+01
1.220800000000000107e+00	1.428321342744598077e+01
1.224399999999999933e+00	1.337856990687051173e+01
1.228099999999999969e+00	1.393132674742900434e+01
1.231700000000000017e+00	1.411198791542828168e+01
1.235300000000000065e+00	1.586514116104707739e+01
1.238899999999999890e+00	1.539120706277292250e+01
1.242499999999999938e+00	1.486027172135804797e+01
1.246099999999999985e+00	1.714103846796727382e+01
1.249700000000000033e+00	1.627695382827807080e+01
1.253300000000000081e+00	1.638750084044812283e+01
1.256899999999999906e+00	1.633621418440464268e+01
1.260499999999999954e+00	1.542224841472537733e+01
1.264100000000000001e+00	1.659007982570440731e+01
1.267700000000000049e+00	1.757696075600221874e+01
1.271300000000000097e+00	1.666550546146940448e+01
1.274899999999999922e+00	1.674252389329284796e+01
1.278599999999999959e+00	1.758174889893137305e+01
1.282200000000000006e+00	1.694130750446085187e+01
1.285800000000000054e+00	1.769988678758759804e+01
1.289400000000000102e+00	1.789065809024509690e+01
1.292999999999999927e+00	1.702601473464667237e+01
1.296599999999999975e+00	1.755848677849466100e+01
1.300200000000000022e+00	1.809631039439702604e+01
1.303800000000000070e+00	1.841459485029098886e+01
1.307399999999999896e+00	1.775724530834676429e+01
1.310999999999999943e+00	1.764920600830723174e+01
1.314599999999999991e+00	1.789990820154588391e+01
1.318200000000000038e+00	1.919433451176776373e+01
1.321800000000000086e+00	1.855500785419318532e+01
1.325499999999999901e+00	1.946997396340723796e+01
1.329099999999999948e+00	1.839512385599079991e+01
1.332699999999999996e+00	1.851160692618589110e+01
1.336300000000000043e+00	1.960253912201818238e+01
1.339900000000000091e+00	1.898998203272913088e+01
1.343499999999999917e+00	1.992913490836412294e+01
1.347099999999999964e+00	1.897617015135985596e+01
1.350700000000000012e+00	1.954719239509278594e+01
1.354300000000000059e+00	2.033855247627379370e+01
1.357900000000000107e+00	2.081179843589202960e+01
1.361499999999999932e+00	2.060595695154743368e+01
1.365099999999999980e+00	2.122212725171844738e+01
1.368700000000000028e+00	2.123482279921917026e+01
1.372300000000000075e+00	2.012151665957035362e+01
1.375999999999999890e+00	2.158373046909640891e+01
1.379599999999999937e+00	2.099027045468030650e+01
1.383199999999999985e+00	1.980490030120019185e+01
1.386800000000000033e+00	2.126753603042536156e+01
1.390400000000000080e+00	2.062202280162401280e+01
1.393999999999999906e+00	2.052408218592809774e+01
1.397599999999999953e+00	2.087941744804701472e+01
1.401200000000000001e+00	2.085209301169997076e+01
1.404800000000000049e+00	1.997661228077258144e+01
1.408400000000000096e+00	2.095269058996936096e+01
1.411999999999999922e+00	2.035613936146666347e+01
1.415599999999999969e+00	1.977892492751371378e+01
1.419200000000000017e+00	1.937381396600284234e+01
1.422800000000000065e+00	2.009053833818094503e+01
1.426500000000000101e+00	2.025342211254501734e+01
1.430099999999999927e+00	1.920189313919429352e+01
1.433699999999999974e+00	1.925455593582195846e+01
1.437300000000000022e+00	1.950321476691162559e+01
1.440900000000000070e+00	1.895286859328439633e+01
1.444499999999999895e+00	1.971497436741542941e+01
1.448099999999999943e+00	2.076790235749385261e+01
1.451699999999999990e+00	2.011673073612722717e+01
1.455300000000000038e+00	1.962377209483301854e+01
1.458900000000000086e+00	2.068834008777728783e+01
1.462499999999999911e+00	2.021406747563184325e+01
1.466099999999999959e+00	2.258296074427889266e+01
1.469700000000000006e+00	2.229339872087680874e+01
1.473300000000000054e+00	2.204470504988595891e+01
1.477000000000000091e+00	2.174246178404502672e+01
1.480599999999999916e+00	2.238078710903154089e+01
1.484199999999999964e+00	2.212639163237656348e+01
1.487800000000000011e+00	2.095840574990909033e+01
1.491400000000000059e+00	2.275091596776132263e+01
1.495000000000000107e+00	2.272124126401248745e+01
1.498599999999999932e+00	2.183229550093722438e+01
1.502199999999999980e+00	2.126676459973698741e+01
1.505800000000000027e+00	2.345870898922120418e+01
1.509400000000000075e+00	2.204358409838707900e+01
1.512999999999999901e+00	2.349304915778489899e+01
1.516599999999999948e+00	2.441010245566860348e+01
1.520199999999999996e+00	2.306381608671209804e+01
1.523800000000000043e+00	2.285275457413816724e+01
1.527500000000000080e+00	2.314735544395393774e+01
1.531099999999999905e+00	2.277020427129307478e+01
1.534699999999999953e+00	2.327719743240716355e+01
1.538300000000000001e+00	2.438391158436937189e+01
1.541900000000000048e+00	2.453523169199929299e+01
1.545500000000000096e+00	2.541260491012149814e+01
1.549099999999999921e+00	2.529933450382987203e+01
1.552699999999999969e+00	2.674182470672332812e+01
1.556300000000000017e+00	2.626137846069208592e+01
1.559900000000000064e+00	2.597274707466245758e+01
1.563499999999999890e+00	2.672741964223211752e+01
1.567099999999999937e+00	2.700460625597798980e+01
1.570699999999999985e+00	2.613384201030429210e+01
1.574300000000000033e+00	2.660721915911778979e+01
1.578000000000000069e+00	2.548426834819934328e+01
1.581599999999999895e+00	2.483439771472750479e+01
1.585199999999999942e+00	2.641702040876740654e+01
1.588799999999999990e+00	2.574070145531687004e+01
1.592400000000000038e+00	2.718255495008416034e+01
1.596000000000000085e+00	2.817149689745421526e+01
1.599599999999999911e+00	2.841469737572743526e+01
1.603199999999999958e+00	2.893927425108749674e+01
1.606800000000000006e+00	3.023644708869290909e+01
1.610400000000000054e+00	2.936263408644026995e+01
1.614000000000000101e+00	3.042118495246285548e+01
1.617599999999999927e+00	2.990662025965685089e+01
1.621199999999999974e+00	3.101087893175283483e+01
1.624800000000000022e+00	3.007116803984418496e+01
1.628500000000000059e+00	2.958191972297618477e+01
1.632100000000000106e+00	3.004488854621869365e+01
1.635699999999999932e+00	2.897005263030250433e+01
1.639299999999999979e+00	2.896199402893556396e+01
1.642900000000000027e+00	2.898932532751040725e+01
1.646500000000000075e+00	2.849632028162834985e+01
1.650099999999999900e+00	2.907589846270858303e+01
1.653699999999999948e+00	2.871954290238769758e+01
1.657299999999999995e+00	3.111601828635087585e+01
1.660900000000000043e+00	3.170534176369071488e+01
1.664500000000000091e+00	3.227248833170497733e+01
1.668099999999999916e+00	3.174337919834279731e+01
1.671699999999999964e+00	3.158902505593099974e+01
1.675400000000000000e+00	3.196950891250325810e+01
1.679000000000000048e+00	2.974616872214049224e+01
1.682600000000000096e+00	2.938688458304931572e+01
1.686199999999999921e+00	3.069477364621763016e+01
1.689799999999999969e+00	3.002794984645256449e+01
1.693400000000000016e+00	3.150225634013329312e+01
1.697000000000000064e+00	3.274066037264747564e+01
1.700599999999999890e+00	3.401783514639603112e+01
1.704199999999999937e+00	3.517072011789851871e+01
1.707799999999999985e+00	3.615392385229080219e+01
1.711400000000000032e+00	3.623833380737616494e+01
1.715000000000000080e+00	3.651676958727568234e+01
1.718599999999999905e+00	3.748662923228462063e+01
1.722199999999999953e+00	3.565451770012866461e+01
1.725899999999999990e+00	3.516885711753749177e+01
1.729500000000000037e+00	3.496809362553151601e+01
1.733100000000000085e+00	3.440832894231405703e+01
1.736699999999999910e+00	3.489710126601271156e+01
1.740299999999999958e+00	3.346306561092407605e+01
1.743900000000000006e+00	3.510225138567420800e+01
1.747500000000000053e+00	3.428089835620909298e+01
1.751100000000000101e+00	3.583916889299621999e+01
1.754699999999999926e+00	3.667461613391787267e+01
1.758299999999999974e+00	3.676978390255793272e+01
1.761900000000000022e+00	3.659648597348708421e+01
1.765500000000000069e+00	3.759436469361633470e+01
1.769099999999999895e+00	3.559519618389722950e+01
1.772699999999999942e+00	3.674530471562851375e+01
1.776399999999999979e+00	3.554164099247467590e+01
1.780000000000000027e+00	3.502189028728483322e+01
1.783600000000000074e+00	3.281601884986100970e+01
1.787199999999999900e+00	3.431575475862548075e+01
1.790799999999999947e+00	3.333380016162202253e+01
1.794399999999999995e+00	3.348335764696726358e+01
1.798000000000000043e+00	3.321288944131452325e+01
1.801600000000000090e+00	3.207770762872758752e+01
1.805199999999999916e+00	3.139373447875640721e+01
1.808799999999999963e+00	3.255577396055861783e+01
1.812400000000000011e+00	3.430312812827041569e+01
1.816000000000000059e+00	3.533670069276853098e+01
1.819600000000000106e+00	3.514577165469232511e+01
1.823199999999999932e+00	3.551135690129072486e+01
1.826899999999999968e+00	3.649456032068258082e+01
1.830500000000000016e+00	3.724372656890528077e+01
1.834100000000000064e+00	3.539961386155708567e+01
1.837699999999999889e+00	3.511817340618578953e+01
1.841299999999999937e+00	3.469745691247114650e+01
1.844899999999999984e+00	3.447618928304716235e+01
1.848500000000000032e+00	3.527179165789215176e+01
1.852100000000000080e+00	3.512923450980375151e+01
1.855699999999999905e+00	3.439930784043392009e+01
1.859299999999999953e+00	3.382359274106875802e+01
1.862900000000000000e+00	3.425874695469158127e+01
1.866500000000000048e+00	3.404176148324093276e+01
1.870100000000000096e+00	3.468178625925356329e+01
1.873699999999999921e+00	3.365345956847320963e+01
1.877399999999999958e+00	3.480596695896026915e+01
1.881000000000000005e+00	3.398860867020187726e+01
1.884600000000000053e+00	3.467979411998649653e+01
1.888200000000000101e+00	3.512230817630439361e+01
1.891799999999999926e+00	3.653711126398211917e+01
1.895399999999999974e+00	3.674851429272233361e+01
1.899000000000000021e+00	3.833849826652855342e+01
1.902600000000000069e+00	3.820348388028461528e+01
1.906199999999999894e+00	3.995014785966314008e+01
1.909799999999999942e+00	4.124539872719773825e+01
1.913399999999999990e+00	4.124382295708304014e+01
1.917000000000000037e+00	4.264804669157366135e+01
1.920600000000000085e+00	4.355447274746720865e+01
1.924199999999999910e+00	4.402991731418352117e+01
1.927899999999999947e+00	4.217944305534803817e+01
1.931499999999999995e+00	4.144417049567054079e+01
1.935100000000000042e+00	3.958950569836331823e+01
1.938700000000000090e+00	3.816683849525971794e+01
1.942299999999999915e+00	3.831143307059706160e+01
1.945899999999999963e+00	3.836364950908935612e+01
1.949500000000000011e+00	3.825654071529146449e+01
1.953100000000000058e+00	3.847375651338469993e+01
1.956700000000000106e+00	4.156441629428257301e+01
1.960299999999999931e+00	4.211111040351224943e+01
1.963899999999999979e+00	4.247999891228028702e+01
1.967500000000000027e+00	4.286325833190445422e+01
1.971100000000000074e+00	4.119450733343524007e+01
1.974699999999999900e+00	4.362125080755085804e+01
1.978399999999999936e+00	4.228886845660742466e+01
1.981999999999999984e+00	4.320887564215294674e+01
1.985600000000000032e+00	4.250480829195627308e+01
1.989200000000000079e+00	4.372768047088452903e+01
1.992799999999999905e+00	4.291639168413695415e+01
1.996399999999999952e+00	4.159780824150800527e+01
2.000000000000000000e+00	4.093875161051541056e+01
