2.000000000000000111e-01	-1.549532713941247142e+00
2.036000000000000032e-01	-1.413491313176858943e+00
2.071999999999999953e-01	-1.052006168983935730e+00
2.107999999999999874e-01	-1.017166676120102364e+00
2.144000000000000072e-01	-1.375713446539958529e+00
2.179999999999999993e-01	-9.600068458623343126e-01
2.215999999999999914e-01	-1.734665961648123700e+00
2.253000000000000003e-01	-1.618384569836894160e+00
2.288999999999999924e-01	-2.867263892582103679e+00
2.325000000000000122e-01	-2.172954085434984250e+00
2.361000000000000043e-01	-2.870334065115621058e+00
2.396999999999999964e-01	-2.814670290470048908e+00
2.432999999999999885e-01	-2.884961860966583025e+00
2.469000000000000083e-01	-2.659382332444133468e+00
2.505000000000000004e-01	-2.625878031108225041e+00
2.540999999999999925e-01	-2.418448496908721879e+00
2.576999999999999846e-01	-2.396751719294518690e+00
2.612999999999999767e-01	-1.918575427519301435e+00
2.649000000000000243e-01	-1.654488078065440515e+00
2.685000000000000164e-01	-1.208855456026934450e+00
2.721000000000000085e-01	-1.137637901675437213e+00
2.757999999999999896e-01	-7.432506052124063789e-01
2.793999999999999817e-01	-4.621560491355786171e-01
2.829999999999999738e-01	-5.873011136824883849e-01
2.866000000000000214e-01	-4.023981462679137033e-01
2.902000000000000135e-01	-3.133423816863695199e-01
2.938000000000000056e-01	-7.626042933008934099e-01
2.973999999999999977e-01	-5.130787194485192382e-01
3.009999999999999898e-01	-7.360972339577632750e-01
3.045999999999999819e-01	-1.308738594644788700e+00
3.081999999999999740e-01	-1.348698174173673214e+00
3.118000000000000216e-01	-1.509127500338366401e+00
3.154000000000000137e-01	-1.950097275790158902e+00
3.190000000000000058e-01	-2.203986136085104519e+00
3.225999999999999979e-01	-2.335878666648435242e+00
3.262999999999999790e-01	-2.273714512554190215e+00
3.299000000000000266e-01	-2.177093752632918378e+00
3.335000000000000187e-01	-2.071473183485395886e+00
3.371000000000000107e-01	-1.728928632634216145e+00
3.407000000000000028e-01	-1.650220743494687392e+00
3.442999999999999949e-01	-1.211860415974050476e+00
3.478999999999999870e-01	-7.294298258194202855e-01
3.514999999999999791e-01	-5.678707178955149093e-01
3.551000000000000267e-01	3.955348193757237119e-01
3.587000000000000188e-01	-1.561652527070231389e-01
3.623000000000000109e-01	4.220923610370970747e-01
3.659000000000000030e-01	2.095357050201162585e-01
3.694999999999999951e-01	9.322931236929345999e-01
3.730999999999999872e-01	8.082991836655699647e-01
3.768000000000000238e-01	2.670661375760391976e-01
3.804000000000000159e-01	4.386094554310064897e-01
3.840000000000000080e-01	-4.426447698969826483e-02
3.876000000000000001e-01	2.494925267093717203e-03
3.911999999999999922e-01	-3.546125409791796024e-01
3.947999999999999843e-01	-2.281273471796134156e-01
3.983999999999999764e-01	-1.287124296950657998e-01
4.020000000000000240e-01	-5.182847309737397268e-01
4.056000000000000161e-01	-3.848712498651179481e-01
4.092000000000000082e-01	-6.904103448553787770e-01
4.128000000000000003e-01	-6.244709459031663190e-01
4.163999999999999924e-01	9.267846611097957377e-02
4.199999999999999845e-01	8.391481499754258055e-02
4.235999999999999766e-01	-4.466270080058004632e-02
4.273000000000000131e-01	5.917599339591226304e-01
4.309000000000000052e-01	8.283203097352417332e-01
4.344999999999999973e-01	7.257612283289870403e-01
4.380999999999999894e-01	1.292185481203784736e+00
4.416999999999999815e-01	1.145852392836427258e+00
4.452999999999999736e-01	1.159107691648260774e+00
4.489000000000000212e-01	1.343173347834690112e+00
4.525000000000000133e-01	1.172266768797583847e+00
4.561000000000000054e-01	1.282569686620478766e+00
4.596999999999999975e-01	9.212152844246457306e-01
4.632999999999999896e-01	9.514783501601151716e-01
4.668999999999999817e-01	7.645766108465275046e-01
4.704999999999999738e-01	5.214292614280955362e-01
4.741000000000000214e-01	3.799092040079071753e-01
4.778000000000000025e-01	1.033577838535588572e-01
4.813999999999999946e-01	3.880046176060945595e-01
4.849999999999999867e-01	-1.935247226456095204e-01
4.885999999999999788e-01	2.929234497650985980e-01
4.922000000000000264e-01	4.464172402681356733e-01
4.958000000000000185e-01	5.661733947391323074e-01
4.994000000000000106e-01	7.958933838598063470e-01
5.030000000000000027e-01	9.762904625263766345e-01
5.066000000000000503e-01	1.070251183582067389e+00
5.101999999999999869e-01	1.326639765531367088e+00
5.138000000000000345e-01	1.505967540672888738e+00
5.173999999999999710e-01	1.904068134665239054e+00
5.210000000000000187e-01	1.830203069370721192e+00
5.245999999999999552e-01	1.839367684903171929e+00
5.282999999999999918e-01	2.145227447915616814e+00
5.319000000000000394e-01	1.693111050077124480e+00
5.354999999999999760e-01	1.677058814282730514e+00
5.391000000000000236e-01	1.571676907779001597e+00
5.426999999999999602e-01	1.679475973029024294e+00
5.463000000000000078e-01	1.188803912697680154e+00
5.499000000000000554e-01	1.153102747489028523e+00
5.534999999999999920e-01	1.637765060434564823e+00
5.571000000000000396e-01	1.163832568139070656e+00
5.606999999999999762e-01	1.300029798688209226e+00
5.643000000000000238e-01	1.424222255137627791e+00
5.678999999999999604e-01	1.368232791293570338e+00
5.715000000000000080e-01	1.557127318805985317e+00
5.752000000000000446e-01	2.048894881063368256e+00
5.787999999999999812e-01	2.094859898785398578e+00
5.824000000000000288e-01	2.493070402600991997e+00
5.859999999999999654e-01	2.597769646389668008e+00
5.896000000000000130e-01	2.788462389665282259e+00
5.931999999999999496e-01	3.059239330859263806e+00
5.967999999999999972e-01	3.339740084296284106e+00
6.004000000000000448e-01	3.441693404123931099e+00
6.039999999999999813e-01	3.570274933332638234e+00
6.076000000000000290e-01	3.852976900126304116e+00
6.111999999999999655e-01	3.647806745721049015e+00
6.148000000000000131e-01	4.169375200574661378e+00
6.183999999999999497e-01	3.392490228628664450e+00
6.219999999999999973e-01	3.177951709739819997e+00
6.257000000000000339e-01	2.686260339854354751e+00
6.292999999999999705e-01	2.474562537945350638e+00
6.329000000000000181e-01	2.357511349073934337e+00
6.364999999999999547e-01	1.946357116957649236e+00
6.401000000000000023e-01	2.122072101174008907e+00
6.437000000000000499e-01	2.091447937101619914e+00
6.472999999999999865e-01	1.813770767510506143e+00
6.509000000000000341e-01	2.168849699135769971e+00
6.544999999999999707e-01	1.917539088434050409e+00
6.581000000000000183e-01	2.581835168108465250e+00
6.616999999999999549e-01	2.576856094234085237e+00
6.653000000000000025e-01	3.061011347793602955e+00
6.689000000000000501e-01	3.673666877535730624e+00
6.724999999999999867e-01	3.389838267883200640e+00
6.762000000000000233e-01	3.922069087058097203e+00
6.797999999999999599e-01	4.173432802927758090e+00
6.834000000000000075e-01	4.306155983956238664e+00
6.870000000000000551e-01	4.559484276448161566e+00
6.905999999999999917e-01	4.574573306882187218e+00
6.942000000000000393e-01	5.122343541349255958e+00
6.977999999999999758e-01	4.676843346352920427e+00
7.014000000000000234e-01	4.413323506335821378e+00
7.049999999999999600e-01	4.212091782991268296e+00
7.086000000000000076e-01	3.820245505569177524e+00
7.122000000000000552e-01	3.863070867508783923e+00
7.157999999999999918e-01	3.555621277544577907e+00
7.194000000000000394e-01	3.328867723470330109e+00
7.229999999999999760e-01	3.174649394599464713e+00
7.267000000000000126e-01	3.791979941571061552e+00
7.302999999999999492e-01	3.737388528536352617e+00
7.338999999999999968e-01	3.763814057288186632e+00
7.375000000000000444e-01	3.885682703570368268e+00
7.410999999999999810e-01	3.864588751750705153e+00
7.447000000000000286e-01	4.091801932878928127e+00
7.482999999999999652e-01	4.631532627503892385e+00
7.519000000000000128e-01	5.288047374368129994e+00
7.554999999999999494e-01	5.051402640571558855e+00
7.590999999999999970e-01	5.213792603144940863e+00
7.627000000000000446e-01	5.479020608513855528e+00
7.662999999999999812e-01	5.277516964077209494e+00
7.699000000000000288e-01	5.380443117062028158e+00
7.734999999999999654e-01	5.344755478927264214e+00
7.772000000000000020e-01	5.478609014265038546e+00
7.808000000000000496e-01	5.422371682160130213e+00
7.843999999999999861e-01	5.556924329854163069e+00
7.880000000000000338e-01	5.125842513262496070e+00
7.915999999999999703e-01	5.253967725377362896e+00
7.952000000000000179e-01	4.946742751723739673e+00
7.987999999999999545e-01	4.995054448350268572e+00
8.024000000000000021e-01	4.865265053894380465e+00
8.060000000000000497e-01	4.840783794687524733e+00
8.095999999999999863e-01	4.990345048928850780e+00
8.132000000000000339e-01	4.971936002846261360e+00
8.167999999999999705e-01	5.378807306008122069e+00
8.204000000000000181e-01	5.045306119595068139e+00
8.239999999999999547e-01	5.379758035151120943e+00
8.276999999999999913e-01	5.592020972721757133e+00
8.313000000000000389e-01	5.923434041635623259e+00
8.348999999999999755e-01	6.069679911879310552e+00
8.385000000000000231e-01	6.556061301001053998e+00
8.420999999999999597e-01	6.841819176822877324e+00
8.457000000000000073e-01	6.732747670292870801e+00
8.493000000000000549e-01	6.956588253997665561e+00
8.528999999999999915e-01	6.708881456384041542e+00
8.565000000000000391e-01	6.624215194692382624e+00
8.600999999999999757e-01	6.157654816494571470e+00
8.637000000000000233e-01	6.318335116298697152e+00
8.672999999999999599e-01	6.250217422419986235e+00
8.709000000000000075e-01	5.896333191716574440e+00
8.745000000000000551e-01	5.731365837909170757e+00
8.781999999999999806e-01	6.046696475772337820e+00
8.818000000000000282e-01	6.064446806054380801e+00
8.853999999999999648e-01	6.061425341835062319e+00
8.890000000000000124e-01	6.116475337285143254e+00
8.925999999999999490e-01	6.957951552218214708e+00
8.961999999999999966e-01	6.641315076509424209e+00
8.998000000000000442e-01	7.394477667376307295e+00
9.033999999999999808e-01	7.308020289764833421e+00
9.070000000000000284e-01	7.143049366793469801e+00
9.105999999999999650e-01	7.675123495298650234e+00
9.142000000000000126e-01	7.634767189650201402e+00
9.177999999999999492e-01	7.550833385251955576e+00
9.213999999999999968e-01	7.344079398808583292e+00
9.251000000000000334e-01	7.510078667174522771e+00
9.286999999999999700e-01	7.994530728204003900e+00
9.323000000000000176e-01	8.222784521109703704e+00
9.358999999999999542e-01	7.975711783280659439e+00
9.395000000000000018e-01	8.263623041393438839e+00
9.431000000000000494e-01	7.825850768808855662e+00
9.466999999999999860e-01	8.036300226854196538e+00
9.503000000000000336e-01	8.405993142003760354e+00
9.538999999999999702e-01	7.887034195960223926e+00
9.575000000000000178e-01	8.205766442336884126e+00
9.610999999999999543e-01	7.448142317052240280e+00
9.647000000000000020e-01	7.656303598493989782e+00
9.683000000000000496e-01	8.177476348498331049e+00
9.718999999999999861e-01	8.219865065446393615e+00
9.756000000000000227e-01	8.454102765879904169e+00
9.791999999999999593e-01	9.326145052089062304e+00
9.828000000000000069e-01	9.034673080959041869e+00
9.864000000000000545e-01	9.213375129159334875e+00
9.899999999999999911e-01	9.533440933305787013e+00
9.936000000000000387e-01	9.956511751822317180e+00
9.971999999999999753e-01	9.684364487749260064e+00
1.000799999999999912e+00	9.723023167616418050e+00
1.004399999999999959e+00	9.481416473712036108e+00
1.008000000000000007e+00	9.970426545613078062e+00
1.011600000000000055e+00	9.612786484492568562e+00
1.015200000000000102e+00	9.847062754175899713e+00
1.018799999999999928e+00	9.835038035971320980e+00
1.022399999999999975e+00	9.683381028246708766e+00
1.026100000000000012e+00	9.270824960679378890e+00
1.029700000000000060e+00	9.835186450877690945e+00
1.033300000000000107e+00	9.300114666402418351e+00
1.036899999999999933e+00	9.583810387604813741e+00
1.040499999999999980e+00	9.444131418347138762e+00
1.044100000000000028e+00	9.133634073850776858e+00
1.047700000000000076e+00	8.893251635676577393e+00
1.051299999999999901e+00	8.775861330269716376e+00
1.054899999999999949e+00	8.957215635885004801e+00
1.058499999999999996e+00	8.910915937388946162e+00
1.062100000000000044e+00	9.703963822084437751e+00
1.065700000000000092e+00	9.281728112908295358e+00
1.069299999999999917e+00	9.686227211945835691e+00
1.072899999999999965e+00	9.955501849878887199e+00
1.076600000000000001e+00	1.022710352690478253e+01
1.080200000000000049e+00	1.042076034256003858e+01
1.083800000000000097e+00	1.045778983097082282e+01
1.087399999999999922e+00	1.104269362934170573e+01
1.090999999999999970e+00	1.148693069734589933e+01
1.094600000000000017e+00	1.151136934348476970e+01
1.098200000000000065e+00	1.182736455771903827e+01
1.101799999999999891e+00	1.241399321264521483e+01
1.105399999999999938e+00	1.246411202291344900e+01
1.108999999999999986e+00	1.192157719726956699e+01
1.112600000000000033e+00	1.210741785319531161e+01
1.116200000000000081e+00	1.095367070265350584e+01
1.119799999999999907e+00	1.137848697990490621e+01
1.123399999999999954e+00	1.143020430167907975e+01
1.127099999999999991e+00	1.091340176155063091e+01
1.130700000000000038e+00	1.092329756648030781e+01
1.134300000000000086e+00	1.116650498247975953e+01
1.137899999999999912e+00	1.113315015612353065e+01
1.141499999999999959e+00	1.163305078271127790e+01
1.145100000000000007e+00	1.190760892507273461e+01
1.148700000000000054e+00	1.220568879885423819e+01
1.152300000000000102e+00	1.327604235870914628e+01
1.155899999999999928e+00	1.332443479655362140e+01
1.159499999999999975e+00	1.373910471482934881e+01
1.163100000000000023e+00	1.394382639321378115e+01
1.166700000000000070e+00	1.397010560277698943e+01
1.170299999999999896e+00	1.298057043666151777e+01
1.173899999999999944e+00	1.307737731869032238e+01
1.177599999999999980e+00	1.306486624953429931e+01
1.181200000000000028e+00	1.354451945944128255e+01
1.184800000000000075e+00	1.388264388914987357e+01
1.188399999999999901e+00	1.418735784102472053e+01
1.191999999999999948e+00	1.428683827827232378e+01
1.195599999999999996e+00	1.484202409163539116e+01
1.199200000000000044e+00	1.443650697867865418e+01
1.202800000000000091e+00	1.446986205001150871e+01
1.206399999999999917e+00	1.501332920804469495e+01
1.209999999999999964e+00	1.440020162794860425e+01
1.213600000000000012e+00	1.450262373754707745e+01
1.217200000000000060e+00	1.437691011424847076e+01
1.220800000000000107e+00	1.468234830319129891e+01
1.224399999999999933e+00	1.458658590025152790e+01
1.228099999999999969e+00	1.456065272396697985e+01
1.231700000000000017e+00	1.510115018047458513e+01
1.235300000000000065e+00	1.502984202137017178e+01
1.238899999999999890e+00	1.550977497074405242e+01
1.242499999999999938e+00	1.561418864885192193e+01
1.246099999999999985e+00	1.611687284729814351e+01
1.249700000000000033e+00	1.581810696772779679e+01
1.253300000000000081e+00	1.663124467423480013e+01
1.256899999999999906e+00	1.625540576604426946e+01
1.260499999999999954e+00	1.612576714083445495e+01
1.264100000000000001e+00	1.612844124448496075e+01
1.267700000000000049e+00	1.626988535178366746e+01
1.271300000000000097e+00	1.684865010332338997e+01
1.274899999999999922e+00	1.709978015824668063e+01
1.278599999999999959e+00	1.729122306505480111e+01
1.282200000000000006e+00	1.737667643040470011e+01
1.285800000000000054e+00	1.719379338459125961e+01
1.289400000000000102e+00	1.760925752789511378e+01
1.292999999999999927e+00	1.735477572297965665e+01
1.296599999999999975e+00	1.758594454201134027e+01
1.300200000000000022e+00	1.728609986784497110e+01
1.303800000000000070e+00	1.757471536849692839e+01
1.307399999999999896e+00	1.805090985698334904e+01
1.310999999999999943e+00	1.785885504898221399e+01
1.314599999999999991e+00	1.799571465396652314e+01
1.318200000000000038e+00	1.813040344063820442e+01
1.321800000000000086e+00	1.902198714425040293e+01
1.325499999999999901e+00	1.847277809165697704e+01
1.329099999999999948e+00	1.861242396712392022e+01
1.332699999999999996e+00	1.884294248642726899e+01
1.336300000000000043e+00	1.945219737646995739e+01
1.339900000000000091e+00	1.925051193170730812e+01
1.343499999999999917e+00	1.967390158330973193e+01
1.347099999999999964e+00	1.936352697416696245e+01
1.350700000000000012e+00	1.953364285092677122e+01
1.354300000000000059e+00	1.964239543223938611e+01
1.357900000000000107e+00	2.011599413524205815e+01
1.361499999999999932e+00	2.015247021092219981e+01
1.365099999999999980e+00	2.095634342191350896e+01
1.368700000000000028e+00	2.089705575341850263e+01
1.372300000000000075e+00	2.080439048750918829e+01
1.375999999999999890e+00	2.077910734894132716e+01
1.379599999999999937e+00	2.074880572734428341e+01
1.383199999999999985e+00	2.072297540833821472e+01
1.386800000000000033e+00	2.119910089356732641e+01
1.390400000000000080e+00	2.080367579804756417e+01
1.393999999999999906e+00	2.083896922051233602e+01
1.397599999999999953e+00	2.099862309421896711e+01
1.401200000000000001e+00	2.134346533428131210e+01
1.404800000000000049e+00	2.084196480417806541e+01
1.408400000000000096e+00	2.118755428352813652e+01
1.411999999999999922e+00	2.086007774080972510e+01
1.415599999999999969e+00	2.045784266115616745e+01
1.419200000000000017e+00	2.037298056910513466e+01
1.422800000000000065e+00	1.987779675205218410e+01
1.426500000000000101e+00	1.924380457608616979e+01
1.430099999999999927e+00	1.908030627886184050e+01
1.433699999999999974e+00	1.920324373285339092e+01
1.437300000000000022e+00	1.977181208677566460e+01
1.440900000000000070e+00	2.007538144269331681e+01
1.444499999999999895e+00	2.036579395517814817e+01
1.448099999999999943e+00	2.010669995818861722e+01
1.451699999999999990e+00	2.039600256443467785e+01
1.455300000000000038e+00	2.002105771952074420e+01
1.458900000000000086e+00	2.080152015586981307e+01
1.462499999999999911e+00	2.076765601389012517e+01
1.466099999999999959e+00	2.103221035039947751e+01
1.469700000000000006e+00	2.171882525248323148e+01
1.473300000000000054e+00	2.144116990509440868e+01
1.477000000000000091e+00	2.188526820914890436e+01
1.480599999999999916e+00	2.179015101212993244e+01
1.484199999999999964e+00	2.192990415005509419e+01
1.487800000000000011e+00	2.156662231938760499e+01
1.491400000000000059e+00	2.149989196671821290e+01
1.495000000000000107e+00	2.206884663019793535e+01
1.498599999999999932e+00	2.242624152624993172e+01
1.502199999999999980e+00	2.257717825769517006e+01
1.505800000000000027e+00	2.253958459175316520e+01
1.509400000000000075e+00	2.365081031559637736e+01
1.512999999999999901e+00	2.321099805449977893e+01
1.516599999999999948e+00	2.320400322299660090e+01
1.520199999999999996e+00	2.323917809527930345e+01
1.523800000000000043e+00	2.331555801600201150e+01
1.527500000000000080e+00	2.363508528673732201e+01
1.531099999999999905e+00	2.411121866322314133e+01
1.534699999999999953e+00	2.440353296685189122e+01
1.538300000000000001e+00	2.464097691504021981e+01
1.541900000000000048e+00	2.502518117896608274e+01
1.545500000000000096e+00	2.524256387112057709e+01
1.549099999999999921e+00	2.528243928036068411e+01
1.552699999999999969e+00	2.567786734505720503e+01
1.556300000000000017e+00	2.498273710281700843e+01
1.559900000000000064e+00	2.526236055343227704e+01
1.563499999999999890e+00	2.503171150002402001e+01
1.567099999999999937e+00	2.560903948036724387e+01
1.570699999999999985e+00	2.533199612879560547e+01
1.574300000000000033e+00	2.587609128400573155e+01
1.578000000000000069e+00	2.643582623722287650e+01
1.581599999999999895e+00	2.723547751222578839e+01
1.585199999999999942e+00	2.816060607383459313e+01
1.588799999999999990e+00	2.875790340665458800e+01
1.592400000000000038e+00	2.926094451476138758e+01
1.596000000000000085e+00	2.960958672751226572e+01
1.599599999999999911e+00	2.924388564019296055e+01
1.603199999999999958e+00	2.881849924239709537e+01
1.606800000000000006e+00	2.848567984624006399e+01
1.610400000000000054e+00	2.812655150273464955e+01
1.614000000000000101e+00	2.895970106994288784e+01
1.617599999999999927e+00	3.002625627997289826e+01
1.621199999999999974e+00	3.109202043387082171e+01
1.624800000000000022e+00	3.181866268354413663e+01
1.628500000000000059e+00	3.185332038318721715e+01
1.632100000000000106e+00	3.126233028938981207e+01
1.635699999999999932e+00	3.114268332372780179e+01
1.639299999999999979e+00	3.062703214247240169e+01
1.642900000000000027e+00	3.047195902290639324e+01
1.646500000000000075e+00	3.053061161617585384e+01
1.650099999999999900e+00	3.033539866135163265e+01
1.653699999999999948e+00	3.046541835608834958e+01
1.657299999999999995e+00	3.192497041667516200e+01
1.660900000000000043e+00	3.332312071462408198e+01
1.664500000000000091e+00	3.469600609370478139e+01
1.668099999999999916e+00	3.585576502404767041e+01
1.671699999999999964e+00	3.658904696340776042e+01
1.675400000000000000e+00	3.670118086760991361e+01
1.679000000000000048e+00	3.563321086852277375e+01
1.682600000000000096e+00	3.561026466373267141e+01
1.686199999999999921e+00	3.390820625193283178e+01
1.689799999999999969e+00	3.319027145636242437e+01
1.693400000000000016e+00	3.232297654390239927e+01
1.697000000000000064e+00	3.280368916178634464e+01
1.700599999999999890e+00	3.468414823625687404e+01
1.704199999999999937e+00	3.666371839454078696e+01
1.707799999999999985e+00	3.956413640076880966e+01
1.711400000000000032e+00	4.192125807992339759e+01
1.715000000000000080e+00	4.330539693931388001e+01
1.718599999999999905e+00	4.122403209113242184e+01
1.722199999999999953e+00	3.910548799039991508e+01
1.725899999999999990e+00	3.598880510576467628e+01
1.729500000000000037e+00	3.395617975071036909e+01
1.733100000000000085e+00	3.455066595458270484e+01
1.736699999999999910e+00	3.649218405123355780e+01
1.740299999999999958e+00	3.874568667066483840e+01
1.743900000000000006e+00	4.089840492476928802e+01
1.747500000000000053e+00	4.140230895661697730e+01
1.751100000000000101e+00	4.100702892163997149e+01
1.754699999999999926e+00	3.957890025000982348e+01
1.758299999999999974e+00	3.774914265714745198e+01
1.761900000000000022e+00	3.622974688113034603e+01
1.765500000000000069e+00	3.516589023638786671e+01
1.769099999999999895e+00	3.444641758354980254e+01
1.772699999999999942e+00	3.507126864681364253e+01
1.776399999999999979e+00	3.532349123976529626e+01
1.780000000000000027e+00	3.594290022312146249e+01
1.783600000000000074e+00	3.708798734778121542e+01
1.787199999999999900e+00	3.792313696196444539e+01
1.790799999999999947e+00	3.951329049469562449e+01
1.794399999999999995e+00	3.967336772377416310e+01
1.798000000000000043e+00	3.936724160239915449e+01
1.801600000000000090e+00	3.896537601238335213e+01
1.805199999999999916e+00	3.808290854931257030e+01
1.808799999999999963e+00	3.701268817940515277e+01
1.812400000000000011e+00	3.557820979527968319e+01
1.816000000000000059e+00	3.493204141044423494e+01
1.819600000000000106e+00	3.447906212265774428e+01
1.823199999999999932e+00	3.505430203315332705e+01
1.826899999999999968e+00	3.587314233446556955e+01
1.830500000000000016e+00	3.631767817853392444e+01
1.834100000000000064e+00	3.657326081448604782e+01
1.837699999999999889e+00	3.583031632863860239e+01
1.841299999999999937e+00	3.384938507668531571e+01
1.844899999999999984e+00	3.205801784180133041e+01
1.848500000000000032e+00	3.126744244115017679e+01
1.852100000000000080e+00	3.136332877705166666e+01
1.855699999999999905e+00	3.336537107014300574e+01
1.859299999999999953e+00	3.567413378599010798e+01
1.862900000000000000e+00	3.804152359306064568e+01
1.866500000000000048e+00	4.041255564716528426e+01
1.870100000000000096e+00	4.135194048056283833e+01
1.873699999999999921e+00	4.165910173153832119e+01
1.877399999999999958e+00	4.153574627648804096e+01
1.881000000000000005e+00	4.127148993759170992e+01
1.884600000000000053e+00	4.105646778294055110e+01
1.888200000000000101e+00	4.029698077529957345e+01
1.891799999999999926e+00	4.046051792439911310e+01
1.895399999999999974e+00	4.045029467726342887e+01
1.899000000000000021e+00	4.124249996122757977e+01
1.902600000000000069e+00	4.178507185095504184e+01
1.906199999999999894e+00	4.289874254420205801e+01
1.909799999999999942e+00	4.362757250306451340e+01
1.913399999999999990e+00	4.313476967274368690e+01
1.917000000000000037e+00	4.291446766200876795e+01
1.920600000000000085e+00	4.336486179644813177e+01
1.924199999999999910e+00	4.494810927843573722e+01
1.927899999999999947e+00	4.727873835579438122e+01
1.931499999999999995e+00	5.124758508921740940e+01
1.935100000000000042e+00	5.554475319985640169e+01
1.938700000000000090e+00	5.849441691535659515e+01
1.942299999999999915e+00	5.913066202773228497e+01
1.945899999999999963e+00	5.806006682698539834e+01
1.949500000000000011e+00	5.521663004720399925e+01
1.953100000000000058e+00	5.253238970451931067e+01
1.956700000000000106e+00	4.975195606260326286e+01
1.960299999999999931e+00	4.756216808856045475e+01
1.963899999999999979e+00	4.576745319739178086e+01
1.967500000000000027e+00	4.355197888578166499e+01
1.971100000000000074e+00	4.265179578007892758e+01
1.974699999999999900e+00	4.155586721316858956e+01
1.978399999999999936e+00	4.127987024863684695e+01
1.981999999999999984e+00	4.093406181315037884e+01
1.985600000000000032e+00	4.185616401224095284e+01
1.989200000000000079e+00	4.330051831759968195e+01
1.992799999999999905e+00	4.561887896804655895e+01
1.996399999999999952e+00	4.883054135951524444e+01
2.000000000000000000e+00	5.320450447645504255e+01
