2.000000000000000111e-01	-9.482309782975177903e-01
2.036000000000000032e-01	-1.461629992904986297e+00
2.071999999999999953e-01	-1.955988179318198128e+00
2.107999999999999874e-01	-1.561529593207675592e+00
2.144000000000000072e-01	-9.408381049039138411e-01
2.179999999999999993e-01	-1.796730344541853874e+00
2.215999999999999914e-01	-1.260063460449569073e+00
2.253000000000000003e-01	-1.929691326894192427e+00
2.288999999999999924e-01	-1.155060657903926868e+00
2.325000000000000122e-01	-1.382783269355310374e+00
2.361000000000000043e-01	-8.197543562702531705e-01
2.396999999999999964e-01	-1.517413037291911904e+00
2.432999999999999885e-01	-1.352320797498980820e+00
2.469000000000000083e-01	-1.007343299824805971e+00
2.505000000000000004e-01	-9.432528288424737450e-01
2.540999999999999925e-01	-6.211367105881652195e-01
2.576999999999999846e-01	-1.139183549657327710e+00
2.612999999999999767e-01	-6.242462492393899831e-01
2.649000000000000243e-01	8.131147165816761113e-01
2.685000000000000164e-01	1.868743341011958603e-01
2.721000000000000085e-01	-2.647255016600819633e-01
2.757999999999999896e-01	2.906074968798757485e-01
2.793999999999999817e-01	3.217568552029824724e-01
2.829999999999999738e-01	5.348944227264340601e-01
2.866000000000000214e-01	3.901703961306790536e-02
2.902000000000000135e-01	-2.482412259939742460e-01
2.938000000000000056e-01	4.055757960007317919e-01
2.973999999999999977e-01	-1.972570208160913663e-01
3.009999999999999898e-01	3.450263028765088169e-02
3.045999999999999819e-01	7.778375783476002558e-01
3.081999999999999740e-01	-1.137557195763083673e-02
3.118000000000000216e-01	-1.286210356807283350e+00
3.154000000000000137e-01	-1.197167507887533233e+00
3.190000000000000058e-01	-4.099977651027305603e-01
3.225999999999999979e-01	-2.295844050484703303e-01
3.262999999999999790e-01	-9.156497194366655101e-01
3.299000000000000266e-01	-6.348383227285676611e-01
3.335000000000000187e-01	-1.050172700241332802e+00
3.371000000000000107e-01	-7.727219646224448013e-02
3.407000000000000028e-01	-5.401160723959490539e-01
3.442999999999999949e-01	-1.026506439477701704e+00
3.478999999999999870e-01	3.512298636094886017e-01
3.514999999999999791e-01	-5.163360636458782515e-01
3.551000000000000267e-01	-1.411565594886310393e-01
3.587000000000000188e-01	4.594060954788166673e-01
3.623000000000000109e-01	2.515692682518889667e-01
3.659000000000000030e-01	3.761727983942921294e-01
3.694999999999999951e-01	1.750398602117733349e+00
3.730999999999999872e-01	1.315013132147019093e+00
3.768000000000000238e-01	1.774843679273664154e+00
3.804000000000000159e-01	-2.588418917046075851e-02
3.840000000000000080e-01	9.399185300075020288e-01
3.876000000000000001e-01	1.749009731578155202e+00
3.911999999999999922e-01	1.289087174506331923e+00
3.947999999999999843e-01	7.966205493843973029e-01
3.983999999999999764e-01	9.526239739919133420e-01
4.020000000000000240e-01	1.351025903863116051e+00
4.056000000000000161e-01	1.548455152788819511e+00
4.092000000000000082e-01	1.519571411843874564e+00
4.128000000000000003e-01	6.031748742091336268e-01
4.163999999999999924e-01	5.290688636155871372e-01
4.199999999999999845e-01	6.501815135464246165e-01
4.235999999999999766e-01	-2.954421831313584490e-01
4.273000000000000131e-01	3.632577775953363397e-02
4.309000000000000052e-01	2.379693940988404921e-01
4.344999999999999973e-01	-1.189688485244203009e-01
4.380999999999999894e-01	-5.149178640783766969e-01
4.416999999999999815e-01	-2.649572960855081094e-01
4.452999999999999736e-01	-4.057094090549307475e-01
4.489000000000000212e-01	5.877241133743864587e-01
4.525000000000000133e-01	-6.549351356710735317e-01
4.561000000000000054e-01	1.500717589489735382e-01
4.596999999999999975e-01	1.213286252150007627e+00
4.632999999999999896e-01	1.343506796351754407e+00
4.668999999999999817e-01	1.039275745530061190e+00
4.704999999999999738e-01	1.285684422269398830e+00
4.741000000000000214e-01	8.206286157010785898e-01
4.778000000000000025e-01	2.177790136795434428e+00
4.813999999999999946e-01	2.264029170211030895e+00
4.849999999999999867e-01	2.344854802997270227e+00
4.885999999999999788e-01	2.528266115266992742e+00
4.922000000000000264e-01	3.496908562852516500e+00
4.958000000000000185e-01	3.576475579162215812e+00
4.994000000000000106e-01	2.175277543135599512e+00
5.030000000000000027e-01	2.562719509969604292e+00
5.066000000000000503e-01	2.514052126354266559e+00
5.101999999999999869e-01	2.623031483867849012e+00
5.138000000000000345e-01	1.681841802979667122e+00
5.173999999999999710e-01	1.732106805305621666e+00
5.210000000000000187e-01	2.216667324946833606e+00
5.245999999999999552e-01	2.401275214011846515e+00
5.282999999999999918e-01	1.190733610165404244e+00
5.319000000000000394e-01	1.397277566203213972e+00
5.354999999999999760e-01	1.681056062941719276e+00
5.391000000000000236e-01	1.700145998348891130e+00
5.426999999999999602e-01	1.281333812448751441e+00
5.463000000000000078e-01	1.225971485860615662e+00
5.499000000000000554e-01	1.268738257810881453e+00
5.534999999999999920e-01	2.537310138170812746e+00
5.571000000000000396e-01	1.707542732011995579e+00
5.606999999999999762e-01	3.491036842475646829e+00
5.643000000000000238e-01	2.619195018399317565e+00
5.678999999999999604e-01	2.078139736989283559e+00
5.715000000000000080e-01	2.903114543764018673e+00
5.752000000000000446e-01	3.603958290652703234e+00
5.787999999999999812e-01	3.250173922469225207e+00
5.824000000000000288e-01	3.790176837142901434e+00
5.859999999999999654e-01	3.904372786051568678e+00
5.896000000000000130e-01	3.504546023939687061e+00
5.931999999999999496e-01	4.004114970390882711e+00
5.967999999999999972e-01	3.792886807373955893e+00
6.004000000000000448e-01	4.985852305319458999e+00
6.039999999999999813e-01	4.859859795074207511e+00
6.076000000000000290e-01	4.572775295297600628e+00
6.111999999999999655e-01	4.023836850602544146e+00
6.148000000000000131e-01	4.469522408176983319e+00
6.183999999999999497e-01	4.666977412433738870e+00
6.219999999999999973e-01	5.397731850886499316e+00
6.257000000000000339e-01	4.709294865229260552e+00
6.292999999999999705e-01	4.149419557908311518e+00
6.329000000000000181e-01	3.241556887193706160e+00
6.364999999999999547e-01	4.816479421842393194e+00
6.401000000000000023e-01	4.521011044108458776e+00
6.437000000000000499e-01	2.706000840441101118e+00
6.472999999999999865e-01	3.107682024638132035e+00
6.509000000000000341e-01	3.170837945308599082e+00
6.544999999999999707e-01	3.320458785252262679e+00
6.581000000000000183e-01	2.804473629369033105e+00
6.616999999999999549e-01	3.291690085871606275e+00
6.653000000000000025e-01	3.689479312573707759e+00
6.689000000000000501e-01	4.085529892325981294e+00
6.724999999999999867e-01	3.662973894143829234e+00
6.762000000000000233e-01	4.546546959874714133e+00
6.797999999999999599e-01	5.325073247129101794e+00
6.834000000000000075e-01	5.036576115893947936e+00
6.870000000000000551e-01	6.142672639918648869e+00
6.905999999999999917e-01	5.576071075664192023e+00
6.942000000000000393e-01	5.703003339867589006e+00
6.977999999999999758e-01	5.337770384874179541e+00
7.014000000000000234e-01	6.381433170459987814e+00
7.049999999999999600e-01	6.192208754392183323e+00
7.086000000000000076e-01	6.838256936348265924e+00
7.122000000000000552e-01	7.742345339692525030e+00
7.157999999999999918e-01	5.979057210610425166e+00
7.194000000000000394e-01	6.456715484371371438e+00
7.229999999999999760e-01	6.114037515321433247e+00
7.267000000000000126e-01	6.124636012351365011e+00
7.302999999999999492e-01	6.402937818473470877e+00
7.338999999999999968e-01	5.775941806565831449e+00
7.375000000000000444e-01	5.777291175364567266e+00
7.410999999999999810e-01	4.709191700697417993e+00
7.447000000000000286e-01	5.428201855966488409e+00
7.482999999999999652e-01	5.514706285948188125e+00
7.519000000000000128e-01	5.270272093428482130e+00
7.554999999999999494e-01	4.275286179883087456e+00
7.590999999999999970e-01	4.857958367844947389e+00
7.627000000000000446e-01	5.440129456956541709e+00
7.662999999999999812e-01	6.117838564871519225e+00
7.699000000000000288e-01	4.691540690650938039e+00
7.734999999999999654e-01	4.303249529041210053e+00
7.772000000000000020e-01	5.331601701104431434e+00
7.808000000000000496e-01	6.007209339003281912e+00
7.843999999999999861e-01	4.742365458680932733e+00
7.880000000000000338e-01	5.270562079054620597e+00
7.915999999999999703e-01	6.319453834192448660e+00
7.952000000000000179e-01	5.379239458605196589e+00
7.987999999999999545e-01	6.761205987845364973e+00
8.024000000000000021e-01	6.207162931421880359e+00
8.060000000000000497e-01	5.511770837008350910e+00
8.095999999999999863e-01	6.812822266656166192e+00
8.132000000000000339e-01	7.699074775205739130e+00
8.167999999999999705e-01	7.529977828302390819e+00
8.204000000000000181e-01	6.973852835067230416e+00
8.239999999999999547e-01	6.452117235855043376e+00
8.276999999999999913e-01	5.546390381527466218e+00
8.313000000000000389e-01	5.074338066429924687e+00
8.348999999999999755e-01	5.147459145343412423e+00
8.385000000000000231e-01	5.792491961395706213e+00
8.420999999999999597e-01	5.718114710309667892e+00
8.457000000000000073e-01	6.014892646136775767e+00
8.493000000000000549e-01	5.461397285855542627e+00
8.528999999999999915e-01	5.216794226962068848e+00
8.565000000000000391e-01	6.707697336554486967e+00
8.600999999999999757e-01	5.743791393182359428e+00
8.637000000000000233e-01	6.936325344708285101e+00
8.672999999999999599e-01	6.225397249506415598e+00
8.709000000000000075e-01	5.011028007710837784e+00
8.745000000000000551e-01	4.937716250823539710e+00
8.781999999999999806e-01	6.253563033474462962e+00
8.818000000000000282e-01	5.817187897471207236e+00
8.853999999999999648e-01	6.410922929804280912e+00
8.890000000000000124e-01	6.555561507614712013e+00
8.925999999999999490e-01	6.963977048954779647e+00
8.961999999999999966e-01	6.579273880302074495e+00
8.998000000000000442e-01	7.546756248079667273e+00
9.033999999999999808e-01	6.937555135299036557e+00
9.070000000000000284e-01	6.739738716648649763e+00
9.105999999999999650e-01	6.891092508833184027e+00
9.142000000000000126e-01	7.273563187081379944e+00
9.177999999999999492e-01	7.476398093417705226e+00
9.213999999999999968e-01	7.811988044334198023e+00
9.251000000000000334e-01	6.464530635282000226e+00
9.286999999999999700e-01	6.814223392733471663e+00
9.323000000000000176e-01	7.182419871321614302e+00
9.358999999999999542e-01	7.967487792143826297e+00
9.395000000000000018e-01	7.867221393412843433e+00
9.431000000000000494e-01	7.996757238141251278e+00
9.466999999999999860e-01	8.062711768161339165e+00
9.503000000000000336e-01	7.587239513848697214e+00
9.538999999999999702e-01	6.779155845259453805e+00
9.575000000000000178e-01	6.763912137754262588e+00
9.610999999999999543e-01	7.224857969240430222e+00
9.647000000000000020e-01	6.880520601804492209e+00
9.683000000000000496e-01	6.277321672589431856e+00
9.718999999999999861e-01	6.840497833489275870e+00
9.756000000000000227e-01	6.321777502121741499e+00
9.791999999999999593e-01	6.152214798405140961e+00
9.828000000000000069e-01	6.897947092266227820e+00
9.864000000000000545e-01	7.085273176906078163e+00
9.899999999999999911e-01	7.333197988389422939e+00
9.936000000000000387e-01	7.431717960788985167e+00
9.971999999999999753e-01	7.725267730971022040e+00
1.000799999999999912e+00	7.186862527133315304e+00
1.004399999999999959e+00	8.510691722378618707e+00
1.008000000000000007e+00	7.760703051861237434e+00
1.011600000000000055e+00	8.076017964109075464e+00
1.015200000000000102e+00	7.479845452584855003e+00
1.018799999999999928e+00	7.879287644292005233e+00
1.022399999999999975e+00	8.191766957112347924e+00
1.026100000000000012e+00	7.720326703015030212e+00
1.029700000000000060e+00	9.088906283132798691e+00
1.033300000000000107e+00	8.125768535374771062e+00
1.036899999999999933e+00	7.663186990206179772e+00
1.040499999999999980e+00	7.923760017872169215e+00
1.044100000000000028e+00	8.361299384210122199e+00
1.047700000000000076e+00	7.548365401841159894e+00
1.051299999999999901e+00	8.464068014837287990e+00
1.054899999999999949e+00	6.945725403596584968e+00
1.058499999999999996e+00	8.030020891538477201e+00
1.062100000000000044e+00	7.642141935786776585e+00
1.065700000000000092e+00	7.425420200120812275e+00
1.069299999999999917e+00	7.004619653298665760e+00
1.072899999999999965e+00	7.586521306582624469e+00
1.076600000000000001e+00	7.267783691322978967e+00
1.080200000000000049e+00	7.417898127972381239e+00
1.083800000000000097e+00	7.156009838348328600e+00
1.087399999999999922e+00	7.838773661287748773e+00
1.090999999999999970e+00	8.187592947276984390e+00
1.094600000000000017e+00	9.426134261812327608e+00
1.098200000000000065e+00	9.985789350640043693e+00
1.101799999999999891e+00	1.044394949080771795e+01
1.105399999999999938e+00	9.979602221068706314e+00
1.108999999999999986e+00	9.811452453264259077e+00
1.112600000000000033e+00	9.005531617764260588e+00
1.116200000000000081e+00	9.124855458491049731e+00
1.119799999999999907e+00	8.816461982901254046e+00
1.123399999999999954e+00	8.911992032738947245e+00
1.127099999999999991e+00	8.916131085964089209e+00
1.130700000000000038e+00	8.797602490942589171e+00
1.134300000000000086e+00	7.491190644977765878e+00
1.137899999999999912e+00	9.278016409951002075e+00
1.141499999999999959e+00	8.566561674231829571e+00
1.145100000000000007e+00	8.611932181075269810e+00
1.148700000000000054e+00	9.712842148417303534e+00
1.152300000000000102e+00	1.071331106729146398e+01
1.155899999999999928e+00	1.227792205208220899e+01
1.159499999999999975e+00	1.241719004032731988e+01
1.163100000000000023e+00	1.176545148475456770e+01
1.166700000000000070e+00	1.065602991952230738e+01
1.170299999999999896e+00	9.187496568338533010e+00
1.173899999999999944e+00	8.445210824652054526e+00
1.177599999999999980e+00	8.758558816155371574e+00
1.181200000000000028e+00	8.115528508014925535e+00
1.184800000000000075e+00	9.240624944052578726e+00
1.188399999999999901e+00	9.454544544314765986e+00
1.191999999999999948e+00	1.004753292756396021e+01
1.195599999999999996e+00	1.060388909823898906e+01
1.199200000000000044e+00	1.048643060977313723e+01
1.202800000000000091e+00	1.050952401102599154e+01
1.206399999999999917e+00	1.031878330573625924e+01
1.209999999999999964e+00	1.049226125941511079e+01
1.213600000000000012e+00	9.786667963606786813e+00
1.217200000000000060e+00	1.056048527804131254e+01
1.220800000000000107e+00	1.048079736883778068e+01
1.224399999999999933e+00	1.195033315713370747e+01
1.228099999999999969e+00	1.096329690361318399e+01
1.231700000000000017e+00	1.162224942966914831e+01
1.235300000000000065e+00	1.094244512542812409e+01
1.238899999999999890e+00	1.132537170629317380e+01
1.242499999999999938e+00	1.226147875394997833e+01
1.246099999999999985e+00	1.223660005145537966e+01
1.249700000000000033e+00	1.246847565386134526e+01
1.253300000000000081e+00	1.275781495174145164e+01
1.256899999999999906e+00	1.256619220500163792e+01
1.260499999999999954e+00	1.234280014279708304e+01
1.264100000000000001e+00	1.243798842462486220e+01
1.267700000000000049e+00	1.179429391785765624e+01
1.271300000000000097e+00	1.297203027649887552e+01
1.274899999999999922e+00	1.378145447886338104e+01
1.278599999999999959e+00	1.301235389192776104e+01
1.282200000000000006e+00	1.282265847752820065e+01
1.285800000000000054e+00	1.311006845868404902e+01
1.289400000000000102e+00	1.365908975591026220e+01
1.292999999999999927e+00	1.270116107927067084e+01
1.296599999999999975e+00	1.346001597997339871e+01
1.300200000000000022e+00	1.309693998836203832e+01
1.303800000000000070e+00	1.257438139000484334e+01
1.307399999999999896e+00	1.326571461698802068e+01
1.310999999999999943e+00	1.403862890205835967e+01
1.314599999999999991e+00	1.372800444435694622e+01
1.318200000000000038e+00	1.428967387678417822e+01
1.321800000000000086e+00	1.372631739551291119e+01
1.325499999999999901e+00	1.384843239790204450e+01
1.329099999999999948e+00	1.313096390298465010e+01
1.332699999999999996e+00	1.418885719370157616e+01
1.336300000000000043e+00	1.366470670897791706e+01
1.339900000000000091e+00	1.360623807311795019e+01
1.343499999999999917e+00	1.459140163959676961e+01
1.347099999999999964e+00	1.392557720671723764e+01
1.350700000000000012e+00	1.417766630000314620e+01
1.354300000000000059e+00	1.373587514177956415e+01
1.357900000000000107e+00	1.457931606073399777e+01
1.361499999999999932e+00	1.449956439303287326e+01
1.365099999999999980e+00	1.489592005014487164e+01
1.368700000000000028e+00	1.507555253756758873e+01
1.372300000000000075e+00	1.468172321550923165e+01
1.375999999999999890e+00	1.497610182206219598e+01
1.379599999999999937e+00	1.538861127028144971e+01
1.383199999999999985e+00	1.526824587688732926e+01
1.386800000000000033e+00	1.446238132378357477e+01
1.390400000000000080e+00	1.522177368958371879e+01
1.393999999999999906e+00	1.473363580482660140e+01
1.397599999999999953e+00	1.424448469172567044e+01
1.401200000000000001e+00	1.457217029553591914e+01
1.404800000000000049e+00	1.530707565886421051e+01
1.408400000000000096e+00	1.555393618526430899e+01
1.411999999999999922e+00	1.679817767049494037e+01
1.415599999999999969e+00	1.703230675048178355e+01
1.419200000000000017e+00	1.740352745654005773e+01
1.422800000000000065e+00	1.683569307635672629e+01
1.426500000000000101e+00	1.641086827194028430e+01
1.430099999999999927e+00	1.542049549081721160e+01
1.433699999999999974e+00	1.587937971862796971e+01
1.437300000000000022e+00	1.541996244803203098e+01
1.440900000000000070e+00	1.668672303243341304e+01
1.444499999999999895e+00	1.594805792552101131e+01
1.448099999999999943e+00	1.654574685699753545e+01
1.451699999999999990e+00	1.637124927767667160e+01
1.455300000000000038e+00	1.595282502300697125e+01
1.458900000000000086e+00	1.488332456914512036e+01
1.462499999999999911e+00	1.566804172291963937e+01
1.466099999999999959e+00	1.585759825406889689e+01
1.469700000000000006e+00	1.692048973087708674e+01
1.473300000000000054e+00	1.763183018203710262e+01
1.477000000000000091e+00	1.801172203004914607e+01
1.480599999999999916e+00	1.755904494392221338e+01
1.484199999999999964e+00	1.832659197728873579e+01
1.487800000000000011e+00	1.660430563588990083e+01
1.491400000000000059e+00	1.745087844653686560e+01
1.495000000000000107e+00	1.723756071695347103e+01
1.498599999999999932e+00	1.740973301835369824e+01
1.502199999999999980e+00	1.777919224053222180e+01
1.505800000000000027e+00	1.750152402322541789e+01
1.509400000000000075e+00	1.756943408933782891e+01
1.512999999999999901e+00	1.802107877758249188e+01
1.516599999999999948e+00	1.775142081731125288e+01
1.520199999999999996e+00	1.797365504435304828e+01
1.523800000000000043e+00	1.868000293207069618e+01
1.527500000000000080e+00	1.950302795937689382e+01
1.531099999999999905e+00	1.927459471163263771e+01
1.534699999999999953e+00	1.881448858062726615e+01
1.538300000000000001e+00	1.932620820641003334e+01
1.541900000000000048e+00	1.889284062028979960e+01
1.545500000000000096e+00	1.969251742153747031e+01
1.549099999999999921e+00	1.936990533637741407e+01
1.552699999999999969e+00	1.967964249551752687e+01
1.556300000000000017e+00	1.824987223706552442e+01
1.559900000000000064e+00	1.874012869559885885e+01
1.563499999999999890e+00	1.986323973569062673e+01
1.567099999999999937e+00	1.826768800036101226e+01
1.570699999999999985e+00	1.922921408552009481e+01
1.574300000000000033e+00	1.894912881910732239e+01
1.578000000000000069e+00	2.032788362747750099e+01
1.581599999999999895e+00	2.038485373625200836e+01
1.585199999999999942e+00	1.967061630779251402e+01
1.588799999999999990e+00	2.041329555127556716e+01
1.592400000000000038e+00	2.077278627918902032e+01
1.596000000000000085e+00	2.162735552702878294e+01
1.599599999999999911e+00	2.160541075389000909e+01
1.603199999999999958e+00	2.120007205989427135e+01
1.606800000000000006e+00	2.017254570260383773e+01
1.610400000000000054e+00	2.052070960315694848e+01
1.614000000000000101e+00	2.088144961850349191e+01
1.617599999999999927e+00	2.030269591653166117e+01
1.621199999999999974e+00	2.070889843813038311e+01
1.624800000000000022e+00	2.071408914412558033e+01
1.628500000000000059e+00	2.037910607055452061e+01
1.632100000000000106e+00	2.028416821075585119e+01
1.635699999999999932e+00	1.995325128605792031e+01
1.639299999999999979e+00	1.996925066075361244e+01
1.642900000000000027e+00	1.909928296595306918e+01
1.646500000000000075e+00	1.860556078900302523e+01
1.650099999999999900e+00	1.858653378566225101e+01
1.653699999999999948e+00	2.013363682287959477e+01
1.657299999999999995e+00	2.169663615841804116e+01
1.660900000000000043e+00	2.359328658439870807e+01
1.664500000000000091e+00	2.514203743805506264e+01
1.668099999999999916e+00	2.584648438421470118e+01
1.671699999999999964e+00	2.621801715866304505e+01
1.675400000000000000e+00	2.454862222750433531e+01
1.679000000000000048e+00	2.269677055257366760e+01
1.682600000000000096e+00	2.027807729369819256e+01
1.686199999999999921e+00	1.842041616965563122e+01
1.689799999999999969e+00	1.713041933957637397e+01
1.693400000000000016e+00	1.686130972773577952e+01
1.697000000000000064e+00	1.839183036194740595e+01
1.700599999999999890e+00	1.848560618021777913e+01
1.704199999999999937e+00	2.056121325190653693e+01
1.707799999999999985e+00	2.314142290676986846e+01
1.711400000000000032e+00	2.454274774054121977e+01
1.715000000000000080e+00	2.603133911607024231e+01
1.718599999999999905e+00	2.476678965450836145e+01
1.722199999999999953e+00	2.339585266165238764e+01
1.725899999999999990e+00	2.055779500361493817e+01
1.729500000000000037e+00	1.941791076753946754e+01
1.733100000000000085e+00	1.878455380303792310e+01
1.736699999999999910e+00	1.923801302723379791e+01
1.740299999999999958e+00	1.905785937453648771e+01
1.743900000000000006e+00	2.012312393710348601e+01
1.747500000000000053e+00	2.079563497407469086e+01
1.751100000000000101e+00	2.206180421420388527e+01
1.754699999999999926e+00	2.072566712629406993e+01
1.758299999999999974e+00	2.180046116852005156e+01
1.761900000000000022e+00	2.231745930401448774e+01
1.765500000000000069e+00	2.133628397705458468e+01
1.769099999999999895e+00	2.327854303645887768e+01
1.772699999999999942e+00	2.391203920272833727e+01
1.776399999999999979e+00	2.266999218126182569e+01
1.780000000000000027e+00	2.325537210127728827e+01
1.783600000000000074e+00	2.282730411675859017e+01
1.787199999999999900e+00	2.175138037414284753e+01
1.790799999999999947e+00	2.218023899894215845e+01
1.794399999999999995e+00	2.219941129512877964e+01
1.798000000000000043e+00	2.251017014179504372e+01
1.801600000000000090e+00	2.221664753554868810e+01
1.805199999999999916e+00	2.230413261783608192e+01
1.808799999999999963e+00	2.198263234655117415e+01
1.812400000000000011e+00	2.219271515425450758e+01
1.816000000000000059e+00	2.147350865472276027e+01
1.819600000000000106e+00	2.156022503380491528e+01
1.823199999999999932e+00	2.018644722536253155e+01
1.826899999999999968e+00	1.944409981805970133e+01
1.830500000000000016e+00	1.879753107240590992e+01
1.834100000000000064e+00	1.675185757825126132e+01
1.837699999999999889e+00	1.665385667518345159e+01
1.841299999999999937e+00	1.646695788751804201e+01
1.844899999999999984e+00	1.564653484330885114e+01
1.848500000000000032e+00	1.637446206951197780e+01
1.852100000000000080e+00	1.762166900223529353e+01
1.855699999999999905e+00	1.781534114975028871e+01
1.859299999999999953e+00	1.978981759319486144e+01
1.862900000000000000e+00	2.021237832727261363e+01
1.866500000000000048e+00	2.021593861377796486e+01
1.870100000000000096e+00	2.027774361995055585e+01
1.873699999999999921e+00	1.879311408495684788e+01
1.877399999999999958e+00	1.733197713804684881e+01
1.881000000000000005e+00	1.721014789087072927e+01
1.884600000000000053e+00	1.652272101733063536e+01
1.888200000000000101e+00	1.817270636143741669e+01
1.891799999999999926e+00	1.773124937172101312e+01
1.895399999999999974e+00	1.805527139268108527e+01
1.899000000000000021e+00	1.842472829245358312e+01
1.902600000000000069e+00	1.767134343190074119e+01
1.906199999999999894e+00	1.887843812424076262e+01
1.909799999999999942e+00	1.976983772450051546e+01
1.913399999999999990e+00	1.859459958710408145e+01
1.917000000000000037e+00	1.892657076062121746e+01
1.920600000000000085e+00	1.845266729626963098e+01
1.924199999999999910e+00	1.848244807143623092e+01
1.927899999999999947e+00	1.808632318301622632e+01
1.931499999999999995e+00	1.843186103032645917e+01
1.935100000000000042e+00	1.790938021423806603e+01
1.938700000000000090e+00	1.920198505486811413e+01
1.942299999999999915e+00	2.032957699381879380e+01
1.945899999999999963e+00	2.160205882291682400e+01
1.949500000000000011e+00	2.151365495535419115e+01
1.953100000000000058e+00	2.291601229977054288e+01
1.956700000000000106e+00	2.497648621110287337e+01
1.960299999999999931e+00	2.389836047268853036e+01
1.963899999999999979e+00	2.465101173974942839e+01
1.967500000000000027e+00	2.273858973158941055e+01
1.971100000000000074e+00	2.196265709840772473e+01
1.974699999999999900e+00	2.111085292063632579e+01
1.978399999999999936e+00	2.021987045018985896e+01
1.981999999999999984e+00	2.043087701741137963e+01
1.985600000000000032e+00	1.934838474940747233e+01
1.989200000000000079e+00	1.986061376845150406e+01
1.992799999999999905e+00	2.023448531995689237e+01
1.996399999999999952e+00	2.102317512884368256e+01
2.000000000000000000e+00	2.284076581292668706e+01
