2.000000000000000111e-01	-1.158380081335997236e+00
2.036000000000000032e-01	7.835486339533126454e-03
2.071999999999999953e-01	3.204040456119603419e-01
2.107999999999999874e-01	1.497107768880131085e+00
2.144000000000000072e-01	-2.322979975576435763e-01
2.179999999999999993e-01	-1.128180479591277541e+00
2.215999999999999914e-01	-1.794983888429189323e+00
2.253000000000000003e-01	-1.179527208859143528e-02
2.288999999999999924e-01	-2.364212364559756807e+00
2.325000000000000122e-01	-3.417753469325308657e-01
2.361000000000000043e-01	-2.161330473714692779e+00
2.396999999999999964e-01	-3.946068637085073938e+00
2.432999999999999885e-01	-2.718498909166421118e+00
2.469000000000000083e-01	-1.929721783574946947e+00
2.505000000000000004e-01	-2.222076106346771773e+00
2.540999999999999925e-01	-2.428944058010512386e+00
2.576999999999999846e-01	-2.514562846450433486e+00
2.612999999999999767e-01	-9.058625558773991671e-01
2.649000000000000243e-01	-7.579255919863527868e-01
2.685000000000000164e-01	-1.346349614217846380e+00
2.721000000000000085e-01	3.151373487186281963e-02
2.757999999999999896e-01	-3.230326281843276526e-02
2.793999999999999817e-01	-6.870004568937720935e-01
2.829999999999999738e-01	1.194154266652758700e+00
2.866000000000000214e-01	-2.737196194332379706e-01
2.902000000000000135e-01	5.404720813347629882e-02
2.938000000000000056e-01	4.438235372325005645e-01
2.973999999999999977e-01	-4.991897321091031126e-01
3.009999999999999898e-01	-2.122842029863584168e-01
3.045999999999999819e-01	-7.351382092052091144e-01
3.081999999999999740e-01	-8.017212010535796907e-01
3.118000000000000216e-01	-1.353537936242331874e+00
3.154000000000000137e-01	-1.639151555551867201e+00
3.190000000000000058e-01	-2.044591390702225731e+00
3.225999999999999979e-01	-1.032426904820590519e+00
3.262999999999999790e-01	-2.573953553618215651e+00
3.299000000000000266e-01	-1.886823093920845684e+00
3.335000000000000187e-01	-5.896524461724701460e-01
3.371000000000000107e-01	-5.260332447876008288e-01
3.407000000000000028e-01	-7.093417351858621878e-01
3.442999999999999949e-01	5.630225339471306434e-02
3.478999999999999870e-01	5.202127364794799647e-01
3.514999999999999791e-01	6.964230310650101341e-01
3.551000000000000267e-01	3.309059312684712872e-01
3.587000000000000188e-01	7.378330260441660071e-01
3.623000000000000109e-01	-1.092581091729779019e-01
3.659000000000000030e-01	6.623278413504471995e-01
3.694999999999999951e-01	1.340921689512535986e+00
3.730999999999999872e-01	1.192173134600021944e+00
3.768000000000000238e-01	1.135721542831278796e+00
3.804000000000000159e-01	-3.909426704731235880e-01
3.840000000000000080e-01	-2.021906660933405209e-01
3.876000000000000001e-01	1.587537389971168666e-01
3.911999999999999922e-01	2.741518445264963244e+00
3.947999999999999843e-01	2.568281828857884364e+00
3.983999999999999764e-01	5.331210607557791414e-01
4.020000000000000240e-01	-9.336794756038835352e-02
4.056000000000000161e-01	-2.156944900572390633e-01
4.092000000000000082e-01	-6.126283536046428502e-02
4.128000000000000003e-01	-3.766984001703588270e-01
4.163999999999999924e-01	4.563430818046191884e-01
4.199999999999999845e-01	8.559113816142809306e-01
4.235999999999999766e-01	1.129728657510641554e+00
4.273000000000000131e-01	1.247595066281431908e+00
4.309000000000000052e-01	1.180972767215556107e+00
4.344999999999999973e-01	1.592138775745186585e+00
4.380999999999999894e-01	8.214928365339589922e-01
4.416999999999999815e-01	1.644552429822198736e+00
4.452999999999999736e-01	1.765030457173333733e+00
4.489000000000000212e-01	2.579025615791526782e+00
4.525000000000000133e-01	1.531702207576867369e+00
4.561000000000000054e-01	2.008410193851068115e+00
4.596999999999999975e-01	1.063227185925684548e+00
4.632999999999999896e-01	2.078948519746993906e+00
4.668999999999999817e-01	1.425214180673830100e+00
4.704999999999999738e-01	3.077339563354391516e-01
4.741000000000000214e-01	1.590731284873568852e+00
4.778000000000000025e-01	3.168399826103465711e-01
4.813999999999999946e-01	1.405369382367352760e+00
4.849999999999999867e-01	7.422063261864064732e-01
4.885999999999999788e-01	4.518268322755348287e-01
4.922000000000000264e-01	1.236924071958809490e+00
4.958000000000000185e-01	1.836107785877119980e+00
4.994000000000000106e-01	1.708789071756648514e+00
5.030000000000000027e-01	2.254513420296484938e+00
5.066000000000000503e-01	1.325202423237578309e+00
5.101999999999999869e-01	2.648503712715467806e+00
5.138000000000000345e-01	1.542872285478858796e+00
5.173999999999999710e-01	3.419180205369165559e+00
5.210000000000000187e-01	4.563248986789183448e+00
5.245999999999999552e-01	2.433847953675368991e+00
5.282999999999999918e-01	2.532667697145707386e+00
5.319000000000000394e-01	3.330339046880570031e+00
5.354999999999999760e-01	2.440099970127954432e+00
5.391000000000000236e-01	1.704726351177368482e+00
5.426999999999999602e-01	1.873361147943375382e+00
5.463000000000000078e-01	2.247047932979585383e+00
5.499000000000000554e-01	1.597989874352133910e+00
5.534999999999999920e-01	3.488640843294757321e+00
5.571000000000000396e-01	2.167350521054747237e+00
5.606999999999999762e-01	2.485455174035912762e+00
5.643000000000000238e-01	1.902382999670018560e+00
5.678999999999999604e-01	1.965053315019871683e+00
5.715000000000000080e-01	2.801500054770682091e+00
5.752000000000000446e-01	2.495508875643712710e+00
5.787999999999999812e-01	1.633374930894233579e+00
5.824000000000000288e-01	2.554865284600116304e+00
5.859999999999999654e-01	3.105099960477893717e+00
5.896000000000000130e-01	3.814932384535682175e+00
5.931999999999999496e-01	3.548544575416590074e+00
5.967999999999999972e-01	4.244280324394048343e+00
6.004000000000000448e-01	4.032432486355360446e+00
6.039999999999999813e-01	3.770842388439247461e+00
6.076000000000000290e-01	4.790758040407505192e+00
6.111999999999999655e-01	4.882887859537620834e+00
6.148000000000000131e-01	3.407639261182889179e+00
6.183999999999999497e-01	5.061928439873177865e+00
6.219999999999999973e-01	4.294409287027993294e+00
6.257000000000000339e-01	4.439922826326265337e+00
6.292999999999999705e-01	2.678378660035622527e+00
6.329000000000000181e-01	3.088853802919943270e+00
6.364999999999999547e-01	3.610391899090318546e+00
6.401000000000000023e-01	2.664891187882093337e+00
6.437000000000000499e-01	2.407869134979658376e+00
6.472999999999999865e-01	2.756966734078050152e+00
6.509000000000000341e-01	6.564559196944677044e-01
6.544999999999999707e-01	3.109871445948962698e+00
6.581000000000000183e-01	2.358210283479945435e+00
6.616999999999999549e-01	3.341678547747805705e+00
6.653000000000000025e-01	3.654835210270976908e+00
6.689000000000000501e-01	4.057286052020640632e+00
6.724999999999999867e-01	5.285776085655434997e+00
6.762000000000000233e-01	5.044406113810642189e+00
6.797999999999999599e-01	2.878536841804972823e+00
6.834000000000000075e-01	5.540602210877786149e+00
6.870000000000000551e-01	4.015693976448454272e+00
6.905999999999999917e-01	5.581496822857445750e+00
6.942000000000000393e-01	5.671064551562427170e+00
6.977999999999999758e-01	5.816727229910708452e+00
7.014000000000000234e-01	4.023367199426932217e+00
7.049999999999999600e-01	5.360392926240900024e+00
7.086000000000000076e-01	4.086486459547650441e+00
7.122000000000000552e-01	3.241912647003296399e+00
7.157999999999999918e-01	3.623379881716497497e+00
7.194000000000000394e-01	4.473514245379493381e+00
7.229999999999999760e-01	3.185372621792046388e+00
7.267000000000000126e-01	3.988060300262211477e+00
7.302999999999999492e-01	5.106225567732509241e+00
7.338999999999999968e-01	4.468667969335624157e+00
7.375000000000000444e-01	3.167636552523491744e+00
7.410999999999999810e-01	5.151122328195000932e+00
7.447000000000000286e-01	5.468674275223952108e+00
7.482999999999999652e-01	6.087742129560844262e+00
7.519000000000000128e-01	5.470406648840782537e+00
7.554999999999999494e-01	4.606932542531920305e+00
7.590999999999999970e-01	7.587035370244276322e+00
7.627000000000000446e-01	5.608154494972973581e+00
7.662999999999999812e-01	4.397700272849665915e+00
7.699000000000000288e-01	5.041133686669009961e+00
7.734999999999999654e-01	5.089750702239480340e+00
7.772000000000000020e-01	5.605017709816456417e+00
7.808000000000000496e-01	5.102723137764693995e+00
7.843999999999999861e-01	6.805470497325061707e+00
7.880000000000000338e-01	6.451134666077495083e+00
7.915999999999999703e-01	6.041853000769854987e+00
7.952000000000000179e-01	5.171038136584739320e+00
7.987999999999999545e-01	6.315768462583142728e+00
8.024000000000000021e-01	6.181143170513558438e+00
8.060000000000000497e-01	6.858848481457670232e+00
8.095999999999999863e-01	4.545542699700926725e+00
8.132000000000000339e-01	7.173471081789475789e+00
8.167999999999999705e-01	4.115196674888536243e+00
8.204000000000000181e-01	6.834394769620967480e+00
8.239999999999999547e-01	5.885846347766024778e+00
8.276999999999999913e-01	5.504797687413645946e+00
8.313000000000000389e-01	6.249520403962650406e+00
8.348999999999999755e-01	7.203262295998118070e+00
8.385000000000000231e-01	7.519369232945788184e+00
8.420999999999999597e-01	7.007336359698998152e+00
8.457000000000000073e-01	8.228628482431600943e+00
8.493000000000000549e-01	8.544024112941825067e+00
8.528999999999999915e-01	7.268851872742792430e+00
8.565000000000000391e-01	6.162751081094254069e+00
8.600999999999999757e-01	7.934240904361408830e+00
8.637000000000000233e-01	5.520658988147292945e+00
8.672999999999999599e-01	6.330864284538276543e+00
8.709000000000000075e-01	5.938490347062606922e+00
8.745000000000000551e-01	6.066350925999693722e+00
8.781999999999999806e-01	6.965242154839531352e+00
8.818000000000000282e-01	7.345806079462901650e+00
8.853999999999999648e-01	7.261789732487551774e+00
8.890000000000000124e-01	6.730418865495940040e+00
8.925999999999999490e-01	8.475977001671447297e+00
8.961999999999999966e-01	6.306371826962101856e+00
8.998000000000000442e-01	8.752440146951862232e+00
9.033999999999999808e-01	7.995520757092267061e+00
9.070000000000000284e-01	7.762666119695092348e+00
9.105999999999999650e-01	7.224904580076611182e+00
9.142000000000000126e-01	8.410811924872708900e+00
9.177999999999999492e-01	8.574410427695648096e+00
9.213999999999999968e-01	7.457882578810599128e+00
9.251000000000000334e-01	8.796794462037855311e+00
9.286999999999999700e-01	8.670385280905565040e+00
9.323000000000000176e-01	8.482537053377333436e+00
9.358999999999999542e-01	7.970211458559480988e+00
9.395000000000000018e-01	8.925170326208348826e+00
9.431000000000000494e-01	8.345543230578936544e+00
9.466999999999999860e-01	8.707733947496915761e+00
9.503000000000000336e-01	8.748291698755643608e+00
9.538999999999999702e-01	8.714897798710612875e+00
9.575000000000000178e-01	8.996991418336680368e+00
9.610999999999999543e-01	9.159807628390932877e+00
9.647000000000000020e-01	8.406135557061585217e+00
9.683000000000000496e-01	7.658924022083094307e+00
9.718999999999999861e-01	9.352569908797701004e+00
9.756000000000000227e-01	8.544036857536539742e+00
9.791999999999999593e-01	8.725819331689175229e+00
9.828000000000000069e-01	8.572060874621364235e+00
9.864000000000000545e-01	9.973261271819692908e+00
9.899999999999999911e-01	9.755022444815452332e+00
9.936000000000000387e-01	9.114800965585239112e+00
9.971999999999999753e-01	1.040077435212674395e+01
1.000799999999999912e+00	9.628994958708327445e+00
1.004399999999999959e+00	1.111001947078544738e+01
1.008000000000000007e+00	9.399725587383985115e+00
1.011600000000000055e+00	9.261500602981776353e+00
1.015200000000000102e+00	1.059511636872367291e+01
1.018799999999999928e+00	1.258900350160183024e+01
1.022399999999999975e+00	9.623028408902314368e+00
1.026100000000000012e+00	9.423130622012829249e+00
1.029700000000000060e+00	1.002143635736326210e+01
1.033300000000000107e+00	8.019126197576834869e+00
1.036899999999999933e+00	9.904564185928849795e+00
1.040499999999999980e+00	1.057540712530336613e+01
1.044100000000000028e+00	8.547087798944044579e+00
1.047700000000000076e+00	1.112352231140069136e+01
1.051299999999999901e+00	9.546997786117191964e+00
1.054899999999999949e+00	9.772363480894043164e+00
1.058499999999999996e+00	8.665076801227082015e+00
1.062100000000000044e+00	9.869630996308934812e+00
1.065700000000000092e+00	1.045609095747185080e+01
1.069299999999999917e+00	8.545163519944484420e+00
1.072899999999999965e+00	9.038374212407561004e+00
1.076600000000000001e+00	1.013859279824193749e+01
1.080200000000000049e+00	1.162833545204264141e+01
1.083800000000000097e+00	1.137537585942119378e+01
1.087399999999999922e+00	1.116111008358917722e+01
1.090999999999999970e+00	1.253340497382110108e+01
1.094600000000000017e+00	1.177137153082754928e+01
1.098200000000000065e+00	1.179988878033901933e+01
1.101799999999999891e+00	1.340460933835188939e+01
1.105399999999999938e+00	1.217549760509926848e+01
1.108999999999999986e+00	1.360117544188770289e+01
1.112600000000000033e+00	1.182309872432256981e+01
1.116200000000000081e+00	1.281947554268976575e+01
1.119799999999999907e+00	1.103644532434427461e+01
1.123399999999999954e+00	1.360737802845495636e+01
1.127099999999999991e+00	1.295554589707771775e+01
1.130700000000000038e+00	1.017038984233337295e+01
1.134300000000000086e+00	1.138593260699212095e+01
1.137899999999999912e+00	1.263228923874397225e+01
1.141499999999999959e+00	1.202630517117122189e+01
1.145100000000000007e+00	1.237832577204825313e+01
1.148700000000000054e+00	1.356321279836442706e+01
1.152300000000000102e+00	1.411718730943132805e+01
1.155899999999999928e+00	1.461724173280144790e+01
1.159499999999999975e+00	1.393302057452809706e+01
1.163100000000000023e+00	1.549902104077401255e+01
1.166700000000000070e+00	1.356576671793694899e+01
1.170299999999999896e+00	1.449686441450470298e+01
1.173899999999999944e+00	1.503482905122438318e+01
1.177599999999999980e+00	1.331860407043657801e+01
1.181200000000000028e+00	1.385339178098861623e+01
1.184800000000000075e+00	1.505406838538648095e+01
1.188399999999999901e+00	1.527263785263982854e+01
1.191999999999999948e+00	1.495835306969662781e+01
1.195599999999999996e+00	1.552762622605597720e+01
1.199200000000000044e+00	1.490721882732519710e+01
1.202800000000000091e+00	1.657396190674909420e+01
1.206399999999999917e+00	1.459022152293800545e+01
1.209999999999999964e+00	1.506975823414532911e+01
1.213600000000000012e+00	1.534141636554916488e+01
1.217200000000000060e+00	1.610685174190154356e+01
1.220800000000000107e+00	1.485134816434677241e+01
1.224399999999999933e+00	1.648334062904493180e+01
1.228099999999999969e+00	1.623386080959958377e+01
1.231700000000000017e+00	1.513506714242054763e+01
1.235300000000000065e+00	1.608237989971522452e+01
1.238899999999999890e+00	1.653194946877777483e+01
1.242499999999999938e+00	1.643740672228418731e+01
1.246099999999999985e+00	1.627585396120784011e+01
1.249700000000000033e+00	1.730700331640391809e+01
1.253300000000000081e+00	1.615093193113390768e+01
1.256899999999999906e+00	1.767644133177627452e+01
1.260499999999999954e+00	1.652671637932217052e+01
1.264100000000000001e+00	1.743713412693882603e+01
1.267700000000000049e+00	1.612107401384869831e+01
1.271300000000000097e+00	1.767211310375815714e+01
1.274899999999999922e+00	1.703618125608820577e+01
1.278599999999999959e+00	1.724823775866438069e+01
1.282200000000000006e+00	1.939325348320910791e+01
1.285800000000000054e+00	1.848274199345819468e+01
1.289400000000000102e+00	1.729668614763923173e+01
1.292999999999999927e+00	1.921015454214236584e+01
1.296599999999999975e+00	1.701704567518548572e+01
1.300200000000000022e+00	1.591042037291450839e+01
1.303800000000000070e+00	1.855223889310058283e+01
1.307399999999999896e+00	1.896250098012253460e+01
1.310999999999999943e+00	1.818657402889980546e+01
1.314599999999999991e+00	2.080746457456034193e+01
1.318200000000000038e+00	1.924117555018958114e+01
1.321800000000000086e+00	1.967947259424069983e+01
1.325499999999999901e+00	1.923687252906631429e+01
1.329099999999999948e+00	1.868679414973023611e+01
1.332699999999999996e+00	1.988994189660541068e+01
1.336300000000000043e+00	1.966749424220467901e+01
1.339900000000000091e+00	2.030236564425133849e+01
1.343499999999999917e+00	1.949462043866265404e+01
1.347099999999999964e+00	1.964445738470122294e+01
1.350700000000000012e+00	2.168031386393856508e+01
1.354300000000000059e+00	2.018132591193014491e+01
1.357900000000000107e+00	2.144625088556356118e+01
1.361499999999999932e+00	1.933128235492759472e+01
1.365099999999999980e+00	2.172648927297616694e+01
1.368700000000000028e+00	2.077482861597722064e+01
1.372300000000000075e+00	2.271121725649111411e+01
1.375999999999999890e+00	2.175196931004209588e+01
1.379599999999999937e+00	2.282629676987678380e+01
1.383199999999999985e+00	2.058516359848929156e+01
1.386800000000000033e+00	2.199028556986174721e+01
1.390400000000000080e+00	2.260623280944660962e+01
1.393999999999999906e+00	2.189634922875890410e+01
1.397599999999999953e+00	2.170183879912320535e+01
1.401200000000000001e+00	2.129340356487754349e+01
1.404800000000000049e+00	2.270211157182651718e+01
1.408400000000000096e+00	2.225381656854122170e+01
1.411999999999999922e+00	2.161562248184585400e+01
1.415599999999999969e+00	2.333354923838491857e+01
1.419200000000000017e+00	1.983511294107406897e+01
1.422800000000000065e+00	1.984620824651145909e+01
1.426500000000000101e+00	2.046300830368303636e+01
1.430099999999999927e+00	2.006058367251255703e+01
1.433699999999999974e+00	1.916789228181289673e+01
1.437300000000000022e+00	2.117720457608177753e+01
1.440900000000000070e+00	2.050241264551748799e+01
1.444499999999999895e+00	2.051180285030766015e+01
1.448099999999999943e+00	2.248590351318406988e+01
1.451699999999999990e+00	2.093730355871056759e+01
1.455300000000000038e+00	2.013368535703443030e+01
1.458900000000000086e+00	2.130670675075743503e+01
1.462499999999999911e+00	2.095910001957831170e+01
1.466099999999999959e+00	2.107279527563164478e+01
1.469700000000000006e+00	2.226850745868932790e+01
1.473300000000000054e+00	2.081844673370404308e+01
1.477000000000000091e+00	2.237467399404577861e+01
1.480599999999999916e+00	2.305742352251877136e+01
1.484199999999999964e+00	2.086981450156486062e+01
1.487800000000000011e+00	2.277242144340404195e+01
1.491400000000000059e+00	2.182752075675722736e+01
1.495000000000000107e+00	2.184648781338206547e+01
1.498599999999999932e+00	2.320880729246284346e+01
1.502199999999999980e+00	2.421327832396917756e+01
1.505800000000000027e+00	2.442172528645480867e+01
1.509400000000000075e+00	2.276817836951054375e+01
1.512999999999999901e+00	2.306819775304294495e+01
1.516599999999999948e+00	2.246782696529804113e+01
1.520199999999999996e+00	2.271053124373752752e+01
1.523800000000000043e+00	2.393171128494141442e+01
1.527500000000000080e+00	2.419955865597658473e+01
1.531099999999999905e+00	2.514609907364242503e+01
1.534699999999999953e+00	2.468642444717699647e+01
1.538300000000000001e+00	2.356771360455492115e+01
1.541900000000000048e+00	2.734543410677598985e+01
1.545500000000000096e+00	2.590751448641863419e+01
1.549099999999999921e+00	2.539098744206902580e+01
1.552699999999999969e+00	2.615448710022994661e+01
1.556300000000000017e+00	2.708624690768748167e+01
1.559900000000000064e+00	2.489520365102664812e+01
1.563499999999999890e+00	2.603134712584141042e+01
1.567099999999999937e+00	2.632762944916384740e+01
1.570699999999999985e+00	2.567553308976919979e+01
1.574300000000000033e+00	2.636341635476666312e+01
1.578000000000000069e+00	2.597792060470048980e+01
1.581599999999999895e+00	2.642519015370107738e+01
1.585199999999999942e+00	2.871252638813275837e+01
1.588799999999999990e+00	2.821365281237109812e+01
1.592400000000000038e+00	2.860012544475135243e+01
1.596000000000000085e+00	2.953334237786138772e+01
1.599599999999999911e+00	2.839492565664743040e+01
1.603199999999999958e+00	2.752567907814580650e+01
1.606800000000000006e+00	2.942619464817311581e+01
1.610400000000000054e+00	3.005650128637000051e+01
1.614000000000000101e+00	3.054543202374929933e+01
1.617599999999999927e+00	2.979361513336366940e+01
1.621199999999999974e+00	3.145418756008321282e+01
1.624800000000000022e+00	3.109693734473856352e+01
1.628500000000000059e+00	3.121462395504235943e+01
1.632100000000000106e+00	3.123694899615838239e+01
1.635699999999999932e+00	3.243523098805532356e+01
1.639299999999999979e+00	3.115980364347106857e+01
1.642900000000000027e+00	3.046659644721963289e+01
1.646500000000000075e+00	3.117447894649638229e+01
1.650099999999999900e+00	3.116953505747635234e+01
1.653699999999999948e+00	3.163404045803630638e+01
1.657299999999999995e+00	3.326765910767483092e+01
1.660900000000000043e+00	3.284411967990078551e+01
1.664500000000000091e+00	3.453606319705578898e+01
1.668099999999999916e+00	3.759314239383191847e+01
1.671699999999999964e+00	3.520812877674180896e+01
1.675400000000000000e+00	3.739888644940647566e+01
1.679000000000000048e+00	3.610643023455945411e+01
1.682600000000000096e+00	3.558361220313317830e+01
1.686199999999999921e+00	3.444703375657069699e+01
1.689799999999999969e+00	3.390794193682719282e+01
1.693400000000000016e+00	3.350081533167842451e+01
1.697000000000000064e+00	3.398651381716367581e+01
1.700599999999999890e+00	3.533279213709668198e+01
1.704199999999999937e+00	3.709771940015383507e+01
1.707799999999999985e+00	3.973287207753302397e+01
1.711400000000000032e+00	4.277312605105964849e+01
1.715000000000000080e+00	4.329370901215926892e+01
1.718599999999999905e+00	4.178897957072431524e+01
1.722199999999999953e+00	4.009775579121281908e+01
1.725899999999999990e+00	3.737509524168835640e+01
1.729500000000000037e+00	3.477515095575429882e+01
1.733100000000000085e+00	3.531354490196316220e+01
1.736699999999999910e+00	3.677782456275312484e+01
1.740299999999999958e+00	3.891306031187652081e+01
1.743900000000000006e+00	4.163139408970703670e+01
1.747500000000000053e+00	4.234285636728677105e+01
1.751100000000000101e+00	4.117871203659937152e+01
1.754699999999999926e+00	4.009671634489192371e+01
1.758299999999999974e+00	3.753696543000151564e+01
1.761900000000000022e+00	3.655053563492323576e+01
1.765500000000000069e+00	3.618338739917624025e+01
1.769099999999999895e+00	3.468547681924300008e+01
1.772699999999999942e+00	3.458975845774647695e+01
1.776399999999999979e+00	3.664774170931577402e+01
1.780000000000000027e+00	3.673377686408065301e+01
1.783600000000000074e+00	3.806265626207918729e+01
1.787199999999999900e+00	3.864518316974728407e+01
1.790799999999999947e+00	3.797290525356223867e+01
1.794399999999999995e+00	3.990418826167340427e+01
1.798000000000000043e+00	3.985931130439255554e+01
1.801600000000000090e+00	3.924130598363765188e+01
1.805199999999999916e+00	3.797688015421084629e+01
1.808799999999999963e+00	3.793664196897933039e+01
1.812400000000000011e+00	3.662872323302903510e+01
1.816000000000000059e+00	3.706558412958009541e+01
1.819600000000000106e+00	3.362005795327532098e+01
1.823199999999999932e+00	3.587197816957206697e+01
1.826899999999999968e+00	3.661134545422489595e+01
1.830500000000000016e+00	3.760451246730725927e+01
1.834100000000000064e+00	3.716735720810688548e+01
1.837699999999999889e+00	3.593343684566529816e+01
1.841299999999999937e+00	3.350361617084059418e+01
1.844899999999999984e+00	3.271379746562785584e+01
1.848500000000000032e+00	3.302215373799205622e+01
1.852100000000000080e+00	3.265480811639020686e+01
1.855699999999999905e+00	3.563600795950949163e+01
1.859299999999999953e+00	3.724295336730164507e+01
1.862900000000000000e+00	3.936917234479257388e+01
1.866500000000000048e+00	4.146597627162971378e+01
1.870100000000000096e+00	4.225127684350277235e+01
1.873699999999999921e+00	4.307229791949544051e+01
1.877399999999999958e+00	4.138888512091417482e+01
1.881000000000000005e+00	4.206686440147925055e+01
1.884600000000000053e+00	4.151344732300758977e+01
1.888200000000000101e+00	4.095776676538481098e+01
1.891799999999999926e+00	4.030336529048552308e+01
1.895399999999999974e+00	4.041960478367307275e+01
1.899000000000000021e+00	4.165053122279774556e+01
1.902600000000000069e+00	4.211377276210458120e+01
1.906199999999999894e+00	4.293022000414212158e+01
1.909799999999999942e+00	4.249270923532881028e+01
1.913399999999999990e+00	4.333961064578880951e+01
1.917000000000000037e+00	4.415882115197810975e+01
1.920600000000000085e+00	4.291162934983505295e+01
1.924199999999999910e+00	4.575356870507211227e+01
1.927899999999999947e+00	4.930749869567071642e+01
1.931499999999999995e+00	5.134347622353438823e+01
1.935100000000000042e+00	5.594466906569201115e+01
1.938700000000000090e+00	5.904744892448468363e+01
1.942299999999999915e+00	5.942492709962803588e+01
1.945899999999999963e+00	5.788209792919635532e+01
1.949500000000000011e+00	5.734817035383111516e+01
1.953100000000000058e+00	5.287678763626220046e+01
1.956700000000000106e+00	4.984234550578166534e+01
1.960299999999999931e+00	4.785410832239733736e+01
1.963899999999999979e+00	4.684344833783866591e+01
1.967500000000000027e+00	4.585358085739911616e+01
1.971100000000000074e+00	4.240608392122730663e+01
1.974699999999999900e+00	4.327410675118358085e+01
1.978399999999999936e+00	4.179462023921450253e+01
1.981999999999999984e+00	4.099717920645547764e+01
1.985600000000000032e+00	4.282153181032779798e+01
1.989200000000000079e+00	4.464948299335524950e+01
1.992799999999999905e+00	4.664931255734563820e+01
1.996399999999999952e+00	5.000275666204612435e+01
2.000000000000000000e+00	5.288705497592375337e+01
