2.000000000000000111e-01	-1.671000000000000041e+00
2.036000000000000032e-01	-1.520599999999999952e+00
2.071999999999999953e-01	-1.508899999999999908e+00
2.107999999999999874e-01	-1.608600000000000030e+00
2.144000000000000072e-01	-1.792100000000000026e+00
2.179999999999999993e-01	-2.031800000000000050e+00
2.215999999999999914e-01	-2.300199999999999800e+00
2.253000000000000003e-01	-2.569700000000000095e+00
2.288999999999999924e-01	-2.812899999999999956e+00
2.325000000000000122e-01	-3.003699999999999815e+00
2.361000000000000043e-01	-3.132600000000000051e+00
2.396999999999999964e-01	-3.200200000000000156e+00
2.432999999999999885e-01	-3.207500000000000018e+00
2.469000000000000083e-01	-3.155199999999999783e+00
2.505000000000000004e-01	-3.045599999999999863e+00
2.540999999999999925e-01	-2.882000000000000117e+00
2.576999999999999846e-01	-2.668099999999999916e+00
2.612999999999999767e-01	-2.407300000000000217e+00
2.649000000000000243e-01	-2.112000000000000099e+00
2.685000000000000164e-01	-1.806799999999999962e+00
2.721000000000000085e-01	-1.517200000000000104e+00
2.757999999999999896e-01	-1.268899999999999917e+00
2.793999999999999817e-01	-1.080000000000000071e+00
2.829999999999999738e-01	-9.530999999999999472e-01
2.866000000000000214e-01	-8.888000000000000345e-01
2.902000000000000135e-01	-8.873999999999999666e-01
2.938000000000000056e-01	-9.488999999999999657e-01
2.973999999999999977e-01	-1.070500000000000007e+00
3.009999999999999898e-01	-1.248799999999999910e+00
3.045999999999999819e-01	-1.480799999999999894e+00
3.081999999999999740e-01	-1.758799999999999919e+00
3.118000000000000216e-01	-2.052000000000000046e+00
3.154000000000000137e-01	-2.321299999999999919e+00
3.190000000000000058e-01	-2.527600000000000069e+00
3.225999999999999979e-01	-2.635099999999999998e+00
3.262999999999999790e-01	-2.637500000000000178e+00
3.299000000000000266e-01	-2.544200000000000017e+00
3.335000000000000187e-01	-2.364900000000000002e+00
3.371000000000000107e-01	-2.109599999999999920e+00
3.407000000000000028e-01	-1.794899999999999940e+00
3.442999999999999949e-01	-1.442499999999999893e+00
3.478999999999999870e-01	-1.074300000000000033e+00
3.514999999999999791e-01	-7.123000000000000442e-01
3.551000000000000267e-01	-3.780000000000000027e-01
3.587000000000000188e-01	-9.279999999999999361e-02
3.623000000000000109e-01	1.223000000000000059e-01
3.659000000000000030e-01	2.461000000000000132e-01
3.694999999999999951e-01	2.711000000000000076e-01
3.730999999999999872e-01	2.154999999999999971e-01
3.768000000000000238e-01	1.003000000000000003e-01
3.804000000000000159e-01	-5.349999999999999895e-02
3.840000000000000080e-01	-2.265999999999999959e-01
3.876000000000000001e-01	-4.052999999999999936e-01
3.911999999999999922e-01	-5.766999999999999904e-01
3.947999999999999843e-01	-7.280999999999999694e-01
3.983999999999999764e-01	-8.467000000000000082e-01
4.020000000000000240e-01	-9.204999999999999849e-01
4.056000000000000161e-01	-9.376999999999999780e-01
4.092000000000000082e-01	-8.862999999999999767e-01
4.128000000000000003e-01	-7.574999999999999512e-01
4.163999999999999924e-01	-5.657999999999999696e-01
4.199999999999999845e-01	-3.367999999999999883e-01
4.235999999999999766e-01	-9.610000000000000486e-02
4.273000000000000131e-01	1.318000000000000005e-01
4.309000000000000052e-01	3.365000000000000213e-01
4.344999999999999973e-01	5.181000000000000050e-01
4.380999999999999894e-01	6.766999999999999682e-01
4.416999999999999815e-01	8.124000000000000110e-01
4.452999999999999736e-01	9.184999999999999831e-01
4.489000000000000212e-01	9.812999999999999501e-01
4.525000000000000133e-01	9.865000000000000435e-01
4.561000000000000054e-01	9.202000000000000179e-01
4.596999999999999975e-01	7.825999999999999623e-01
4.632999999999999896e-01	5.977999999999999980e-01
4.668999999999999817e-01	3.919000000000000261e-01
4.704999999999999738e-01	1.912999999999999978e-01
4.741000000000000214e-01	1.859999999999999848e-02
4.778000000000000025e-01	-1.117999999999999966e-01
4.813999999999999946e-01	-1.874000000000000110e-01
4.849999999999999867e-01	-1.953000000000000014e-01
4.885999999999999788e-01	-1.270999999999999908e-01
4.922000000000000264e-01	7.900000000000000772e-03
4.958000000000000185e-01	1.957000000000000128e-01
4.994000000000000106e-01	4.223999999999999977e-01
5.030000000000000027e-01	6.733999999999999986e-01
5.066000000000000503e-01	9.292000000000000259e-01
5.101999999999999869e-01	1.168099999999999916e+00
5.138000000000000345e-01	1.368700000000000028e+00
5.173999999999999710e-01	1.510399999999999965e+00
5.210000000000000187e-01	1.585599999999999898e+00
5.245999999999999552e-01	1.594799999999999995e+00
5.282999999999999918e-01	1.538499999999999979e+00
5.319000000000000394e-01	1.418299999999999894e+00
5.354999999999999760e-01	1.256399999999999961e+00
5.391000000000000236e-01	1.095299999999999940e+00
5.426999999999999602e-01	9.780999999999999694e-01
5.463000000000000078e-01	9.472000000000000419e-01
5.499000000000000554e-01	1.011300000000000088e+00
5.534999999999999920e-01	1.129699999999999926e+00
5.571000000000000396e-01	1.258000000000000007e+00
5.606999999999999762e-01	1.352000000000000091e+00
5.643000000000000238e-01	1.390400000000000080e+00
5.678999999999999604e-01	1.403799999999999937e+00
5.715000000000000080e-01	1.429699999999999971e+00
5.752000000000000446e-01	1.505700000000000038e+00
5.787999999999999812e-01	1.657899999999999929e+00
5.824000000000000288e-01	1.872600000000000042e+00
5.859999999999999654e-01	2.127299999999999969e+00
5.896000000000000130e-01	2.399199999999999999e+00
5.931999999999999496e-01	2.666100000000000136e+00
5.967999999999999972e-01	2.907200000000000006e+00
6.004000000000000448e-01	3.102500000000000036e+00
6.039999999999999813e-01	3.231700000000000017e+00
6.076000000000000290e-01	3.276600000000000179e+00
6.111999999999999655e-01	3.235899999999999999e+00
6.148000000000000131e-01	3.117799999999999905e+00
6.183999999999999497e-01	2.930600000000000094e+00
6.219999999999999973e-01	2.683199999999999807e+00
6.257000000000000339e-01	2.398200000000000109e+00
6.292999999999999705e-01	2.109799999999999898e+00
6.329000000000000181e-01	1.852000000000000091e+00
6.364999999999999547e-01	1.659000000000000030e+00
6.401000000000000023e-01	1.548399999999999999e+00
6.437000000000000499e-01	1.517700000000000049e+00
6.472999999999999865e-01	1.563199999999999923e+00
6.509000000000000341e-01	1.681000000000000050e+00
6.544999999999999707e-01	1.863099999999999978e+00
6.581000000000000183e-01	2.093700000000000117e+00
6.616999999999999549e-01	2.356100000000000083e+00
6.653000000000000025e-01	2.633599999999999941e+00
6.689000000000000501e-01	2.912700000000000067e+00
6.724999999999999867e-01	3.189499999999999780e+00
6.762000000000000233e-01	3.461800000000000210e+00
6.797999999999999599e-01	3.727599999999999802e+00
6.834000000000000075e-01	3.980300000000000171e+00
6.870000000000000551e-01	4.191699999999999982e+00
6.905999999999999917e-01	4.326699999999999768e+00
6.942000000000000393e-01	4.350500000000000256e+00
6.977999999999999758e-01	4.235400000000000276e+00
7.014000000000000234e-01	4.011599999999999611e+00
7.049999999999999600e-01	3.737299999999999844e+00
7.086000000000000076e-01	3.470800000000000107e+00
7.122000000000000552e-01	3.267500000000000071e+00
7.157999999999999918e-01	3.141700000000000159e+00
7.194000000000000394e-01	3.077799999999999869e+00
7.229999999999999760e-01	3.059099999999999930e+00
7.267000000000000126e-01	3.069799999999999862e+00
7.302999999999999492e-01	3.114199999999999857e+00
7.338999999999999968e-01	3.218399999999999928e+00
7.375000000000000444e-01	3.410099999999999909e+00
7.410999999999999810e-01	3.716200000000000170e+00
7.447000000000000286e-01	4.126400000000000290e+00
7.482999999999999652e-01	4.567000000000000171e+00
7.519000000000000128e-01	4.958300000000000374e+00
7.554999999999999494e-01	5.220299999999999940e+00
7.590999999999999970e-01	5.307699999999999640e+00
7.627000000000000446e-01	5.264999999999999680e+00
7.662999999999999812e-01	5.151600000000000179e+00
7.699000000000000288e-01	5.026799999999999713e+00
7.734999999999999654e-01	4.938500000000000334e+00
7.772000000000000020e-01	4.886099999999999888e+00
7.808000000000000496e-01	4.856799999999999784e+00
7.843999999999999861e-01	4.837299999999999933e+00
7.880000000000000338e-01	4.815900000000000070e+00
7.915999999999999703e-01	4.788100000000000023e+00
7.952000000000000179e-01	4.752600000000000158e+00
7.987999999999999545e-01	4.708099999999999952e+00
8.024000000000000021e-01	4.654499999999999638e+00
8.060000000000000497e-01	4.606600000000000250e+00
8.095999999999999863e-01	4.588000000000000078e+00
8.132000000000000339e-01	4.622899999999999565e+00
8.167999999999999705e-01	4.734300000000000175e+00
8.204000000000000181e-01	4.921999999999999709e+00
8.239999999999999547e-01	5.163199999999999790e+00
8.276999999999999913e-01	5.434199999999999697e+00
8.313000000000000389e-01	5.711100000000000065e+00
8.348999999999999755e-01	5.969400000000000261e+00
8.385000000000000231e-01	6.183399999999999785e+00
8.420999999999999597e-01	6.327399999999999913e+00
8.457000000000000073e-01	6.375700000000000145e+00
8.493000000000000549e-01	6.319499999999999673e+00
8.528999999999999915e-01	6.188600000000000101e+00
8.565000000000000391e-01	6.018200000000000216e+00
8.600999999999999757e-01	5.843499999999999694e+00
8.637000000000000233e-01	5.694499999999999673e+00
8.672999999999999599e-01	5.582600000000000229e+00
8.709000000000000075e-01	5.514800000000000146e+00
8.745000000000000551e-01	5.498099999999999987e+00
8.781999999999999806e-01	5.538199999999999790e+00
8.818000000000000282e-01	5.631599999999999717e+00
8.853999999999999648e-01	5.771399999999999864e+00
8.890000000000000124e-01	5.950899999999999856e+00
8.925999999999999490e-01	6.162399999999999878e+00
8.961999999999999966e-01	6.389899999999999913e+00
8.998000000000000442e-01	6.612099999999999866e+00
9.033999999999999808e-01	6.808200000000000252e+00
9.070000000000000284e-01	6.958199999999999719e+00
9.105999999999999650e-01	7.063600000000000101e+00
9.142000000000000126e-01	7.144499999999999851e+00
9.177999999999999492e-01	7.221300000000000274e+00
9.213999999999999968e-01	7.314199999999999591e+00
9.251000000000000334e-01	7.427200000000000024e+00
9.286999999999999700e-01	7.543199999999999683e+00
9.323000000000000176e-01	7.644000000000000128e+00
9.358999999999999542e-01	7.711199999999999832e+00
9.395000000000000018e-01	7.734200000000000408e+00
9.431000000000000494e-01	7.717900000000000205e+00
9.466999999999999860e-01	7.668899999999999828e+00
9.503000000000000336e-01	7.593899999999999650e+00
9.538999999999999702e-01	7.506099999999999994e+00
9.575000000000000178e-01	7.439499999999999780e+00
9.610999999999999543e-01	7.431899999999999729e+00
9.647000000000000020e-01	7.521300000000000097e+00
9.683000000000000496e-01	7.733299999999999841e+00
9.718999999999999861e-01	8.032000000000000028e+00
9.756000000000000227e-01	8.361900000000000333e+00
9.791999999999999593e-01	8.667999999999999261e+00
9.828000000000000069e-01	8.900700000000000500e+00
9.864000000000000545e-01	9.059100000000000819e+00
9.899999999999999911e-01	9.166199999999999903e+00
9.936000000000000387e-01	9.244899999999999451e+00
9.971999999999999753e-01	9.317000000000000171e+00
1.000799999999999912e+00	9.385699999999999932e+00
1.004399999999999959e+00	9.439899999999999736e+00
1.008000000000000007e+00	9.468400000000000816e+00
1.011600000000000055e+00	9.460300000000000153e+00
1.015200000000000102e+00	9.416700000000000514e+00
1.018799999999999928e+00	9.352399999999999380e+00
1.022399999999999975e+00	9.282899999999999707e+00
1.026100000000000012e+00	9.223599999999999355e+00
1.029700000000000060e+00	9.178499999999999659e+00
1.033300000000000107e+00	9.132600000000000051e+00
1.036899999999999933e+00	9.068500000000000227e+00
1.040499999999999980e+00	8.969099999999999184e+00
1.044100000000000028e+00	8.833500000000000796e+00
1.047700000000000076e+00	8.704499999999999460e+00
1.051299999999999901e+00	8.631999999999999673e+00
1.054899999999999949e+00	8.666299999999999670e+00
1.058499999999999996e+00	8.837799999999999656e+00
1.062100000000000044e+00	9.092000000000000526e+00
1.065700000000000092e+00	9.351599999999999469e+00
1.069299999999999917e+00	9.539500000000000313e+00
1.072899999999999965e+00	9.597200000000000841e+00
1.076600000000000001e+00	9.599999999999999645e+00
1.080200000000000049e+00	9.679700000000000415e+00
1.083800000000000097e+00	9.968700000000000117e+00
1.087399999999999922e+00	1.058189999999999920e+01
1.090999999999999970e+00	1.142950000000000088e+01
1.094600000000000017e+00	1.228640000000000043e+01
1.098200000000000065e+00	1.292479999999999940e+01
1.101799999999999891e+00	1.312589999999999968e+01
1.105399999999999938e+00	1.286919999999999931e+01
1.108999999999999986e+00	1.233290000000000042e+01
1.112600000000000033e+00	1.170369999999999955e+01
1.116200000000000081e+00	1.116660000000000075e+01
1.119799999999999907e+00	1.081509999999999927e+01
1.123399999999999954e+00	1.060369999999999990e+01
1.127099999999999991e+00	1.047519999999999918e+01
1.130700000000000038e+00	1.037270000000000003e+01
1.134300000000000086e+00	1.028659999999999997e+01
1.137899999999999912e+00	1.031869999999999976e+01
1.141499999999999959e+00	1.058660000000000068e+01
1.145100000000000007e+00	1.120780000000000065e+01
1.148700000000000054e+00	1.222369999999999912e+01
1.152300000000000102e+00	1.339310000000000045e+01
1.155899999999999928e+00	1.440949999999999953e+01
1.159499999999999975e+00	1.496599999999999930e+01
1.163100000000000023e+00	1.482559999999999967e+01
1.166700000000000070e+00	1.416769999999999996e+01
1.170299999999999896e+00	1.332639999999999958e+01
1.173899999999999944e+00	1.263589999999999947e+01
1.177599999999999980e+00	1.239920000000000044e+01
1.181200000000000028e+00	1.260640000000000072e+01
1.184800000000000075e+00	1.306670000000000087e+01
1.188399999999999901e+00	1.358740000000000059e+01
1.191999999999999948e+00	1.398240000000000016e+01
1.195599999999999996e+00	1.419030000000000058e+01
1.199200000000000044e+00	1.425869999999999926e+01
1.202800000000000091e+00	1.423910000000000053e+01
1.206399999999999917e+00	1.418260000000000076e+01
1.209999999999999964e+00	1.412470000000000070e+01
1.213600000000000012e+00	1.408079999999999998e+01
1.217200000000000060e+00	1.406429999999999936e+01
1.220800000000000107e+00	1.408919999999999995e+01
1.224399999999999933e+00	1.416569999999999929e+01
1.228099999999999969e+00	1.429770000000000074e+01
1.231700000000000017e+00	1.448820000000000086e+01
1.235300000000000065e+00	1.474009999999999998e+01
1.238899999999999890e+00	1.504579999999999984e+01
1.242499999999999938e+00	1.536400000000000077e+01
1.246099999999999985e+00	1.564669999999999916e+01
1.249700000000000033e+00	1.584570000000000078e+01
1.253300000000000081e+00	1.592680000000000007e+01
1.256899999999999906e+00	1.592600000000000016e+01
1.260499999999999954e+00	1.590220000000000056e+01
1.264100000000000001e+00	1.591419999999999924e+01
1.267700000000000049e+00	1.601310000000000144e+01
1.271300000000000097e+00	1.618680000000000163e+01
1.274899999999999922e+00	1.639140000000000086e+01
1.278599999999999959e+00	1.658230000000000004e+01
1.282200000000000006e+00	1.671799999999999997e+01
1.285800000000000054e+00	1.679530000000000101e+01
1.289400000000000102e+00	1.684059999999999846e+01
1.292999999999999927e+00	1.688119999999999976e+01
1.296599999999999975e+00	1.694399999999999906e+01
1.300200000000000022e+00	1.704090000000000060e+01
1.303800000000000070e+00	1.716649999999999920e+01
1.307399999999999896e+00	1.731459999999999866e+01
1.310999999999999943e+00	1.747879999999999967e+01
1.314599999999999991e+00	1.764920000000000044e+01
1.318200000000000038e+00	1.780949999999999989e+01
1.321800000000000086e+00	1.794279999999999831e+01
1.325499999999999901e+00	1.803219999999999956e+01
1.329099999999999948e+00	1.807550000000000168e+01
1.332699999999999996e+00	1.811110000000000042e+01
1.336300000000000043e+00	1.818449999999999989e+01
1.339900000000000091e+00	1.834080000000000155e+01
1.343499999999999917e+00	1.861100000000000065e+01
1.347099999999999964e+00	1.896120000000000161e+01
1.350700000000000012e+00	1.933980000000000032e+01
1.354300000000000059e+00	1.969490000000000052e+01
1.357900000000000107e+00	1.997980000000000089e+01
1.361499999999999932e+00	2.018179999999999907e+01
1.365099999999999980e+00	2.030330000000000013e+01
1.368700000000000028e+00	2.034680000000000177e+01
1.372300000000000075e+00	2.031599999999999895e+01
1.375999999999999890e+00	2.023039999999999949e+01
1.379599999999999937e+00	2.012030000000000030e+01
1.383199999999999985e+00	2.001599999999999824e+01
1.386800000000000033e+00	1.994750000000000156e+01
1.390400000000000080e+00	1.993430000000000035e+01
1.393999999999999906e+00	1.998499999999999943e+01
1.397599999999999953e+00	2.010790000000000077e+01
1.401200000000000001e+00	2.031070000000000064e+01
1.404800000000000049e+00	2.056640000000000157e+01
1.408400000000000096e+00	2.079420000000000002e+01
1.411999999999999922e+00	2.090899999999999892e+01
1.415599999999999969e+00	2.082550000000000168e+01
1.419200000000000017e+00	2.051360000000000028e+01
1.422800000000000065e+00	2.007539999999999836e+01
1.426500000000000101e+00	1.963220000000000098e+01
1.430099999999999927e+00	1.930519999999999925e+01
1.433699999999999974e+00	1.918339999999999890e+01
1.437300000000000022e+00	1.923349999999999937e+01
1.440900000000000070e+00	1.939249999999999829e+01
1.444499999999999895e+00	1.959779999999999944e+01
1.448099999999999943e+00	1.979550000000000054e+01
1.451699999999999990e+00	1.998639999999999972e+01
1.455300000000000038e+00	2.019180000000000064e+01
1.458900000000000086e+00	2.043329999999999913e+01
1.462499999999999911e+00	2.072810000000000130e+01
1.466099999999999959e+00	2.104949999999999832e+01
1.469700000000000006e+00	2.134469999999999956e+01
1.473300000000000054e+00	2.156090000000000018e+01
1.477000000000000091e+00	2.164880000000000138e+01
1.480599999999999916e+00	2.163360000000000127e+01
1.484199999999999964e+00	2.160670000000000002e+01
1.487800000000000011e+00	2.166209999999999880e+01
1.491400000000000059e+00	2.189130000000000109e+01
1.495000000000000107e+00	2.229139999999999944e+01
1.498599999999999932e+00	2.273039999999999949e+01
1.502199999999999980e+00	2.306749999999999901e+01
1.505800000000000027e+00	2.316240000000000165e+01
1.509400000000000075e+00	2.297340000000000160e+01
1.512999999999999901e+00	2.266460000000000008e+01
1.516599999999999948e+00	2.242569999999999908e+01
1.520199999999999996e+00	2.244620000000000104e+01
1.523800000000000043e+00	2.284179999999999922e+01
1.527500000000000080e+00	2.348489999999999966e+01
1.531099999999999905e+00	2.419829999999999970e+01
1.534699999999999953e+00	2.480489999999999995e+01
1.538300000000000001e+00	2.515970000000000084e+01
1.541900000000000048e+00	2.528800000000000026e+01
1.545500000000000096e+00	2.527070000000000149e+01
1.549099999999999921e+00	2.518900000000000006e+01
1.552699999999999969e+00	2.511700000000000088e+01
1.556300000000000017e+00	2.506749999999999901e+01
1.559900000000000064e+00	2.502189999999999870e+01
1.563499999999999890e+00	2.496140000000000114e+01
1.567099999999999937e+00	2.487000000000000099e+01
1.570699999999999985e+00	2.477870000000000061e+01
1.574300000000000033e+00	2.475519999999999854e+01
1.578000000000000069e+00	2.486830000000000140e+01
1.581599999999999895e+00	2.518440000000000012e+01
1.585199999999999942e+00	2.570240000000000080e+01
1.588799999999999990e+00	2.633999999999999986e+01
1.592400000000000038e+00	2.701060000000000016e+01
1.596000000000000085e+00	2.762750000000000128e+01
1.599599999999999911e+00	2.813119999999999976e+01
1.603199999999999958e+00	2.851150000000000162e+01
1.606800000000000006e+00	2.876300000000000168e+01
1.610400000000000054e+00	2.888070000000000093e+01
1.614000000000000101e+00	2.887069999999999936e+01
1.617599999999999927e+00	2.877130000000000010e+01
1.621199999999999974e+00	2.862659999999999982e+01
1.624800000000000022e+00	2.848049999999999926e+01
1.628500000000000059e+00	2.837130000000000152e+01
1.632100000000000106e+00	2.831119999999999948e+01
1.635699999999999932e+00	2.830539999999999878e+01
1.639299999999999979e+00	2.835879999999999868e+01
1.642900000000000027e+00	2.848750000000000071e+01
1.646500000000000075e+00	2.879050000000000153e+01
1.650099999999999900e+00	2.940380000000000038e+01
1.653699999999999948e+00	3.046349999999999980e+01
1.657299999999999995e+00	3.207770000000000010e+01
1.660900000000000043e+00	3.399349999999999739e+01
1.664500000000000091e+00	3.570949999999999847e+01
1.668099999999999916e+00	3.671940000000000026e+01
1.671699999999999964e+00	3.653750000000000142e+01
1.675400000000000000e+00	3.519830000000000325e+01
1.679000000000000048e+00	3.327870000000000061e+01
1.682600000000000096e+00	3.138139999999999930e+01
1.686199999999999921e+00	3.010470000000000113e+01
1.689799999999999969e+00	2.977939999999999898e+01
1.693400000000000016e+00	3.031220000000000070e+01
1.697000000000000064e+00	3.157250000000000156e+01
1.700599999999999890e+00	3.342900000000000205e+01
1.704199999999999937e+00	3.564820000000000277e+01
1.707799999999999985e+00	3.774519999999999698e+01
1.711400000000000032e+00	3.919740000000000180e+01
1.715000000000000080e+00	3.948210000000000264e+01
1.718599999999999905e+00	3.829610000000000269e+01
1.722199999999999953e+00	3.619180000000000064e+01
1.725899999999999990e+00	3.393059999999999832e+01
1.729500000000000037e+00	3.227340000000000231e+01
1.733100000000000085e+00	3.185350000000000037e+01
1.736699999999999910e+00	3.249580000000000268e+01
1.740299999999999958e+00	3.371079999999999899e+01
1.743900000000000006e+00	3.500829999999999842e+01
1.747500000000000053e+00	3.593659999999999854e+01
1.751100000000000101e+00	3.645040000000000191e+01
1.754699999999999926e+00	3.675010000000000332e+01
1.758299999999999974e+00	3.703929999999999723e+01
1.761900000000000022e+00	3.751050000000000040e+01
1.765500000000000069e+00	3.813409999999999656e+01
1.769099999999999895e+00	3.867710000000000292e+01
1.772699999999999942e+00	3.889909999999999712e+01
1.776399999999999979e+00	3.856459999999999866e+01
1.780000000000000027e+00	3.766479999999999961e+01
1.783600000000000074e+00	3.650529999999999831e+01
1.787199999999999900e+00	3.541530000000000200e+01
1.790799999999999947e+00	3.472240000000000038e+01
1.794399999999999995e+00	3.456239999999999668e+01
1.798000000000000043e+00	3.466170000000000329e+01
1.801600000000000090e+00	3.469440000000000168e+01
1.805199999999999916e+00	3.433440000000000225e+01
1.808799999999999963e+00	3.341140000000000043e+01
1.812400000000000011e+00	3.227709999999999724e+01
1.816000000000000059e+00	3.139329999999999998e+01
1.819600000000000106e+00	3.122129999999999939e+01
1.823199999999999932e+00	3.209490000000000265e+01
1.826899999999999968e+00	3.365690000000000026e+01
1.830500000000000016e+00	3.531710000000000349e+01
1.834100000000000064e+00	3.648530000000000229e+01
1.837699999999999889e+00	3.665540000000000020e+01
1.841299999999999937e+00	3.607070000000000221e+01
1.844899999999999984e+00	3.536979999999999791e+01
1.848500000000000032e+00	3.519489999999999696e+01
1.852100000000000080e+00	3.613960000000000150e+01
1.855699999999999905e+00	3.802040000000000219e+01
1.859299999999999953e+00	4.002890000000000015e+01
1.862900000000000000e+00	4.133899999999999864e+01
1.866500000000000048e+00	4.114860000000000184e+01
1.870100000000000096e+00	3.946350000000000335e+01
1.873699999999999921e+00	3.727230000000000132e+01
1.877399999999999958e+00	3.562310000000000088e+01
1.881000000000000005e+00	3.555720000000000169e+01
1.884600000000000053e+00	3.742349999999999710e+01
1.888200000000000101e+00	4.028659999999999997e+01
1.891799999999999926e+00	4.307119999999999749e+01
1.895399999999999974e+00	4.470270000000000010e+01
1.899000000000000021e+00	4.454840000000000089e+01
1.902600000000000069e+00	4.325780000000000314e+01
1.906199999999999894e+00	4.171150000000000091e+01
1.909799999999999942e+00	4.078990000000000293e+01
1.913399999999999990e+00	4.114719999999999800e+01
1.917000000000000037e+00	4.238539999999999708e+01
1.920600000000000085e+00	4.380060000000000286e+01
1.924199999999999910e+00	4.468930000000000291e+01
1.927899999999999947e+00	4.445530000000000115e+01
1.931499999999999995e+00	4.331900000000000261e+01
1.935100000000000042e+00	4.187519999999999953e+01
1.938700000000000090e+00	4.072079999999999700e+01
1.942299999999999915e+00	4.040500000000000114e+01
1.945899999999999963e+00	4.085060000000000002e+01
1.949500000000000011e+00	4.153869999999999862e+01
1.953100000000000058e+00	4.194109999999999872e+01
1.956700000000000106e+00	4.154879999999999995e+01
1.960299999999999931e+00	4.035249999999999915e+01
1.963899999999999979e+00	3.887570000000000192e+01
1.967500000000000027e+00	3.766790000000000305e+01
1.971100000000000074e+00	3.727349999999999852e+01
1.974699999999999900e+00	3.788799999999999812e+01
1.978399999999999936e+00	3.914059999999999917e+01
1.981999999999999984e+00	4.060929999999999751e+01
1.985600000000000032e+00	4.187189999999999657e+01
1.989200000000000079e+00	4.250619999999999976e+01
1.992799999999999905e+00	4.208990000000000009e+01
1.996399999999999952e+00	4.020089999999999719e+01
2.000000000000000000e+00	3.641700000000000159e+01
