2.000000000000000111e-01	-3.795583459082567668e-01
2.036000000000000032e-01	-1.347916728804778419e+00
2.071999999999999953e-01	5.275570602018406774e-01
2.107999999999999874e-01	-1.241463324395077894e+00
2.144000000000000072e-01	1.269023258437163015e-01
2.179999999999999993e-01	-1.332600457096488444e+00
2.215999999999999914e-01	-2.045546702865690847e+00
2.253000000000000003e-01	-1.744615533693535170e+00
2.288999999999999924e-01	-2.118665567607771916e+00
2.325000000000000122e-01	-1.279028611184011899e+00
2.361000000000000043e-01	-2.431606205368801454e+00
2.396999999999999964e-01	-2.336138406434799641e+00
2.432999999999999885e-01	-3.655451992234243885e+00
2.469000000000000083e-01	-2.414177843748377850e+00
2.505000000000000004e-01	-2.099992888981274675e+00
2.540999999999999925e-01	-2.569781434234363449e+00
2.576999999999999846e-01	-2.337684289506062996e+00
2.612999999999999767e-01	-1.318111866478605121e+00
2.649000000000000243e-01	-1.719479657668522954e+00
2.685000000000000164e-01	-7.201115053855232651e-01
2.721000000000000085e-01	-5.547168720128812236e-01
2.757999999999999896e-01	9.023891522751794625e-01
2.793999999999999817e-01	1.349428144380621086e-01
2.829999999999999738e-01	-5.664561622928895313e-01
2.866000000000000214e-01	5.458833993198037859e-01
2.902000000000000135e-01	-5.372000660117749460e-01
2.938000000000000056e-01	-1.223583260655599858e+00
2.973999999999999977e-01	3.117459259912768177e-01
3.009999999999999898e-01	-2.713755604656868936e-01
3.045999999999999819e-01	9.905182941659524953e-01
3.081999999999999740e-01	1.105494157622536999e+00
3.118000000000000216e-01	7.264884580756847399e-02
3.154000000000000137e-01	-3.119581464350558164e+00
3.190000000000000058e-01	-2.210842895208029013e+00
3.225999999999999979e-01	-2.062033805086431748e+00
3.262999999999999790e-01	-1.305824575113823993e+00
3.299000000000000266e-01	-9.548368773009885402e-01
3.335000000000000187e-01	-1.183796293469774774e+00
3.371000000000000107e-01	-1.562649418334182805e+00
3.407000000000000028e-01	-1.440117295798058361e+00
3.442999999999999949e-01	-5.155786424634301035e-01
3.478999999999999870e-01	5.293808511527862137e-01
3.514999999999999791e-01	1.108950409748137300e-01
3.551000000000000267e-01	5.892443382465817336e-01
3.587000000000000188e-01	8.620933086419734215e-01
3.623000000000000109e-01	1.374380705262091995e+00
3.659000000000000030e-01	2.407294261481969677e+00
3.694999999999999951e-01	6.368935248501541579e-01
3.730999999999999872e-01	2.905986934859126958e+00
3.768000000000000238e-01	1.333482730146918094e+00
3.804000000000000159e-01	1.845107749613530412e+00
3.840000000000000080e-01	6.677951140839490929e-01
3.876000000000000001e-01	5.441920625022154123e-01
3.911999999999999922e-01	-6.837846700384137000e-02
3.947999999999999843e-01	-4.858972403525858574e-01
3.983999999999999764e-01	4.747856956468795575e-01
4.020000000000000240e-01	-1.305212469897971239e+00
4.056000000000000161e-01	-9.306703317321518565e-02
4.092000000000000082e-01	7.220314420877844697e-01
4.128000000000000003e-01	1.190962020510491381e+00
4.163999999999999924e-01	3.049506586528499263e-01
4.199999999999999845e-01	-3.863075013034968919e-01
4.235999999999999766e-01	-1.735320620952889303e-01
4.273000000000000131e-01	1.066099434413654290e+00
4.309000000000000052e-01	7.523102444102698350e-01
4.344999999999999973e-01	7.371738252955974957e-01
4.380999999999999894e-01	2.119953378999468008e+00
4.416999999999999815e-01	2.828150764570485975e+00
4.452999999999999736e-01	2.006663377431130435e+00
4.489000000000000212e-01	9.855598851690027251e-01
4.525000000000000133e-01	2.183054437929367264e+00
4.561000000000000054e-01	1.242800141320187235e+00
4.596999999999999975e-01	1.322820313935547443e+00
4.632999999999999896e-01	1.130404545250250026e+00
4.668999999999999817e-01	1.401322278619420603e+00
4.704999999999999738e-01	7.168470594506034521e-01
4.741000000000000214e-01	-6.220625073152298290e-01
4.778000000000000025e-01	-2.925529031806239355e-01
4.813999999999999946e-01	7.006957516755817350e-01
4.849999999999999867e-01	1.293437445897007931e+00
4.885999999999999788e-01	1.351276291807317120e+00
4.922000000000000264e-01	1.949019516183032819e+00
4.958000000000000185e-01	1.006080771931164630e+00
4.994000000000000106e-01	1.207912801087675181e+00
5.030000000000000027e-01	1.861722211107005753e+00
5.066000000000000503e-01	2.568397331220219293e+00
5.101999999999999869e-01	2.508935783840406941e+00
5.138000000000000345e-01	2.691865534122620751e+00
5.173999999999999710e-01	1.853232797423686851e+00
5.210000000000000187e-01	2.278109543406314774e+00
5.245999999999999552e-01	3.058340700600095108e+00
5.282999999999999918e-01	2.815596040392389199e+00
5.319000000000000394e-01	1.087020902149984813e+00
5.354999999999999760e-01	2.141609253546549407e+00
5.391000000000000236e-01	1.918640716091290166e+00
5.426999999999999602e-01	2.295803460377340066e+00
5.463000000000000078e-01	2.274032850706880993e+00
5.499000000000000554e-01	1.543422829961878184e+00
5.534999999999999920e-01	1.624436196512096808e-01
5.571000000000000396e-01	1.936655621370673819e+00
5.606999999999999762e-01	2.474910036859691242e+00
5.643000000000000238e-01	1.553925269562088429e+00
5.678999999999999604e-01	2.247939828166576781e+00
5.715000000000000080e-01	3.218905339418382638e+00
5.752000000000000446e-01	2.804096032254410176e+00
5.787999999999999812e-01	3.133502411100418605e+00
5.824000000000000288e-01	4.137505298764102335e+00
5.859999999999999654e-01	2.717772369878115768e+00
5.896000000000000130e-01	2.490676200015861319e+00
5.931999999999999496e-01	2.444443638701498056e+00
5.967999999999999972e-01	3.524871308602996134e+00
6.004000000000000448e-01	4.094336021524693336e+00
6.039999999999999813e-01	4.496909298906558661e+00
6.076000000000000290e-01	3.568050753787450624e+00
6.111999999999999655e-01	4.371477614744271989e+00
6.148000000000000131e-01	3.667419163806653337e+00
6.183999999999999497e-01	5.041135015521361673e+00
6.219999999999999973e-01	4.976130567883814138e+00
6.257000000000000339e-01	1.716532988370869095e+00
6.292999999999999705e-01	3.332033191548455342e+00
6.329000000000000181e-01	2.102608638826947818e+00
6.364999999999999547e-01	2.566706469017449699e+00
6.401000000000000023e-01	1.668958180317538398e+00
6.437000000000000499e-01	2.128744757035026858e+00
6.472999999999999865e-01	9.783547265293607298e-01
6.509000000000000341e-01	2.830128357733417310e+00
6.544999999999999707e-01	2.298726321773913561e+00
6.581000000000000183e-01	2.634902695061126732e+00
6.616999999999999549e-01	3.870177163985842217e+00
6.653000000000000025e-01	2.989663175572673026e+00
6.689000000000000501e-01	3.411077791312941976e+00
6.724999999999999867e-01	3.706690223926493832e+00
6.762000000000000233e-01	4.869570680339213808e+00
6.797999999999999599e-01	4.793689454010409356e+00
6.834000000000000075e-01	4.510150312168302200e+00
6.870000000000000551e-01	5.378554920454658550e+00
6.905999999999999917e-01	5.937982614206726240e+00
6.942000000000000393e-01	4.976831242878003714e+00
6.977999999999999758e-01	5.397224905984820964e+00
7.014000000000000234e-01	4.246611207678845368e+00
7.049999999999999600e-01	4.694344599369127735e+00
7.086000000000000076e-01	5.185437415370817149e+00
7.122000000000000552e-01	3.836118847237064422e+00
7.157999999999999918e-01	4.072807396756322085e+00
7.194000000000000394e-01	3.534126574518623443e+00
7.229999999999999760e-01	4.232874080727169641e+00
7.267000000000000126e-01	5.061409833670657221e+00
7.302999999999999492e-01	2.919563556222795953e+00
7.338999999999999968e-01	4.115636971269221789e+00
7.375000000000000444e-01	2.704538961339223668e+00
7.410999999999999810e-01	3.877522397678849764e+00
7.447000000000000286e-01	5.326451183671748524e+00
7.482999999999999652e-01	4.152740444397309716e+00
7.519000000000000128e-01	4.362337343617558538e+00
7.554999999999999494e-01	5.772627556483709732e+00
7.590999999999999970e-01	6.123633686499434070e+00
7.627000000000000446e-01	5.176961153106473645e+00
7.662999999999999812e-01	5.959591752127244568e+00
7.699000000000000288e-01	4.114422106788695466e+00
7.734999999999999654e-01	6.191068636964534910e+00
7.772000000000000020e-01	5.548548770838031885e+00
7.808000000000000496e-01	6.443789896802467609e+00
7.843999999999999861e-01	5.433114693967194597e+00
7.880000000000000338e-01	6.439479250383194575e+00
7.915999999999999703e-01	4.529261745548267548e+00
7.952000000000000179e-01	5.378515991090205617e+00
7.987999999999999545e-01	5.032249033642886893e+00
8.024000000000000021e-01	5.746681112279360626e+00
8.060000000000000497e-01	4.444290416498374086e+00
8.095999999999999863e-01	5.675824739753201342e+00
8.132000000000000339e-01	6.373761953302562233e+00
8.167999999999999705e-01	6.336663426775666963e+00
8.204000000000000181e-01	7.091526614937281536e+00
8.239999999999999547e-01	6.229573872963187320e+00
8.276999999999999913e-01	5.950851300571048164e+00
8.313000000000000389e-01	7.035995645013687572e+00
8.348999999999999755e-01	5.732367101488278216e+00
8.385000000000000231e-01	6.899762553467536641e+00
8.420999999999999597e-01	6.788430637264969647e+00
8.457000000000000073e-01	8.054338583506428506e+00
8.493000000000000549e-01	7.449967925174575178e+00
8.528999999999999915e-01	6.702894365300524626e+00
8.565000000000000391e-01	7.892280386459651353e+00
8.600999999999999757e-01	5.287946112996742443e+00
8.637000000000000233e-01	7.417537349290450166e+00
8.672999999999999599e-01	5.936505960622065814e+00
8.709000000000000075e-01	6.278137978484696013e+00
8.745000000000000551e-01	6.425217270644249190e+00
8.781999999999999806e-01	6.776131711826380410e+00
8.818000000000000282e-01	7.861066219927124621e+00
8.853999999999999648e-01	6.858776440673625352e+00
8.890000000000000124e-01	5.274089237711552691e+00
8.925999999999999490e-01	6.725194028430292015e+00
8.961999999999999966e-01	7.628192926613095892e+00
8.998000000000000442e-01	8.312110881842185606e+00
9.033999999999999808e-01	7.834915802199953205e+00
9.070000000000000284e-01	8.077921959163525401e+00
9.105999999999999650e-01	8.352298779035162823e+00
9.142000000000000126e-01	7.981221747137694500e+00
9.177999999999999492e-01	8.199334922506157142e+00
9.213999999999999968e-01	8.894743369492845275e+00
9.251000000000000334e-01	8.566198617635539136e+00
9.286999999999999700e-01	8.449807087475113221e+00
9.323000000000000176e-01	7.603022465098839611e+00
9.358999999999999542e-01	8.991677358808024323e+00
9.395000000000000018e-01	8.212407987513747898e+00
9.431000000000000494e-01	8.573057552223245281e+00
9.466999999999999860e-01	9.928358698821705630e+00
9.503000000000000336e-01	9.706926855887710204e+00
9.538999999999999702e-01	9.175542823086438204e+00
9.575000000000000178e-01	7.950342720319628853e+00
9.610999999999999543e-01	8.882734719501417686e+00
9.647000000000000020e-01	8.154354291708383329e+00
9.683000000000000496e-01	9.268679051506271804e+00
9.718999999999999861e-01	9.151846526827242201e+00
9.756000000000000227e-01	9.540299833813254082e+00
9.791999999999999593e-01	9.112607893616900157e+00
9.828000000000000069e-01	9.974726990054417541e+00
9.864000000000000545e-01	9.825112141700998336e+00
9.899999999999999911e-01	1.054845852948802687e+01
9.936000000000000387e-01	9.683592481797470342e+00
9.971999999999999753e-01	1.028038150858379396e+01
1.000799999999999912e+00	8.174187576610542294e+00
1.004399999999999959e+00	1.008312423161765636e+01
1.008000000000000007e+00	1.042430961053258720e+01
1.011600000000000055e+00	1.010574573467086168e+01
1.015200000000000102e+00	1.011460919720398444e+01
1.018799999999999928e+00	8.448737373636854286e+00
1.022399999999999975e+00	1.034126503868070124e+01
1.026100000000000012e+00	1.034605779880135756e+01
1.029700000000000060e+00	1.011430603422800978e+01
1.033300000000000107e+00	1.021373641321758008e+01
1.036899999999999933e+00	9.806961636331882559e+00
1.040499999999999980e+00	8.902150862884411708e+00
1.044100000000000028e+00	1.152601323956408486e+01
1.047700000000000076e+00	9.742921502460447414e+00
1.051299999999999901e+00	8.023309997903014690e+00
1.054899999999999949e+00	8.603278139643675715e+00
1.058499999999999996e+00	1.140173794639867566e+01
1.062100000000000044e+00	1.036130593932139377e+01
1.065700000000000092e+00	8.904512376736828827e+00
1.069299999999999917e+00	9.761756527642360126e+00
1.072899999999999965e+00	1.006858215815410240e+01
1.076600000000000001e+00	1.042362383916031554e+01
1.080200000000000049e+00	1.188381274494834905e+01
1.083800000000000097e+00	1.169669556738498528e+01
1.087399999999999922e+00	1.218079383391704162e+01
1.090999999999999970e+00	1.274582278140719183e+01
1.094600000000000017e+00	1.394329338009502983e+01
1.098200000000000065e+00	1.271752677967424994e+01
1.101799999999999891e+00	1.339514881911812338e+01
1.105399999999999938e+00	1.382652845754855164e+01
1.108999999999999986e+00	1.265446486046595354e+01
1.112600000000000033e+00	1.144426791169479785e+01
1.116200000000000081e+00	1.240809975663341547e+01
1.119799999999999907e+00	1.102937993804478012e+01
1.123399999999999954e+00	1.194210056605619563e+01
1.127099999999999991e+00	1.091251229627345332e+01
1.130700000000000038e+00	1.118884793681574408e+01
1.134300000000000086e+00	1.123153539272337476e+01
1.137899999999999912e+00	1.141833249913424808e+01
1.141499999999999959e+00	1.219511894509307837e+01
1.145100000000000007e+00	1.308807976054641742e+01
1.148700000000000054e+00	1.305182955231795106e+01
1.152300000000000102e+00	1.450135972871678902e+01
1.155899999999999928e+00	1.406794066800273768e+01
1.159499999999999975e+00	1.474892632096842782e+01
1.163100000000000023e+00	1.424933969574644266e+01
1.166700000000000070e+00	1.284506551662345686e+01
1.170299999999999896e+00	1.286575143210339967e+01
1.173899999999999944e+00	1.392766055898190736e+01
1.177599999999999980e+00	1.391803730013111107e+01
1.181200000000000028e+00	1.448484926240034198e+01
1.184800000000000075e+00	1.405006184663025870e+01
1.188399999999999901e+00	1.530310710832695520e+01
1.191999999999999948e+00	1.596194294017319848e+01
1.195599999999999996e+00	1.567731046349435786e+01
1.199200000000000044e+00	1.566773378079146894e+01
1.202800000000000091e+00	1.476623179481979342e+01
1.206399999999999917e+00	1.497350242801057796e+01
1.209999999999999964e+00	1.635789635673445019e+01
1.213600000000000012e+00	1.418250612016614909e+01
1.217200000000000060e+00	1.507547716403004223e+01
1.220800000000000107e+00	1.468925031193388442e+01
1.224399999999999933e+00	1.372370028370737316e+01
1.228099999999999969e+00	1.426169417880781864e+01
1.231700000000000017e+00	1.572594911922339911e+01
1.235300000000000065e+00	1.517368675410281398e+01
1.238899999999999890e+00	1.655521156183601050e+01
1.242499999999999938e+00	1.826751205047117566e+01
1.246099999999999985e+00	1.730759740021686710e+01
1.249700000000000033e+00	1.630829155650904383e+01
1.253300000000000081e+00	1.762621613754470928e+01
1.256899999999999906e+00	1.756356412494344355e+01
1.260499999999999954e+00	1.554996472340471136e+01
1.264100000000000001e+00	1.637011096233315754e+01
1.267700000000000049e+00	1.743883107817384115e+01
1.271300000000000097e+00	1.857559435313606500e+01
1.274899999999999922e+00	1.809326447518047232e+01
1.278599999999999959e+00	1.657996289548105651e+01
1.282200000000000006e+00	1.721472601809472991e+01
1.285800000000000054e+00	1.876473704946995724e+01
1.289400000000000102e+00	1.694243009409974832e+01
1.292999999999999927e+00	1.789134270959262096e+01
1.296599999999999975e+00	1.743634197714336764e+01
1.300200000000000022e+00	1.840473155476667344e+01
1.303800000000000070e+00	1.841840088874790737e+01
1.307399999999999896e+00	1.681002284925915191e+01
1.310999999999999943e+00	1.795007809187777426e+01
1.314599999999999991e+00	1.910548927550838982e+01
1.318200000000000038e+00	1.848593917584029711e+01
1.321800000000000086e+00	1.735139339613420262e+01
1.325499999999999901e+00	1.943315289002410751e+01
1.329099999999999948e+00	2.005993763152343234e+01
1.332699999999999996e+00	1.903920992371859100e+01
1.336300000000000043e+00	1.968777929408171801e+01
1.339900000000000091e+00	2.064802842685858764e+01
1.343499999999999917e+00	1.899776007603160366e+01
1.347099999999999964e+00	1.994013888864939688e+01
1.350700000000000012e+00	2.057131116087166589e+01
1.354300000000000059e+00	1.941899029158935974e+01
1.357900000000000107e+00	1.944933354387779900e+01
1.361499999999999932e+00	2.064997330212380078e+01
1.365099999999999980e+00	2.021737108999678156e+01
1.368700000000000028e+00	2.191041200976284031e+01
1.372300000000000075e+00	2.295883835599402545e+01
1.375999999999999890e+00	2.219967786550336086e+01
1.379599999999999937e+00	2.293931734447889781e+01
1.383199999999999985e+00	2.113461213745060974e+01
1.386800000000000033e+00	2.044912407081801575e+01
1.390400000000000080e+00	2.232343627347587400e+01
1.393999999999999906e+00	2.025420231729904685e+01
1.397599999999999953e+00	1.993752068877568462e+01
1.401200000000000001e+00	2.258014131672132052e+01
1.404800000000000049e+00	2.178891129239675806e+01
1.408400000000000096e+00	2.135115336532683017e+01
1.411999999999999922e+00	2.249288933269507851e+01
1.415599999999999969e+00	2.177580075725542130e+01
1.419200000000000017e+00	2.012587959895020973e+01
1.422800000000000065e+00	2.102049838263861758e+01
1.426500000000000101e+00	1.888961112477920423e+01
1.430099999999999927e+00	1.932215099077382092e+01
1.433699999999999974e+00	1.943813947503416628e+01
1.437300000000000022e+00	2.022938949017915888e+01
1.440900000000000070e+00	2.072838467860531608e+01
1.444499999999999895e+00	2.203643800615825299e+01
1.448099999999999943e+00	2.199712065919657888e+01
1.451699999999999990e+00	2.071040195255990213e+01
1.455300000000000038e+00	2.124634316596587524e+01
1.458900000000000086e+00	2.212049456308868756e+01
1.462499999999999911e+00	2.150925123371135328e+01
1.466099999999999959e+00	2.237367171594163295e+01
1.469700000000000006e+00	2.285854186906855290e+01
1.473300000000000054e+00	2.301772760276126917e+01
1.477000000000000091e+00	2.189979769683688104e+01
1.480599999999999916e+00	2.245890999117024123e+01
1.484199999999999964e+00	2.120248444115462760e+01
1.487800000000000011e+00	2.190363727417534889e+01
1.491400000000000059e+00	2.175384502588629587e+01
1.495000000000000107e+00	2.157580621215485550e+01
1.498599999999999932e+00	2.323756991074005285e+01
1.502199999999999980e+00	2.474352636277187756e+01
1.505800000000000027e+00	2.217659183507303666e+01
1.509400000000000075e+00	2.372098287069495370e+01
1.512999999999999901e+00	2.362160958365416974e+01
1.516599999999999948e+00	2.284540896435933277e+01
1.520199999999999996e+00	2.294858331850062783e+01
1.523800000000000043e+00	2.409379324561719571e+01
1.527500000000000080e+00	2.450065661468380540e+01
1.531099999999999905e+00	2.539393594920122510e+01
1.534699999999999953e+00	2.436591316312842181e+01
1.538300000000000001e+00	2.498629179774882658e+01
1.541900000000000048e+00	2.607077802124501531e+01
1.545500000000000096e+00	2.547401945605240314e+01
1.549099999999999921e+00	2.600976485724720888e+01
1.552699999999999969e+00	2.628503981042798188e+01
1.556300000000000017e+00	2.385367145760411844e+01
1.559900000000000064e+00	2.518456904131661034e+01
1.563499999999999890e+00	2.601415051096108755e+01
1.567099999999999937e+00	2.665089253773158973e+01
1.570699999999999985e+00	2.641527140693660414e+01
1.574300000000000033e+00	2.659504985667851074e+01
1.578000000000000069e+00	2.763217070999002800e+01
1.581599999999999895e+00	2.908827373936588856e+01
1.585199999999999942e+00	2.726288603738865035e+01
1.588799999999999990e+00	2.882358681772680953e+01
1.592400000000000038e+00	2.915044425861918853e+01
1.596000000000000085e+00	3.009788506093421034e+01
1.599599999999999911e+00	2.882095078660022480e+01
1.603199999999999958e+00	3.002984288615728303e+01
1.606800000000000006e+00	3.014645858473562257e+01
1.610400000000000054e+00	2.681396787023008699e+01
1.614000000000000101e+00	2.955222892007153135e+01
1.617599999999999927e+00	2.970228808895520345e+01
1.621199999999999974e+00	3.195580435049421197e+01
1.624800000000000022e+00	3.232371955132035879e+01
1.628500000000000059e+00	3.170110512929604241e+01
1.632100000000000106e+00	3.212889997473662618e+01
1.635699999999999932e+00	3.224581708159909255e+01
1.639299999999999979e+00	3.245560474968455367e+01
1.642900000000000027e+00	3.073151485318354048e+01
1.646500000000000075e+00	3.100542679881621666e+01
1.650099999999999900e+00	2.969366737733221839e+01
1.653699999999999948e+00	3.224381759731185326e+01
1.657299999999999995e+00	3.203175420686743280e+01
1.660900000000000043e+00	3.485844369801861831e+01
1.664500000000000091e+00	3.612300695674863960e+01
1.668099999999999916e+00	3.666026507985601057e+01
1.671699999999999964e+00	3.713089782261617700e+01
1.675400000000000000e+00	3.612361272920580291e+01
1.679000000000000048e+00	3.822340845283059707e+01
1.682600000000000096e+00	3.596287128734031313e+01
1.686199999999999921e+00	3.422842409242309003e+01
1.689799999999999969e+00	3.343445880224871303e+01
1.693400000000000016e+00	3.363274648559659141e+01
1.697000000000000064e+00	3.279947521676567135e+01
1.700599999999999890e+00	3.519364736798883797e+01
1.704199999999999937e+00	3.753159992369430142e+01
1.707799999999999985e+00	4.118547723755690271e+01
1.711400000000000032e+00	4.324894445205604399e+01
1.715000000000000080e+00	4.404744289196399620e+01
1.718599999999999905e+00	4.166557233676539340e+01
1.722199999999999953e+00	4.058060590087089992e+01
1.725899999999999990e+00	3.492385095203150769e+01
1.729500000000000037e+00	3.401075366600477423e+01
1.733100000000000085e+00	3.546645709184962669e+01
1.736699999999999910e+00	3.647932835342209756e+01
1.740299999999999958e+00	3.931702527784965184e+01
1.743900000000000006e+00	4.113479738312042855e+01
1.747500000000000053e+00	4.080667695658351590e+01
1.751100000000000101e+00	4.101748170870170185e+01
1.754699999999999926e+00	4.006113240209033677e+01
1.758299999999999974e+00	3.643186539888544218e+01
1.761900000000000022e+00	3.571321252637497423e+01
1.765500000000000069e+00	3.656128705776884402e+01
1.769099999999999895e+00	3.484664291654260637e+01
1.772699999999999942e+00	3.626268253647552342e+01
1.776399999999999979e+00	3.495935788750385598e+01
1.780000000000000027e+00	3.772989153769925963e+01
1.783600000000000074e+00	3.875719558630568429e+01
1.787199999999999900e+00	3.996079628617449941e+01
1.790799999999999947e+00	3.900053099379813659e+01
1.794399999999999995e+00	3.987122310509447232e+01
1.798000000000000043e+00	4.115513032923745129e+01
1.801600000000000090e+00	3.900890078124110261e+01
1.805199999999999916e+00	3.980248492631169199e+01
1.808799999999999963e+00	3.789391043084469146e+01
1.812400000000000011e+00	3.597416115120699232e+01
1.816000000000000059e+00	3.545991466630869837e+01
1.819600000000000106e+00	3.561742473643573703e+01
1.823199999999999932e+00	3.507639656733731925e+01
1.826899999999999968e+00	3.762346951581054100e+01
1.830500000000000016e+00	3.748751589868664524e+01
1.834100000000000064e+00	3.758841837785005424e+01
1.837699999999999889e+00	3.563949733984243551e+01
1.841299999999999937e+00	3.390003095238333941e+01
1.844899999999999984e+00	3.190359477868807048e+01
1.848500000000000032e+00	3.236373273287461672e+01
1.852100000000000080e+00	3.280709059387611859e+01
1.855699999999999905e+00	3.211601689570694873e+01
1.859299999999999953e+00	3.535811082522258886e+01
1.862900000000000000e+00	3.873142656740075296e+01
1.866500000000000048e+00	4.139763052270363630e+01
1.870100000000000096e+00	4.205728650949766489e+01
1.873699999999999921e+00	4.365488077778445586e+01
1.877399999999999958e+00	4.246665905366299398e+01
1.881000000000000005e+00	4.104126299050710713e+01
1.884600000000000053e+00	4.189645996846879683e+01
1.888200000000000101e+00	4.124012316652975585e+01
1.891799999999999926e+00	4.061309034285381614e+01
1.895399999999999974e+00	4.099751363121954739e+01
1.899000000000000021e+00	4.200135570750646963e+01
1.902600000000000069e+00	4.205285858349690642e+01
1.906199999999999894e+00	4.185167517162419415e+01
1.909799999999999942e+00	4.408792907182063203e+01
1.913399999999999990e+00	4.271102859537342766e+01
1.917000000000000037e+00	4.346492019022471709e+01
1.920600000000000085e+00	4.390859546859071827e+01
1.924199999999999910e+00	4.474994249965343585e+01
1.927899999999999947e+00	4.881323727194228468e+01
1.931499999999999995e+00	5.126774758418005007e+01
1.935100000000000042e+00	5.582904445730387266e+01
1.938700000000000090e+00	5.810722603771557004e+01
1.942299999999999915e+00	6.009066702626094525e+01
1.945899999999999963e+00	5.912839478125053461e+01
1.949500000000000011e+00	5.496447427277461628e+01
1.953100000000000058e+00	5.226937096700991958e+01
1.956700000000000106e+00	5.117687329600813939e+01
1.960299999999999931e+00	4.793645857906954433e+01
1.963899999999999979e+00	4.672397955970298256e+01
1.967500000000000027e+00	4.474037295041966189e+01
1.971100000000000074e+00	4.298967895388374671e+01
1.974699999999999900e+00	4.174420556704286156e+01
1.978399999999999936e+00	4.317462113121470679e+01
1.981999999999999984e+00	4.199016864919109082e+01
1.985600000000000032e+00	4.127618902933878786e+01
1.989200000000000079e+00	4.360099875310113049e+01
1.992799999999999905e+00	4.619855378724484041e+01
1.996399999999999952e+00	4.997717164895381359e+01
2.000000000000000000e+00	5.291007856449141400e+01
