2.000000000000000111e-01	8.663375437233620247e-01
2.036000000000000032e-01	8.428978833906077828e-01
2.071999999999999953e-01	1.960477014681170527e+00
2.107999999999999874e-01	2.066776229284094768e+00
2.144000000000000072e-01	2.503068227857522032e+00
2.179999999999999993e-01	2.663652974842989352e+00
2.215999999999999914e-01	2.851547951565938543e+00
2.253000000000000003e-01	2.739540305480646420e+00
2.288999999999999924e-01	3.549352428215479360e+00
2.325000000000000122e-01	3.153423016285847424e+00
2.361000000000000043e-01	2.549936877554213499e+00
2.396999999999999964e-01	2.542146290358831884e+00
2.432999999999999885e-01	2.863085522483458156e+00
2.469000000000000083e-01	1.888702049159158625e+00
2.505000000000000004e-01	1.626896893844069769e+00
2.540999999999999925e-01	1.583106142755722923e+00
2.576999999999999846e-01	6.473277901431793158e-01
2.612999999999999767e-01	5.850543117224543677e-01
2.649000000000000243e-01	6.549396706607498730e-01
2.685000000000000164e-01	4.584129422959881683e-02
2.721000000000000085e-01	-1.109337734491885608e-01
2.757999999999999896e-01	5.323663443805328743e-01
2.793999999999999817e-01	2.899449319068241882e-01
2.829999999999999738e-01	9.753869302068320923e-01
2.866000000000000214e-01	8.859394760963359428e-01
2.902000000000000135e-01	1.406230380421822801e+00
2.938000000000000056e-01	2.218208221576999595e+00
2.973999999999999977e-01	2.761011125652225395e+00
3.009999999999999898e-01	2.137346643246314404e+00
3.045999999999999819e-01	2.689617016299768348e+00
3.081999999999999740e-01	3.485085840103614441e+00
3.118000000000000216e-01	2.931160111175552085e+00
3.154000000000000137e-01	4.162736419538672905e+00
3.190000000000000058e-01	4.550131039595132876e+00
3.225999999999999979e-01	3.727930528104526964e+00
3.262999999999999790e-01	3.862699965475969499e+00
3.299000000000000266e-01	3.076888382274010070e+00
3.335000000000000187e-01	2.843819123113838998e+00
3.371000000000000107e-01	2.427996593720818108e+00
3.407000000000000028e-01	2.309494264902014926e+00
3.442999999999999949e-01	1.217354559902531497e+00
3.478999999999999870e-01	1.039970020001044659e+00
3.514999999999999791e-01	1.118527616177320994e+00
3.551000000000000267e-01	1.193011879789213303e+00
3.587000000000000188e-01	9.362253959055967245e-01
3.623000000000000109e-01	8.641867271200827094e-01
3.659000000000000030e-01	3.781074340985227100e-01
3.694999999999999951e-01	1.061116535119475346e+00
3.730999999999999872e-01	1.767180324175587014e+00
3.768000000000000238e-01	2.383023562715858024e+00
3.804000000000000159e-01	2.705790585025066530e+00
3.840000000000000080e-01	3.115765697379733634e+00
3.876000000000000001e-01	3.526193578262574402e+00
3.911999999999999922e-01	4.044643997639692401e+00
3.947999999999999843e-01	4.132615765630419880e+00
3.983999999999999764e-01	5.001696691516205995e+00
4.020000000000000240e-01	4.396419898195852660e+00
4.056000000000000161e-01	4.992602360064371858e+00
4.092000000000000082e-01	4.718618834028959874e+00
4.128000000000000003e-01	4.381041603507636495e+00
4.163999999999999924e-01	4.353136160989308223e+00
4.199999999999999845e-01	3.804549717807741871e+00
4.235999999999999766e-01	3.886437294285684629e+00
4.273000000000000131e-01	2.217719922151746736e+00
4.309000000000000052e-01	2.160301247976226247e+00
4.344999999999999973e-01	1.287062988570911504e+00
4.380999999999999894e-01	1.622874677253645093e+00
4.416999999999999815e-01	1.153715157234819433e+00
4.452999999999999736e-01	5.117467107648230318e-01
4.489000000000000212e-01	6.122398538660078771e-01
4.525000000000000133e-01	1.211381481518488012e+00
4.561000000000000054e-01	1.117976196954663548e+00
4.596999999999999975e-01	9.590040401748611831e-02
4.632999999999999896e-01	1.370047579882279543e+00
4.668999999999999817e-01	1.269188400481430223e+00
4.704999999999999738e-01	1.100697847045953193e+00
4.741000000000000214e-01	1.289241198819165213e+00
4.778000000000000025e-01	2.122749951917319411e+00
4.813999999999999946e-01	2.726125981682324895e+00
4.849999999999999867e-01	3.106395841142108871e+00
4.885999999999999788e-01	2.914380683932676241e+00
4.922000000000000264e-01	3.817066921946325575e+00
4.958000000000000185e-01	2.733884610655055170e+00
4.994000000000000106e-01	2.846137485068270578e+00
5.030000000000000027e-01	2.318914481668559624e+00
5.066000000000000503e-01	1.908309633801610783e+00
5.101999999999999869e-01	7.323834545355834003e-01
5.138000000000000345e-01	3.031468925115199387e-01
5.173999999999999710e-01	4.617180529299491631e-01
5.210000000000000187e-01	-6.972929485213696932e-01
5.245999999999999552e-01	-6.747297521482235050e-01
5.282999999999999918e-01	-1.023285966404973379e+00
5.319000000000000394e-01	-1.504890730096074769e+00
5.354999999999999760e-01	-1.514977164564969003e+00
5.391000000000000236e-01	-1.348863242249815464e+00
5.426999999999999602e-01	-1.228535241180980453e+00
5.463000000000000078e-01	-6.171228459631126206e-01
5.499000000000000554e-01	-3.358354865313513127e-01
5.534999999999999920e-01	5.632672717959907871e-01
5.571000000000000396e-01	1.716647051865954232e+00
5.606999999999999762e-01	1.515641751723261210e+00
5.643000000000000238e-01	2.327924129790006180e+00
5.678999999999999604e-01	2.649026765496143021e+00
5.715000000000000080e-01	3.263730034832000637e+00
5.752000000000000446e-01	3.232379328076320668e+00
5.787999999999999812e-01	3.873630668671705912e+00
5.824000000000000288e-01	3.928088961148841207e+00
5.859999999999999654e-01	3.134182365088263644e+00
5.896000000000000130e-01	3.028192777817344084e+00
5.931999999999999496e-01	3.454062490808397001e+00
5.967999999999999972e-01	2.651843777878808872e+00
6.004000000000000448e-01	2.121581845017820545e+00
6.039999999999999813e-01	2.474087862805042892e+00
6.076000000000000290e-01	2.119791994590080719e+00
6.111999999999999655e-01	1.002373172259894307e+00
6.148000000000000131e-01	6.838650406260053938e-01
6.183999999999999497e-01	2.504764684650019335e-01
6.219999999999999973e-01	1.208256285020535975e-01
6.257000000000000339e-01	8.814707105884633798e-01
6.292999999999999705e-01	3.050071026282312747e-01
6.329000000000000181e-01	6.446796674849660791e-01
6.364999999999999547e-01	1.040734441972114954e+00
6.401000000000000023e-01	2.115880088606479248e+00
6.437000000000000499e-01	2.045026839013173170e+00
6.472999999999999865e-01	2.955635431035762206e+00
6.509000000000000341e-01	3.158377604939506700e+00
6.544999999999999707e-01	3.168138435928608665e+00
6.581000000000000183e-01	3.982177260923024598e+00
6.616999999999999549e-01	3.700376281564586201e+00
6.653000000000000025e-01	4.328396172757426719e+00
6.689000000000000501e-01	4.308154143321766938e+00
6.724999999999999867e-01	4.362083552636617512e+00
6.762000000000000233e-01	3.685506270964615805e+00
6.797999999999999599e-01	4.133194651520133434e+00
6.834000000000000075e-01	3.502645467650763234e+00
6.870000000000000551e-01	3.155666125052833060e+00
6.905999999999999917e-01	2.584344345946732346e+00
6.942000000000000393e-01	2.793749403922658470e+00
6.977999999999999758e-01	2.369380201667772301e+00
7.014000000000000234e-01	2.643199272067554784e+00
7.049999999999999600e-01	2.580687994308567212e+00
7.086000000000000076e-01	2.684348191352751378e+00
7.122000000000000552e-01	1.658451355174820119e+00
7.157999999999999918e-01	2.722010837064273492e+00
7.194000000000000394e-01	2.203267545836371966e+00
7.229999999999999760e-01	3.247884649390013756e+00
7.267000000000000126e-01	3.295818390116825203e+00
7.302999999999999492e-01	3.241283979065846754e+00
7.338999999999999968e-01	3.596573741569929261e+00
7.375000000000000444e-01	3.430341112191229058e+00
7.410999999999999810e-01	4.200066324132910367e+00
7.447000000000000286e-01	5.177620300514835350e+00
7.482999999999999652e-01	4.876057998777476143e+00
7.519000000000000128e-01	5.122655162672770324e+00
7.554999999999999494e-01	5.508499566349496668e+00
7.590999999999999970e-01	5.317867097460712955e+00
7.627000000000000446e-01	5.369724737209183196e+00
7.662999999999999812e-01	5.032287589797637573e+00
7.699000000000000288e-01	5.275081642123374159e+00
7.734999999999999654e-01	4.740151406973329706e+00
7.772000000000000020e-01	4.909583524273386956e+00
7.808000000000000496e-01	4.123519453851994143e+00
7.843999999999999861e-01	4.027443870164939987e+00
7.880000000000000338e-01	4.094596125578017443e+00
7.915999999999999703e-01	4.145178797920245017e+00
7.952000000000000179e-01	4.155992718069099645e+00
7.987999999999999545e-01	3.909704718435938808e+00
8.024000000000000021e-01	3.663076599313636716e+00
8.060000000000000497e-01	4.314776217134329350e+00
8.095999999999999863e-01	5.033638196968333034e+00
8.132000000000000339e-01	4.823661456266892245e+00
8.167999999999999705e-01	5.223834408591422118e+00
8.204000000000000181e-01	4.844445550638742048e+00
8.239999999999999547e-01	4.831224578784432566e+00
8.276999999999999913e-01	5.460190474833025220e+00
8.313000000000000389e-01	5.680057613446050091e+00
8.348999999999999755e-01	5.358574781656849417e+00
8.385000000000000231e-01	5.861549156609513034e+00
8.420999999999999597e-01	6.820743690368662016e+00
8.457000000000000073e-01	6.062562840880113768e+00
8.493000000000000549e-01	6.471356185347509005e+00
8.528999999999999915e-01	7.326769451117087328e+00
8.565000000000000391e-01	6.530957440518045942e+00
8.600999999999999757e-01	6.591360122482830874e+00
8.637000000000000233e-01	5.351884933206632944e+00
8.672999999999999599e-01	5.578679633475902122e+00
8.709000000000000075e-01	5.109236531899899347e+00
8.745000000000000551e-01	5.630948808125756599e+00
8.781999999999999806e-01	4.808664548908231140e+00
8.818000000000000282e-01	4.667828296789354958e+00
8.853999999999999648e-01	4.462953555674618933e+00
8.890000000000000124e-01	4.932928512342921401e+00
8.925999999999999490e-01	4.933977768299437905e+00
8.961999999999999966e-01	4.425096697737335383e+00
8.998000000000000442e-01	4.644127998675616098e+00
9.033999999999999808e-01	5.130124311839064255e+00
9.070000000000000284e-01	5.128019147875023442e+00
9.105999999999999650e-01	5.761169300939196880e+00
9.142000000000000126e-01	6.047653994737461680e+00
9.177999999999999492e-01	6.476875018693428743e+00
9.213999999999999968e-01	7.172805186795901733e+00
9.251000000000000334e-01	7.403262005292298831e+00
9.286999999999999700e-01	7.854290259204678826e+00
9.323000000000000176e-01	7.839911791477410574e+00
9.358999999999999542e-01	7.671899274463411800e+00
9.395000000000000018e-01	7.471588957762621774e+00
9.431000000000000494e-01	7.292531501119010606e+00
9.466999999999999860e-01	6.913474966691437906e+00
9.503000000000000336e-01	7.583848641204196994e+00
9.538999999999999702e-01	7.154936498278355650e+00
9.575000000000000178e-01	7.271911854980384504e+00
9.610999999999999543e-01	7.130259885252217877e+00
9.647000000000000020e-01	7.739211183305428676e+00
9.683000000000000496e-01	7.791150982671690706e+00
9.718999999999999861e-01	7.486659303779954477e+00
9.756000000000000227e-01	7.830459540979135546e+00
9.791999999999999593e-01	8.528648732090996276e+00
9.828000000000000069e-01	8.524562716642794413e+00
9.864000000000000545e-01	8.137123882340100423e+00
9.899999999999999911e-01	8.423600743086041120e+00
9.936000000000000387e-01	8.136594376165437126e+00
9.971999999999999753e-01	8.755720792293104182e+00
1.000799999999999912e+00	8.991804414604327889e+00
1.004399999999999959e+00	9.534920164911062201e+00
1.008000000000000007e+00	9.076370703738332324e+00
1.011600000000000055e+00	9.688869905908783053e+00
1.015200000000000102e+00	9.036516212615563148e+00
1.018799999999999928e+00	9.523965843993094538e+00
1.022399999999999975e+00	9.711635075621504853e+00
1.026100000000000012e+00	9.257704990046459415e+00
1.029700000000000060e+00	9.219673102191171310e+00
1.033300000000000107e+00	9.142061070958487079e+00
1.036899999999999933e+00	8.551387663571187403e+00
1.040499999999999980e+00	8.144444138921484111e+00
1.044100000000000028e+00	8.307387694348362217e+00
1.047700000000000076e+00	7.666467518021894634e+00
1.051299999999999901e+00	8.391136935702956379e+00
1.054899999999999949e+00	7.272357442292406660e+00
1.058499999999999996e+00	7.485472055776653200e+00
1.062100000000000044e+00	7.056224415563461250e+00
1.065700000000000092e+00	7.020255288193133936e+00
1.069299999999999917e+00	6.939520480169121264e+00
1.072899999999999965e+00	6.647955337377447371e+00
1.076600000000000001e+00	7.796887680320707226e+00
1.080200000000000049e+00	7.536889474279571566e+00
1.083800000000000097e+00	7.641363972325901699e+00
1.087399999999999922e+00	8.903717976461221539e+00
1.090999999999999970e+00	9.360039306191998421e+00
1.094600000000000017e+00	9.759495736451304637e+00
1.098200000000000065e+00	1.012282038962407960e+01
1.101799999999999891e+00	1.061186145240631973e+01
1.105399999999999938e+00	1.061545106220107826e+01
1.108999999999999986e+00	1.023447813731106670e+01
1.112600000000000033e+00	1.054296854819747509e+01
1.116200000000000081e+00	9.618283535770304482e+00
1.119799999999999907e+00	8.936833920077658533e+00
1.123399999999999954e+00	8.494985662169451501e+00
1.127099999999999991e+00	7.706959079485188546e+00
1.130700000000000038e+00	7.844783013815241901e+00
1.134300000000000086e+00	7.754703327468227769e+00
1.137899999999999912e+00	7.287255045516317864e+00
1.141499999999999959e+00	7.758978636873465007e+00
1.145100000000000007e+00	7.868805573251870911e+00
1.148700000000000054e+00	8.132279028249209674e+00
1.152300000000000102e+00	8.970060433109864562e+00
1.155899999999999928e+00	9.316866439824947221e+00
1.159499999999999975e+00	9.852612859678570700e+00
1.163100000000000023e+00	9.777744346659437369e+00
1.166700000000000070e+00	9.754148926548605658e+00
1.170299999999999896e+00	1.017795340446300045e+01
1.173899999999999944e+00	9.865344544534563553e+00
1.177599999999999980e+00	1.005155051698133661e+01
1.181200000000000028e+00	9.898962086117579773e+00
1.184800000000000075e+00	1.007432877444859010e+01
1.188399999999999901e+00	1.028561719359997362e+01
1.191999999999999948e+00	1.050409278537968127e+01
1.195599999999999996e+00	1.046419296485162143e+01
1.199200000000000044e+00	9.378142209312494870e+00
1.202800000000000091e+00	9.632452844349650434e+00
1.206399999999999917e+00	9.821963776226700915e+00
1.209999999999999964e+00	9.330853195629263297e+00
1.213600000000000012e+00	9.148170166190794816e+00
1.217200000000000060e+00	9.860804230920772184e+00
1.220800000000000107e+00	9.742587651216268796e+00
1.224399999999999933e+00	9.893563409380226048e+00
1.228099999999999969e+00	9.524683262891931790e+00
1.231700000000000017e+00	9.524221357879579131e+00
1.235300000000000065e+00	9.376384577675542786e+00
1.238899999999999890e+00	9.517172965250340511e+00
1.242499999999999938e+00	8.927089095618764958e+00
1.246099999999999985e+00	9.268453239380523456e+00
1.249700000000000033e+00	9.125422958506547388e+00
1.253300000000000081e+00	9.909039918282033454e+00
1.256899999999999906e+00	9.696774547135589728e+00
1.260499999999999954e+00	1.036622212193314851e+01
1.264100000000000001e+00	1.058880538698978135e+01
1.267700000000000049e+00	1.119215200051514358e+01
1.271300000000000097e+00	1.176603130450088663e+01
1.274899999999999922e+00	1.180207490456398745e+01
1.278599999999999959e+00	1.160575074672205176e+01
1.282200000000000006e+00	1.184149898461185657e+01
1.285800000000000054e+00	1.120161925363467148e+01
1.289400000000000102e+00	1.139101243489341897e+01
1.292999999999999927e+00	1.049427420136829703e+01
1.296599999999999975e+00	1.112753919935638081e+01
1.300200000000000022e+00	1.083377006885054783e+01
1.303800000000000070e+00	9.622858306650492466e+00
1.307399999999999896e+00	9.783420968152841013e+00
1.310999999999999943e+00	1.038992141161401328e+01
1.314599999999999991e+00	9.423041620525260953e+00
1.318200000000000038e+00	1.005951153191175251e+01
1.321800000000000086e+00	9.573264821096852728e+00
1.325499999999999901e+00	9.451535717841791140e+00
1.329099999999999948e+00	9.680885690225863982e+00
1.332699999999999996e+00	9.743333707062143745e+00
1.336300000000000043e+00	1.015566654473998298e+01
1.339900000000000091e+00	1.077602264812490951e+01
1.343499999999999917e+00	1.125685954584404236e+01
1.347099999999999964e+00	1.146115366897237209e+01
1.350700000000000012e+00	1.159090168497681717e+01
1.354300000000000059e+00	1.232535817588301441e+01
1.357900000000000107e+00	1.211033105469364024e+01
1.361499999999999932e+00	1.174128565442785543e+01
1.365099999999999980e+00	1.112934279194562670e+01
1.368700000000000028e+00	1.118125152848446291e+01
1.372300000000000075e+00	1.016573334778412629e+01
1.375999999999999890e+00	1.061980217304138385e+01
1.379599999999999937e+00	9.524617111980923312e+00
1.383199999999999985e+00	9.792595347123228322e+00
1.386800000000000033e+00	9.886316384918991673e+00
1.390400000000000080e+00	9.868990040748892412e+00
1.393999999999999906e+00	9.530232423953757248e+00
1.397599999999999953e+00	9.890291885763829782e+00
1.401200000000000001e+00	1.021908223453356079e+01
1.404800000000000049e+00	1.117432954855388516e+01
1.408400000000000096e+00	1.106312701026846845e+01
1.411999999999999922e+00	1.154746941548902583e+01
1.415599999999999969e+00	1.234090038009303214e+01
1.419200000000000017e+00	1.206506900491236500e+01
1.422800000000000065e+00	1.257067919400325273e+01
1.426500000000000101e+00	1.226834193018061114e+01
1.430099999999999927e+00	1.225122911152145910e+01
1.433699999999999974e+00	1.223059662987996710e+01
1.437300000000000022e+00	1.123861951348780863e+01
1.440900000000000070e+00	1.210939026125682005e+01
1.444499999999999895e+00	1.188647209024884788e+01
1.448099999999999943e+00	1.116047216008667853e+01
1.451699999999999990e+00	1.124554164721812910e+01
1.455300000000000038e+00	1.190934293612244232e+01
1.458900000000000086e+00	1.212207118230513281e+01
1.462499999999999911e+00	1.194426953362942001e+01
1.466099999999999959e+00	1.226626208099101056e+01
1.469700000000000006e+00	1.242529430234007926e+01
1.473300000000000054e+00	1.219593961944106297e+01
1.477000000000000091e+00	1.313899914915365308e+01
1.480599999999999916e+00	1.325693976728151036e+01
1.484199999999999964e+00	1.369907520769431386e+01
1.487800000000000011e+00	1.410254801366463973e+01
1.491400000000000059e+00	1.426755396205346926e+01
1.495000000000000107e+00	1.356016735596869793e+01
1.498599999999999932e+00	1.319290089393349064e+01
1.502199999999999980e+00	1.419430391648107914e+01
1.505800000000000027e+00	1.340872595210949569e+01
1.509400000000000075e+00	1.404618366472647928e+01
1.512999999999999901e+00	1.444226398493429464e+01
1.516599999999999948e+00	1.520251999046688596e+01
1.520199999999999996e+00	1.459771233063815643e+01
1.523800000000000043e+00	1.495653702482614200e+01
1.527500000000000080e+00	1.466967271904646886e+01
1.531099999999999905e+00	1.522974073970365083e+01
1.534699999999999953e+00	1.521585913064999218e+01
1.538300000000000001e+00	1.560075346491765025e+01
1.541900000000000048e+00	1.618191959090234988e+01
1.545500000000000096e+00	1.646294658120149634e+01
1.549099999999999921e+00	1.618290626579307201e+01
1.552699999999999969e+00	1.662547776003606259e+01
1.556300000000000017e+00	1.584286934072286712e+01
1.559900000000000064e+00	1.530240361811938499e+01
1.563499999999999890e+00	1.497642082161215704e+01
1.567099999999999937e+00	1.611637181569306065e+01
1.570699999999999985e+00	1.704646297523225584e+01
1.574300000000000033e+00	1.813347882722577609e+01
1.578000000000000069e+00	1.872029494567960128e+01
1.581599999999999895e+00	1.941134076111751483e+01
1.585199999999999942e+00	1.861178073958583568e+01
1.588799999999999990e+00	1.830604786115372207e+01
1.592400000000000038e+00	1.730864418011261918e+01
1.596000000000000085e+00	1.751334817889033602e+01
1.599599999999999911e+00	1.905628481116849926e+01
1.603199999999999958e+00	1.958255111217352962e+01
1.606800000000000006e+00	2.017394285410551191e+01
1.610400000000000054e+00	2.112522590620759644e+01
1.614000000000000101e+00	2.213164807344685059e+01
1.617599999999999927e+00	2.230935577878569376e+01
1.621199999999999974e+00	2.245178044227904834e+01
1.624800000000000022e+00	2.299977723279033270e+01
1.628500000000000059e+00	2.301792879924992263e+01
1.632100000000000106e+00	2.317821404212647352e+01
1.635699999999999932e+00	2.286052358669038398e+01
1.639299999999999979e+00	2.237568925590135649e+01
1.642900000000000027e+00	2.278033626364001663e+01
1.646500000000000075e+00	2.217823359517331738e+01
1.650099999999999900e+00	2.194272405206200460e+01
1.653699999999999948e+00	2.116701471689274427e+01
1.657299999999999995e+00	2.128454833781249889e+01
1.660900000000000043e+00	2.183357707812742632e+01
1.664500000000000091e+00	2.193146049027647493e+01
1.668099999999999916e+00	2.168671779377248754e+01
1.671699999999999964e+00	2.301038724473873742e+01
1.675400000000000000e+00	2.295720316776866810e+01
1.679000000000000048e+00	2.315381968298476778e+01
1.682600000000000096e+00	2.360616876662700392e+01
1.686199999999999921e+00	2.388709804117227975e+01
1.689799999999999969e+00	2.495812848867037914e+01
1.693400000000000016e+00	2.666247712783276214e+01
1.697000000000000064e+00	2.821721801060136059e+01
1.700599999999999890e+00	2.831000597476641545e+01
1.704199999999999937e+00	2.785559590748837877e+01
1.707799999999999985e+00	2.698113867959823509e+01
1.711400000000000032e+00	2.586767519272475724e+01
1.715000000000000080e+00	2.545452735620422402e+01
1.718599999999999905e+00	2.437981174975922372e+01
1.722199999999999953e+00	2.405958527651121770e+01
1.725899999999999990e+00	2.361170119036909298e+01
1.729500000000000037e+00	2.350518653567845462e+01
1.733100000000000085e+00	2.528244415174138027e+01
1.736699999999999910e+00	2.662787136565668433e+01
1.740299999999999958e+00	2.776106226676291300e+01
1.743900000000000006e+00	2.815210025065698929e+01
1.747500000000000053e+00	2.911549904902543418e+01
1.751100000000000101e+00	2.928773526082398959e+01
1.754699999999999926e+00	2.958247652877905765e+01
1.758299999999999974e+00	3.021997585462795755e+01
1.761900000000000022e+00	3.151202487579581657e+01
1.765500000000000069e+00	3.163041769802267922e+01
1.769099999999999895e+00	3.282915650655291984e+01
1.772699999999999942e+00	3.318187798307484826e+01
1.776399999999999979e+00	3.358063153111176291e+01
1.780000000000000027e+00	3.323987579674632542e+01
1.783600000000000074e+00	3.122659891409465160e+01
1.787199999999999900e+00	3.182031825375561596e+01
1.790799999999999947e+00	3.153035831615607520e+01
1.794399999999999995e+00	3.258094986722607445e+01
1.798000000000000043e+00	3.414843772152251233e+01
1.801600000000000090e+00	3.620711270434387785e+01
1.805199999999999916e+00	3.625311311729936392e+01
1.808799999999999963e+00	3.568935539323727824e+01
1.812400000000000011e+00	3.456310502259196227e+01
1.816000000000000059e+00	3.239877885009682501e+01
1.819600000000000106e+00	3.129173788618870233e+01
1.823199999999999932e+00	3.013212767010958970e+01
1.826899999999999968e+00	3.030969439442010227e+01
1.830500000000000016e+00	3.030385718490250468e+01
1.834100000000000064e+00	3.180824845195735762e+01
1.837699999999999889e+00	3.114073913353412593e+01
1.841299999999999937e+00	3.102461592136334190e+01
1.844899999999999984e+00	3.144828902572203688e+01
1.848500000000000032e+00	3.169486367896676882e+01
1.852100000000000080e+00	3.131566199147727048e+01
1.855699999999999905e+00	3.029821138906521938e+01
1.859299999999999953e+00	3.104186865878453361e+01
1.862900000000000000e+00	3.113258689535452461e+01
1.866500000000000048e+00	3.090431621800230033e+01
1.870100000000000096e+00	3.195474449306726328e+01
1.873699999999999921e+00	3.210919196398377551e+01
1.877399999999999958e+00	3.309706415304955840e+01
1.881000000000000005e+00	3.291886522465249953e+01
1.884600000000000053e+00	3.150507896186279311e+01
1.888200000000000101e+00	2.972790631006365913e+01
1.891799999999999926e+00	2.849948830752768103e+01
1.895399999999999974e+00	2.757666463640316579e+01
1.899000000000000021e+00	2.720149293428893245e+01
1.902600000000000069e+00	2.759818059966286086e+01
1.906199999999999894e+00	2.750387677560593502e+01
1.909799999999999942e+00	2.812041131138851568e+01
1.913399999999999990e+00	2.837308786127275084e+01
1.917000000000000037e+00	2.806460496236142177e+01
1.920600000000000085e+00	2.883540535751472689e+01
1.924199999999999910e+00	2.840077697565268267e+01
1.927899999999999947e+00	2.857607589583149377e+01
1.931499999999999995e+00	2.954046473541548323e+01
1.935100000000000042e+00	2.907533200867533196e+01
1.938700000000000090e+00	2.918491451533715875e+01
1.942299999999999915e+00	2.796063854081866396e+01
1.945899999999999963e+00	2.791834591008901612e+01
1.949500000000000011e+00	2.752942779490138037e+01
1.953100000000000058e+00	2.704920512244035180e+01
1.956700000000000106e+00	2.727782028829574656e+01
1.960299999999999931e+00	2.736491590039314303e+01
1.963899999999999979e+00	2.832237579607093281e+01
1.967500000000000027e+00	2.959259095258270378e+01
1.971100000000000074e+00	3.040891998573526323e+01
1.974699999999999900e+00	2.909107753208211378e+01
1.978399999999999936e+00	2.785408529863127214e+01
1.981999999999999984e+00	2.756576724254246713e+01
1.985600000000000032e+00	2.574756831921435563e+01
1.989200000000000079e+00	2.516173909793108976e+01
1.992799999999999905e+00	2.546141915805706546e+01
1.996399999999999952e+00	2.639857768603025789e+01
2.000000000000000000e+00	2.765346262666050947e+01
