2.000000000000000111e-01	6.612871998684175523e-01
2.036000000000000032e-01	1.129457188645174970e+00
2.071999999999999953e-01	1.293561628314501721e+00
2.107999999999999874e-01	2.052782155618468884e+00
2.144000000000000072e-01	2.353941057547377813e+00
2.179999999999999993e-01	2.826016525951965619e+00
2.215999999999999914e-01	2.377308369964715506e+00
2.253000000000000003e-01	3.454628046068897618e+00
2.288999999999999924e-01	3.180839386939068980e+00
2.325000000000000122e-01	2.928902025969918554e+00
2.361000000000000043e-01	2.766544900625325987e+00
2.396999999999999964e-01	2.813504279721706247e+00
2.432999999999999885e-01	2.354289305253041586e+00
2.469000000000000083e-01	1.905541111076868743e+00
2.505000000000000004e-01	1.614979987493351254e+00
2.540999999999999925e-01	7.161268802614667583e-01
2.576999999999999846e-01	2.813575229660230104e-01
2.612999999999999767e-01	2.526569030427496809e-01
2.649000000000000243e-01	3.725026626051824441e-01
2.685000000000000164e-01	1.816007737140026279e-01
2.721000000000000085e-01	1.920769179338089327e-01
2.757999999999999896e-01	1.581857961015342706e-02
2.793999999999999817e-01	5.064204978184033701e-01
2.829999999999999738e-01	6.641940784202937653e-02
2.866000000000000214e-01	6.766188753979047732e-01
2.902000000000000135e-01	1.089729858529932205e+00
2.938000000000000056e-01	1.413038532557468585e+00
2.973999999999999977e-01	1.967779610005136348e+00
3.009999999999999898e-01	2.219291562274796181e+00
3.045999999999999819e-01	2.952033732901634178e+00
3.081999999999999740e-01	2.824446888142796652e+00
3.118000000000000216e-01	3.586879572304854324e+00
3.154000000000000137e-01	3.802659288365628942e+00
3.190000000000000058e-01	4.557337356333240663e+00
3.225999999999999979e-01	3.491669029688880599e+00
3.262999999999999790e-01	3.570573774274866885e+00
3.299000000000000266e-01	3.655820590811350357e+00
3.335000000000000187e-01	3.033479572187196993e+00
3.371000000000000107e-01	2.571117122330253579e+00
3.407000000000000028e-01	1.777631162286068767e+00
3.442999999999999949e-01	1.857969767987324605e+00
3.478999999999999870e-01	9.782426956500898108e-01
3.514999999999999791e-01	3.786507723039987394e-01
3.551000000000000267e-01	4.238849404673702415e-01
3.587000000000000188e-01	7.643626659928517419e-01
3.623000000000000109e-01	4.624247054961742598e-01
3.659000000000000030e-01	6.854963024787010806e-01
3.694999999999999951e-01	1.046661121601304867e+00
3.730999999999999872e-01	1.543256390345312923e+00
3.768000000000000238e-01	2.358549266750366691e+00
3.804000000000000159e-01	2.938890000794191604e+00
3.840000000000000080e-01	3.148503381333108031e+00
3.876000000000000001e-01	4.090502736084695279e+00
3.911999999999999922e-01	3.671139454109190847e+00
3.947999999999999843e-01	3.933038173535806870e+00
3.983999999999999764e-01	4.465994670515157416e+00
4.020000000000000240e-01	4.535663606698846273e+00
4.056000000000000161e-01	5.056877963653815478e+00
4.092000000000000082e-01	4.519357043956117259e+00
4.128000000000000003e-01	4.198328770994359971e+00
4.163999999999999924e-01	4.065107050494242813e+00
4.199999999999999845e-01	3.709435299405472897e+00
4.235999999999999766e-01	3.316415541643245923e+00
4.273000000000000131e-01	2.416808004382283048e+00
4.309000000000000052e-01	2.407248442565917745e+00
4.344999999999999973e-01	1.297203789846947952e+00
4.380999999999999894e-01	1.347032863841803429e+00
4.416999999999999815e-01	1.016268999129368966e+00
4.452999999999999736e-01	1.163187280330080675e+00
4.489000000000000212e-01	6.279180674447623067e-01
4.525000000000000133e-01	9.215155584320291471e-01
4.561000000000000054e-01	4.240809565999992259e-01
4.596999999999999975e-01	9.697361520529661494e-01
4.632999999999999896e-01	1.110330764445349061e+00
4.668999999999999817e-01	7.270133854231481951e-01
4.704999999999999738e-01	8.869583047952567245e-01
4.741000000000000214e-01	1.227927201106489008e+00
4.778000000000000025e-01	1.775444771840361202e+00
4.813999999999999946e-01	2.527786949637710556e+00
4.849999999999999867e-01	2.981030501158684842e+00
4.885999999999999788e-01	2.737250015932479297e+00
4.922000000000000264e-01	2.562678095851483651e+00
4.958000000000000185e-01	2.336200006221233139e+00
4.994000000000000106e-01	2.432522539167491615e+00
5.030000000000000027e-01	2.050947735747257639e+00
5.066000000000000503e-01	2.102213179759158557e+00
5.101999999999999869e-01	1.165748099025849749e+00
5.138000000000000345e-01	7.161485957718425333e-01
5.173999999999999710e-01	8.312519777734600490e-02
5.210000000000000187e-01	-8.300467292089774851e-03
5.245999999999999552e-01	-1.018518633992301137e+00
5.282999999999999918e-01	-9.962114505757151406e-01
5.319000000000000394e-01	-1.606279231488031201e+00
5.354999999999999760e-01	-2.022062872464231109e+00
5.391000000000000236e-01	-1.712653274138348669e+00
5.426999999999999602e-01	-1.700380184364476355e+00
5.463000000000000078e-01	-8.431704469971964544e-01
5.499000000000000554e-01	-3.346056053781827910e-01
5.534999999999999920e-01	3.979801616320669672e-03
5.571000000000000396e-01	8.149318965394511949e-01
5.606999999999999762e-01	1.398233816920305683e+00
5.643000000000000238e-01	2.245370453861960769e+00
5.678999999999999604e-01	2.370967848635059827e+00
5.715000000000000080e-01	3.237327854903945479e+00
5.752000000000000446e-01	3.128097843166231851e+00
5.787999999999999812e-01	3.095910714087477977e+00
5.824000000000000288e-01	3.760314238728560188e+00
5.859999999999999654e-01	3.515632100519563874e+00
5.896000000000000130e-01	3.359473848082873193e+00
5.931999999999999496e-01	2.920022092826870974e+00
5.967999999999999972e-01	2.827376402614955708e+00
6.004000000000000448e-01	2.281417840634021310e+00
6.039999999999999813e-01	2.082531169290579687e+00
6.076000000000000290e-01	1.637540634479150548e+00
6.111999999999999655e-01	1.328408183446628810e+00
6.148000000000000131e-01	3.060990355880376934e-01
6.183999999999999497e-01	6.569640582346004676e-01
6.219999999999999973e-01	1.226580513150233309e-01
6.257000000000000339e-01	5.187136109208051460e-02
6.292999999999999705e-01	7.054911660517055871e-01
6.329000000000000181e-01	1.334352634104317481e+00
6.364999999999999547e-01	1.226509819575506866e+00
6.401000000000000023e-01	1.833812196630745683e+00
6.437000000000000499e-01	2.677841224858346081e+00
6.472999999999999865e-01	2.998687290337868294e+00
6.509000000000000341e-01	3.297818745533018792e+00
6.544999999999999707e-01	3.472150389377220314e+00
6.581000000000000183e-01	3.805399674067737159e+00
6.616999999999999549e-01	3.848685062953589586e+00
6.653000000000000025e-01	4.633292681087382014e+00
6.689000000000000501e-01	4.014511440295230216e+00
6.724999999999999867e-01	3.876068772014152231e+00
6.762000000000000233e-01	3.811241093738321872e+00
6.797999999999999599e-01	3.492081050148034826e+00
6.834000000000000075e-01	3.559886553829446854e+00
6.870000000000000551e-01	3.140218723448483296e+00
6.905999999999999917e-01	3.309766445245283961e+00
6.942000000000000393e-01	2.634519398668162093e+00
6.977999999999999758e-01	2.286254224721203432e+00
7.014000000000000234e-01	2.057127063801810429e+00
7.049999999999999600e-01	2.137498107282473470e+00
7.086000000000000076e-01	1.818148391726166935e+00
7.122000000000000552e-01	2.557703010858900505e+00
7.157999999999999918e-01	2.067182445457210971e+00
7.194000000000000394e-01	2.656449962099892481e+00
7.229999999999999760e-01	2.733561388144701176e+00
7.267000000000000126e-01	2.964314462322747090e+00
7.302999999999999492e-01	3.093722806207175768e+00
7.338999999999999968e-01	3.386772837381845758e+00
7.375000000000000444e-01	3.781834116213633301e+00
7.410999999999999810e-01	4.093865563784985895e+00
7.447000000000000286e-01	4.808593361587546688e+00
7.482999999999999652e-01	5.328964253421153430e+00
7.519000000000000128e-01	5.492753031580037693e+00
7.554999999999999494e-01	5.272695477097794736e+00
7.590999999999999970e-01	5.384191003149229715e+00
7.627000000000000446e-01	5.827280483193209015e+00
7.662999999999999812e-01	5.714667640284154970e+00
7.699000000000000288e-01	5.140872159102567451e+00
7.734999999999999654e-01	5.084209801745148027e+00
7.772000000000000020e-01	5.005823032247454840e+00
7.808000000000000496e-01	4.176935921362586512e+00
7.843999999999999861e-01	4.402588316157456383e+00
7.880000000000000338e-01	4.225985349167780569e+00
7.915999999999999703e-01	3.510878930783727814e+00
7.952000000000000179e-01	3.230968005859175651e+00
7.987999999999999545e-01	3.603698358583221406e+00
8.024000000000000021e-01	3.642558578029133187e+00
8.060000000000000497e-01	3.928630525549357877e+00
8.095999999999999863e-01	4.316712225195620256e+00
8.132000000000000339e-01	4.191679233978728547e+00
8.167999999999999705e-01	4.363181473361643192e+00
8.204000000000000181e-01	4.653534476259667763e+00
8.239999999999999547e-01	4.894007029322218649e+00
8.276999999999999913e-01	5.594029984498485319e+00
8.313000000000000389e-01	5.909973891132859869e+00
8.348999999999999755e-01	5.948818720148378425e+00
8.385000000000000231e-01	5.937596767435744383e+00
8.420999999999999597e-01	6.224029812602892342e+00
8.457000000000000073e-01	5.937889950187226873e+00
8.493000000000000549e-01	6.061023358371335767e+00
8.528999999999999915e-01	6.560896201994790289e+00
8.565000000000000391e-01	6.286393428192105226e+00
8.600999999999999757e-01	6.194321272309515791e+00
8.637000000000000233e-01	5.840465275620715602e+00
8.672999999999999599e-01	5.663570648243418049e+00
8.709000000000000075e-01	5.465350043833305804e+00
8.745000000000000551e-01	5.472941473868379703e+00
8.781999999999999806e-01	5.043279187250802487e+00
8.818000000000000282e-01	4.966771123322380355e+00
8.853999999999999648e-01	4.924400604650285729e+00
8.890000000000000124e-01	4.654647526485038433e+00
8.925999999999999490e-01	4.952539602565773968e+00
8.961999999999999966e-01	3.981318255026734754e+00
8.998000000000000442e-01	4.355987443290664451e+00
9.033999999999999808e-01	5.073316305493370315e+00
9.070000000000000284e-01	4.838692521048704620e+00
9.105999999999999650e-01	5.355256205842945150e+00
9.142000000000000126e-01	5.843007341435703772e+00
9.177999999999999492e-01	6.561288605453659883e+00
9.213999999999999968e-01	7.098241105595408662e+00
9.251000000000000334e-01	6.820247089940119523e+00
9.286999999999999700e-01	7.319026383776004785e+00
9.323000000000000176e-01	7.509805962098521803e+00
9.358999999999999542e-01	6.629129967322308303e+00
9.395000000000000018e-01	7.157284698449439375e+00
9.431000000000000494e-01	7.385199473425896777e+00
9.466999999999999860e-01	7.621623785938966833e+00
9.503000000000000336e-01	7.272341719813571359e+00
9.538999999999999702e-01	7.525155568345246238e+00
9.575000000000000178e-01	7.593444982643123176e+00
9.610999999999999543e-01	7.394287590603706661e+00
9.647000000000000020e-01	6.966938300429388775e+00
9.683000000000000496e-01	7.295079726456325631e+00
9.718999999999999861e-01	7.733967783754522429e+00
9.756000000000000227e-01	7.584122991178655404e+00
9.791999999999999593e-01	7.722350693888570206e+00
9.828000000000000069e-01	7.471643099659611487e+00
9.864000000000000545e-01	7.770873462067648951e+00
9.899999999999999911e-01	8.483770265707560654e+00
9.936000000000000387e-01	8.478864441520247652e+00
9.971999999999999753e-01	8.104649127433857458e+00
1.000799999999999912e+00	8.585993502928911170e+00
1.004399999999999959e+00	8.466580738133092865e+00
1.008000000000000007e+00	8.654537845177772581e+00
1.011600000000000055e+00	9.183860188291996351e+00
1.015200000000000102e+00	9.838534969084227200e+00
1.018799999999999928e+00	9.339627127359181102e+00
1.022399999999999975e+00	9.171330136798051313e+00
1.026100000000000012e+00	9.325780486241258771e+00
1.029700000000000060e+00	9.226281847713572404e+00
1.033300000000000107e+00	8.929511454226593870e+00
1.036899999999999933e+00	8.792463091913207407e+00
1.040499999999999980e+00	8.552585475537737736e+00
1.044100000000000028e+00	8.372111142655539240e+00
1.047700000000000076e+00	7.998009322397723331e+00
1.051299999999999901e+00	7.443332627793536993e+00
1.054899999999999949e+00	7.695349731047622655e+00
1.058499999999999996e+00	7.088704742280694582e+00
1.062100000000000044e+00	7.245169566836466402e+00
1.065700000000000092e+00	6.898570025315301280e+00
1.069299999999999917e+00	6.720443336500363962e+00
1.072899999999999965e+00	6.544765648593591223e+00
1.076600000000000001e+00	7.039646482771543035e+00
1.080200000000000049e+00	6.854426666883978392e+00
1.083800000000000097e+00	8.164864591028353047e+00
1.087399999999999922e+00	8.262937861321391964e+00
1.090999999999999970e+00	8.837783354852435380e+00
1.094600000000000017e+00	9.701360300611362675e+00
1.098200000000000065e+00	1.064262486145200803e+01
1.101799999999999891e+00	1.052131021830593660e+01
1.105399999999999938e+00	1.055793424920137014e+01
1.108999999999999986e+00	9.992648289922186677e+00
1.112600000000000033e+00	1.020206997463674270e+01
1.116200000000000081e+00	9.292225511126501303e+00
1.119799999999999907e+00	9.428597096947598288e+00
1.123399999999999954e+00	9.090374635138759984e+00
1.127099999999999991e+00	8.695232913826949073e+00
1.130700000000000038e+00	7.703519740328926169e+00
1.134300000000000086e+00	7.905739740010004013e+00
1.137899999999999912e+00	7.679864435069997164e+00
1.141499999999999959e+00	7.419160152680578157e+00
1.145100000000000007e+00	7.739365962943177024e+00
1.148700000000000054e+00	8.514540851961927004e+00
1.152300000000000102e+00	8.464766096459509725e+00
1.155899999999999928e+00	8.895574975445789789e+00
1.159499999999999975e+00	9.705224174321342545e+00
1.163100000000000023e+00	1.009102609568574493e+01
1.166700000000000070e+00	1.031737755342275342e+01
1.170299999999999896e+00	1.034834400606514393e+01
1.173899999999999944e+00	1.022356694166121116e+01
1.177599999999999980e+00	1.024243443211098636e+01
1.181200000000000028e+00	1.013190284562630161e+01
1.184800000000000075e+00	1.012233846040810725e+01
1.188399999999999901e+00	1.035916771146295012e+01
1.191999999999999948e+00	1.035604570482175113e+01
1.195599999999999996e+00	1.005310602037874368e+01
1.199200000000000044e+00	1.004569630905290367e+01
1.202800000000000091e+00	1.010246813413310285e+01
1.206399999999999917e+00	9.695465350693114104e+00
1.209999999999999964e+00	9.796844123334027543e+00
1.213600000000000012e+00	9.557350751349812157e+00
1.217200000000000060e+00	9.544824589808415638e+00
1.220800000000000107e+00	9.784621231547571796e+00
1.224399999999999933e+00	9.649284758772962434e+00
1.228099999999999969e+00	9.644899595092187639e+00
1.231700000000000017e+00	9.363920318136418786e+00
1.235300000000000065e+00	8.641987013964532949e+00
1.238899999999999890e+00	8.790179467888243892e+00
1.242499999999999938e+00	8.978313007651076205e+00
1.246099999999999985e+00	9.699574389598986102e+00
1.249700000000000033e+00	1.011065567101002571e+01
1.253300000000000081e+00	1.047161631934323189e+01
1.256899999999999906e+00	1.044459705530373661e+01
1.260499999999999954e+00	1.085950201849029995e+01
1.264100000000000001e+00	1.113920458910704170e+01
1.267700000000000049e+00	1.074555639330786860e+01
1.271300000000000097e+00	1.073271665491163951e+01
1.274899999999999922e+00	1.144369784374904775e+01
1.278599999999999959e+00	1.142453836823741042e+01
1.282200000000000006e+00	1.157547853365086787e+01
1.285800000000000054e+00	1.128582328405241242e+01
1.289400000000000102e+00	1.061493678588502121e+01
1.292999999999999927e+00	1.045598223359745482e+01
1.296599999999999975e+00	1.030059720183559335e+01
1.300200000000000022e+00	1.047544833026109323e+01
1.303800000000000070e+00	9.861532074105452850e+00
1.307399999999999896e+00	1.024501427144092247e+01
1.310999999999999943e+00	9.365449237146975747e+00
1.314599999999999991e+00	9.541725525025315235e+00
1.318200000000000038e+00	9.897490818647469268e+00
1.321800000000000086e+00	9.987527822844226577e+00
1.325499999999999901e+00	9.862552608387153086e+00
1.329099999999999948e+00	9.699373370067227995e+00
1.332699999999999996e+00	9.223134232727163706e+00
1.336300000000000043e+00	9.722588692191393989e+00
1.339900000000000091e+00	9.822017367456718162e+00
1.343499999999999917e+00	9.467126080360825924e+00
1.347099999999999964e+00	1.034520548925019945e+01
1.350700000000000012e+00	1.092540264804127936e+01
1.354300000000000059e+00	1.124011333622433106e+01
1.357900000000000107e+00	1.174710709196928526e+01
1.361499999999999932e+00	1.137549782302323642e+01
1.365099999999999980e+00	1.073031438757814904e+01
1.368700000000000028e+00	1.120238646375396918e+01
1.372300000000000075e+00	1.075227878197944165e+01
1.375999999999999890e+00	1.028808937356701847e+01
1.379599999999999937e+00	9.757595916356848420e+00
1.383199999999999985e+00	1.027482372193467697e+01
1.386800000000000033e+00	9.296683026172443576e+00
1.390400000000000080e+00	9.346222718139964414e+00
1.393999999999999906e+00	9.547833376703968256e+00
1.397599999999999953e+00	9.032173492255665792e+00
1.401200000000000001e+00	9.846059742710650653e+00
1.404800000000000049e+00	1.038582539900466628e+01
1.408400000000000096e+00	1.054773706843171155e+01
1.411999999999999922e+00	1.139401048836710828e+01
1.415599999999999969e+00	1.189059640590822298e+01
1.419200000000000017e+00	1.236829849283369853e+01
1.422800000000000065e+00	1.272718831556788111e+01
1.426500000000000101e+00	1.317035225073750837e+01
1.430099999999999927e+00	1.316360442280831222e+01
1.433699999999999974e+00	1.298077894014091171e+01
1.437300000000000022e+00	1.280687360312121825e+01
1.440900000000000070e+00	1.232038850076650327e+01
1.444499999999999895e+00	1.235999835688320658e+01
1.448099999999999943e+00	1.112677372244469431e+01
1.451699999999999990e+00	1.061300469783982869e+01
1.455300000000000038e+00	1.117591179490441000e+01
1.458900000000000086e+00	1.159718120889239756e+01
1.462499999999999911e+00	1.173659898476369889e+01
1.466099999999999959e+00	1.196857816588127577e+01
1.469700000000000006e+00	1.229000470784402843e+01
1.473300000000000054e+00	1.264534404084389507e+01
1.477000000000000091e+00	1.361483489803414137e+01
1.480599999999999916e+00	1.356437081221153385e+01
1.484199999999999964e+00	1.377090067883360192e+01
1.487800000000000011e+00	1.423701197265821072e+01
1.491400000000000059e+00	1.433923036596384115e+01
1.495000000000000107e+00	1.384811363808385565e+01
1.498599999999999932e+00	1.433626922836828221e+01
1.502199999999999980e+00	1.455715393836444171e+01
1.505800000000000027e+00	1.430198837163302272e+01
1.509400000000000075e+00	1.415631670022574973e+01
1.512999999999999901e+00	1.461053789958119253e+01
1.516599999999999948e+00	1.443524459936226556e+01
1.520199999999999996e+00	1.511425497340314195e+01
1.523800000000000043e+00	1.488601835103110638e+01
1.527500000000000080e+00	1.485247867545345457e+01
1.531099999999999905e+00	1.517525147139041941e+01
1.534699999999999953e+00	1.554119481053206719e+01
1.538300000000000001e+00	1.606793620184824078e+01
1.541900000000000048e+00	1.616467695596790222e+01
1.545500000000000096e+00	1.635160373127571987e+01
1.549099999999999921e+00	1.698798817014174034e+01
1.552699999999999969e+00	1.675293965728056378e+01
1.556300000000000017e+00	1.645148809171466908e+01
1.559900000000000064e+00	1.581353637195983630e+01
1.563499999999999890e+00	1.464286665848157476e+01
1.567099999999999937e+00	1.518464302288965229e+01
1.570699999999999985e+00	1.536680617617103017e+01
1.574300000000000033e+00	1.655156529757044126e+01
1.578000000000000069e+00	1.655184755531954721e+01
1.581599999999999895e+00	1.833421330685268913e+01
1.585199999999999942e+00	1.903027854245921091e+01
1.588799999999999990e+00	1.951905678662048871e+01
1.592400000000000038e+00	1.991541125991951589e+01
1.596000000000000085e+00	2.010840404439147733e+01
1.599599999999999911e+00	1.961565570612557963e+01
1.603199999999999958e+00	1.948263390788677185e+01
1.606800000000000006e+00	1.950405346102332160e+01
1.610400000000000054e+00	1.986545101339103780e+01
1.614000000000000101e+00	1.974191427583728142e+01
1.617599999999999927e+00	1.993128992979240621e+01
1.621199999999999974e+00	2.082972147647633676e+01
1.624800000000000022e+00	2.158531429692755665e+01
1.628500000000000059e+00	2.140743174597455578e+01
1.632100000000000106e+00	2.168088605644926048e+01
1.635699999999999932e+00	2.169345630810296299e+01
1.639299999999999979e+00	2.184773887297742334e+01
1.642900000000000027e+00	2.214572451966122557e+01
1.646500000000000075e+00	2.271019189763354618e+01
1.650099999999999900e+00	2.328364949030159892e+01
1.653699999999999948e+00	2.291873918271396704e+01
1.657299999999999995e+00	2.328415079302444823e+01
1.660900000000000043e+00	2.283355694698172655e+01
1.664500000000000091e+00	2.277039397371349239e+01
1.668099999999999916e+00	2.239672600757923604e+01
1.671699999999999964e+00	2.297814764486044581e+01
1.675400000000000000e+00	2.314348151490327865e+01
1.679000000000000048e+00	2.437530927846457374e+01
1.682600000000000096e+00	2.548529175415299264e+01
1.686199999999999921e+00	2.558748175408079106e+01
1.689799999999999969e+00	2.544182889181580265e+01
1.693400000000000016e+00	2.484169933026472066e+01
1.697000000000000064e+00	2.500483791085971319e+01
1.700599999999999890e+00	2.397186158951565460e+01
1.704199999999999937e+00	2.451873427853263365e+01
1.707799999999999985e+00	2.471228430169057333e+01
1.711400000000000032e+00	2.501662816964543623e+01
1.715000000000000080e+00	2.627759211695039099e+01
1.718599999999999905e+00	2.688551824099585730e+01
1.722199999999999953e+00	2.554266131715053234e+01
1.725899999999999990e+00	2.614166324508066808e+01
1.729500000000000037e+00	2.637797063954523935e+01
1.733100000000000085e+00	2.562789265228879287e+01
1.736699999999999910e+00	2.560510935358441742e+01
1.740299999999999958e+00	2.532740975919878679e+01
1.743900000000000006e+00	2.597889269301324333e+01
1.747500000000000053e+00	2.636728249209310349e+01
1.751100000000000101e+00	2.752282247822489936e+01
1.754699999999999926e+00	2.832905630177214107e+01
1.758299999999999974e+00	2.869025111030269670e+01
1.761900000000000022e+00	2.904102195272872322e+01
1.765500000000000069e+00	2.937799777369617615e+01
1.769099999999999895e+00	2.901929606917986249e+01
1.772699999999999942e+00	2.794407414092053443e+01
1.776399999999999979e+00	2.865604470410701765e+01
1.780000000000000027e+00	2.941776314353012012e+01
1.783600000000000074e+00	3.034186055262300030e+01
1.787199999999999900e+00	3.101161680898528417e+01
1.790799999999999947e+00	3.199084566168786381e+01
1.794399999999999995e+00	3.252823128491935734e+01
1.798000000000000043e+00	3.301091624850734263e+01
1.801600000000000090e+00	3.264211555966365808e+01
1.805199999999999916e+00	3.369418478606207401e+01
1.808799999999999963e+00	3.490457252398497445e+01
1.812400000000000011e+00	3.618422617717389045e+01
1.816000000000000059e+00	3.748133157988045383e+01
1.819600000000000106e+00	3.746554586183939506e+01
1.823199999999999932e+00	3.796020682747482766e+01
1.826899999999999968e+00	3.662932390367159030e+01
1.830500000000000016e+00	3.589916712339821458e+01
1.834100000000000064e+00	3.446717038247481213e+01
1.837699999999999889e+00	3.276769675314365315e+01
1.841299999999999937e+00	3.178042374304914475e+01
1.844899999999999984e+00	3.040709057732043874e+01
1.848500000000000032e+00	3.026421687864864296e+01
1.852100000000000080e+00	3.116088940143394836e+01
1.855699999999999905e+00	3.319528382459369453e+01
1.859299999999999953e+00	3.549974718959726516e+01
1.862900000000000000e+00	3.769936109882716835e+01
1.866500000000000048e+00	3.754446951407015831e+01
1.870100000000000096e+00	3.642379130649716501e+01
1.873699999999999921e+00	3.558695725556613354e+01
1.877399999999999958e+00	3.313920341140212855e+01
1.881000000000000005e+00	3.200059202574437478e+01
1.884600000000000053e+00	3.085154373853657006e+01
1.888200000000000101e+00	3.096670816001642024e+01
1.891799999999999926e+00	3.140804409877785375e+01
1.895399999999999974e+00	3.077984700732682555e+01
1.899000000000000021e+00	3.150924717099446681e+01
1.902600000000000069e+00	3.189781581690600731e+01
1.906199999999999894e+00	3.122776501020126361e+01
1.909799999999999942e+00	3.135113349098010715e+01
1.913399999999999990e+00	3.173435564867774161e+01
1.917000000000000037e+00	3.213587502541435725e+01
1.920600000000000085e+00	3.161774131866964055e+01
1.924199999999999910e+00	3.101131805770933880e+01
1.927899999999999947e+00	3.111028141715481254e+01
1.931499999999999995e+00	2.942637221712703521e+01
1.935100000000000042e+00	2.865455538711464456e+01
1.938700000000000090e+00	2.745091559914212453e+01
1.942299999999999915e+00	2.720158947092511781e+01
1.945899999999999963e+00	2.713308433496963090e+01
1.949500000000000011e+00	2.724575701981883569e+01
1.953100000000000058e+00	2.811646118491112034e+01
1.956700000000000106e+00	2.889199046243522417e+01
1.960299999999999931e+00	3.046337125179636374e+01
1.963899999999999979e+00	3.040424972113070012e+01
1.967500000000000027e+00	3.213346389245638335e+01
1.971100000000000074e+00	3.215297348707339609e+01
1.974699999999999900e+00	3.253821586763238116e+01
1.978399999999999936e+00	3.150750497173126874e+01
1.981999999999999984e+00	3.032391292677981909e+01
1.985600000000000032e+00	3.017169117773291731e+01
1.989200000000000079e+00	2.926969620976497310e+01
1.992799999999999905e+00	2.908030084505822899e+01
1.996399999999999952e+00	2.915409242645082699e+01
2.000000000000000000e+00	3.040426674416599795e+01
