2.000000000000000111e-01	-2.213761155945963566e-01
2.036000000000000032e-01	-8.295739599734042180e-01
2.071999999999999953e-01	-1.377388461612887305e-01
2.107999999999999874e-01	-1.992859230430382489e+00
2.144000000000000072e-01	-6.627374549950721949e-01
2.179999999999999993e-01	-5.043421373796295182e-01
2.215999999999999914e-01	-1.760296221106160131e+00
2.253000000000000003e-01	-1.169415325543501361e+00
2.288999999999999924e-01	-2.872381107869780070e+00
2.325000000000000122e-01	-2.648883547788440040e+00
2.361000000000000043e-01	-2.463616703171528588e+00
2.396999999999999964e-01	-1.883946777276264806e+00
2.432999999999999885e-01	-2.537523478854423864e+00
2.469000000000000083e-01	-1.910145119431503558e+00
2.505000000000000004e-01	-1.778995632743918254e+00
2.540999999999999925e-01	-3.057479228824774964e+00
2.576999999999999846e-01	-1.994077529003793758e+00
2.612999999999999767e-01	-1.946403278440077100e+00
2.649000000000000243e-01	-1.897516793707479943e+00
2.685000000000000164e-01	-1.498362409012186536e+00
2.721000000000000085e-01	-1.645930732938749141e+00
2.757999999999999896e-01	-3.216896660797335938e-01
2.793999999999999817e-01	-3.521785387907346854e-01
2.829999999999999738e-01	-5.935971867159022253e-01
2.866000000000000214e-01	1.904536188849511591e-01
2.902000000000000135e-01	1.892649624087315852e-01
2.938000000000000056e-01	-1.050750765964165279e+00
2.973999999999999977e-01	-9.029604643377808770e-01
3.009999999999999898e-01	-7.368702253603983676e-01
3.045999999999999819e-01	-1.519866264073676643e+00
3.081999999999999740e-01	-1.473109219884565224e-01
3.118000000000000216e-01	-1.369019693206914301e+00
3.154000000000000137e-01	-1.669859315387998144e+00
3.190000000000000058e-01	-2.819885331664131467e+00
3.225999999999999979e-01	-1.579514921339914668e+00
3.262999999999999790e-01	-2.586268720940740007e+00
3.299000000000000266e-01	-2.479100127697567491e+00
3.335000000000000187e-01	-2.772898390362637411e+00
3.371000000000000107e-01	-1.565611778734369297e+00
3.407000000000000028e-01	-1.157303601451109776e+00
3.442999999999999949e-01	9.453943304336043241e-02
3.478999999999999870e-01	-1.455137660795554178e+00
3.514999999999999791e-01	-1.520140081298019252e-01
3.551000000000000267e-01	5.759451052424731099e-01
3.587000000000000188e-01	3.615015154443325107e-01
3.623000000000000109e-01	7.550101965428739348e-01
3.659000000000000030e-01	-7.464927731808143063e-01
3.694999999999999951e-01	4.655607695833541282e-01
3.730999999999999872e-01	6.183989290714831943e-01
3.768000000000000238e-01	4.143349123288109781e-01
3.804000000000000159e-01	1.984209579928939149e-01
3.840000000000000080e-01	3.578984237386740319e-01
3.876000000000000001e-01	5.018022797027041904e-01
3.911999999999999922e-01	-6.048336786711872026e-01
3.947999999999999843e-01	-8.962986128909168348e-01
3.983999999999999764e-01	-4.189280975921323424e-01
4.020000000000000240e-01	1.912156208091858600e-01
4.056000000000000161e-01	-1.595446204992320816e+00
4.092000000000000082e-01	-8.266399988592042503e-01
4.128000000000000003e-01	-1.311720906899850325e-01
4.163999999999999924e-01	4.058474025097380533e-01
4.199999999999999845e-01	4.884052383155148558e-01
4.235999999999999766e-01	-7.704360870545906570e-02
4.273000000000000131e-01	4.333433756214744026e-01
4.309000000000000052e-01	1.396759575746231441e+00
4.344999999999999973e-01	1.895154713834849902e+00
4.380999999999999894e-01	1.587241089129268090e+00
4.416999999999999815e-01	1.077178567190014258e+00
4.452999999999999736e-01	1.617278093076844669e+00
4.489000000000000212e-01	2.363158007746174682e+00
4.525000000000000133e-01	1.400146956649356955e+00
4.561000000000000054e-01	9.563572287700797814e-01
4.596999999999999975e-01	5.467963922331209314e-02
4.632999999999999896e-01	3.715709943364172707e-01
4.668999999999999817e-01	5.576143048377334432e-01
4.704999999999999738e-01	4.451126561156370509e-01
4.741000000000000214e-01	1.057971417041478457e+00
4.778000000000000025e-01	5.916558536760583298e-01
4.813999999999999946e-01	3.020311800325015117e-02
4.849999999999999867e-01	-1.308164293767694053e-01
4.885999999999999788e-01	1.428422030021601064e-01
4.922000000000000264e-01	-5.472330063669192945e-01
4.958000000000000185e-01	1.208706534871097693e+00
4.994000000000000106e-01	1.336182438623772617e+00
5.030000000000000027e-01	8.065793206955309547e-01
5.066000000000000503e-01	2.143965135626236584e+00
5.101999999999999869e-01	1.604172043624045418e+00
5.138000000000000345e-01	1.511179774273820220e+00
5.173999999999999710e-01	2.561527618116758553e+00
5.210000000000000187e-01	2.621579303932644489e+00
5.245999999999999552e-01	3.321169147579958292e+00
5.282999999999999918e-01	2.234604767333831177e+00
5.319000000000000394e-01	1.692329117784425074e+00
5.354999999999999760e-01	2.046012662027223428e+00
5.391000000000000236e-01	1.972302427147319515e+00
5.426999999999999602e-01	1.978656224416635467e+00
5.463000000000000078e-01	1.482054437998866714e+00
5.499000000000000554e-01	1.753970098512958042e+00
5.534999999999999920e-01	1.065442016204198428e+00
5.571000000000000396e-01	1.102075977165967835e+00
5.606999999999999762e-01	1.198152851938249164e+00
5.643000000000000238e-01	1.283953303288430270e+00
5.678999999999999604e-01	3.249209623626610810e+00
5.715000000000000080e-01	2.096687575960455518e+00
5.752000000000000446e-01	3.050340323454746816e+00
5.787999999999999812e-01	1.907312398475129234e+00
5.824000000000000288e-01	1.817590352598757120e+00
5.859999999999999654e-01	2.955863638046570152e+00
5.896000000000000130e-01	2.828834496986775360e+00
5.931999999999999496e-01	4.071791874290909163e+00
5.967999999999999972e-01	3.853790169850111358e+00
6.004000000000000448e-01	3.352501663936640064e+00
6.039999999999999813e-01	3.313379981346638914e+00
6.076000000000000290e-01	4.029199246560764891e+00
6.111999999999999655e-01	4.019895186946264687e+00
6.148000000000000131e-01	5.192632260193726701e+00
6.183999999999999497e-01	3.436186226671154920e+00
6.219999999999999973e-01	2.753202132142435588e+00
6.257000000000000339e-01	3.497783955938120748e+00
6.292999999999999705e-01	2.871486830641980958e+00
6.329000000000000181e-01	1.728117276943825775e+00
6.364999999999999547e-01	2.473695912111411488e+00
6.401000000000000023e-01	2.130895375510248435e+00
6.437000000000000499e-01	1.791804639416117562e+00
6.472999999999999865e-01	2.152875566628531079e+00
6.509000000000000341e-01	1.413619831853548670e+00
6.544999999999999707e-01	1.763510263747447793e+00
6.581000000000000183e-01	2.268160563447616518e+00
6.616999999999999549e-01	4.231912258448119246e+00
6.653000000000000025e-01	3.406889898433478781e+00
6.689000000000000501e-01	3.352493083286129494e+00
6.724999999999999867e-01	4.420062120540825035e+00
6.762000000000000233e-01	5.130172045515301704e+00
6.797999999999999599e-01	4.732878517990674716e+00
6.834000000000000075e-01	5.141138957357281214e+00
6.870000000000000551e-01	4.614738458182356062e+00
6.905999999999999917e-01	4.806767907418808328e+00
6.942000000000000393e-01	5.702609097946346850e+00
6.977999999999999758e-01	5.105230567748856529e+00
7.014000000000000234e-01	4.793290898264936928e+00
7.049999999999999600e-01	4.520005827807901611e+00
7.086000000000000076e-01	4.930642655550826703e+00
7.122000000000000552e-01	4.074314691399855803e+00
7.157999999999999918e-01	3.128890342721780016e+00
7.194000000000000394e-01	4.323730989103927058e+00
7.229999999999999760e-01	4.680091731171778235e+00
7.267000000000000126e-01	3.225143759235398200e+00
7.302999999999999492e-01	2.983523084111725510e+00
7.338999999999999968e-01	3.186202658862972825e+00
7.375000000000000444e-01	3.683832622441611804e+00
7.410999999999999810e-01	5.296497196005578445e+00
7.447000000000000286e-01	5.070221055800157473e+00
7.482999999999999652e-01	5.268014063280652692e+00
7.519000000000000128e-01	5.119451161981234399e+00
7.554999999999999494e-01	6.557602736002049681e+00
7.590999999999999970e-01	4.780359368113078489e+00
7.627000000000000446e-01	6.759487228970503914e+00
7.662999999999999812e-01	5.383444356157638389e+00
7.699000000000000288e-01	4.604329776780611283e+00
7.734999999999999654e-01	4.352701203887118453e+00
7.772000000000000020e-01	6.150297974796189671e+00
7.808000000000000496e-01	5.391764545716121404e+00
7.843999999999999861e-01	4.679746566505124328e+00
7.880000000000000338e-01	5.498425090855254993e+00
7.915999999999999703e-01	4.897035810276528345e+00
7.952000000000000179e-01	4.499386186589812375e+00
7.987999999999999545e-01	6.207798799823169844e+00
8.024000000000000021e-01	6.047612556126143346e+00
8.060000000000000497e-01	5.747576129612236961e+00
8.095999999999999863e-01	5.272722434401080349e+00
8.132000000000000339e-01	4.375708700357469283e+00
8.167999999999999705e-01	5.021457234678658565e+00
8.204000000000000181e-01	5.406714491537285561e+00
8.239999999999999547e-01	4.990215395291546230e+00
8.276999999999999913e-01	5.863848671295595061e+00
8.313000000000000389e-01	6.185764244720513894e+00
8.348999999999999755e-01	6.187016667050823315e+00
8.385000000000000231e-01	7.331789165331697333e+00
8.420999999999999597e-01	7.401445323851385538e+00
8.457000000000000073e-01	7.271532137081669234e+00
8.493000000000000549e-01	6.724851454391390426e+00
8.528999999999999915e-01	6.737406741999336646e+00
8.565000000000000391e-01	6.217404805359799447e+00
8.600999999999999757e-01	6.129323742080946325e+00
8.637000000000000233e-01	5.453082010021247150e+00
8.672999999999999599e-01	7.491783155076193523e+00
8.709000000000000075e-01	5.732151610863063240e+00
8.745000000000000551e-01	6.696050341053280341e+00
8.781999999999999806e-01	5.588763849239851922e+00
8.818000000000000282e-01	6.452908331771133987e+00
8.853999999999999648e-01	6.075891537037819923e+00
8.890000000000000124e-01	6.106247735286478573e+00
8.925999999999999490e-01	7.029070424872665868e+00
8.961999999999999966e-01	6.404339743684757558e+00
8.998000000000000442e-01	7.471940619605489609e+00
9.033999999999999808e-01	7.223144291377811221e+00
9.070000000000000284e-01	7.730470659824717927e+00
9.105999999999999650e-01	7.979958085407893087e+00
9.142000000000000126e-01	7.610875555676980930e+00
9.177999999999999492e-01	7.196961192562073784e+00
9.213999999999999968e-01	6.998219040403674818e+00
9.251000000000000334e-01	7.823829497602329042e+00
9.286999999999999700e-01	8.242095564381161310e+00
9.323000000000000176e-01	8.054519552507098723e+00
9.358999999999999542e-01	7.894054738937565041e+00
9.395000000000000018e-01	9.009722571940068647e+00
9.431000000000000494e-01	9.253094773799405814e+00
9.466999999999999860e-01	8.004972565301883947e+00
9.503000000000000336e-01	7.932776120461989322e+00
9.538999999999999702e-01	8.371064626141567544e+00
9.575000000000000178e-01	8.398589540279763455e+00
9.610999999999999543e-01	6.892744902879050173e+00
9.647000000000000020e-01	7.727153788713109428e+00
9.683000000000000496e-01	8.692146864656468352e+00
9.718999999999999861e-01	8.028116686940480307e+00
9.756000000000000227e-01	9.716901170958729850e+00
9.791999999999999593e-01	8.533081002525273462e+00
9.828000000000000069e-01	9.296757694800891869e+00
9.864000000000000545e-01	8.546793394944954159e+00
9.899999999999999911e-01	9.988366127483285339e+00
9.936000000000000387e-01	1.030718386731665781e+01
9.971999999999999753e-01	8.864502549374774887e+00
1.000799999999999912e+00	9.417592694402541653e+00
1.004399999999999959e+00	9.784584618408025847e+00
1.008000000000000007e+00	9.543312327563446829e+00
1.011600000000000055e+00	9.192076988054020958e+00
1.015200000000000102e+00	9.884903243717682031e+00
1.018799999999999928e+00	9.530843083124725723e+00
1.022399999999999975e+00	9.674740850821898164e+00
1.026100000000000012e+00	1.013842602680598581e+01
1.029700000000000060e+00	9.328485294551564166e+00
1.033300000000000107e+00	9.146063730789048662e+00
1.036899999999999933e+00	9.762413135530907837e+00
1.040499999999999980e+00	9.740741840590834144e+00
1.044100000000000028e+00	9.160330477599181620e+00
1.047700000000000076e+00	8.927181612714885972e+00
1.051299999999999901e+00	9.281066494384132781e+00
1.054899999999999949e+00	8.762544030396099970e+00
1.058499999999999996e+00	9.444462833979565985e+00
1.062100000000000044e+00	9.181502627881158674e+00
1.065700000000000092e+00	9.160921454506571138e+00
1.069299999999999917e+00	1.067755106069592763e+01
1.072899999999999965e+00	1.041084434004578796e+01
1.076600000000000001e+00	1.015558383517461039e+01
1.080200000000000049e+00	1.004175498634039343e+01
1.083800000000000097e+00	9.975099978544271551e+00
1.087399999999999922e+00	1.056768598716439733e+01
1.090999999999999970e+00	1.148916299385702011e+01
1.094600000000000017e+00	1.069910630047049516e+01
1.098200000000000065e+00	1.342354240582019642e+01
1.101799999999999891e+00	1.266200261513598235e+01
1.105399999999999938e+00	1.274230385372713847e+01
1.108999999999999986e+00	1.242019119939932281e+01
1.112600000000000033e+00	1.171641047932792645e+01
1.116200000000000081e+00	1.178992863369085775e+01
1.119799999999999907e+00	1.114905472485852123e+01
1.123399999999999954e+00	1.086342464167409005e+01
1.127099999999999991e+00	1.066159099263389365e+01
1.130700000000000038e+00	1.021283218556384575e+01
1.134300000000000086e+00	1.136557178416953917e+01
1.137899999999999912e+00	1.122173690439249150e+01
1.141499999999999959e+00	1.124143690455812816e+01
1.145100000000000007e+00	1.192238145672124894e+01
1.148700000000000054e+00	1.218240164825413707e+01
1.152300000000000102e+00	1.326793179745055795e+01
1.155899999999999928e+00	1.411626188540416393e+01
1.159499999999999975e+00	1.467032651369021856e+01
1.163100000000000023e+00	1.439892434721291892e+01
1.166700000000000070e+00	1.402913904307921733e+01
1.170299999999999896e+00	1.417675107806400270e+01
1.173899999999999944e+00	1.265270626731833836e+01
1.177599999999999980e+00	1.294305902472809322e+01
1.181200000000000028e+00	1.297213923922731027e+01
1.184800000000000075e+00	1.380162761841925878e+01
1.188399999999999901e+00	1.404515581494836596e+01
1.191999999999999948e+00	1.354894109404488844e+01
1.195599999999999996e+00	1.540587996700471507e+01
1.199200000000000044e+00	1.474761425632190637e+01
1.202800000000000091e+00	1.460077845237466576e+01
1.206399999999999917e+00	1.469840788139745769e+01
1.209999999999999964e+00	1.347850206191439959e+01
1.213600000000000012e+00	1.473311782873965292e+01
1.217200000000000060e+00	1.496634412232446820e+01
1.220800000000000107e+00	1.500740205793769633e+01
1.224399999999999933e+00	1.477638649936169379e+01
1.228099999999999969e+00	1.468887088217935677e+01
1.231700000000000017e+00	1.610962635687446820e+01
1.235300000000000065e+00	1.534193858118481657e+01
1.238899999999999890e+00	1.552338542851913239e+01
1.242499999999999938e+00	1.640011925592832043e+01
1.246099999999999985e+00	1.617845006985842105e+01
1.249700000000000033e+00	1.636441939418117641e+01
1.253300000000000081e+00	1.605963017986872288e+01
1.256899999999999906e+00	1.645522211591869066e+01
1.260499999999999954e+00	1.628623918393985903e+01
1.264100000000000001e+00	1.751956511548879547e+01
1.267700000000000049e+00	1.688861851997362606e+01
1.271300000000000097e+00	1.774710515116835197e+01
1.274899999999999922e+00	1.712484813614119972e+01
1.278599999999999959e+00	1.614999090687611627e+01
1.282200000000000006e+00	1.749677404453773377e+01
1.285800000000000054e+00	1.625615377334897715e+01
1.289400000000000102e+00	1.810197997929212477e+01
1.292999999999999927e+00	1.844238586172387784e+01
1.296599999999999975e+00	1.784878724889309254e+01
1.300200000000000022e+00	1.811858440140180448e+01
1.303800000000000070e+00	1.689310463182495070e+01
1.307399999999999896e+00	1.725562379174462535e+01
1.310999999999999943e+00	1.806956137099963655e+01
1.314599999999999991e+00	1.832744772889281748e+01
1.318200000000000038e+00	1.813378718426867664e+01
1.321800000000000086e+00	1.865397608629251636e+01
1.325499999999999901e+00	1.837218255096198405e+01
1.329099999999999948e+00	1.905324716812548047e+01
1.332699999999999996e+00	1.993737932211454478e+01
1.336300000000000043e+00	1.944248664844261398e+01
1.339900000000000091e+00	1.901134432225859427e+01
1.343499999999999917e+00	1.882394483239850658e+01
1.347099999999999964e+00	1.964075333546121271e+01
1.350700000000000012e+00	1.999783181439711655e+01
1.354300000000000059e+00	2.035387556787749830e+01
1.357900000000000107e+00	1.972532643048131362e+01
1.361499999999999932e+00	2.113582022939680982e+01
1.365099999999999980e+00	2.100515272538763156e+01
1.368700000000000028e+00	1.979520209983269297e+01
1.372300000000000075e+00	2.059581707864245814e+01
1.375999999999999890e+00	2.107206264927737394e+01
1.379599999999999937e+00	2.165491869806079706e+01
1.383199999999999985e+00	2.172269494325079009e+01
1.386800000000000033e+00	2.047639255036496309e+01
1.390400000000000080e+00	2.046186467860895775e+01
1.393999999999999906e+00	2.084440634829542560e+01
1.397599999999999953e+00	2.055661177471334966e+01
1.401200000000000001e+00	2.030414475735067370e+01
1.404800000000000049e+00	1.996129283095408624e+01
1.408400000000000096e+00	2.057272087250997217e+01
1.411999999999999922e+00	2.081464097267580371e+01
1.415599999999999969e+00	2.090932251806442821e+01
1.419200000000000017e+00	2.158992215049973851e+01
1.422800000000000065e+00	1.938202263197212005e+01
1.426500000000000101e+00	2.070376929700992008e+01
1.430099999999999927e+00	1.931956907901480491e+01
1.433699999999999974e+00	1.872942224901392194e+01
1.437300000000000022e+00	1.940857312211896968e+01
1.440900000000000070e+00	2.008637817617500687e+01
1.444499999999999895e+00	2.024041727711271932e+01
1.448099999999999943e+00	2.083948819357476623e+01
1.451699999999999990e+00	2.105003468625370644e+01
1.455300000000000038e+00	2.057644270774101258e+01
1.458900000000000086e+00	1.994769407677058481e+01
1.462499999999999911e+00	2.096652733178624572e+01
1.466099999999999959e+00	2.084819870325911495e+01
1.469700000000000006e+00	2.133822658816093920e+01
1.473300000000000054e+00	2.104522127985188718e+01
1.477000000000000091e+00	2.162957817164151209e+01
1.480599999999999916e+00	2.128429254345413923e+01
1.484199999999999964e+00	2.221514890545288878e+01
1.487800000000000011e+00	2.219146283732323965e+01
1.491400000000000059e+00	2.273568275209529688e+01
1.495000000000000107e+00	2.283843966636470668e+01
1.498599999999999932e+00	2.284764867417192136e+01
1.502199999999999980e+00	2.328893228968279416e+01
1.505800000000000027e+00	2.368544808232062593e+01
1.509400000000000075e+00	2.351740083986743457e+01
1.512999999999999901e+00	2.319533877753358553e+01
1.516599999999999948e+00	2.311480283836216287e+01
1.520199999999999996e+00	2.440338863643537692e+01
1.523800000000000043e+00	2.316921642789244373e+01
1.527500000000000080e+00	2.329893716467220344e+01
1.531099999999999905e+00	2.375687415554926929e+01
1.534699999999999953e+00	2.404871006607859130e+01
1.538300000000000001e+00	2.429967629512367111e+01
1.541900000000000048e+00	2.491720712024877216e+01
1.545500000000000096e+00	2.523565286593622048e+01
1.549099999999999921e+00	2.600384635930931765e+01
1.552699999999999969e+00	2.672766913061959215e+01
1.556300000000000017e+00	2.540269385765784804e+01
1.559900000000000064e+00	2.628541724639899613e+01
1.563499999999999890e+00	2.534308182239141161e+01
1.567099999999999937e+00	2.504915446335510509e+01
1.570699999999999985e+00	2.608101422723697382e+01
1.574300000000000033e+00	2.576115847600328479e+01
1.578000000000000069e+00	2.491702051409506424e+01
1.581599999999999895e+00	2.652231678176348595e+01
1.585199999999999942e+00	2.672727289016384944e+01
1.588799999999999990e+00	2.709547466545937056e+01
1.592400000000000038e+00	2.802649619898599553e+01
1.596000000000000085e+00	2.842542777423999212e+01
1.599599999999999911e+00	2.785082552166044323e+01
1.603199999999999958e+00	2.617601903792819940e+01
1.606800000000000006e+00	2.872369266202690952e+01
1.610400000000000054e+00	2.784009307977552439e+01
1.614000000000000101e+00	2.827409738386413451e+01
1.617599999999999927e+00	3.012233233026351797e+01
1.621199999999999974e+00	2.923292414855797716e+01
1.624800000000000022e+00	2.897257075096395340e+01
1.628500000000000059e+00	2.892971518616448634e+01
1.632100000000000106e+00	2.898333925148759960e+01
1.635699999999999932e+00	2.781013712524952197e+01
1.639299999999999979e+00	2.920892790588485965e+01
1.642900000000000027e+00	2.931672956824775866e+01
1.646500000000000075e+00	2.978077620967524552e+01
1.650099999999999900e+00	2.905656191366099250e+01
1.653699999999999948e+00	2.966332009911298329e+01
1.657299999999999995e+00	3.053486404172858926e+01
1.660900000000000043e+00	3.126766983400191080e+01
1.664500000000000091e+00	3.297143662448529255e+01
1.668099999999999916e+00	3.340692084878925527e+01
1.671699999999999964e+00	3.254548040494373140e+01
1.675400000000000000e+00	3.241134644507150853e+01
1.679000000000000048e+00	3.229430181474941008e+01
1.682600000000000096e+00	3.255306307663612131e+01
1.686199999999999921e+00	3.212836378780983893e+01
1.689799999999999969e+00	3.111591632016925857e+01
1.693400000000000016e+00	3.258567552428864644e+01
1.697000000000000064e+00	3.407697542749139075e+01
1.700599999999999890e+00	3.503762914568136466e+01
1.704199999999999937e+00	3.640658058052999735e+01
1.707799999999999985e+00	3.878108335934025774e+01
1.711400000000000032e+00	4.023517222967982576e+01
1.715000000000000080e+00	4.081615236697308546e+01
1.718599999999999905e+00	4.107422030633401278e+01
1.722199999999999953e+00	4.064145628213349681e+01
1.725899999999999990e+00	3.819238815992660108e+01
1.729500000000000037e+00	3.905426030301867257e+01
1.733100000000000085e+00	3.841748552682543760e+01
1.736699999999999910e+00	3.731539472976272265e+01
1.740299999999999958e+00	3.793864101950741485e+01
1.743900000000000006e+00	3.737583025592698505e+01
1.747500000000000053e+00	3.679196852400970386e+01
1.751100000000000101e+00	3.573486670957796463e+01
1.754699999999999926e+00	3.496260245953120460e+01
1.758299999999999974e+00	3.406240708631722214e+01
1.761900000000000022e+00	3.467614487591239225e+01
1.765500000000000069e+00	3.544296862512155855e+01
1.769099999999999895e+00	3.555859933996769939e+01
1.772699999999999942e+00	3.698800555606872109e+01
1.776399999999999979e+00	3.846272368611447945e+01
1.780000000000000027e+00	3.710818416817599541e+01
1.783600000000000074e+00	3.695812996438512243e+01
1.787199999999999900e+00	3.546190613867411656e+01
1.790799999999999947e+00	3.515332667685107992e+01
1.794399999999999995e+00	3.489579942249602595e+01
1.798000000000000043e+00	3.410217398186337334e+01
1.801600000000000090e+00	3.409358328082117140e+01
1.805199999999999916e+00	3.313021782632721113e+01
1.808799999999999963e+00	3.393435949553977338e+01
1.812400000000000011e+00	3.531510274197366073e+01
1.816000000000000059e+00	3.765207911695197396e+01
1.819600000000000106e+00	3.682003706021751555e+01
1.823199999999999932e+00	3.823604771203917352e+01
1.826899999999999968e+00	3.758816440346292609e+01
1.830500000000000016e+00	3.654046405142734244e+01
1.834100000000000064e+00	3.544177157179343851e+01
1.837699999999999889e+00	3.630839302802486657e+01
1.841299999999999937e+00	3.452098364086315740e+01
1.844899999999999984e+00	3.254833708886501853e+01
1.848500000000000032e+00	3.280403000622052190e+01
1.852100000000000080e+00	3.210775152414707634e+01
1.855699999999999905e+00	3.240260645317121657e+01
1.859299999999999953e+00	3.162120154305787167e+01
1.862900000000000000e+00	3.326607503193055493e+01
1.866500000000000048e+00	3.438627415699459533e+01
1.870100000000000096e+00	3.514829690152129871e+01
1.873699999999999921e+00	3.588551787253834391e+01
1.877399999999999958e+00	3.660164317057938632e+01
1.881000000000000005e+00	3.733084509745646784e+01
1.884600000000000053e+00	3.842709712595204508e+01
1.888200000000000101e+00	3.903128699284046377e+01
1.891799999999999926e+00	3.800408164611850736e+01
1.895399999999999974e+00	3.997462619525605731e+01
1.899000000000000021e+00	4.102146182733390134e+01
1.902600000000000069e+00	4.178194710289520231e+01
1.906199999999999894e+00	4.136156215163636318e+01
1.909799999999999942e+00	4.011859537502983386e+01
1.913399999999999990e+00	3.906756623512818294e+01
1.917000000000000037e+00	3.738681876624657718e+01
1.920600000000000085e+00	3.430005388703474978e+01
1.924199999999999910e+00	3.507149829152443488e+01
1.927899999999999947e+00	3.622095549502157041e+01
1.931499999999999995e+00	4.038400805766022472e+01
1.935100000000000042e+00	4.202743688346401996e+01
1.938700000000000090e+00	4.665919679331301495e+01
1.942299999999999915e+00	4.675009895727759357e+01
1.945899999999999963e+00	4.357072100781784485e+01
1.949500000000000011e+00	4.137849411680085865e+01
1.953100000000000058e+00	3.952423225654445815e+01
1.956700000000000106e+00	3.957804626897226541e+01
1.960299999999999931e+00	4.063825417299225506e+01
1.963899999999999979e+00	4.300190828069749926e+01
1.967500000000000027e+00	4.584117810464225329e+01
1.971100000000000074e+00	4.899416833733496901e+01
1.974699999999999900e+00	4.938988227302002088e+01
1.978399999999999936e+00	5.000364667812253572e+01
1.981999999999999984e+00	5.099963696644145728e+01
1.985600000000000032e+00	5.158656542829077551e+01
1.989200000000000079e+00	5.063416691688928495e+01
1.992799999999999905e+00	5.058374843874498339e+01
1.996399999999999952e+00	4.980554709365006261e+01
2.000000000000000000e+00	4.838018350087929065e+01
