2.000000000000000111e-01	2.237544820744240770e+00
2.036000000000000032e-01	5.884185554578420518e-01
2.071999999999999953e-01	3.044166079826940763e+00
2.107999999999999874e-01	4.782186003939524532e+00
2.144000000000000072e-01	3.097355504001476412e+00
2.179999999999999993e-01	8.124912709758493889e-01
2.215999999999999914e-01	2.517193238089511897e+00
2.253000000000000003e-01	3.592250952609655545e+00
2.288999999999999924e-01	2.348894577101683812e+00
2.325000000000000122e-01	2.871976419152143301e+00
2.361000000000000043e-01	3.484809847492811308e+00
2.396999999999999964e-01	3.688714510081099629e+00
2.432999999999999885e-01	2.772464091199700942e+00
2.469000000000000083e-01	3.393184887555552365e+00
2.505000000000000004e-01	3.859705264402539360e+00
2.540999999999999925e-01	1.596339683758851269e+00
2.576999999999999846e-01	-1.462532471132669265e-01
2.612999999999999767e-01	2.187522079782251994e-01
2.649000000000000243e-01	3.559019266534977910e-01
2.685000000000000164e-01	1.063181982286107941e+00
2.721000000000000085e-01	5.834256190713472678e-01
2.757999999999999896e-01	1.102079431273954579e+00
2.793999999999999817e-01	-7.514416652123794282e-01
2.829999999999999738e-01	-1.386379594868510368e-01
2.866000000000000214e-01	1.047626784313693937e+00
2.902000000000000135e-01	2.073483134822804885e+00
2.938000000000000056e-01	2.627335144970721181e+00
2.973999999999999977e-01	2.865217208134204441e+00
3.009999999999999898e-01	4.800479923520368786e+00
3.045999999999999819e-01	3.106324827882152473e+00
3.081999999999999740e-01	4.881498813035242357e+00
3.118000000000000216e-01	4.021307430389096105e+00
3.154000000000000137e-01	4.003878050813407086e+00
3.190000000000000058e-01	5.345961707126603457e+00
3.225999999999999979e-01	4.566675447421195244e+00
3.262999999999999790e-01	3.674023247588829033e+00
3.299000000000000266e-01	3.228448195520346342e+00
3.335000000000000187e-01	3.978704349693547471e+00
3.371000000000000107e-01	2.976855520127850596e+00
3.407000000000000028e-01	1.526177823688516844e+00
3.442999999999999949e-01	1.354701371515652397e+00
3.478999999999999870e-01	2.144805803016224033e+00
3.514999999999999791e-01	1.301768424397440782e+00
3.551000000000000267e-01	4.955836276443958965e-01
3.587000000000000188e-01	2.086192227514333641e+00
3.623000000000000109e-01	1.737857090637680013e+00
3.659000000000000030e-01	6.392798730776183547e-01
3.694999999999999951e-01	1.374987126606435517e+00
3.730999999999999872e-01	2.073671378472186966e+00
3.768000000000000238e-01	2.977601421098494683e+00
3.804000000000000159e-01	2.554074217798570245e+00
3.840000000000000080e-01	3.698045240481710572e+00
3.876000000000000001e-01	4.040043919410584827e+00
3.911999999999999922e-01	3.823760173141714347e+00
3.947999999999999843e-01	3.436214309655897470e+00
3.983999999999999764e-01	5.603042818141425130e+00
4.020000000000000240e-01	5.293514100675206890e+00
4.056000000000000161e-01	6.518141435396080041e+00
4.092000000000000082e-01	4.640740198829109708e+00
4.128000000000000003e-01	4.702818398118200349e+00
4.163999999999999924e-01	5.025691342603032297e+00
4.199999999999999845e-01	5.084046303000803846e+00
4.235999999999999766e-01	1.957778141301733221e+00
4.273000000000000131e-01	4.176694226451070691e+00
4.309000000000000052e-01	2.176807820904015145e+00
4.344999999999999973e-01	1.331242858692457620e+00
4.380999999999999894e-01	1.655029100485042814e+00
4.416999999999999815e-01	3.133190635317998352e-01
4.452999999999999736e-01	1.938410466501319540e+00
4.489000000000000212e-01	1.234207407327619910e+00
4.525000000000000133e-01	2.480387995379722099e+00
4.561000000000000054e-01	2.356258671980102637e+00
4.596999999999999975e-01	1.101227868340592275e+00
4.632999999999999896e-01	5.046515270897659056e-01
4.668999999999999817e-01	1.079641386206104503e+00
4.704999999999999738e-01	8.217311737883402634e-01
4.741000000000000214e-01	2.159254460970926548e+00
4.778000000000000025e-01	2.742855908118023045e+00
4.813999999999999946e-01	4.876289514501776168e+00
4.849999999999999867e-01	4.235202231102508819e+00
4.885999999999999788e-01	3.344220569653202801e+00
4.922000000000000264e-01	2.681851533186219605e+00
4.958000000000000185e-01	2.801716457150278394e+00
4.994000000000000106e-01	2.719633845006480311e+00
5.030000000000000027e-01	2.288855407047385437e+00
5.066000000000000503e-01	2.415866326371702399e+00
5.101999999999999869e-01	2.434174657692862898e+00
5.138000000000000345e-01	2.726214928328112741e+00
5.173999999999999710e-01	-4.068842074925549390e-01
5.210000000000000187e-01	8.708205183453168186e-01
5.245999999999999552e-01	-6.815351329685772619e-01
5.282999999999999918e-01	-1.041846858454523073e+00
5.319000000000000394e-01	-2.156961538662661049e+00
5.354999999999999760e-01	7.484244820351568794e-01
5.391000000000000236e-01	5.763544700985159253e-01
5.426999999999999602e-01	-9.926243805101542250e-03
5.463000000000000078e-01	-3.386385162849333552e-01
5.499000000000000554e-01	9.997039151648734467e-02
5.534999999999999920e-01	2.581903165615174522e+00
5.571000000000000396e-01	1.528828768455884335e+00
5.606999999999999762e-01	3.566629445948642285e+00
5.643000000000000238e-01	1.238940828938071226e+00
5.678999999999999604e-01	3.495214965584039213e+00
5.715000000000000080e-01	3.462448154246833720e+00
5.752000000000000446e-01	3.554658678236634728e+00
5.787999999999999812e-01	4.379848346460985198e+00
5.824000000000000288e-01	3.582426478280906768e+00
5.859999999999999654e-01	5.047112356818672652e+00
5.896000000000000130e-01	4.033189154966406065e+00
5.931999999999999496e-01	2.494535010261791363e+00
5.967999999999999972e-01	3.525576641849692550e+00
6.004000000000000448e-01	2.742975389141655729e+00
6.039999999999999813e-01	2.373975996902168539e+00
6.076000000000000290e-01	2.277459512627340033e+00
6.111999999999999655e-01	2.264213533518765864e+00
6.148000000000000131e-01	1.615079573772109756e+00
6.183999999999999497e-01	1.167271280836329472e+00
6.219999999999999973e-01	-8.306626019312581821e-01
6.257000000000000339e-01	7.275553045402713970e-01
6.292999999999999705e-01	6.006876613082492433e-01
6.329000000000000181e-01	2.789553509777706886e-01
6.364999999999999547e-01	8.011810375386527738e-01
6.401000000000000023e-01	2.169211518760715496e+00
6.437000000000000499e-01	2.500063364049170733e+00
6.472999999999999865e-01	5.110137477689203678e+00
6.509000000000000341e-01	2.605299040315653070e+00
6.544999999999999707e-01	3.643705770977800462e+00
6.581000000000000183e-01	4.188418283603574821e+00
6.616999999999999549e-01	6.115575132051231932e+00
6.653000000000000025e-01	4.381018264228615955e+00
6.689000000000000501e-01	4.967568992412614293e+00
6.724999999999999867e-01	3.170009156443478915e+00
6.762000000000000233e-01	4.735364923111038848e+00
6.797999999999999599e-01	4.808762394606791446e+00
6.834000000000000075e-01	5.453604224151995084e+00
6.870000000000000551e-01	3.564589915604439163e+00
6.905999999999999917e-01	2.606874209380897867e+00
6.942000000000000393e-01	2.219734257652845155e+00
6.977999999999999758e-01	3.998806739774478647e+00
7.014000000000000234e-01	2.536405172649693895e+00
7.049999999999999600e-01	2.165471620111780737e+00
7.086000000000000076e-01	2.734790472039666298e+00
7.122000000000000552e-01	3.636389936340497453e+00
7.157999999999999918e-01	3.205548038282720391e+00
7.194000000000000394e-01	3.348048902309343156e+00
7.229999999999999760e-01	2.801635421636837098e+00
7.267000000000000126e-01	2.437274340265902062e+00
7.302999999999999492e-01	4.039732922521093172e+00
7.338999999999999968e-01	4.918083885758790075e+00
7.375000000000000444e-01	3.685864025980456038e+00
7.410999999999999810e-01	4.485532101198920429e+00
7.447000000000000286e-01	5.835577418787664783e+00
7.482999999999999652e-01	6.011059625150318553e+00
7.519000000000000128e-01	5.068377293023345942e+00
7.554999999999999494e-01	6.315892307800053729e+00
7.590999999999999970e-01	6.876810753864377901e+00
7.627000000000000446e-01	5.233579396941178352e+00
7.662999999999999812e-01	4.787389087292108769e+00
7.699000000000000288e-01	7.214373377487622641e+00
7.734999999999999654e-01	5.866913503413291764e+00
7.772000000000000020e-01	5.874809623472621034e+00
7.808000000000000496e-01	5.026347426962633591e+00
7.843999999999999861e-01	4.997379643342179101e+00
7.880000000000000338e-01	4.406104466844716683e+00
7.915999999999999703e-01	4.135003817296825090e+00
7.952000000000000179e-01	5.369283330154364542e+00
7.987999999999999545e-01	5.863419262882245242e+00
8.024000000000000021e-01	5.086248259071853184e+00
8.060000000000000497e-01	2.262413115268107511e+00
8.095999999999999863e-01	4.595990676747308434e+00
8.132000000000000339e-01	6.245509324550143404e+00
8.167999999999999705e-01	4.982735053910695378e+00
8.204000000000000181e-01	4.614227724128730834e+00
8.239999999999999547e-01	5.992304529180518813e+00
8.276999999999999913e-01	7.406068092768158806e+00
8.313000000000000389e-01	5.997178906989543812e+00
8.348999999999999755e-01	6.783975419386104377e+00
8.385000000000000231e-01	7.079311068912164551e+00
8.420999999999999597e-01	7.388883570851246141e+00
8.457000000000000073e-01	5.548746609328244261e+00
8.493000000000000549e-01	6.695981506269642836e+00
8.528999999999999915e-01	8.937257885341370667e+00
8.565000000000000391e-01	6.308886631685721724e+00
8.600999999999999757e-01	5.959122367508792095e+00
8.637000000000000233e-01	5.581858316555552868e+00
8.672999999999999599e-01	7.438944092201407621e+00
8.709000000000000075e-01	6.426628867886219787e+00
8.745000000000000551e-01	5.680746677399261202e+00
8.781999999999999806e-01	6.126498467165715667e+00
8.818000000000000282e-01	6.133702879604381764e+00
8.853999999999999648e-01	3.259982649801803412e+00
8.890000000000000124e-01	5.214082724861861529e+00
8.925999999999999490e-01	5.786431938406896514e+00
8.961999999999999966e-01	6.514831779992530159e+00
8.998000000000000442e-01	6.983620103099832832e+00
9.033999999999999808e-01	5.656494606637274103e+00
9.070000000000000284e-01	6.992658869389511977e+00
9.105999999999999650e-01	6.079598753860115501e+00
9.142000000000000126e-01	7.664888356830227067e+00
9.177999999999999492e-01	7.383168322696848307e+00
9.213999999999999968e-01	7.539373685853369977e+00
9.251000000000000334e-01	7.672750546751242240e+00
9.286999999999999700e-01	7.253596139917199537e+00
9.323000000000000176e-01	7.665351302380259746e+00
9.358999999999999542e-01	8.308417429398238241e+00
9.395000000000000018e-01	8.289449622423404662e+00
9.431000000000000494e-01	7.968382200307465801e+00
9.466999999999999860e-01	8.311988934663961714e+00
9.503000000000000336e-01	8.442670594893654012e+00
9.538999999999999702e-01	8.837344836340795595e+00
9.575000000000000178e-01	8.449694188991326627e+00
9.610999999999999543e-01	7.429742830135706910e+00
9.647000000000000020e-01	7.150423093617274795e+00
9.683000000000000496e-01	7.283144424750876311e+00
9.718999999999999861e-01	8.881336429759782547e+00
9.756000000000000227e-01	7.999082887989460211e+00
9.791999999999999593e-01	7.458198145786472999e+00
9.828000000000000069e-01	8.884167693187883685e+00
9.864000000000000545e-01	8.114737227636515726e+00
9.899999999999999911e-01	8.074137110488976532e+00
9.936000000000000387e-01	9.008376906271989171e+00
9.971999999999999753e-01	1.021241247140892483e+01
1.000799999999999912e+00	9.017855136358479129e+00
1.004399999999999959e+00	8.206104540066210262e+00
1.008000000000000007e+00	9.592844990445641429e+00
1.011600000000000055e+00	8.468524311576437924e+00
1.015200000000000102e+00	9.985902960451186416e+00
1.018799999999999928e+00	9.950278904206241393e+00
1.022399999999999975e+00	1.017080846548505058e+01
1.026100000000000012e+00	9.901952172730441148e+00
1.029700000000000060e+00	1.141233989082399169e+01
1.033300000000000107e+00	9.653225352567652351e+00
1.036899999999999933e+00	1.028049745120299363e+01
1.040499999999999980e+00	9.839669494748140011e+00
1.044100000000000028e+00	9.157099643086308305e+00
1.047700000000000076e+00	9.325425719019543536e+00
1.051299999999999901e+00	7.782466667983486630e+00
1.054899999999999949e+00	6.708751903154828611e+00
1.058499999999999996e+00	6.979338076038597016e+00
1.062100000000000044e+00	8.136312203992407177e+00
1.065700000000000092e+00	6.579359321898659907e+00
1.069299999999999917e+00	7.044761346164706062e+00
1.072899999999999965e+00	7.566980437692198969e+00
1.076600000000000001e+00	6.490159739247311599e+00
1.080200000000000049e+00	8.352588936185219026e+00
1.083800000000000097e+00	8.930974955056315778e+00
1.087399999999999922e+00	8.162644542418034277e+00
1.090999999999999970e+00	9.120531531335053899e+00
1.094600000000000017e+00	1.085177912311375259e+01
1.098200000000000065e+00	1.132746987020987994e+01
1.101799999999999891e+00	1.170459828894176724e+01
1.105399999999999938e+00	1.187717296065149775e+01
1.108999999999999986e+00	1.048611472603891315e+01
1.112600000000000033e+00	1.062394594873902065e+01
1.116200000000000081e+00	1.152418828096875458e+01
1.119799999999999907e+00	9.533917167894614408e+00
1.123399999999999954e+00	1.013003375065770406e+01
1.127099999999999991e+00	1.003922537841135565e+01
1.130700000000000038e+00	9.293145718550023915e+00
1.134300000000000086e+00	9.077555254458102851e+00
1.137899999999999912e+00	9.626506086102734727e+00
1.141499999999999959e+00	8.015079154784135795e+00
1.145100000000000007e+00	8.621617053942847164e+00
1.148700000000000054e+00	9.069308995943814011e+00
1.152300000000000102e+00	9.369149080747385838e+00
1.155899999999999928e+00	9.209944669937966566e+00
1.159499999999999975e+00	1.171909916897182669e+01
1.163100000000000023e+00	1.081204765437735560e+01
1.166700000000000070e+00	1.020005375472752895e+01
1.170299999999999896e+00	1.026057083046008600e+01
1.173899999999999944e+00	1.094673395959316409e+01
1.177599999999999980e+00	1.081318567704647293e+01
1.181200000000000028e+00	1.214209624174016078e+01
1.184800000000000075e+00	1.023744632763919604e+01
1.188399999999999901e+00	1.115435182544948844e+01
1.191999999999999948e+00	1.163102410848679646e+01
1.195599999999999996e+00	9.732426639721504458e+00
1.199200000000000044e+00	1.001260069852303936e+01
1.202800000000000091e+00	1.058500920482656404e+01
1.206399999999999917e+00	1.073123272675911366e+01
1.209999999999999964e+00	1.013700007709979189e+01
1.213600000000000012e+00	1.055809074853121743e+01
1.217200000000000060e+00	1.053573030498735363e+01
1.220800000000000107e+00	1.032226960655994219e+01
1.224399999999999933e+00	8.840126306789013455e+00
1.228099999999999969e+00	9.780211434024941752e+00
1.231700000000000017e+00	9.101622988083066801e+00
1.235300000000000065e+00	9.215912395495440279e+00
1.238899999999999890e+00	8.656947906530977122e+00
1.242499999999999938e+00	1.045660299347158251e+01
1.246099999999999985e+00	1.094098321878429125e+01
1.249700000000000033e+00	9.423682294550777883e+00
1.253300000000000081e+00	9.512562003068198990e+00
1.256899999999999906e+00	1.130479679571336327e+01
1.260499999999999954e+00	1.011934522394822977e+01
1.264100000000000001e+00	1.078606225315171407e+01
1.267700000000000049e+00	1.190458867455225800e+01
1.271300000000000097e+00	1.077106171157191739e+01
1.274899999999999922e+00	9.754889546028582714e+00
1.278599999999999959e+00	1.136812022362587093e+01
1.282200000000000006e+00	1.104925885393522478e+01
1.285800000000000054e+00	1.184396404603958430e+01
1.289400000000000102e+00	1.260286508508629311e+01
1.292999999999999927e+00	8.989040298867026380e+00
1.296599999999999975e+00	1.102067187849931251e+01
1.300200000000000022e+00	9.927643467486799267e+00
1.303800000000000070e+00	9.415094966822955769e+00
1.307399999999999896e+00	1.084279531101138794e+01
1.310999999999999943e+00	1.157050489354740463e+01
1.314599999999999991e+00	1.052254582480902734e+01
1.318200000000000038e+00	1.051247130774920358e+01
1.321800000000000086e+00	8.808539371883519209e+00
1.325499999999999901e+00	9.345132170001473781e+00
1.329099999999999948e+00	1.054569210465372997e+01
1.332699999999999996e+00	9.395988560412774859e+00
1.336300000000000043e+00	9.709493208139836185e+00
1.339900000000000091e+00	1.071151809020509127e+01
1.343499999999999917e+00	1.204268916805598799e+01
1.347099999999999964e+00	1.107544529695564606e+01
1.350700000000000012e+00	1.113811141143338368e+01
1.354300000000000059e+00	1.215153404095008050e+01
1.357900000000000107e+00	1.061350405046521317e+01
1.361499999999999932e+00	9.842206688165084927e+00
1.365099999999999980e+00	1.146575035798879760e+01
1.368700000000000028e+00	1.247865013819429159e+01
1.372300000000000075e+00	1.080432507600918335e+01
1.375999999999999890e+00	1.201268648735533162e+01
1.379599999999999937e+00	1.175721895513820314e+01
1.383199999999999985e+00	1.148887181265405921e+01
1.386800000000000033e+00	9.445876788952173086e+00
1.390400000000000080e+00	1.044461432421901392e+01
1.393999999999999906e+00	1.040187610391277317e+01
1.397599999999999953e+00	1.058953801524749672e+01
1.401200000000000001e+00	1.117952035158910107e+01
1.404800000000000049e+00	1.030845281235346178e+01
1.408400000000000096e+00	1.291925393842679348e+01
1.411999999999999922e+00	1.245741355330267197e+01
1.415599999999999969e+00	1.356849523969139071e+01
1.419200000000000017e+00	1.247334880912067057e+01
1.422800000000000065e+00	1.424210370510583878e+01
1.426500000000000101e+00	1.454539468486720466e+01
1.430099999999999927e+00	1.348301716067051359e+01
1.433699999999999974e+00	1.263774247291479291e+01
1.437300000000000022e+00	1.263660872337892016e+01
1.440900000000000070e+00	1.330146187002489633e+01
1.444499999999999895e+00	1.172604837928212085e+01
1.448099999999999943e+00	1.164049940597108268e+01
1.451699999999999990e+00	1.087722837096700346e+01
1.455300000000000038e+00	1.154633760283016919e+01
1.458900000000000086e+00	1.261095360536467247e+01
1.462499999999999911e+00	1.156483861577313199e+01
1.466099999999999959e+00	1.286444478527726609e+01
1.469700000000000006e+00	1.283495132858506871e+01
1.473300000000000054e+00	1.393068172645849856e+01
1.477000000000000091e+00	1.504799125495982182e+01
1.480599999999999916e+00	1.351620964167662819e+01
1.484199999999999964e+00	1.493917858266223675e+01
1.487800000000000011e+00	1.449660450938584511e+01
1.491400000000000059e+00	1.409941879946598675e+01
1.495000000000000107e+00	1.474202505952837150e+01
1.498599999999999932e+00	1.356326000723382741e+01
1.502199999999999980e+00	1.388372375084020938e+01
1.505800000000000027e+00	1.648459359793146817e+01
1.509400000000000075e+00	1.583738151095335844e+01
1.512999999999999901e+00	1.488625729160578004e+01
1.516599999999999948e+00	1.677345221468673486e+01
1.520199999999999996e+00	1.637826610550424888e+01
1.523800000000000043e+00	1.393006427733046770e+01
1.527500000000000080e+00	1.546585320980289779e+01
1.531099999999999905e+00	1.524419914972858336e+01
1.534699999999999953e+00	1.600774181426964304e+01
1.538300000000000001e+00	1.556056319867539273e+01
1.541900000000000048e+00	1.416626884831438105e+01
1.545500000000000096e+00	1.704478689983313444e+01
1.549099999999999921e+00	1.490284864826248068e+01
1.552699999999999969e+00	1.653106240254221149e+01
1.556300000000000017e+00	1.828303483054725831e+01
1.559900000000000064e+00	1.862830472369646273e+01
1.563499999999999890e+00	1.607924177108642994e+01
1.567099999999999937e+00	1.637812715701580402e+01
1.570699999999999985e+00	1.772097993932992566e+01
1.574300000000000033e+00	1.629146185172885808e+01
1.578000000000000069e+00	1.717119739244923338e+01
1.581599999999999895e+00	1.856184557312251471e+01
1.585199999999999942e+00	1.635609742349197759e+01
1.588799999999999990e+00	1.773264590113241468e+01
1.592400000000000038e+00	1.699546527691598286e+01
1.596000000000000085e+00	1.895429927663298031e+01
1.599599999999999911e+00	1.854818186039404182e+01
1.603199999999999958e+00	1.823775714191114261e+01
1.606800000000000006e+00	1.976632665690585355e+01
1.610400000000000054e+00	1.975588715317548250e+01
1.614000000000000101e+00	2.182904871808840852e+01
1.617599999999999927e+00	2.376054694076962903e+01
1.621199999999999974e+00	2.166129298921348223e+01
1.624800000000000022e+00	2.306907424985585209e+01
1.628500000000000059e+00	2.175176171297329475e+01
1.632100000000000106e+00	2.187201243094759917e+01
1.635699999999999932e+00	1.974815583224862436e+01
1.639299999999999979e+00	1.927888676834566084e+01
1.642900000000000027e+00	2.080811560787486769e+01
1.646500000000000075e+00	1.908390023700367522e+01
1.650099999999999900e+00	2.122734100515527444e+01
1.653699999999999948e+00	2.219450127188950006e+01
1.657299999999999995e+00	2.275201602250656663e+01
1.660900000000000043e+00	2.357295074669491086e+01
1.664500000000000091e+00	2.391729619722236322e+01
1.668099999999999916e+00	2.510327027875310435e+01
1.671699999999999964e+00	2.369475213365264565e+01
1.675400000000000000e+00	2.456484762465751359e+01
1.679000000000000048e+00	2.403101252427193657e+01
1.682600000000000096e+00	2.415485986098580895e+01
1.686199999999999921e+00	2.399908426200623168e+01
1.689799999999999969e+00	2.420706216677743683e+01
1.693400000000000016e+00	2.479113497936251065e+01
1.697000000000000064e+00	2.468567290386582869e+01
1.700599999999999890e+00	2.319922109911129127e+01
1.704199999999999937e+00	2.619992061787610638e+01
1.707799999999999985e+00	2.500868999453800967e+01
1.711400000000000032e+00	2.479228503559688690e+01
1.715000000000000080e+00	2.623564387143383669e+01
1.718599999999999905e+00	2.460451063112558145e+01
1.722199999999999953e+00	2.563586486432750888e+01
1.725899999999999990e+00	2.461009861276080812e+01
1.729500000000000037e+00	2.187671399894890811e+01
1.733100000000000085e+00	2.318218554110961449e+01
1.736699999999999910e+00	2.519694114253831430e+01
1.740299999999999958e+00	2.729553832059553287e+01
1.743900000000000006e+00	2.502229202583571066e+01
1.747500000000000053e+00	2.605836472304035922e+01
1.751100000000000101e+00	2.906271711134307267e+01
1.754699999999999926e+00	2.949590933181000096e+01
1.758299999999999974e+00	2.991391994249172726e+01
1.761900000000000022e+00	2.882358201551153343e+01
1.765500000000000069e+00	3.023330749429273467e+01
1.769099999999999895e+00	3.235699658568070447e+01
1.772699999999999942e+00	3.309806127227837891e+01
1.776399999999999979e+00	3.175635018908312190e+01
1.780000000000000027e+00	3.279789502563854597e+01
1.783600000000000074e+00	3.180409097700347232e+01
1.787199999999999900e+00	3.141341820595303602e+01
1.790799999999999947e+00	3.162642802865077840e+01
1.794399999999999995e+00	3.294299229522356143e+01
1.798000000000000043e+00	3.294879749683276771e+01
1.801600000000000090e+00	3.572155967413779365e+01
1.805199999999999916e+00	3.482053254260027586e+01
1.808799999999999963e+00	3.277220078985516949e+01
1.812400000000000011e+00	3.052940679203435437e+01
1.816000000000000059e+00	2.931831305713435398e+01
1.819600000000000106e+00	3.089941084447918840e+01
1.823199999999999932e+00	3.280339895163015740e+01
1.826899999999999968e+00	3.251697411393760007e+01
1.830500000000000016e+00	3.428540908050383251e+01
1.834100000000000064e+00	3.245500197814789800e+01
1.837699999999999889e+00	3.438693558665923433e+01
1.841299999999999937e+00	3.529894240012428241e+01
1.844899999999999984e+00	3.659292569584214760e+01
1.848500000000000032e+00	3.549683168630273400e+01
1.852100000000000080e+00	3.342648898973601490e+01
1.855699999999999905e+00	3.363635787982168068e+01
1.859299999999999953e+00	3.129221844378930939e+01
1.862900000000000000e+00	2.945524372176153349e+01
1.866500000000000048e+00	3.051822684742657543e+01
1.870100000000000096e+00	3.096692549873927902e+01
1.873699999999999921e+00	3.410230939867081190e+01
1.877399999999999958e+00	3.584700341847049287e+01
1.881000000000000005e+00	3.705328464993398541e+01
1.884600000000000053e+00	3.387243226414462782e+01
1.888200000000000101e+00	3.344285883644553081e+01
1.891799999999999926e+00	3.123059614869830369e+01
1.895399999999999974e+00	3.054657563945393051e+01
1.899000000000000021e+00	2.806095358162819764e+01
1.902600000000000069e+00	2.800028681771567918e+01
1.906199999999999894e+00	2.858825835391432690e+01
1.909799999999999942e+00	2.977167581654829931e+01
1.913399999999999990e+00	2.686920933065808015e+01
1.917000000000000037e+00	2.902555032946511560e+01
1.920600000000000085e+00	2.804556135317116983e+01
1.924199999999999910e+00	2.973756946072659346e+01
1.927899999999999947e+00	2.876744113787205848e+01
1.931499999999999995e+00	2.932904179049133475e+01
1.935100000000000042e+00	3.111655463337215721e+01
1.938700000000000090e+00	3.283902738173428304e+01
1.942299999999999915e+00	3.290396155553369084e+01
1.945899999999999963e+00	3.197884184927609041e+01
1.949500000000000011e+00	3.188925048454227351e+01
1.953100000000000058e+00	2.955489476698969042e+01
1.956700000000000106e+00	2.678692473981377020e+01
1.960299999999999931e+00	2.760490245415465438e+01
1.963899999999999979e+00	2.608936300550635679e+01
1.967500000000000027e+00	2.622472427625044489e+01
1.971100000000000074e+00	2.793216966979989024e+01
1.974699999999999900e+00	2.639070228266875873e+01
1.978399999999999936e+00	2.799235533086652694e+01
1.981999999999999984e+00	3.063210862835553883e+01
1.985600000000000032e+00	2.897259366498882116e+01
1.989200000000000079e+00	3.319843302337553581e+01
1.992799999999999905e+00	2.985682580114994167e+01
1.996399999999999952e+00	2.995061691816456673e+01
2.000000000000000000e+00	2.929233827975865623e+01
