2.000000000000000111e-01	-2.175198690364964715e+00
2.036000000000000032e-01	-2.096519992787033715e+00
2.071999999999999953e-01	-2.141072425654912958e+00
2.107999999999999874e-01	-2.020385358896248817e+00
2.144000000000000072e-01	-2.280217230889772129e+00
2.179999999999999993e-01	-1.992259807932191817e+00
2.215999999999999914e-01	-2.044404332665920254e+00
2.253000000000000003e-01	-1.968070415383433192e+00
2.288999999999999924e-01	-1.961670858324986222e+00
2.325000000000000122e-01	-1.784971592599136292e+00
2.361000000000000043e-01	-1.599073121174140466e+00
2.396999999999999964e-01	-1.524291820722800450e+00
2.432999999999999885e-01	-1.464436214589197593e+00
2.469000000000000083e-01	-9.229181523493591444e-01
2.505000000000000004e-01	-8.241159630301962968e-01
2.540999999999999925e-01	-7.494621202419022854e-01
2.576999999999999846e-01	-3.946278907962796900e-01
2.612999999999999767e-01	-3.787458091445989883e-01
2.649000000000000243e-01	-1.949380583860398641e-01
2.685000000000000164e-01	-2.638556590168784632e-01
2.721000000000000085e-01	-6.669688274430418673e-02
2.757999999999999896e-01	1.481580538002084668e-01
2.793999999999999817e-01	1.448631870995301940e-01
2.829999999999999738e-01	2.343653951433466998e-01
2.866000000000000214e-01	1.711659350726148499e-01
2.902000000000000135e-01	-1.704839171731330483e-01
2.938000000000000056e-01	-1.069348054732137676e-01
2.973999999999999977e-01	-1.780600397922910694e-01
3.009999999999999898e-01	-6.173255313009055056e-01
3.045999999999999819e-01	-2.240652187867068212e-01
3.081999999999999740e-01	-4.096850379832390754e-01
3.118000000000000216e-01	-9.312652094738121944e-01
3.154000000000000137e-01	-6.502773139527219248e-01
3.190000000000000058e-01	-1.071685030998095423e+00
3.225999999999999979e-01	-7.091875781862894135e-01
3.262999999999999790e-01	-8.448771502685927803e-01
3.299000000000000266e-01	-1.178046909865415603e+00
3.335000000000000187e-01	-1.236964151524642341e+00
3.371000000000000107e-01	-1.108790504458657011e+00
3.407000000000000028e-01	-1.127781628707928530e+00
3.442999999999999949e-01	-1.039283606028268858e+00
3.478999999999999870e-01	-6.862708202176532879e-01
3.514999999999999791e-01	-5.194094715686328190e-01
3.551000000000000267e-01	-4.654225143751081206e-01
3.587000000000000188e-01	-1.672540655201041337e-01
3.623000000000000109e-01	1.951447739049725627e-01
3.659000000000000030e-01	4.008222286787936350e-01
3.694999999999999951e-01	6.174148078638477255e-01
3.730999999999999872e-01	4.667568096388235999e-01
3.768000000000000238e-01	5.657595588489050531e-01
3.804000000000000159e-01	7.316193258497498686e-01
3.840000000000000080e-01	8.688641810590829184e-01
3.876000000000000001e-01	9.624070996237826803e-01
3.911999999999999922e-01	9.844168710121006249e-01
3.947999999999999843e-01	1.031000484999146760e+00
3.983999999999999764e-01	9.237401272263068286e-01
4.020000000000000240e-01	9.987670954695202497e-01
4.056000000000000161e-01	7.715807231977577230e-01
4.092000000000000082e-01	7.990881024408602595e-01
4.128000000000000003e-01	4.534323781480092963e-01
4.163999999999999924e-01	4.889267921579092957e-01
4.199999999999999845e-01	2.570713377639405328e-01
4.235999999999999766e-01	6.154896571025279817e-02
4.273000000000000131e-01	-2.404065542718232806e-01
4.309000000000000052e-01	-7.570729733272960060e-02
4.344999999999999973e-01	-1.935670936809937015e-01
4.380999999999999894e-01	-2.239361941784512311e-02
4.416999999999999815e-01	-2.128140953230094889e-01
4.452999999999999736e-01	-2.395806478802156581e-02
4.489000000000000212e-01	2.328366943641774489e-01
4.525000000000000133e-01	1.684822616415106999e-01
4.561000000000000054e-01	2.525111381456959236e-01
4.596999999999999975e-01	6.107023031679388314e-01
4.632999999999999896e-01	9.166272143582998577e-01
4.668999999999999817e-01	8.107944517135139417e-01
4.704999999999999738e-01	1.078785977481345082e+00
4.741000000000000214e-01	1.405704289333928436e+00
4.778000000000000025e-01	1.533191719586862289e+00
4.813999999999999946e-01	1.944873138712635452e+00
4.849999999999999867e-01	2.051899700729974185e+00
4.885999999999999788e-01	2.513608188145760813e+00
4.922000000000000264e-01	2.191011104119163555e+00
4.958000000000000185e-01	2.139663559260103209e+00
4.994000000000000106e-01	2.324304408607749561e+00
5.030000000000000027e-01	2.534883368146131133e+00
5.066000000000000503e-01	2.263178734432786943e+00
5.101999999999999869e-01	1.664630068311450106e+00
5.138000000000000345e-01	1.810751247931474905e+00
5.173999999999999710e-01	1.817306877149069022e+00
5.210000000000000187e-01	1.572481023500436725e+00
5.245999999999999552e-01	1.278115213493405511e+00
5.282999999999999918e-01	1.107147289397159007e+00
5.319000000000000394e-01	9.762409934553005764e-01
5.354999999999999760e-01	7.277121706400080381e-01
5.391000000000000236e-01	7.378503144716456186e-01
5.426999999999999602e-01	8.173915575811849799e-01
5.463000000000000078e-01	1.001842765718797157e+00
5.499000000000000554e-01	1.647933958386829545e+00
5.534999999999999920e-01	1.870730836310524836e+00
5.571000000000000396e-01	2.319512494710923800e+00
5.606999999999999762e-01	2.835075347728500450e+00
5.643000000000000238e-01	2.916142720316612813e+00
5.678999999999999604e-01	2.799562529699886060e+00
5.715000000000000080e-01	2.863474935206639316e+00
5.752000000000000446e-01	2.836478536532452743e+00
5.787999999999999812e-01	3.296413598300917958e+00
5.824000000000000288e-01	3.454843097114024708e+00
5.859999999999999654e-01	3.853463681837961730e+00
5.896000000000000130e-01	3.687926052092270535e+00
5.931999999999999496e-01	4.022048031474368734e+00
5.967999999999999972e-01	3.984220626221100847e+00
6.004000000000000448e-01	3.862857814349612617e+00
6.039999999999999813e-01	4.128827810260949249e+00
6.076000000000000290e-01	4.299606328003839906e+00
6.111999999999999655e-01	4.115899809975802626e+00
6.148000000000000131e-01	4.028627766090477458e+00
6.183999999999999497e-01	4.064220171484181243e+00
6.219999999999999973e-01	3.989893901873798221e+00
6.257000000000000339e-01	3.758633398464658271e+00
6.292999999999999705e-01	3.552194439922470526e+00
6.329000000000000181e-01	3.521393890352358724e+00
6.364999999999999547e-01	3.186101681380681061e+00
6.401000000000000023e-01	3.115609652405149976e+00
6.437000000000000499e-01	2.899158785235278923e+00
6.472999999999999865e-01	2.817441823913622745e+00
6.509000000000000341e-01	3.004344113108576853e+00
6.544999999999999707e-01	3.033905973761845676e+00
6.581000000000000183e-01	3.160054688082358343e+00
6.616999999999999549e-01	3.597354088757811041e+00
6.653000000000000025e-01	3.683674766638778131e+00
6.689000000000000501e-01	3.894574241024896466e+00
6.724999999999999867e-01	3.955715368105766849e+00
6.762000000000000233e-01	4.170284064246926548e+00
6.797999999999999599e-01	4.161293457407571061e+00
6.834000000000000075e-01	4.848437720546463048e+00
6.870000000000000551e-01	5.116952156436492594e+00
6.905999999999999917e-01	5.400007934673075383e+00
6.942000000000000393e-01	5.517315229766507123e+00
6.977999999999999758e-01	5.875345151645042563e+00
7.014000000000000234e-01	5.968790859833961626e+00
7.049999999999999600e-01	5.863372315446542693e+00
7.086000000000000076e-01	5.840420269420575572e+00
7.122000000000000552e-01	6.013604875621863854e+00
7.157999999999999918e-01	5.861884958864785666e+00
7.194000000000000394e-01	5.752428820372766261e+00
7.229999999999999760e-01	5.542199278135172769e+00
7.267000000000000126e-01	5.288774544592489413e+00
7.302999999999999492e-01	5.461066552136184526e+00
7.338999999999999968e-01	4.958716482915271229e+00
7.375000000000000444e-01	4.864599429948051501e+00
7.410999999999999810e-01	4.943301038546887405e+00
7.447000000000000286e-01	5.297069800720321631e+00
7.482999999999999652e-01	4.989127897898186781e+00
7.519000000000000128e-01	5.341577597344402406e+00
7.554999999999999494e-01	5.079028275280990989e+00
7.590999999999999970e-01	4.977796478921608703e+00
7.627000000000000446e-01	4.933820886253884375e+00
7.662999999999999812e-01	4.746614371258742082e+00
7.699000000000000288e-01	4.667757174697937828e+00
7.734999999999999654e-01	4.708892709264444143e+00
7.772000000000000020e-01	5.089736615830652511e+00
7.808000000000000496e-01	4.882987604008399707e+00
7.843999999999999861e-01	5.038350377622998977e+00
7.880000000000000338e-01	4.984912879250058992e+00
7.915999999999999703e-01	5.442720997026423646e+00
7.952000000000000179e-01	5.626567668061466243e+00
7.987999999999999545e-01	5.767139687295689932e+00
8.024000000000000021e-01	5.800279865108707078e+00
8.060000000000000497e-01	6.021681393832049700e+00
8.095999999999999863e-01	6.063368893980019436e+00
8.132000000000000339e-01	6.179220962664995653e+00
8.167999999999999705e-01	6.097505003828767478e+00
8.204000000000000181e-01	6.349916086703207618e+00
8.239999999999999547e-01	6.047350118689157839e+00
8.276999999999999913e-01	5.861874156779305345e+00
8.313000000000000389e-01	5.878614798611815573e+00
8.348999999999999755e-01	5.731276963024148685e+00
8.385000000000000231e-01	5.642268871834173360e+00
8.420999999999999597e-01	5.433966805619151685e+00
8.457000000000000073e-01	5.442672467557896354e+00
8.493000000000000549e-01	5.410332910232275694e+00
8.528999999999999915e-01	5.525256002993451432e+00
8.565000000000000391e-01	5.495139265029282072e+00
8.600999999999999757e-01	5.686652660469891707e+00
8.637000000000000233e-01	5.218210477128387481e+00
8.672999999999999599e-01	5.483654364161177241e+00
8.709000000000000075e-01	5.351101479281460627e+00
8.745000000000000551e-01	5.589595263108332546e+00
8.781999999999999806e-01	5.727875995714330593e+00
8.818000000000000282e-01	5.598140106883534806e+00
8.853999999999999648e-01	5.891687139398928963e+00
8.890000000000000124e-01	6.294157971833816312e+00
8.925999999999999490e-01	6.535941513477313336e+00
8.961999999999999966e-01	6.589794920496819586e+00
8.998000000000000442e-01	6.503216249546326821e+00
9.033999999999999808e-01	6.944728076302140174e+00
9.070000000000000284e-01	6.934394695456706614e+00
9.105999999999999650e-01	6.941650320747636549e+00
9.142000000000000126e-01	6.710142024380640002e+00
9.177999999999999492e-01	6.834711233517063000e+00
9.213999999999999968e-01	6.872321598008872989e+00
9.251000000000000334e-01	6.761375801022469822e+00
9.286999999999999700e-01	6.632297707877510717e+00
9.323000000000000176e-01	6.889710114723890833e+00
9.358999999999999542e-01	6.789214629083274666e+00
9.395000000000000018e-01	6.954678339315714553e+00
9.431000000000000494e-01	6.888596031400040509e+00
9.466999999999999860e-01	7.024661315730679867e+00
9.503000000000000336e-01	6.787404618135063572e+00
9.538999999999999702e-01	7.038899924212386416e+00
9.575000000000000178e-01	6.854055482128435628e+00
9.610999999999999543e-01	6.948746807265091086e+00
9.647000000000000020e-01	6.499480581729858208e+00
9.683000000000000496e-01	6.891892183021975704e+00
9.718999999999999861e-01	6.709720877530613414e+00
9.756000000000000227e-01	6.487757676263357531e+00
9.791999999999999593e-01	6.681974520038161280e+00
9.828000000000000069e-01	6.707212008755297994e+00
9.864000000000000545e-01	6.788594303820063125e+00
9.899999999999999911e-01	6.976935581154852350e+00
9.936000000000000387e-01	6.912958395754062124e+00
9.971999999999999753e-01	7.159594582593017620e+00
1.000799999999999912e+00	7.498496319816659650e+00
1.004399999999999959e+00	7.466923817342849823e+00
1.008000000000000007e+00	7.668405492280890634e+00
1.011600000000000055e+00	7.561677820394797855e+00
1.015200000000000102e+00	7.735656963420285415e+00
1.018799999999999928e+00	7.878014419397748824e+00
1.022399999999999975e+00	7.604817767955131202e+00
1.026100000000000012e+00	7.751201037899577706e+00
1.029700000000000060e+00	8.062480949461642510e+00
1.033300000000000107e+00	8.053426025144300837e+00
1.036899999999999933e+00	7.941626055078168989e+00
1.040499999999999980e+00	8.051601931733371131e+00
1.044100000000000028e+00	7.875522953826828321e+00
1.047700000000000076e+00	7.779372043257991365e+00
1.051299999999999901e+00	7.317570968462604242e+00
1.054899999999999949e+00	7.604868473223522329e+00
1.058499999999999996e+00	7.285906545065488515e+00
1.062100000000000044e+00	7.278916181506611238e+00
1.065700000000000092e+00	7.316507942748574855e+00
1.069299999999999917e+00	7.073156692982814242e+00
1.072899999999999965e+00	6.939458017624214214e+00
1.076600000000000001e+00	6.460914048024759992e+00
1.080200000000000049e+00	6.506536787322302118e+00
1.083800000000000097e+00	6.783043724230167548e+00
1.087399999999999922e+00	7.429437793284937364e+00
1.090999999999999970e+00	8.839925865278285499e+00
1.094600000000000017e+00	9.819191423669492380e+00
1.098200000000000065e+00	1.080813253442986088e+01
1.101799999999999891e+00	1.094475661554889534e+01
1.105399999999999938e+00	1.069648855090070505e+01
1.108999999999999986e+00	1.035452406665871194e+01
1.112600000000000033e+00	9.624049498084652043e+00
1.116200000000000081e+00	8.879254592540034352e+00
1.119799999999999907e+00	8.684129403439936112e+00
1.123399999999999954e+00	8.553912046491513266e+00
1.127099999999999991e+00	8.476206134148357663e+00
1.130700000000000038e+00	8.092928854602584821e+00
1.134300000000000086e+00	8.288656041764509652e+00
1.137899999999999912e+00	8.127729630365504221e+00
1.141499999999999959e+00	8.113363765900809099e+00
1.145100000000000007e+00	8.491825114952268549e+00
1.148700000000000054e+00	9.894120036969413334e+00
1.152300000000000102e+00	1.106687309916440576e+01
1.155899999999999928e+00	1.201962674417977794e+01
1.159499999999999975e+00	1.229317082042294729e+01
1.163100000000000023e+00	1.229191864910321641e+01
1.166700000000000070e+00	1.122514466760038232e+01
1.170299999999999896e+00	1.030753607859495524e+01
1.173899999999999944e+00	8.614369013579519674e+00
1.177599999999999980e+00	8.156721412166659135e+00
1.181200000000000028e+00	7.983248592700087798e+00
1.184800000000000075e+00	8.156141238505732360e+00
1.188399999999999901e+00	8.886416591297400913e+00
1.191999999999999948e+00	8.875296469515276954e+00
1.195599999999999996e+00	9.707926536642590420e+00
1.199200000000000044e+00	1.043967646913186442e+01
1.202800000000000091e+00	1.038818332465138994e+01
1.206399999999999917e+00	1.042983028731560857e+01
1.209999999999999964e+00	1.052853137510020964e+01
1.213600000000000012e+00	1.031128848032946266e+01
1.217200000000000060e+00	9.864943662485963216e+00
1.220800000000000107e+00	1.040576359068429468e+01
1.224399999999999933e+00	1.080421377786342596e+01
1.228099999999999969e+00	1.100387524659364225e+01
1.231700000000000017e+00	1.106012219171987532e+01
1.235300000000000065e+00	1.175356408233245098e+01
1.238899999999999890e+00	1.189019845329695002e+01
1.242499999999999938e+00	1.178595767595943045e+01
1.246099999999999985e+00	1.201944875436925031e+01
1.249700000000000033e+00	1.235288982860304863e+01
1.253300000000000081e+00	1.244077260339918034e+01
1.256899999999999906e+00	1.250455583325466691e+01
1.260499999999999954e+00	1.258519930324269787e+01
1.264100000000000001e+00	1.252702640398258005e+01
1.267700000000000049e+00	1.279468898541640165e+01
1.271300000000000097e+00	1.269664363756469427e+01
1.274899999999999922e+00	1.278538120645017706e+01
1.278599999999999959e+00	1.297594321860943012e+01
1.282200000000000006e+00	1.304235050386898997e+01
1.285800000000000054e+00	1.285088871984016201e+01
1.289400000000000102e+00	1.269090458683494482e+01
1.292999999999999927e+00	1.260222035842681620e+01
1.296599999999999975e+00	1.294088802856898468e+01
1.300200000000000022e+00	1.294144526099844406e+01
1.303800000000000070e+00	1.328182540926869137e+01
1.307399999999999896e+00	1.345924267048074086e+01
1.310999999999999943e+00	1.385270602796185280e+01
1.314599999999999991e+00	1.364505814936072525e+01
1.318200000000000038e+00	1.376534595108820369e+01
1.321800000000000086e+00	1.400985922122079330e+01
1.325499999999999901e+00	1.345942911403913911e+01
1.329099999999999948e+00	1.353235007513772814e+01
1.332699999999999996e+00	1.360890230726263894e+01
1.336300000000000043e+00	1.360034048292224540e+01
1.339900000000000091e+00	1.399731122189016297e+01
1.343499999999999917e+00	1.392561087433267808e+01
1.347099999999999964e+00	1.404002485532004840e+01
1.350700000000000012e+00	1.405022020324390652e+01
1.354300000000000059e+00	1.394601679133836569e+01
1.357900000000000107e+00	1.402350623333171420e+01
1.361499999999999932e+00	1.395216010156857500e+01
1.365099999999999980e+00	1.387243681895224512e+01
1.368700000000000028e+00	1.385824359762000668e+01
1.372300000000000075e+00	1.394740654683624470e+01
1.375999999999999890e+00	1.410509936725688362e+01
1.379599999999999937e+00	1.450912260578397905e+01
1.383199999999999985e+00	1.435229211352601020e+01
1.386800000000000033e+00	1.440914865306349313e+01
1.390400000000000080e+00	1.383394346303380473e+01
1.393999999999999906e+00	1.379090545505927778e+01
1.397599999999999953e+00	1.374906955540737385e+01
1.401200000000000001e+00	1.399333980151529744e+01
1.404800000000000049e+00	1.520923415493213326e+01
1.408400000000000096e+00	1.574500863755321944e+01
1.411999999999999922e+00	1.654733354172549653e+01
1.415599999999999969e+00	1.720929451926445708e+01
1.419200000000000017e+00	1.713825469647064992e+01
1.422800000000000065e+00	1.670321908561016855e+01
1.426500000000000101e+00	1.596356026760692792e+01
1.430099999999999927e+00	1.589173534126476461e+01
1.433699999999999974e+00	1.568973396366300754e+01
1.437300000000000022e+00	1.574693736764985452e+01
1.440900000000000070e+00	1.583527459943397808e+01
1.444499999999999895e+00	1.566206004261787044e+01
1.448099999999999943e+00	1.560508799964316928e+01
1.451699999999999990e+00	1.576665969097144071e+01
1.455300000000000038e+00	1.602263169447060420e+01
1.458900000000000086e+00	1.579465270850740488e+01
1.462499999999999911e+00	1.591533006162234543e+01
1.466099999999999959e+00	1.610585728886029955e+01
1.469700000000000006e+00	1.610893356927045872e+01
1.473300000000000054e+00	1.668386505442448353e+01
1.477000000000000091e+00	1.652693604965942953e+01
1.480599999999999916e+00	1.665410337426546050e+01
1.484199999999999964e+00	1.725819406633888065e+01
1.487800000000000011e+00	1.701101546797897868e+01
1.491400000000000059e+00	1.714980674794445648e+01
1.495000000000000107e+00	1.736005684296777929e+01
1.498599999999999932e+00	1.700847486262513186e+01
1.502199999999999980e+00	1.697015173770670415e+01
1.505800000000000027e+00	1.685062905126032007e+01
1.509400000000000075e+00	1.753576557671696889e+01
1.512999999999999901e+00	1.731696611775061712e+01
1.516599999999999948e+00	1.789601825714411731e+01
1.520199999999999996e+00	1.823982561560510263e+01
1.523800000000000043e+00	1.829329688362367889e+01
1.527500000000000080e+00	1.866704288912034215e+01
1.531099999999999905e+00	1.892967286716903885e+01
1.534699999999999953e+00	1.884361583754997582e+01
1.538300000000000001e+00	1.920170155702457393e+01
1.541900000000000048e+00	1.869838950304332670e+01
1.545500000000000096e+00	1.899495101647039874e+01
1.549099999999999921e+00	1.853406986291545877e+01
1.552699999999999969e+00	1.830797668736879302e+01
1.556300000000000017e+00	1.849980032115925255e+01
1.559900000000000064e+00	1.872271689921571536e+01
1.563499999999999890e+00	1.855956517480237977e+01
1.567099999999999937e+00	1.865050077830631281e+01
1.570699999999999985e+00	1.846577859390807319e+01
1.574300000000000033e+00	1.873989294934149186e+01
1.578000000000000069e+00	1.864779539913928375e+01
1.581599999999999895e+00	1.886862353305945561e+01
1.585199999999999942e+00	1.961390453966132341e+01
1.588799999999999990e+00	1.992644535967490071e+01
1.592400000000000038e+00	2.066808467325272858e+01
1.596000000000000085e+00	2.077533567346386434e+01
1.599599999999999911e+00	2.128762332566431681e+01
1.603199999999999958e+00	2.073923970561838459e+01
1.606800000000000006e+00	2.085583954106056126e+01
1.610400000000000054e+00	2.068733042248094733e+01
1.614000000000000101e+00	2.049745295902122777e+01
1.617599999999999927e+00	2.001101499973152542e+01
1.621199999999999974e+00	2.028120630375666522e+01
1.624800000000000022e+00	2.004605367886122735e+01
1.628500000000000059e+00	1.983827873888817450e+01
1.632100000000000106e+00	1.998823940456005133e+01
1.635699999999999932e+00	2.006960756699691117e+01
1.639299999999999979e+00	2.000403323836465930e+01
1.642900000000000027e+00	1.974017626129183611e+01
1.646500000000000075e+00	1.947181968603682733e+01
1.650099999999999900e+00	1.947465102486576782e+01
1.653699999999999948e+00	2.039530393450311152e+01
1.657299999999999995e+00	2.225760535386042704e+01
1.660900000000000043e+00	2.539693997117861457e+01
1.664500000000000091e+00	2.804957301558231819e+01
1.668099999999999916e+00	2.935050254437429373e+01
1.671699999999999964e+00	2.959446968729207939e+01
1.675400000000000000e+00	2.733886998244108568e+01
1.679000000000000048e+00	2.450507475400430479e+01
1.682600000000000096e+00	2.106565066976034117e+01
1.686199999999999921e+00	1.839906233280805026e+01
1.689799999999999969e+00	1.707220383303824818e+01
1.693400000000000016e+00	1.704105605877766649e+01
1.697000000000000064e+00	1.790999555753888473e+01
1.700599999999999890e+00	2.056869568992956943e+01
1.704199999999999937e+00	2.327044377400224207e+01
1.707799999999999985e+00	2.656194435000394449e+01
1.711400000000000032e+00	2.910048442596649565e+01
1.715000000000000080e+00	2.952293949255778571e+01
1.718599999999999905e+00	2.825129276586857685e+01
1.722199999999999953e+00	2.529086248862589414e+01
1.725899999999999990e+00	2.182409127013000116e+01
1.729500000000000037e+00	1.918709213437510996e+01
1.733100000000000085e+00	1.829835079183500213e+01
1.736699999999999910e+00	1.867054511948202133e+01
1.740299999999999958e+00	1.979730320017672796e+01
1.743900000000000006e+00	2.122392425847865383e+01
1.747500000000000053e+00	2.186902898555523933e+01
1.751100000000000101e+00	2.237642833502141926e+01
1.754699999999999926e+00	2.228793685161262417e+01
1.758299999999999974e+00	2.211692137675127157e+01
1.761900000000000022e+00	2.205690277398525367e+01
1.765500000000000069e+00	2.177142988012442615e+01
1.769099999999999895e+00	2.172149111429333601e+01
1.772699999999999942e+00	2.164649872341122716e+01
1.776399999999999979e+00	2.169146157999810853e+01
1.780000000000000027e+00	2.201838765014900545e+01
1.783600000000000074e+00	2.221152243710593410e+01
1.787199999999999900e+00	2.233387105586482946e+01
1.790799999999999947e+00	2.257874622042892909e+01
1.794399999999999995e+00	2.238235628004301248e+01
1.798000000000000043e+00	2.288817186094034994e+01
1.801600000000000090e+00	2.259287462150037840e+01
1.805199999999999916e+00	2.199601281047981516e+01
1.808799999999999963e+00	2.103681023143561291e+01
1.812400000000000011e+00	2.050141968829495553e+01
1.816000000000000059e+00	1.923482806810346091e+01
1.819600000000000106e+00	1.894899960913023307e+01
1.823199999999999932e+00	1.857435014682647534e+01
1.826899999999999968e+00	1.864475771465606968e+01
1.830500000000000016e+00	1.891993936829363321e+01
1.834100000000000064e+00	1.864939413401542367e+01
1.837699999999999889e+00	1.847867884910948533e+01
1.841299999999999937e+00	1.764132741026735829e+01
1.844899999999999984e+00	1.713815970091474838e+01
1.848500000000000032e+00	1.662406119075956923e+01
1.852100000000000080e+00	1.700584662783252909e+01
1.855699999999999905e+00	1.753300039052643555e+01
1.859299999999999953e+00	1.821915026380546365e+01
1.862900000000000000e+00	1.906886976943660983e+01
1.866500000000000048e+00	1.950266326307920650e+01
1.870100000000000096e+00	1.939225447928437518e+01
1.873699999999999921e+00	1.904900986302076760e+01
1.877399999999999958e+00	1.852276764130969511e+01
1.881000000000000005e+00	1.806195079331957132e+01
1.884600000000000053e+00	1.757793168666223238e+01
1.888200000000000101e+00	1.731681344017331625e+01
1.891799999999999926e+00	1.734898540510953424e+01
1.895399999999999974e+00	1.743984462753888209e+01
1.899000000000000021e+00	1.764828942607635653e+01
1.902600000000000069e+00	1.816064721234604207e+01
1.906199999999999894e+00	1.851549779797799289e+01
1.909799999999999942e+00	1.863921251724014283e+01
1.913399999999999990e+00	1.855876392651365592e+01
1.917000000000000037e+00	1.876863707903732248e+01
1.920600000000000085e+00	1.845544498050032090e+01
1.924199999999999910e+00	1.841675638016880967e+01
1.927899999999999947e+00	1.835788052718512731e+01
1.931499999999999995e+00	1.845486594455556428e+01
1.935100000000000042e+00	1.875607555950660910e+01
1.938700000000000090e+00	1.929097438927583852e+01
1.942299999999999915e+00	1.982188023654423148e+01
1.945899999999999963e+00	2.056982740350257899e+01
1.949500000000000011e+00	2.149731064147556836e+01
1.953100000000000058e+00	2.260092581718812710e+01
1.956700000000000106e+00	2.382947252044284880e+01
1.960299999999999931e+00	2.460971625677947117e+01
1.963899999999999979e+00	2.541331772043168158e+01
1.967500000000000027e+00	2.572973406964964127e+01
1.971100000000000074e+00	2.521599842064747321e+01
1.974699999999999900e+00	2.456115430014757806e+01
1.978399999999999936e+00	2.349028677715419633e+01
1.981999999999999984e+00	2.215158236555574334e+01
1.985600000000000032e+00	2.138025396758251517e+01
1.989200000000000079e+00	2.038092845017687438e+01
1.992799999999999905e+00	2.086088703931534027e+01
1.996399999999999952e+00	2.172898932058014054e+01
2.000000000000000000e+00	2.388888196874666647e+01
