2.000000000000000111e-01	-1.616252601830786340e+00
2.036000000000000032e-01	-1.414777514898572397e+00
2.071999999999999953e-01	-1.506494289370164275e+00
2.107999999999999874e-01	-1.367826901221122382e+00
2.144000000000000072e-01	-1.521108317411739907e+00
2.179999999999999993e-01	-1.718416397712263954e+00
2.215999999999999914e-01	-2.213169816867796680e+00
2.253000000000000003e-01	-2.746766966421400724e+00
2.288999999999999924e-01	-2.438487685378674552e+00
2.325000000000000122e-01	-2.755848168302534873e+00
2.361000000000000043e-01	-3.439920781059422339e+00
2.396999999999999964e-01	-2.817610163623248010e+00
2.432999999999999885e-01	-3.219734158758361442e+00
2.469000000000000083e-01	-2.730321736122449217e+00
2.505000000000000004e-01	-2.836365809483158529e+00
2.540999999999999925e-01	-2.883105285734722578e+00
2.576999999999999846e-01	-2.229739301546092012e+00
2.612999999999999767e-01	-1.812928036064109794e+00
2.649000000000000243e-01	-1.926244103640958105e+00
2.685000000000000164e-01	-1.697236286195172195e+00
2.721000000000000085e-01	-1.421702729462799741e+00
2.757999999999999896e-01	-1.206222713439454086e+00
2.793999999999999817e-01	-8.996107773149212283e-01
2.829999999999999738e-01	-7.164990303992109233e-01
2.866000000000000214e-01	-7.568730689386933275e-01
2.902000000000000135e-01	-5.779295238472703655e-01
2.938000000000000056e-01	-6.772640656400937820e-01
2.973999999999999977e-01	-9.691347123820130971e-01
3.009999999999999898e-01	-1.245642333578793837e+00
3.045999999999999819e-01	-1.199216272799697336e+00
3.081999999999999740e-01	-1.381571137315709574e+00
3.118000000000000216e-01	-1.903025507903896907e+00
3.154000000000000137e-01	-2.166791357965644149e+00
3.190000000000000058e-01	-2.553283724516157260e+00
3.225999999999999979e-01	-2.649476019419540140e+00
3.262999999999999790e-01	-2.540219758866836486e+00
3.299000000000000266e-01	-2.381373396892745742e+00
3.335000000000000187e-01	-2.311618348188854366e+00
3.371000000000000107e-01	-1.561382262475986771e+00
3.407000000000000028e-01	-1.581898761769048312e+00
3.442999999999999949e-01	-1.436727879181784129e+00
3.478999999999999870e-01	-5.154364778400658542e-01
3.514999999999999791e-01	-5.923117689717909418e-01
3.551000000000000267e-01	-3.556379230662484736e-01
3.587000000000000188e-01	2.008942913396200014e-02
3.623000000000000109e-01	1.569174239690581674e-01
3.659000000000000030e-01	1.042510196758439089e-01
3.694999999999999951e-01	4.065408672380474986e-01
3.730999999999999872e-01	4.848218472172669546e-01
3.768000000000000238e-01	3.342467709429398637e-01
3.804000000000000159e-01	-5.400914394923815864e-01
3.840000000000000080e-01	-2.060609612078256603e-01
3.876000000000000001e-01	-4.294051357833916227e-01
3.911999999999999922e-01	-4.425880579633434952e-01
3.947999999999999843e-01	-5.445912687926751650e-01
3.983999999999999764e-01	-7.113405380368161834e-01
4.020000000000000240e-01	-5.878574360601087623e-01
4.056000000000000161e-01	-8.227185711557720715e-01
4.092000000000000082e-01	-7.831498898120708985e-01
4.128000000000000003e-01	-6.481434663727683176e-01
4.163999999999999924e-01	-1.067481960492173698e-01
4.199999999999999845e-01	-1.194236324314037201e-01
4.235999999999999766e-01	-3.581472559261540678e-02
4.273000000000000131e-01	3.090950239864841409e-01
4.309000000000000052e-01	6.379370707088559689e-01
4.344999999999999973e-01	5.913073665483655761e-01
4.380999999999999894e-01	7.131430575787968129e-01
4.416999999999999815e-01	1.169323547323967594e+00
4.452999999999999736e-01	1.429181516849853395e+00
4.489000000000000212e-01	1.030120945197577687e+00
4.525000000000000133e-01	1.457493244333708304e+00
4.561000000000000054e-01	1.351190699331741962e+00
4.596999999999999975e-01	1.382522734354610261e+00
4.632999999999999896e-01	8.463999483190711715e-01
4.668999999999999817e-01	9.782464605950843550e-01
4.704999999999999738e-01	7.593106258962720179e-02
4.741000000000000214e-01	1.226426500034661915e-01
4.778000000000000025e-01	2.050243405054015255e-01
4.813999999999999946e-01	-4.729840018599795748e-02
4.849999999999999867e-01	-5.145543978257705042e-02
4.885999999999999788e-01	6.639542027852804451e-02
4.922000000000000264e-01	3.205897088809679940e-01
4.958000000000000185e-01	3.511453812275214248e-01
4.994000000000000106e-01	4.737669725707842616e-01
5.030000000000000027e-01	8.999724260750393556e-01
5.066000000000000503e-01	1.084570320042448799e+00
5.101999999999999869e-01	1.541140608851913729e+00
5.138000000000000345e-01	1.668887168397565457e+00
5.173999999999999710e-01	1.525632148676616229e+00
5.210000000000000187e-01	1.696861158982247320e+00
5.245999999999999552e-01	1.896534597733445349e+00
5.282999999999999918e-01	1.960172756318455667e+00
5.319000000000000394e-01	1.455131316821129950e+00
5.354999999999999760e-01	1.343706751779878195e+00
5.391000000000000236e-01	1.010514019411898445e+00
5.426999999999999602e-01	1.089366295959050657e+00
5.463000000000000078e-01	1.172111802002817393e+00
5.499000000000000554e-01	1.265831914324303309e+00
5.534999999999999920e-01	1.755648998375250791e+00
5.571000000000000396e-01	1.403396896618840817e+00
5.606999999999999762e-01	1.970250246180245135e+00
5.643000000000000238e-01	1.499115444037905309e+00
5.678999999999999604e-01	1.865302595048980105e+00
5.715000000000000080e-01	1.506211076773524837e+00
5.752000000000000446e-01	1.630829546878494352e+00
5.787999999999999812e-01	1.790695996904180909e+00
5.824000000000000288e-01	1.944359895921229819e+00
5.859999999999999654e-01	2.540273142899153402e+00
5.896000000000000130e-01	2.857552732658923400e+00
5.931999999999999496e-01	2.954364888685316437e+00
5.967999999999999972e-01	3.127040476159594906e+00
6.004000000000000448e-01	3.199133777515880350e+00
6.039999999999999813e-01	3.555619911792219590e+00
6.076000000000000290e-01	3.423450398155505781e+00
6.111999999999999655e-01	3.383305180011976887e+00
6.148000000000000131e-01	3.201844359219781833e+00
6.183999999999999497e-01	3.017200564023828413e+00
6.219999999999999973e-01	2.992517102957362063e+00
6.257000000000000339e-01	2.501627776638350120e+00
6.292999999999999705e-01	2.012831762343165742e+00
6.329000000000000181e-01	2.283270059447401135e+00
6.364999999999999547e-01	1.828075608961603926e+00
6.401000000000000023e-01	1.593319343174026681e+00
6.437000000000000499e-01	1.999923786607549214e+00
6.472999999999999865e-01	1.575719325313367225e+00
6.509000000000000341e-01	1.741898375003519073e+00
6.544999999999999707e-01	1.697046105192608012e+00
6.581000000000000183e-01	2.177219033906006462e+00
6.616999999999999549e-01	2.561860718816944882e+00
6.653000000000000025e-01	2.594192798466451677e+00
6.689000000000000501e-01	2.904232580180304613e+00
6.724999999999999867e-01	3.199885525509525319e+00
6.762000000000000233e-01	3.673347914017860649e+00
6.797999999999999599e-01	3.890062580966173300e+00
6.834000000000000075e-01	4.012809147256431785e+00
6.870000000000000551e-01	4.363058984323178180e+00
6.905999999999999917e-01	4.586722123678522500e+00
6.942000000000000393e-01	4.536299501873448214e+00
6.977999999999999758e-01	4.453824734107581840e+00
7.014000000000000234e-01	4.241221282278787363e+00
7.049999999999999600e-01	3.944381834136018838e+00
7.086000000000000076e-01	3.745943915219493547e+00
7.122000000000000552e-01	3.756810640634780540e+00
7.157999999999999918e-01	3.447513157784220184e+00
7.194000000000000394e-01	3.109200792148622661e+00
7.229999999999999760e-01	3.236924221398061796e+00
7.267000000000000126e-01	3.366071011669694801e+00
7.302999999999999492e-01	3.147660390227825733e+00
7.338999999999999968e-01	3.372450562370747917e+00
7.375000000000000444e-01	3.418507391291971231e+00
7.410999999999999810e-01	3.829729974372921841e+00
7.447000000000000286e-01	4.502438248453074721e+00
7.482999999999999652e-01	4.690718013077506576e+00
7.519000000000000128e-01	5.182196281921184422e+00
7.554999999999999494e-01	5.635537921449825127e+00
7.590999999999999970e-01	5.776296697635793009e+00
7.627000000000000446e-01	5.429035002688581635e+00
7.662999999999999812e-01	5.305387828678186146e+00
7.699000000000000288e-01	5.301527268192154807e+00
7.734999999999999654e-01	5.241434426077528741e+00
7.772000000000000020e-01	5.086308746475096676e+00
7.808000000000000496e-01	4.787013656565513031e+00
7.843999999999999861e-01	5.079399599791656783e+00
7.880000000000000338e-01	5.364894578492576116e+00
7.915999999999999703e-01	4.887753645155384241e+00
7.952000000000000179e-01	5.122537494148083681e+00
7.987999999999999545e-01	4.911284359399567201e+00
8.024000000000000021e-01	5.110967682764702147e+00
8.060000000000000497e-01	5.216746124472483537e+00
8.095999999999999863e-01	5.203183680920607124e+00
8.132000000000000339e-01	4.681343257326978424e+00
8.167999999999999705e-01	5.010612922153665494e+00
8.204000000000000181e-01	4.863169644118134016e+00
8.239999999999999547e-01	5.665652878613714805e+00
8.276999999999999913e-01	5.753418435901905603e+00
8.313000000000000389e-01	6.245061166052093604e+00
8.348999999999999755e-01	6.243492717394816260e+00
8.385000000000000231e-01	6.066766371972019734e+00
8.420999999999999597e-01	6.437242840529882493e+00
8.457000000000000073e-01	6.483385368527137871e+00
8.493000000000000549e-01	6.927688344391776276e+00
8.528999999999999915e-01	6.266735119563221268e+00
8.565000000000000391e-01	6.077759052219591673e+00
8.600999999999999757e-01	6.172686516323813599e+00
8.637000000000000233e-01	5.735292391284467328e+00
8.672999999999999599e-01	5.532803262933452260e+00
8.709000000000000075e-01	5.568647305777737699e+00
8.745000000000000551e-01	5.395799402391618926e+00
8.781999999999999806e-01	5.455655377366772640e+00
8.818000000000000282e-01	6.070506531563157893e+00
8.853999999999999648e-01	5.860457741184135649e+00
8.890000000000000124e-01	6.069861511300563173e+00
8.925999999999999490e-01	6.274840673286739445e+00
8.961999999999999966e-01	6.805085560131418632e+00
8.998000000000000442e-01	6.822754480743883576e+00
9.033999999999999808e-01	6.966810673499693962e+00
9.070000000000000284e-01	7.123397144358185606e+00
9.105999999999999650e-01	7.451382861382198186e+00
9.142000000000000126e-01	7.279779815682804411e+00
9.177999999999999492e-01	7.332931225802377107e+00
9.213999999999999968e-01	7.905831982343212161e+00
9.251000000000000334e-01	8.179864903293315948e+00
9.286999999999999700e-01	7.515845312525081923e+00
9.323000000000000176e-01	7.524187086102456234e+00
9.358999999999999542e-01	7.844163575302257385e+00
9.395000000000000018e-01	7.989757291704758124e+00
9.431000000000000494e-01	8.011609869484418667e+00
9.466999999999999860e-01	7.704265523277301853e+00
9.503000000000000336e-01	7.497503269633924106e+00
9.538999999999999702e-01	7.707476536504509035e+00
9.575000000000000178e-01	7.664878234255430911e+00
9.610999999999999543e-01	7.305636584952894808e+00
9.647000000000000020e-01	7.742994693408014051e+00
9.683000000000000496e-01	7.918560450445576215e+00
9.718999999999999861e-01	8.423260286125323404e+00
9.756000000000000227e-01	8.810312980342116518e+00
9.791999999999999593e-01	9.175497337774489282e+00
9.828000000000000069e-01	9.020765456878127253e+00
9.864000000000000545e-01	9.241195022286083471e+00
9.899999999999999911e-01	9.460068727594045157e+00
9.936000000000000387e-01	9.432012966636991180e+00
9.971999999999999753e-01	9.377517275623555193e+00
1.000799999999999912e+00	9.588219451762508783e+00
1.004399999999999959e+00	1.002923704442160080e+01
1.008000000000000007e+00	9.553941256265165549e+00
1.011600000000000055e+00	9.926983350480126589e+00
1.015200000000000102e+00	9.814115447395076686e+00
1.018799999999999928e+00	9.861247772615373108e+00
1.022399999999999975e+00	9.737665649735539830e+00
1.026100000000000012e+00	9.284229374662706036e+00
1.029700000000000060e+00	9.740541434518137365e+00
1.033300000000000107e+00	9.582198087484167459e+00
1.036899999999999933e+00	9.439810843214504033e+00
1.040499999999999980e+00	9.304621557468760074e+00
1.044100000000000028e+00	8.620579885565895495e+00
1.047700000000000076e+00	8.998890126028245007e+00
1.051299999999999901e+00	8.901562646484103780e+00
1.054899999999999949e+00	9.113961713962796196e+00
1.058499999999999996e+00	8.929967078288434834e+00
1.062100000000000044e+00	9.541245821715653719e+00
1.065700000000000092e+00	9.602802695462047566e+00
1.069299999999999917e+00	1.010219164436929695e+01
1.072899999999999965e+00	9.849779114953303605e+00
1.076600000000000001e+00	9.771256787794383669e+00
1.080200000000000049e+00	9.647093190279740327e+00
1.083800000000000097e+00	9.917018781319210774e+00
1.087399999999999922e+00	1.039692718745770783e+01
1.090999999999999970e+00	1.164550544081707351e+01
1.094600000000000017e+00	1.236441223705693204e+01
1.098200000000000065e+00	1.308814389749292673e+01
1.101799999999999891e+00	1.352690195756593994e+01
1.105399999999999938e+00	1.320517651319958574e+01
1.108999999999999986e+00	1.251910552897304285e+01
1.112600000000000033e+00	1.201456221947009340e+01
1.116200000000000081e+00	1.162657276870250911e+01
1.119799999999999907e+00	1.052728106672499031e+01
1.123399999999999954e+00	1.096768791251576580e+01
1.127099999999999991e+00	1.061822647496499705e+01
1.130700000000000038e+00	1.038778857657878696e+01
1.134300000000000086e+00	1.049504546153079687e+01
1.137899999999999912e+00	1.052578577441835606e+01
1.141499999999999959e+00	1.067937876286335630e+01
1.145100000000000007e+00	1.144217984661045406e+01
1.148700000000000054e+00	1.263991930578382750e+01
1.152300000000000102e+00	1.365116551460133643e+01
1.155899999999999928e+00	1.475593059433423271e+01
1.159499999999999975e+00	1.529575644665977130e+01
1.163100000000000023e+00	1.507822331048343045e+01
1.166700000000000070e+00	1.425201006330327580e+01
1.170299999999999896e+00	1.368230661247559254e+01
1.173899999999999944e+00	1.280409124714608105e+01
1.177599999999999980e+00	1.228657201185768777e+01
1.181200000000000028e+00	1.246421693538574438e+01
1.184800000000000075e+00	1.324985150337803752e+01
1.188399999999999901e+00	1.378877940985200468e+01
1.191999999999999948e+00	1.401485374941938034e+01
1.195599999999999996e+00	1.419761128409621342e+01
1.199200000000000044e+00	1.453332757277081733e+01
1.202800000000000091e+00	1.429790937270214357e+01
1.206399999999999917e+00	1.436380769190214579e+01
1.209999999999999964e+00	1.425604173049802625e+01
1.213600000000000012e+00	1.457986326206836836e+01
1.217200000000000060e+00	1.428412770195201809e+01
1.220800000000000107e+00	1.389607924879147127e+01
1.224399999999999933e+00	1.446240175969178665e+01
1.228099999999999969e+00	1.423886388080595111e+01
1.231700000000000017e+00	1.477750013259338147e+01
1.235300000000000065e+00	1.494877209904369586e+01
1.238899999999999890e+00	1.503795178389141007e+01
1.242499999999999938e+00	1.548745621754530966e+01
1.246099999999999985e+00	1.573747323425458688e+01
1.249700000000000033e+00	1.626429484777364110e+01
1.253300000000000081e+00	1.581773177073218406e+01
1.256899999999999906e+00	1.646333025900484515e+01
1.260499999999999954e+00	1.592785795535107063e+01
1.264100000000000001e+00	1.589683401985494449e+01
1.267700000000000049e+00	1.583402492968357400e+01
1.271300000000000097e+00	1.651823011910350658e+01
1.274899999999999922e+00	1.676973639747172840e+01
1.278599999999999959e+00	1.658506077850928762e+01
1.282200000000000006e+00	1.678068923312244110e+01
1.285800000000000054e+00	1.678360819108784341e+01
1.289400000000000102e+00	1.719425116650906915e+01
1.292999999999999927e+00	1.651156236825573131e+01
1.296599999999999975e+00	1.716263103401497858e+01
1.300200000000000022e+00	1.729060873026836731e+01
1.303800000000000070e+00	1.722282566459427500e+01
1.307399999999999896e+00	1.745151941128694517e+01
1.310999999999999943e+00	1.741411507003216030e+01
1.314599999999999991e+00	1.812478562682275651e+01
1.318200000000000038e+00	1.778462838094437259e+01
1.321800000000000086e+00	1.836645693071361762e+01
1.325499999999999901e+00	1.850668829136491311e+01
1.329099999999999948e+00	1.843597700008071882e+01
1.332699999999999996e+00	1.840465750467328476e+01
1.336300000000000043e+00	1.814051387005304861e+01
1.339900000000000091e+00	1.872670308072481760e+01
1.343499999999999917e+00	1.880605437072553343e+01
1.347099999999999964e+00	1.935482003857855204e+01
1.350700000000000012e+00	1.937217866678817657e+01
1.354300000000000059e+00	1.973805039851472642e+01
1.357900000000000107e+00	2.046347063631398555e+01
1.361499999999999932e+00	2.069342023963374899e+01
1.365099999999999980e+00	2.024161234901198370e+01
1.368700000000000028e+00	2.031540167200997615e+01
1.372300000000000075e+00	2.042015235340451795e+01
1.375999999999999890e+00	2.032348117241965113e+01
1.379599999999999937e+00	2.007964158940865929e+01
1.383199999999999985e+00	1.985482950551146786e+01
1.386800000000000033e+00	2.038663092741381533e+01
1.390400000000000080e+00	2.013025356677195532e+01
1.393999999999999906e+00	2.011256388198586009e+01
1.397599999999999953e+00	2.039086027867951145e+01
1.401200000000000001e+00	2.056420724967142633e+01
1.404800000000000049e+00	2.086113937335064250e+01
1.408400000000000096e+00	2.092375206141538868e+01
1.411999999999999922e+00	2.127450757776925627e+01
1.415599999999999969e+00	2.123557718328069654e+01
1.419200000000000017e+00	2.038086971250075052e+01
1.422800000000000065e+00	2.013721316875946599e+01
1.426500000000000101e+00	1.964615728463968480e+01
1.430099999999999927e+00	1.992841832325475337e+01
1.433699999999999974e+00	1.955497938693635973e+01
1.437300000000000022e+00	1.919137851154284036e+01
1.440900000000000070e+00	1.976837728151441453e+01
1.444499999999999895e+00	1.996011448070647276e+01
1.448099999999999943e+00	1.977112116726764768e+01
1.451699999999999990e+00	2.058649106932005068e+01
1.455300000000000038e+00	2.042389414884933174e+01
1.458900000000000086e+00	2.076408909320905494e+01
1.462499999999999911e+00	2.122827264919756729e+01
1.466099999999999959e+00	2.117835284473630963e+01
1.469700000000000006e+00	2.136750715889600727e+01
1.473300000000000054e+00	2.159273565512113535e+01
1.477000000000000091e+00	2.171482603476259854e+01
1.480599999999999916e+00	2.183650987271992605e+01
1.484199999999999964e+00	2.188556740273010703e+01
1.487800000000000011e+00	2.200058547866378333e+01
1.491400000000000059e+00	2.176237160982347874e+01
1.495000000000000107e+00	2.255065501138398432e+01
1.498599999999999932e+00	2.256471431850711085e+01
1.502199999999999980e+00	2.350596867447761085e+01
1.505800000000000027e+00	2.342903231953240706e+01
1.509400000000000075e+00	2.334417725697625201e+01
1.512999999999999901e+00	2.301967842190086699e+01
1.516599999999999948e+00	2.264407456912516281e+01
1.520199999999999996e+00	2.236287865851587497e+01
1.523800000000000043e+00	2.296477014467764377e+01
1.527500000000000080e+00	2.374727752054537078e+01
1.531099999999999905e+00	2.403664300357843686e+01
1.534699999999999953e+00	2.509046260981631349e+01
1.538300000000000001e+00	2.582115084637661440e+01
1.541900000000000048e+00	2.549098746859501574e+01
1.545500000000000096e+00	2.539959945618791082e+01
1.549099999999999921e+00	2.539515942863200237e+01
1.552699999999999969e+00	2.534909593684139040e+01
1.556300000000000017e+00	2.539329206089987068e+01
1.559900000000000064e+00	2.508496437331574569e+01
1.563499999999999890e+00	2.511787300736160233e+01
1.567099999999999937e+00	2.464973511211037760e+01
1.570699999999999985e+00	2.484433065135468510e+01
1.574300000000000033e+00	2.483457264621699778e+01
1.578000000000000069e+00	2.533127736426417087e+01
1.581599999999999895e+00	2.527938584514295783e+01
1.585199999999999942e+00	2.596958860632009447e+01
1.588799999999999990e+00	2.636877337439578639e+01
1.592400000000000038e+00	2.714882051437158950e+01
1.596000000000000085e+00	2.801549596489400784e+01
1.599599999999999911e+00	2.821481937540168872e+01
1.603199999999999958e+00	2.892028715614033629e+01
1.606800000000000006e+00	2.873545795075437681e+01
1.610400000000000054e+00	2.891457694402208389e+01
1.614000000000000101e+00	2.927526777124460367e+01
1.617599999999999927e+00	2.865723827795756407e+01
1.621199999999999974e+00	2.864823824307575961e+01
1.624800000000000022e+00	2.836190673387522665e+01
1.628500000000000059e+00	2.835226473619920995e+01
1.632100000000000106e+00	2.872678824361365812e+01
1.635699999999999932e+00	2.877720300341666970e+01
1.639299999999999979e+00	2.859442284692610059e+01
1.642900000000000027e+00	2.846756698730940727e+01
1.646500000000000075e+00	2.888290821220180149e+01
1.650099999999999900e+00	2.939792162043135804e+01
1.653699999999999948e+00	3.118749631904577413e+01
1.657299999999999995e+00	3.199202805266117267e+01
1.660900000000000043e+00	3.402595839381464771e+01
1.664500000000000091e+00	3.586675559310241113e+01
1.668099999999999916e+00	3.674457010852785288e+01
1.671699999999999964e+00	3.657430179541486126e+01
1.675400000000000000e+00	3.549080129959174457e+01
1.679000000000000048e+00	3.330647248843799701e+01
1.682600000000000096e+00	3.139502819236030007e+01
1.686199999999999921e+00	3.027965242014675340e+01
1.689799999999999969e+00	3.009903721780238683e+01
1.693400000000000016e+00	3.044105199708844367e+01
1.697000000000000064e+00	3.138709036877483172e+01
1.700599999999999890e+00	3.389880222401246357e+01
1.704199999999999937e+00	3.643186402323375717e+01
1.707799999999999985e+00	3.779586972871995698e+01
1.711400000000000032e+00	3.938872827383356423e+01
1.715000000000000080e+00	3.972949917914925777e+01
1.718599999999999905e+00	3.888315754499826227e+01
1.722199999999999953e+00	3.660222980151858252e+01
1.725899999999999990e+00	3.384940454321688463e+01
1.729500000000000037e+00	3.233404188702355953e+01
1.733100000000000085e+00	3.220329125958287619e+01
1.736699999999999910e+00	3.282856572880262291e+01
1.740299999999999958e+00	3.384261636759054426e+01
1.743900000000000006e+00	3.527518624782717893e+01
1.747500000000000053e+00	3.610453688667856653e+01
1.751100000000000101e+00	3.681858688457968043e+01
1.754699999999999926e+00	3.733343551506619207e+01
1.758299999999999974e+00	3.743607008127993652e+01
1.761900000000000022e+00	3.820246712674715184e+01
1.765500000000000069e+00	3.827248046248278257e+01
1.769099999999999895e+00	3.912751560524689864e+01
1.772699999999999942e+00	3.916613645673160704e+01
1.776399999999999979e+00	3.900731072237830688e+01
1.780000000000000027e+00	3.788636722038973659e+01
1.783600000000000074e+00	3.721489704300628176e+01
1.787199999999999900e+00	3.584711117214416731e+01
1.790799999999999947e+00	3.504496569940457107e+01
1.794399999999999995e+00	3.512370052846470259e+01
1.798000000000000043e+00	3.465394797428187701e+01
1.801600000000000090e+00	3.505852573504043335e+01
1.805199999999999916e+00	3.451071319952947647e+01
1.808799999999999963e+00	3.344331969561209661e+01
1.812400000000000011e+00	3.233108795661155455e+01
1.816000000000000059e+00	3.171127675794314627e+01
1.819600000000000106e+00	3.163844486379337084e+01
1.823199999999999932e+00	3.266678091891236591e+01
1.826899999999999968e+00	3.396692797635995476e+01
1.830500000000000016e+00	3.537567137343652490e+01
1.834100000000000064e+00	3.672924173553698779e+01
1.837699999999999889e+00	3.698152558022544412e+01
1.841299999999999937e+00	3.630519924104517315e+01
1.844899999999999984e+00	3.526459859931394902e+01
1.848500000000000032e+00	3.540671724469661541e+01
1.852100000000000080e+00	3.642807089755176975e+01
1.855699999999999905e+00	3.818549873493683577e+01
1.859299999999999953e+00	4.036284148450683773e+01
1.862900000000000000e+00	4.134105434603183227e+01
1.866500000000000048e+00	4.138022396975132011e+01
1.870100000000000096e+00	3.953764551002780081e+01
1.873699999999999921e+00	3.730377232311423086e+01
1.877399999999999958e+00	3.593330248966524465e+01
1.881000000000000005e+00	3.609759512470683518e+01
1.884600000000000053e+00	3.758078404341111423e+01
1.888200000000000101e+00	4.017650749401711607e+01
1.891799999999999926e+00	4.345056001270477708e+01
1.895399999999999974e+00	4.481944367805944296e+01
1.899000000000000021e+00	4.476534683231981404e+01
1.902600000000000069e+00	4.347526002774343112e+01
1.906199999999999894e+00	4.172394888943144053e+01
1.909799999999999942e+00	4.115180018438001497e+01
1.913399999999999990e+00	4.145765395718333934e+01
1.917000000000000037e+00	4.279859201125265855e+01
1.920600000000000085e+00	4.412327503144850738e+01
1.924199999999999910e+00	4.497416057669558853e+01
1.927899999999999947e+00	4.494445627262579990e+01
1.931499999999999995e+00	4.380508572333592099e+01
1.935100000000000042e+00	4.205093867743045166e+01
1.938700000000000090e+00	4.049577442389846738e+01
1.942299999999999915e+00	4.038244416069548492e+01
1.945899999999999963e+00	4.129432762097344067e+01
1.949500000000000011e+00	4.174444646869434905e+01
1.953100000000000058e+00	4.181329967191250319e+01
1.956700000000000106e+00	4.199450434575676638e+01
1.960299999999999931e+00	4.038315711107303230e+01
1.963899999999999979e+00	3.930974923606804339e+01
1.967500000000000027e+00	3.783316968410945691e+01
1.971100000000000074e+00	3.757529386066614308e+01
1.974699999999999900e+00	3.826814510463822216e+01
1.978399999999999936e+00	3.937737251759683232e+01
1.981999999999999984e+00	4.055785860873161397e+01
1.985600000000000032e+00	4.204405441344611205e+01
1.989200000000000079e+00	4.272614835460140625e+01
1.992799999999999905e+00	4.237592980117203467e+01
1.996399999999999952e+00	4.066734527797512300e+01
2.000000000000000000e+00	3.677652622477093303e+01
