2.000000000000000111e-01	-1.131947191999189917e+00
2.036000000000000032e-01	-1.373012475570518198e+00
2.071999999999999953e-01	-1.609039671683921924e+00
2.107999999999999874e-01	-2.054071618216396722e+00
2.144000000000000072e-01	-1.258957643944329297e+00
2.179999999999999993e-01	-1.654154751758588393e+00
2.215999999999999914e-01	-1.338557971601677554e+00
2.253000000000000003e-01	-2.416674788790148298e+00
2.288999999999999924e-01	-2.716198949135576690e+00
2.325000000000000122e-01	-2.599627529970485185e+00
2.361000000000000043e-01	-2.333285779299622664e+00
2.396999999999999964e-01	-2.923604817519998900e+00
2.432999999999999885e-01	-2.341070521769355484e+00
2.469000000000000083e-01	-2.939299957818847453e+00
2.505000000000000004e-01	-2.776112072661833796e+00
2.540999999999999925e-01	-2.586996428460368591e+00
2.576999999999999846e-01	-2.487996666202865192e+00
2.612999999999999767e-01	-2.437985336458452945e+00
2.649000000000000243e-01	-2.236302836364518321e+00
2.685000000000000164e-01	-1.875230310827764368e+00
2.721000000000000085e-01	-1.850560600351870866e+00
2.757999999999999896e-01	-5.043584389875634955e-01
2.793999999999999817e-01	7.775289410509422794e-03
2.829999999999999738e-01	-4.793711776939091340e-01
2.866000000000000214e-01	-6.192303223210073870e-01
2.902000000000000135e-01	-1.141130804930222009e+00
2.938000000000000056e-01	-5.888020569787448810e-01
2.973999999999999977e-01	-7.323652859591959219e-01
3.009999999999999898e-01	-7.577480209798815869e-01
3.045999999999999819e-01	-1.645426280997957402e+00
3.081999999999999740e-01	-1.478865109234361208e+00
3.118000000000000216e-01	-2.261136578607857217e+00
3.154000000000000137e-01	-1.954725306107172322e+00
3.190000000000000058e-01	-2.691647230883438269e+00
3.225999999999999979e-01	-2.440982264324623507e+00
3.262999999999999790e-01	-2.544139321374327523e+00
3.299000000000000266e-01	-2.315463922325541990e+00
3.335000000000000187e-01	-2.377600399599724579e+00
3.371000000000000107e-01	-1.977308231872677347e+00
3.407000000000000028e-01	-1.867609630939630394e+00
3.442999999999999949e-01	-1.456639092315860529e+00
3.478999999999999870e-01	-4.539915922891755162e-01
3.514999999999999791e-01	-1.335381452876546193e-01
3.551000000000000267e-01	-1.401585498115881512e-02
3.587000000000000188e-01	-2.660729035459181158e-01
3.623000000000000109e-01	2.180081567790076447e-01
3.659000000000000030e-01	2.524674921893265145e-01
3.694999999999999951e-01	1.140113939132822107e+00
3.730999999999999872e-01	6.521134910604011736e-01
3.768000000000000238e-01	1.320493318025010021e+00
3.804000000000000159e-01	3.640305259160469403e-02
3.840000000000000080e-01	-2.442047304782838102e-01
3.876000000000000001e-01	-3.011258459123141717e-01
3.911999999999999922e-01	-4.746665492207231551e-01
3.947999999999999843e-01	-1.369083845219136730e-01
3.983999999999999764e-01	-1.063660276474108546e+00
4.020000000000000240e-01	-1.417944245508213630e-01
4.056000000000000161e-01	-8.272464532413503768e-01
4.092000000000000082e-01	-1.738688075405635525e-01
4.128000000000000003e-01	-4.682340103030147027e-01
4.163999999999999924e-01	-8.140218009603070737e-01
4.199999999999999845e-01	-1.046996318487437017e-01
4.235999999999999766e-01	4.984093583790712156e-02
4.273000000000000131e-01	1.167608650782804569e-01
4.309000000000000052e-01	8.338787343946348907e-01
4.344999999999999973e-01	6.843193418888918744e-01
4.380999999999999894e-01	1.168062539286776946e+00
4.416999999999999815e-01	1.310238076443346333e+00
4.452999999999999736e-01	1.870489624788497895e+00
4.489000000000000212e-01	1.691957755203498337e+00
4.525000000000000133e-01	8.819433741417858075e-01
4.561000000000000054e-01	1.695114743211959762e+00
4.596999999999999975e-01	1.612301594037016228e+00
4.632999999999999896e-01	8.921540993389580620e-01
4.668999999999999817e-01	1.003994953448557048e+00
4.704999999999999738e-01	3.395401286299819521e-01
4.741000000000000214e-01	7.325463371865204021e-02
4.778000000000000025e-01	-1.179739567049672838e-01
4.813999999999999946e-01	4.824221607276129031e-01
4.849999999999999867e-01	2.388217280661846520e-01
4.885999999999999788e-01	1.045354300435978323e-01
4.922000000000000264e-01	4.153750505420765460e-02
4.958000000000000185e-01	7.074759917136561604e-01
4.994000000000000106e-01	5.373529528785336851e-01
5.030000000000000027e-01	6.574586661515262609e-01
5.066000000000000503e-01	1.358737905206976571e+00
5.101999999999999869e-01	1.569264867149928966e+00
5.138000000000000345e-01	1.204020307359135122e+00
5.173999999999999710e-01	2.169053670081809937e+00
5.210000000000000187e-01	2.368937644351581717e+00
5.245999999999999552e-01	1.720462622411134568e+00
5.282999999999999918e-01	1.981622347132793838e+00
5.319000000000000394e-01	1.153168491832857301e+00
5.354999999999999760e-01	1.282376176643310384e+00
5.391000000000000236e-01	1.209337179712616672e+00
5.426999999999999602e-01	1.618164374656630766e+00
5.463000000000000078e-01	5.416001438674906687e-01
5.499000000000000554e-01	7.434946590289139845e-01
5.534999999999999920e-01	1.152565179611978685e+00
5.571000000000000396e-01	1.610751459234703642e+00
5.606999999999999762e-01	1.874195559485324791e+00
5.643000000000000238e-01	1.493639229209354546e+00
5.678999999999999604e-01	2.438111460774936567e+00
5.715000000000000080e-01	2.320506892963876133e+00
5.752000000000000446e-01	1.819483439407065362e+00
5.787999999999999812e-01	2.085720988125573605e+00
5.824000000000000288e-01	2.323565812999535130e+00
5.859999999999999654e-01	2.859321950443906246e+00
5.896000000000000130e-01	2.616655643636096151e+00
5.931999999999999496e-01	3.203186426032245571e+00
5.967999999999999972e-01	2.972476924664032794e+00
6.004000000000000448e-01	3.399665776644735349e+00
6.039999999999999813e-01	3.632741372126912616e+00
6.076000000000000290e-01	4.347595288646525447e+00
6.111999999999999655e-01	3.054798685887064380e+00
6.148000000000000131e-01	3.739609424985003372e+00
6.183999999999999497e-01	2.635473866356010664e+00
6.219999999999999973e-01	3.374676791369309203e+00
6.257000000000000339e-01	1.921314254230045870e+00
6.292999999999999705e-01	2.429550482412186518e+00
6.329000000000000181e-01	1.955578774353247118e+00
6.364999999999999547e-01	1.743386039733561210e+00
6.401000000000000023e-01	1.537088845081262312e+00
6.437000000000000499e-01	2.412000898222057099e+00
6.472999999999999865e-01	2.326891960399552151e+00
6.509000000000000341e-01	1.996375589257933791e+00
6.544999999999999707e-01	2.600867876020701353e+00
6.581000000000000183e-01	1.811413444122246919e+00
6.616999999999999549e-01	2.805876408973041247e+00
6.653000000000000025e-01	2.754249157395876502e+00
6.689000000000000501e-01	3.432194369511226917e+00
6.724999999999999867e-01	3.946676013894815593e+00
6.762000000000000233e-01	3.989229069197711031e+00
6.797999999999999599e-01	4.215233792010315561e+00
6.834000000000000075e-01	4.321658741321205532e+00
6.870000000000000551e-01	4.614861113865540432e+00
6.905999999999999917e-01	3.905201848305062118e+00
6.942000000000000393e-01	4.861420908387943385e+00
6.977999999999999758e-01	4.363961532088383777e+00
7.014000000000000234e-01	4.737835705220613924e+00
7.049999999999999600e-01	3.611968244523760418e+00
7.086000000000000076e-01	3.667503416920273374e+00
7.122000000000000552e-01	3.700953762617481768e+00
7.157999999999999918e-01	3.734937635585447335e+00
7.194000000000000394e-01	3.576528939889674241e+00
7.229999999999999760e-01	3.334102563628747795e+00
7.267000000000000126e-01	3.575378498050579612e+00
7.302999999999999492e-01	3.018012816216253391e+00
7.338999999999999968e-01	3.373755139549537319e+00
7.375000000000000444e-01	3.009761191529463531e+00
7.410999999999999810e-01	4.508377397351274851e+00
7.447000000000000286e-01	3.886311360846794738e+00
7.482999999999999652e-01	4.708458093657512222e+00
7.519000000000000128e-01	5.399649358223612694e+00
7.554999999999999494e-01	5.260149529782583322e+00
7.590999999999999970e-01	5.493070662163320073e+00
7.627000000000000446e-01	5.519774994867702844e+00
7.662999999999999812e-01	4.938508887157507132e+00
7.699000000000000288e-01	5.054692997530153775e+00
7.734999999999999654e-01	5.014798466856483117e+00
7.772000000000000020e-01	4.713265213027577616e+00
7.808000000000000496e-01	4.668884043173375353e+00
7.843999999999999861e-01	5.236042313249786417e+00
7.880000000000000338e-01	4.474943708092931516e+00
7.915999999999999703e-01	4.891842939710900673e+00
7.952000000000000179e-01	5.375708041671018123e+00
7.987999999999999545e-01	4.518829454709704763e+00
8.024000000000000021e-01	5.098598622408657022e+00
8.060000000000000497e-01	4.958694602665953965e+00
8.095999999999999863e-01	5.488366228594406593e+00
8.132000000000000339e-01	4.810220156603887354e+00
8.167999999999999705e-01	4.532125866537007219e+00
8.204000000000000181e-01	5.153197648956687082e+00
8.239999999999999547e-01	5.470860943693946155e+00
8.276999999999999913e-01	5.631494344691049925e+00
8.313000000000000389e-01	6.216693307389767220e+00
8.348999999999999755e-01	5.914248379429747793e+00
8.385000000000000231e-01	6.744515026892965892e+00
8.420999999999999597e-01	6.671338999825248806e+00
8.457000000000000073e-01	6.831379526427199700e+00
8.493000000000000549e-01	6.717990764281346117e+00
8.528999999999999915e-01	7.417300633630661721e+00
8.565000000000000391e-01	6.866395367833840524e+00
8.600999999999999757e-01	6.061899409055818033e+00
8.637000000000000233e-01	5.888545817765844959e+00
8.672999999999999599e-01	6.240086874445417209e+00
8.709000000000000075e-01	5.909309261305394578e+00
8.745000000000000551e-01	5.375899330441867185e+00
8.781999999999999806e-01	5.968386792015299314e+00
8.818000000000000282e-01	5.821675645606013916e+00
8.853999999999999648e-01	6.228255846414755936e+00
8.890000000000000124e-01	6.810762398542657081e+00
8.925999999999999490e-01	6.414838912377136992e+00
8.961999999999999966e-01	6.793123018945091296e+00
8.998000000000000442e-01	6.159292896190673439e+00
9.033999999999999808e-01	7.656785191871983365e+00
9.070000000000000284e-01	6.712263753586224624e+00
9.105999999999999650e-01	7.831762630497776101e+00
9.142000000000000126e-01	7.435872421531596110e+00
9.177999999999999492e-01	7.922536066277468869e+00
9.213999999999999968e-01	7.791592319104422515e+00
9.251000000000000334e-01	7.356103969110231233e+00
9.286999999999999700e-01	8.081107616743709698e+00
9.323000000000000176e-01	8.052874823684888383e+00
9.358999999999999542e-01	7.818835140309992937e+00
9.395000000000000018e-01	8.486173976413581954e+00
9.431000000000000494e-01	8.026885450972946145e+00
9.466999999999999860e-01	8.372034505364988277e+00
9.503000000000000336e-01	7.677264218045459998e+00
9.538999999999999702e-01	7.282726475636536634e+00
9.575000000000000178e-01	7.959738646363469172e+00
9.610999999999999543e-01	7.684741433815674760e+00
9.647000000000000020e-01	7.261999854980948577e+00
9.683000000000000496e-01	7.975658909052173229e+00
9.718999999999999861e-01	8.554580924517955154e+00
9.756000000000000227e-01	8.819066973383600683e+00
9.791999999999999593e-01	8.670357488755342956e+00
9.828000000000000069e-01	8.895327699628072793e+00
9.864000000000000545e-01	9.951789064780488303e+00
9.899999999999999911e-01	9.522009485943971896e+00
9.936000000000000387e-01	9.674979093250840378e+00
9.971999999999999753e-01	9.268344899594472608e+00
1.000799999999999912e+00	9.651260736305392385e+00
1.004399999999999959e+00	9.818251470776608869e+00
1.008000000000000007e+00	1.008184165924249243e+01
1.011600000000000055e+00	1.007111954856235059e+01
1.015200000000000102e+00	1.001566212882822171e+01
1.018799999999999928e+00	9.442745586996629470e+00
1.022399999999999975e+00	9.829442230754279919e+00
1.026100000000000012e+00	9.803842676173500692e+00
1.029700000000000060e+00	9.305051348798912159e+00
1.033300000000000107e+00	9.605761086044136476e+00
1.036899999999999933e+00	9.607792374079263453e+00
1.040499999999999980e+00	9.078167466567510502e+00
1.044100000000000028e+00	9.465189617469258465e+00
1.047700000000000076e+00	8.737374198651314927e+00
1.051299999999999901e+00	8.674136835771472320e+00
1.054899999999999949e+00	9.027727976083861350e+00
1.058499999999999996e+00	9.562906017293363092e+00
1.062100000000000044e+00	9.803609177571765088e+00
1.065700000000000092e+00	9.813211053046703825e+00
1.069299999999999917e+00	9.752213941320961865e+00
1.072899999999999965e+00	9.710331054265539663e+00
1.076600000000000001e+00	1.016867569068921817e+01
1.080200000000000049e+00	9.948779434961975809e+00
1.083800000000000097e+00	1.000818765315072412e+01
1.087399999999999922e+00	1.138070990644559544e+01
1.090999999999999970e+00	1.166328098128812840e+01
1.094600000000000017e+00	1.263231753932040036e+01
1.098200000000000065e+00	1.328758496887718898e+01
1.101799999999999891e+00	1.341966642289096612e+01
1.105399999999999938e+00	1.289735999202644301e+01
1.108999999999999986e+00	1.256854064490129730e+01
1.112600000000000033e+00	1.130601987833657063e+01
1.116200000000000081e+00	1.155622913401805540e+01
1.119799999999999907e+00	1.107912896436887351e+01
1.123399999999999954e+00	1.065613212829529921e+01
1.127099999999999991e+00	1.038282842942438400e+01
1.130700000000000038e+00	1.065133689023868513e+01
1.134300000000000086e+00	1.062234697756367829e+01
1.137899999999999912e+00	1.034775369251887689e+01
1.141499999999999959e+00	1.068306407974857386e+01
1.145100000000000007e+00	1.162258906480908394e+01
1.148700000000000054e+00	1.290058735675732215e+01
1.152300000000000102e+00	1.353260818116658371e+01
1.155899999999999928e+00	1.469936056287722259e+01
1.159499999999999975e+00	1.541817894483132001e+01
1.163100000000000023e+00	1.508568308894090571e+01
1.166700000000000070e+00	1.411248704895772121e+01
1.170299999999999896e+00	1.393040606901000444e+01
1.173899999999999944e+00	1.290984776226414077e+01
1.177599999999999980e+00	1.304399745463682514e+01
1.181200000000000028e+00	1.257414857442155665e+01
1.184800000000000075e+00	1.311245071078860214e+01
1.188399999999999901e+00	1.357918844929739421e+01
1.191999999999999948e+00	1.443798916114923436e+01
1.195599999999999996e+00	1.489358802312238339e+01
1.199200000000000044e+00	1.389531778721012856e+01
1.202800000000000091e+00	1.411854001585494167e+01
1.206399999999999917e+00	1.474671268363590393e+01
1.209999999999999964e+00	1.462030418243288743e+01
1.213600000000000012e+00	1.449762227696019856e+01
1.217200000000000060e+00	1.435225038302370137e+01
1.220800000000000107e+00	1.444251396279022259e+01
1.224399999999999933e+00	1.438364915717684944e+01
1.228099999999999969e+00	1.467198038798903426e+01
1.231700000000000017e+00	1.420203928186678510e+01
1.235300000000000065e+00	1.577224153756841751e+01
1.238899999999999890e+00	1.550576224187595820e+01
1.242499999999999938e+00	1.555868581474265966e+01
1.246099999999999985e+00	1.610863606461418485e+01
1.249700000000000033e+00	1.650149111129093171e+01
1.253300000000000081e+00	1.538065885110959741e+01
1.256899999999999906e+00	1.713091475410375608e+01
1.260499999999999954e+00	1.618856244542882550e+01
1.264100000000000001e+00	1.589599743033669199e+01
1.267700000000000049e+00	1.635816937191883014e+01
1.271300000000000097e+00	1.689848378425323006e+01
1.274899999999999922e+00	1.695791180888797101e+01
1.278599999999999959e+00	1.687487611070627480e+01
1.282200000000000006e+00	1.696066266787932619e+01
1.285800000000000054e+00	1.750428103010448666e+01
1.289400000000000102e+00	1.714349921165251089e+01
1.292999999999999927e+00	1.676574660352019919e+01
1.296599999999999975e+00	1.717354768471994575e+01
1.300200000000000022e+00	1.730029201762361524e+01
1.303800000000000070e+00	1.739746920915451867e+01
1.307399999999999896e+00	1.817843255752345399e+01
1.310999999999999943e+00	1.791380430580124283e+01
1.314599999999999991e+00	1.747997826279447153e+01
1.318200000000000038e+00	1.804477598927817894e+01
1.321800000000000086e+00	1.817227299419117870e+01
1.325499999999999901e+00	1.812186291876990651e+01
1.329099999999999948e+00	1.843093876945109955e+01
1.332699999999999996e+00	1.845796049396787097e+01
1.336300000000000043e+00	1.816978016032472709e+01
1.339900000000000091e+00	1.877118797856256194e+01
1.343499999999999917e+00	1.896737731454492959e+01
1.347099999999999964e+00	1.898880207741812143e+01
1.350700000000000012e+00	1.947570056445988484e+01
1.354300000000000059e+00	2.043180248505477437e+01
1.357900000000000107e+00	2.065329204029101362e+01
1.361499999999999932e+00	2.101334351514937993e+01
1.365099999999999980e+00	2.063931275781492758e+01
1.368700000000000028e+00	2.069536190681700205e+01
1.372300000000000075e+00	2.087399270813135743e+01
1.375999999999999890e+00	2.034111995245159576e+01
1.379599999999999937e+00	2.060662252917240167e+01
1.383199999999999985e+00	2.028014084536500050e+01
1.386800000000000033e+00	2.071945551352286330e+01
1.390400000000000080e+00	2.056225173884940816e+01
1.393999999999999906e+00	2.036171842248819885e+01
1.397599999999999953e+00	2.009433682085813189e+01
1.401200000000000001e+00	2.059831122223257438e+01
1.404800000000000049e+00	2.060742207642083201e+01
1.408400000000000096e+00	2.143534948328796474e+01
1.411999999999999922e+00	2.147173728910185631e+01
1.415599999999999969e+00	2.146743223935331102e+01
1.419200000000000017e+00	2.068483560805239918e+01
1.422800000000000065e+00	2.079573151109258333e+01
1.426500000000000101e+00	2.042048235417501090e+01
1.430099999999999927e+00	1.965619434758249184e+01
1.433699999999999974e+00	1.978473000278941285e+01
1.437300000000000022e+00	1.953926416645707320e+01
1.440900000000000070e+00	1.950562810134019998e+01
1.444499999999999895e+00	1.975664581803759390e+01
1.448099999999999943e+00	2.034506783668416929e+01
1.451699999999999990e+00	2.071765477744272843e+01
1.455300000000000038e+00	2.089516946529448305e+01
1.458900000000000086e+00	2.069471566967678910e+01
1.462499999999999911e+00	2.189160807878131720e+01
1.466099999999999959e+00	2.172719927065082857e+01
1.469700000000000006e+00	2.163936633557125333e+01
1.473300000000000054e+00	2.182120309536254155e+01
1.477000000000000091e+00	2.219464677097487382e+01
1.480599999999999916e+00	2.192329129609790783e+01
1.484199999999999964e+00	2.145885720235623140e+01
1.487800000000000011e+00	2.161346774395312309e+01
1.491400000000000059e+00	2.305153121636892877e+01
1.495000000000000107e+00	2.316516995265185486e+01
1.498599999999999932e+00	2.352198218794202234e+01
1.502199999999999980e+00	2.446999252057592500e+01
1.505800000000000027e+00	2.359938181240576327e+01
1.509400000000000075e+00	2.326417809461744213e+01
1.512999999999999901e+00	2.288802923078525353e+01
1.516599999999999948e+00	2.278700135962370510e+01
1.520199999999999996e+00	2.341667553592646556e+01
1.523800000000000043e+00	2.330075670432651691e+01
1.527500000000000080e+00	2.368600302132038848e+01
1.531099999999999905e+00	2.455233803370146717e+01
1.534699999999999953e+00	2.495663280787287164e+01
1.538300000000000001e+00	2.586940010523200328e+01
1.541900000000000048e+00	2.581934878344808837e+01
1.545500000000000096e+00	2.586830529185811756e+01
1.549099999999999921e+00	2.529080440163373922e+01
1.552699999999999969e+00	2.593829315796275381e+01
1.556300000000000017e+00	2.493682956639977988e+01
1.559900000000000064e+00	2.540023026689957319e+01
1.563499999999999890e+00	2.552517812315548085e+01
1.567099999999999937e+00	2.477291797096909320e+01
1.570699999999999985e+00	2.495791384593454154e+01
1.574300000000000033e+00	2.523388254786936358e+01
1.578000000000000069e+00	2.507326028086731640e+01
1.581599999999999895e+00	2.523713137009131913e+01
1.585199999999999942e+00	2.607996547678048671e+01
1.588799999999999990e+00	2.705589494778830684e+01
1.592400000000000038e+00	2.715604719266059064e+01
1.596000000000000085e+00	2.765189606542910639e+01
1.599599999999999911e+00	2.839319146123377280e+01
1.603199999999999958e+00	2.905220326519704699e+01
1.606800000000000006e+00	2.899467930433245400e+01
1.610400000000000054e+00	2.909240975818991970e+01
1.614000000000000101e+00	2.911381298410370633e+01
1.617599999999999927e+00	2.888093917545198508e+01
1.621199999999999974e+00	2.907881583988352148e+01
1.624800000000000022e+00	2.860610311592994037e+01
1.628500000000000059e+00	2.820046845293521187e+01
1.632100000000000106e+00	2.846922798434247781e+01
1.635699999999999932e+00	2.845813136077738292e+01
1.639299999999999979e+00	2.863755935614977943e+01
1.642900000000000027e+00	2.887948473087162782e+01
1.646500000000000075e+00	2.915933057618066471e+01
1.650099999999999900e+00	2.984916320423731406e+01
1.653699999999999948e+00	3.064324871329118949e+01
1.657299999999999995e+00	3.248971035971821664e+01
1.660900000000000043e+00	3.389927932006352052e+01
1.664500000000000091e+00	3.601147569467594423e+01
1.668099999999999916e+00	3.714061515319144036e+01
1.671699999999999964e+00	3.729971924885185786e+01
1.675400000000000000e+00	3.579906512279418962e+01
1.679000000000000048e+00	3.330435133096484890e+01
1.682600000000000096e+00	3.171064114377391618e+01
1.686199999999999921e+00	3.007779770180657408e+01
1.689799999999999969e+00	2.993728003578581820e+01
1.693400000000000016e+00	3.096360170385268162e+01
1.697000000000000064e+00	3.127576731197172677e+01
1.700599999999999890e+00	3.342386991190912937e+01
1.704199999999999937e+00	3.567903309333902939e+01
1.707799999999999985e+00	3.783495102903803087e+01
1.711400000000000032e+00	4.013340950744755276e+01
1.715000000000000080e+00	3.973427638754411362e+01
1.718599999999999905e+00	3.840997461553132553e+01
1.722199999999999953e+00	3.683994993594149037e+01
1.725899999999999990e+00	3.447643571607925850e+01
1.729500000000000037e+00	3.304162635040275831e+01
1.733100000000000085e+00	3.225250251329152462e+01
1.736699999999999910e+00	3.247393743060383287e+01
1.740299999999999958e+00	3.447666315899740397e+01
1.743900000000000006e+00	3.554912570390637683e+01
1.747500000000000053e+00	3.631916646010880356e+01
1.751100000000000101e+00	3.701696770410212167e+01
1.754699999999999926e+00	3.690520454412725115e+01
1.758299999999999974e+00	3.732573554337906785e+01
1.761900000000000022e+00	3.809053103211191882e+01
1.765500000000000069e+00	3.805721418208261753e+01
1.769099999999999895e+00	3.869238498271447924e+01
1.772699999999999942e+00	3.941232512135411525e+01
1.776399999999999979e+00	3.828245829294208136e+01
1.780000000000000027e+00	3.807809626469470743e+01
1.783600000000000074e+00	3.743120095745271669e+01
1.787199999999999900e+00	3.571857398087182389e+01
1.790799999999999947e+00	3.513766704055635159e+01
1.794399999999999995e+00	3.470611572929927746e+01
1.798000000000000043e+00	3.499065781314271817e+01
1.801600000000000090e+00	3.474420313865181953e+01
1.805199999999999916e+00	3.451573764563433855e+01
1.808799999999999963e+00	3.397989536325078319e+01
1.812400000000000011e+00	3.262457900275937561e+01
1.816000000000000059e+00	3.123448168572347683e+01
1.819600000000000106e+00	3.156964322537255896e+01
1.823199999999999932e+00	3.276832712622182697e+01
1.826899999999999968e+00	3.404259612114448430e+01
1.830500000000000016e+00	3.590446051826777563e+01
1.834100000000000064e+00	3.686177127847972201e+01
1.837699999999999889e+00	3.693955339091214540e+01
1.841299999999999937e+00	3.537174894420223126e+01
1.844899999999999984e+00	3.539192872736435902e+01
1.848500000000000032e+00	3.604457153843986816e+01
1.852100000000000080e+00	3.631441055745400348e+01
1.855699999999999905e+00	3.837535544814726052e+01
1.859299999999999953e+00	4.012988759951166884e+01
1.862900000000000000e+00	4.161970528904404176e+01
1.866500000000000048e+00	4.123137977891671824e+01
1.870100000000000096e+00	3.948051731942481268e+01
1.873699999999999921e+00	3.747887606932641802e+01
1.877399999999999958e+00	3.624814481433849522e+01
1.881000000000000005e+00	3.592434704194153028e+01
1.884600000000000053e+00	3.781214920324637774e+01
1.888200000000000101e+00	4.120771381027586955e+01
1.891799999999999926e+00	4.302868181473368736e+01
1.895399999999999974e+00	4.502277742300143615e+01
1.899000000000000021e+00	4.532712459179914788e+01
1.902600000000000069e+00	4.344760337023416952e+01
1.906199999999999894e+00	4.199427677332285214e+01
1.909799999999999942e+00	4.047515308059470840e+01
1.913399999999999990e+00	4.260289200041350455e+01
1.917000000000000037e+00	4.329914505288963511e+01
1.920600000000000085e+00	4.377920953756361655e+01
1.924199999999999910e+00	4.514612692399077787e+01
1.927899999999999947e+00	4.567506708028960816e+01
1.931499999999999995e+00	4.375272775363631439e+01
1.935100000000000042e+00	4.263491361760189591e+01
1.938700000000000090e+00	4.052007015376103283e+01
1.942299999999999915e+00	4.039761267175862258e+01
1.945899999999999963e+00	4.135180568213026220e+01
1.949500000000000011e+00	4.214308925933079308e+01
1.953100000000000058e+00	4.226362667908144033e+01
1.956700000000000106e+00	4.142446350548257783e+01
1.960299999999999931e+00	4.084916080889000511e+01
1.963899999999999979e+00	3.904101780618167794e+01
1.967500000000000027e+00	3.744864477360168564e+01
1.971100000000000074e+00	3.791364665588339022e+01
1.974699999999999900e+00	3.837682875264113846e+01
1.978399999999999936e+00	3.962523521113129732e+01
1.981999999999999984e+00	4.082100839446568585e+01
1.985600000000000032e+00	4.206355212238263164e+01
1.989200000000000079e+00	4.317934487949136724e+01
1.992799999999999905e+00	4.225326144469497791e+01
1.996399999999999952e+00	4.082224750429384841e+01
2.000000000000000000e+00	3.648707059085543136e+01
