2.000000000000000111e-01	3.136008454984221538e-01
2.036000000000000032e-01	6.618788892973916926e-01
2.071999999999999953e-01	6.496544033091755654e-01
2.107999999999999874e-01	9.158068669825205621e-01
2.144000000000000072e-01	1.917342129557211283e+00
2.179999999999999993e-01	2.034069228420571029e+00
2.215999999999999914e-01	2.862233552675883974e+00
2.253000000000000003e-01	3.002649159171156601e+00
2.288999999999999924e-01	3.132964891317246980e+00
2.325000000000000122e-01	2.913649005259386193e+00
2.361000000000000043e-01	2.836490248325253205e+00
2.396999999999999964e-01	2.911981689478015944e+00
2.432999999999999885e-01	2.878214503650265321e+00
2.469000000000000083e-01	2.512257071282374188e+00
2.505000000000000004e-01	1.761603120739401396e+00
2.540999999999999925e-01	1.728435262818616813e+00
2.576999999999999846e-01	1.240819267306493723e+00
2.612999999999999767e-01	8.645769936601668260e-01
2.649000000000000243e-01	7.363532607869873736e-01
2.685000000000000164e-01	1.162464540271119562e+00
2.721000000000000085e-01	1.032768752025625236e+00
2.757999999999999896e-01	1.832331930128411113e+00
2.793999999999999817e-01	2.169298835456908492e+00
2.829999999999999738e-01	2.829158234241401004e+00
2.866000000000000214e-01	2.912428805086139327e+00
2.902000000000000135e-01	3.771359858743814186e+00
2.938000000000000056e-01	3.909971080822820522e+00
2.973999999999999977e-01	3.982303507484507232e+00
3.009999999999999898e-01	3.842828319528483583e+00
3.045999999999999819e-01	3.796137863405838697e+00
3.081999999999999740e-01	3.232894694122587342e+00
3.118000000000000216e-01	3.051151524666811277e+00
3.154000000000000137e-01	2.114166923756169325e+00
3.190000000000000058e-01	1.950853992001747361e+00
3.225999999999999979e-01	1.427434141469324125e+00
3.262999999999999790e-01	1.126770609566606129e+00
3.299000000000000266e-01	1.076125787891223151e+00
3.335000000000000187e-01	7.178373019725758919e-01
3.371000000000000107e-01	6.198574543581333307e-01
3.407000000000000028e-01	1.128302744150604608e+00
3.442999999999999949e-01	2.661034647856807211e+00
3.478999999999999870e-01	2.361915729196611302e+00
3.514999999999999791e-01	2.583217526871175007e+00
3.551000000000000267e-01	3.451461302967735900e+00
3.587000000000000188e-01	3.515583065101290927e+00
3.623000000000000109e-01	3.543264965634551622e+00
3.659000000000000030e-01	3.335949305770216533e+00
3.694999999999999951e-01	3.671486350808897292e+00
3.730999999999999872e-01	3.343431657224049669e+00
3.768000000000000238e-01	2.837894062951877849e+00
3.804000000000000159e-01	2.329073351995998298e+00
3.840000000000000080e-01	2.002201113460374771e+00
3.876000000000000001e-01	1.163865407684344877e+00
3.911999999999999922e-01	9.675294007579083866e-01
3.947999999999999843e-01	1.426617436817267492e+00
3.983999999999999764e-01	1.225307179396459833e+00
4.020000000000000240e-01	1.652055361025805746e+00
4.056000000000000161e-01	1.537130382269888296e+00
4.092000000000000082e-01	1.851790918027111710e+00
4.128000000000000003e-01	2.068752331952750989e+00
4.163999999999999924e-01	2.766091999736908669e+00
4.199999999999999845e-01	2.959587523344391347e+00
4.235999999999999766e-01	3.173277493885014344e+00
4.273000000000000131e-01	3.040821691682763728e+00
4.309000000000000052e-01	3.318370955380851139e+00
4.344999999999999973e-01	2.781856104837372001e+00
4.380999999999999894e-01	3.285526105963008980e+00
4.416999999999999815e-01	2.175968638200729277e+00
4.452999999999999736e-01	1.794088100497209348e+00
4.489000000000000212e-01	1.440174527323299314e+00
4.525000000000000133e-01	1.233201582691991538e+00
4.561000000000000054e-01	3.896832191529776557e-01
4.596999999999999975e-01	3.935858701531362858e-01
4.632999999999999896e-01	3.745141879421119979e-01
4.668999999999999817e-01	-2.127658728031933122e-01
4.704999999999999738e-01	2.457945592021752723e-01
4.741000000000000214e-01	7.474250280733193419e-01
4.778000000000000025e-01	7.090827778529598113e-01
4.813999999999999946e-01	1.448703438856445258e+00
4.849999999999999867e-01	1.527656122865497457e+00
4.885999999999999788e-01	2.027932408033728873e+00
4.922000000000000264e-01	1.715962476319583985e+00
4.958000000000000185e-01	2.096225408628019427e+00
4.994000000000000106e-01	1.819045530917301035e+00
5.030000000000000027e-01	1.590647111038071326e+00
5.066000000000000503e-01	4.904008661338700725e-01
5.101999999999999869e-01	4.544131409223516327e-01
5.138000000000000345e-01	-2.700420726980948261e-01
5.173999999999999710e-01	-5.341231798562544597e-01
5.210000000000000187e-01	-1.070698629534971413e+00
5.245999999999999552e-01	-1.469736101349577106e+00
5.282999999999999918e-01	-1.470913808333327744e+00
5.319000000000000394e-01	-1.037926603444567331e+00
5.354999999999999760e-01	-7.853856708299128409e-01
5.391000000000000236e-01	-1.082707716455268310e+00
5.426999999999999602e-01	2.068037517118981317e-03
5.463000000000000078e-01	8.718662745952610038e-01
5.499000000000000554e-01	9.286468944067017839e-01
5.534999999999999920e-01	1.763970193306727108e+00
5.571000000000000396e-01	2.179201842222197261e+00
5.606999999999999762e-01	1.923894028211019069e+00
5.643000000000000238e-01	2.541841648022431954e+00
5.678999999999999604e-01	1.835272952163634841e+00
5.715000000000000080e-01	1.377811360510264205e+00
5.752000000000000446e-01	1.476403776694420023e+00
5.787999999999999812e-01	7.188608550352352244e-01
5.824000000000000288e-01	5.858021765198608843e-01
5.859999999999999654e-01	3.609127207826878792e-01
5.896000000000000130e-01	2.212428060042534450e-01
5.931999999999999496e-01	9.990023462363436524e-01
5.967999999999999972e-01	1.286383648857606810e+00
6.004000000000000448e-01	1.398197533250058022e+00
6.039999999999999813e-01	2.423905381081441046e+00
6.076000000000000290e-01	2.858963584310907358e+00
6.111999999999999655e-01	3.081454412721184699e+00
6.148000000000000131e-01	3.894365621352231077e+00
6.183999999999999497e-01	4.280123369717069970e+00
6.219999999999999973e-01	4.420887524722801665e+00
6.257000000000000339e-01	4.351206747579561274e+00
6.292999999999999705e-01	3.946362111895707070e+00
6.329000000000000181e-01	3.752666564626926160e+00
6.364999999999999547e-01	3.667633227050829170e+00
6.401000000000000023e-01	3.012771816910742473e+00
6.437000000000000499e-01	3.155669058159149554e+00
6.472999999999999865e-01	3.313615278909588291e+00
6.509000000000000341e-01	2.336299249143896084e+00
6.544999999999999707e-01	3.053856979540204630e+00
6.581000000000000183e-01	3.019910271145719527e+00
6.616999999999999549e-01	2.967915139719072393e+00
6.653000000000000025e-01	3.704302921121788383e+00
6.689000000000000501e-01	4.200473919849894600e+00
6.724999999999999867e-01	4.676783872146188514e+00
6.762000000000000233e-01	5.347859678898873703e+00
6.797999999999999599e-01	5.364466718453101635e+00
6.834000000000000075e-01	5.044715395598285745e+00
6.870000000000000551e-01	5.881524836212756568e+00
6.905999999999999917e-01	6.271123824737772523e+00
6.942000000000000393e-01	6.159185260236136550e+00
6.977999999999999758e-01	6.383223933444837073e+00
7.014000000000000234e-01	5.318775506386368868e+00
7.049999999999999600e-01	5.661568648843458007e+00
7.086000000000000076e-01	5.330241141575342567e+00
7.122000000000000552e-01	4.342683819444625115e+00
7.157999999999999918e-01	4.709555734119827086e+00
7.194000000000000394e-01	4.513744793787751952e+00
7.229999999999999760e-01	4.847450714435815655e+00
7.267000000000000126e-01	4.807645825974161014e+00
7.302999999999999492e-01	5.095301001671741936e+00
7.338999999999999968e-01	5.295836425761377697e+00
7.375000000000000444e-01	5.875364902268409573e+00
7.410999999999999810e-01	6.084220623074037881e+00
7.447000000000000286e-01	6.985482208715247054e+00
7.482999999999999652e-01	7.045985394450179129e+00
7.519000000000000128e-01	7.040392468793279512e+00
7.554999999999999494e-01	7.611348578906571127e+00
7.590999999999999970e-01	7.481916888751145578e+00
7.627000000000000446e-01	7.107053281627784713e+00
7.662999999999999812e-01	7.323544284584878383e+00
7.699000000000000288e-01	6.808444551329352556e+00
7.734999999999999654e-01	6.617609132123646098e+00
7.772000000000000020e-01	5.886290109485012856e+00
7.808000000000000496e-01	6.257815429940670526e+00
7.843999999999999861e-01	6.647224718630847740e+00
7.880000000000000338e-01	6.229782590862306790e+00
7.915999999999999703e-01	6.130613055486728413e+00
7.952000000000000179e-01	6.642566108848970252e+00
7.987999999999999545e-01	6.536794195354777237e+00
8.024000000000000021e-01	6.946642616508564849e+00
8.060000000000000497e-01	6.813705575195261765e+00
8.095999999999999863e-01	7.487608759050035090e+00
8.132000000000000339e-01	6.976039166551048609e+00
8.167999999999999705e-01	7.351746470753290907e+00
8.204000000000000181e-01	7.016017037826601133e+00
8.239999999999999547e-01	7.085119411824008395e+00
8.276999999999999913e-01	7.094487171984859231e+00
8.313000000000000389e-01	6.966053017771418610e+00
8.348999999999999755e-01	6.410605070650688297e+00
8.385000000000000231e-01	6.113452532429438868e+00
8.420999999999999597e-01	6.363657925608906751e+00
8.457000000000000073e-01	6.114415456907408064e+00
8.493000000000000549e-01	6.460080707791313159e+00
8.528999999999999915e-01	6.448743393533572288e+00
8.565000000000000391e-01	6.406056469096215622e+00
8.600999999999999757e-01	5.921921441574428790e+00
8.637000000000000233e-01	6.492040479147900278e+00
8.672999999999999599e-01	6.675239810479939528e+00
8.709000000000000075e-01	6.491153320318177933e+00
8.745000000000000551e-01	6.827451525087479212e+00
8.781999999999999806e-01	6.839011497573202369e+00
8.818000000000000282e-01	7.099060031699925943e+00
8.853999999999999648e-01	6.737897651577123170e+00
8.890000000000000124e-01	7.137841256449850569e+00
8.925999999999999490e-01	6.707821081609374403e+00
8.961999999999999966e-01	7.060009863173856814e+00
8.998000000000000442e-01	6.885558261464426622e+00
9.033999999999999808e-01	6.710020959176966393e+00
9.070000000000000284e-01	6.366608533009993742e+00
9.105999999999999650e-01	6.964527882879013809e+00
9.142000000000000126e-01	6.020112414635928388e+00
9.177999999999999492e-01	6.107611835795938582e+00
9.213999999999999968e-01	5.890077420824439081e+00
9.251000000000000334e-01	6.087456749782197640e+00
9.286999999999999700e-01	6.337849335028407971e+00
9.323000000000000176e-01	6.819626716927063015e+00
9.358999999999999542e-01	6.105899346227389834e+00
9.395000000000000018e-01	6.736780618659858000e+00
9.431000000000000494e-01	6.770835975745547408e+00
9.466999999999999860e-01	6.504188367124156045e+00
9.503000000000000336e-01	7.230180501555099504e+00
9.538999999999999702e-01	7.452177380242168248e+00
9.575000000000000178e-01	7.243925670052912658e+00
9.610999999999999543e-01	7.389164391991818626e+00
9.647000000000000020e-01	7.245513112299225789e+00
9.683000000000000496e-01	7.455662334059759644e+00
9.718999999999999861e-01	6.925320393350829384e+00
9.756000000000000227e-01	7.008048289962909294e+00
9.791999999999999593e-01	7.039282716690594910e+00
9.828000000000000069e-01	6.784141145084533697e+00
9.864000000000000545e-01	6.377205224136991646e+00
9.899999999999999911e-01	5.823595591054559151e+00
9.936000000000000387e-01	7.104604705078457982e+00
9.971999999999999753e-01	6.666582981769680671e+00
1.000799999999999912e+00	6.691959522597493049e+00
1.004399999999999959e+00	7.005804172593188994e+00
1.008000000000000007e+00	7.319305385453093393e+00
1.011600000000000055e+00	7.880439617893146398e+00
1.015200000000000102e+00	7.662279350379516352e+00
1.018799999999999928e+00	8.005564950602050089e+00
1.022399999999999975e+00	7.487308457947289497e+00
1.026100000000000012e+00	7.892670633328537022e+00
1.029700000000000060e+00	8.349640909459518312e+00
1.033300000000000107e+00	7.628844424897639698e+00
1.036899999999999933e+00	7.522358670744450748e+00
1.040499999999999980e+00	7.569836941949662723e+00
1.044100000000000028e+00	7.909312535376395559e+00
1.047700000000000076e+00	7.416900238086881814e+00
1.051299999999999901e+00	7.709656188968091683e+00
1.054899999999999949e+00	7.938101237627833484e+00
1.058499999999999996e+00	7.723628028924009570e+00
1.062100000000000044e+00	8.054537726966767508e+00
1.065700000000000092e+00	8.619328972154958635e+00
1.069299999999999917e+00	8.550541582447914735e+00
1.072899999999999965e+00	8.404414769782814432e+00
1.076600000000000001e+00	8.197241213964403528e+00
1.080200000000000049e+00	9.052016750726926020e+00
1.083800000000000097e+00	8.994979465412997754e+00
1.087399999999999922e+00	8.374737373450239275e+00
1.090999999999999970e+00	9.424188379028011653e+00
1.094600000000000017e+00	9.285844680432669307e+00
1.098200000000000065e+00	9.241861087131304942e+00
1.101799999999999891e+00	9.165228286228211729e+00
1.105399999999999938e+00	9.525205456153216232e+00
1.108999999999999986e+00	9.105855373567912636e+00
1.112600000000000033e+00	9.174680640260659104e+00
1.116200000000000081e+00	8.749553700630356090e+00
1.119799999999999907e+00	8.719017710326543380e+00
1.123399999999999954e+00	8.383510566939181174e+00
1.127099999999999991e+00	8.540698993384340909e+00
1.130700000000000038e+00	8.455444623747963462e+00
1.134300000000000086e+00	8.766199516822497984e+00
1.137899999999999912e+00	8.922512805416225490e+00
1.141499999999999959e+00	8.479111954664796613e+00
1.145100000000000007e+00	8.547808575304209455e+00
1.148700000000000054e+00	9.703527021075892378e+00
1.152300000000000102e+00	1.074547385144025036e+01
1.155899999999999928e+00	1.046372326886458026e+01
1.159499999999999975e+00	1.065936417733345110e+01
1.163100000000000023e+00	1.077098213231436041e+01
1.166700000000000070e+00	1.019385173745968665e+01
1.170299999999999896e+00	9.741005145775091023e+00
1.173899999999999944e+00	9.817674616615711614e+00
1.177599999999999980e+00	9.020129458014487511e+00
1.181200000000000028e+00	9.142825733472538019e+00
1.184800000000000075e+00	8.964999928355551262e+00
1.188399999999999901e+00	9.661872163065632790e+00
1.191999999999999948e+00	9.841701747514330023e+00
1.195599999999999996e+00	9.991367072992948906e+00
1.199200000000000044e+00	1.011538360574055773e+01
1.202800000000000091e+00	1.082692814419104543e+01
1.206399999999999917e+00	1.099321259517626714e+01
1.209999999999999964e+00	1.136758110302696778e+01
1.213600000000000012e+00	1.180560044713571344e+01
1.217200000000000060e+00	1.140059165388434792e+01
1.220800000000000107e+00	1.155320965347553219e+01
1.224399999999999933e+00	1.177950843832160466e+01
1.228099999999999969e+00	1.193415950289375438e+01
1.231700000000000017e+00	1.211374598410556658e+01
1.235300000000000065e+00	1.174620784758057646e+01
1.238899999999999890e+00	1.255517391967651442e+01
1.242499999999999938e+00	1.211231511100761971e+01
1.246099999999999985e+00	1.228286218413463082e+01
1.249700000000000033e+00	1.164870437967302585e+01
1.253300000000000081e+00	1.171962926230365554e+01
1.256899999999999906e+00	1.267476428467305638e+01
1.260499999999999954e+00	1.205952782523448086e+01
1.264100000000000001e+00	1.281325059889583606e+01
1.267700000000000049e+00	1.301360101544158354e+01
1.271300000000000097e+00	1.272458096438378661e+01
1.274899999999999922e+00	1.381858668503161880e+01
1.278599999999999959e+00	1.327432399335993907e+01
1.282200000000000006e+00	1.422891031642373783e+01
1.285800000000000054e+00	1.382405974009482108e+01
1.289400000000000102e+00	1.424953938138281728e+01
1.292999999999999927e+00	1.387979860385557096e+01
1.296599999999999975e+00	1.380025415235638775e+01
1.300200000000000022e+00	1.375159279918403499e+01
1.303800000000000070e+00	1.304042744607874660e+01
1.307399999999999896e+00	1.353311383160964176e+01
1.310999999999999943e+00	1.365916765566870517e+01
1.314599999999999991e+00	1.359229548351645889e+01
1.318200000000000038e+00	1.365401963532820595e+01
1.321800000000000086e+00	1.346030323587380906e+01
1.325499999999999901e+00	1.351255859543377902e+01
1.329099999999999948e+00	1.389919078478290793e+01
1.332699999999999996e+00	1.353098985070248084e+01
1.336300000000000043e+00	1.400220755327090139e+01
1.339900000000000091e+00	1.384015526364922266e+01
1.343499999999999917e+00	1.354657871118636514e+01
1.347099999999999964e+00	1.383925362917735136e+01
1.350700000000000012e+00	1.351785057679837720e+01
1.354300000000000059e+00	1.327973328530488040e+01
1.357900000000000107e+00	1.377778810402223897e+01
1.361499999999999932e+00	1.401106349565846720e+01
1.365099999999999980e+00	1.352203522398466617e+01
1.368700000000000028e+00	1.406298982752937832e+01
1.372300000000000075e+00	1.407563479114350713e+01
1.375999999999999890e+00	1.328040182832321570e+01
1.379599999999999937e+00	1.321896299341262981e+01
1.383199999999999985e+00	1.277489112823069384e+01
1.386800000000000033e+00	1.278475239735113789e+01
1.390400000000000080e+00	1.310656225222785842e+01
1.393999999999999906e+00	1.324187352011209384e+01
1.397599999999999953e+00	1.353031457082175670e+01
1.401200000000000001e+00	1.436030038579694335e+01
1.404800000000000049e+00	1.497397941920382003e+01
1.408400000000000096e+00	1.495994413921620847e+01
1.411999999999999922e+00	1.524984810379375411e+01
1.415599999999999969e+00	1.515178511356885593e+01
1.419200000000000017e+00	1.589113534540462069e+01
1.422800000000000065e+00	1.487993834512807467e+01
1.426500000000000101e+00	1.446827666018868364e+01
1.430099999999999927e+00	1.355269200401890650e+01
1.433699999999999974e+00	1.358605908063909240e+01
1.437300000000000022e+00	1.334237468891446277e+01
1.440900000000000070e+00	1.371126396504963196e+01
1.444499999999999895e+00	1.320106783626287950e+01
1.448099999999999943e+00	1.394240599574344053e+01
1.451699999999999990e+00	1.339054616772492246e+01
1.455300000000000038e+00	1.360460653697461098e+01
1.458900000000000086e+00	1.381093708560543121e+01
1.462499999999999911e+00	1.407821199402664547e+01
1.466099999999999959e+00	1.406709328621919219e+01
1.469700000000000006e+00	1.400311449174901846e+01
1.473300000000000054e+00	1.419397619993233128e+01
1.477000000000000091e+00	1.398327501177706367e+01
1.480599999999999916e+00	1.438825769537347021e+01
1.484199999999999964e+00	1.401589870133291882e+01
1.487800000000000011e+00	1.430511764947271836e+01
1.491400000000000059e+00	1.467203677178585508e+01
1.495000000000000107e+00	1.472692208755647414e+01
1.498599999999999932e+00	1.458819498868101050e+01
1.502199999999999980e+00	1.474146946379426204e+01
1.505800000000000027e+00	1.522772005276935658e+01
1.509400000000000075e+00	1.590952453225845709e+01
1.512999999999999901e+00	1.577399683706324751e+01
1.516599999999999948e+00	1.631064321060220124e+01
1.520199999999999996e+00	1.580606322423932397e+01
1.523800000000000043e+00	1.562071834422477146e+01
1.527500000000000080e+00	1.546204733033767020e+01
1.531099999999999905e+00	1.566094046288237251e+01
1.534699999999999953e+00	1.572268583330597913e+01
1.538300000000000001e+00	1.628599606302863023e+01
1.541900000000000048e+00	1.635563076875905253e+01
1.545500000000000096e+00	1.601927203052164117e+01
1.549099999999999921e+00	1.684605762989242805e+01
1.552699999999999969e+00	1.670676341509330598e+01
1.556300000000000017e+00	1.709095641756132267e+01
1.559900000000000064e+00	1.684219773356873162e+01
1.563499999999999890e+00	1.712372570157839391e+01
1.567099999999999937e+00	1.740762129237132072e+01
1.570699999999999985e+00	1.767731756654969999e+01
1.574300000000000033e+00	1.800056655191397326e+01
1.578000000000000069e+00	1.825702550424067994e+01
1.581599999999999895e+00	1.915857224526161318e+01
1.585199999999999942e+00	1.913437798033952930e+01
1.588799999999999990e+00	1.917235597046561324e+01
1.592400000000000038e+00	1.962370984502294391e+01
1.596000000000000085e+00	1.936306645464909337e+01
1.599599999999999911e+00	1.839210372206648003e+01
1.603199999999999958e+00	1.929150734386667310e+01
1.606800000000000006e+00	1.896539415770679327e+01
1.610400000000000054e+00	1.966728778396462829e+01
1.614000000000000101e+00	1.988036484426321238e+01
1.617599999999999927e+00	2.042251571314761804e+01
1.621199999999999974e+00	2.070403808122342326e+01
1.624800000000000022e+00	2.126700396945195237e+01
1.628500000000000059e+00	2.121442777814769443e+01
1.632100000000000106e+00	2.170490629148223505e+01
1.635699999999999932e+00	2.241479222267573235e+01
1.639299999999999979e+00	2.304790988911216232e+01
1.642900000000000027e+00	2.442653649455646203e+01
1.646500000000000075e+00	2.499130652976386102e+01
1.650099999999999900e+00	2.617131163224651758e+01
1.653699999999999948e+00	2.685383395637625981e+01
1.657299999999999995e+00	2.740941704168448112e+01
1.660900000000000043e+00	2.778744931306504284e+01
1.664500000000000091e+00	2.691654649959915702e+01
1.668099999999999916e+00	2.712576336600553262e+01
1.671699999999999964e+00	2.599331176520048459e+01
1.675400000000000000e+00	2.546552355705046011e+01
1.679000000000000048e+00	2.603845535742824424e+01
1.682600000000000096e+00	2.580216241680491152e+01
1.686199999999999921e+00	2.638351015632488128e+01
1.689799999999999969e+00	2.777147275492349365e+01
1.693400000000000016e+00	2.889145454981261452e+01
1.697000000000000064e+00	2.974694867993113334e+01
1.700599999999999890e+00	2.978845536191717969e+01
1.704199999999999937e+00	3.093381168733424502e+01
1.707799999999999985e+00	3.037109244529153784e+01
1.711400000000000032e+00	3.071686956745352859e+01
1.715000000000000080e+00	3.039062693943251858e+01
1.718599999999999905e+00	3.040065240603668428e+01
1.722199999999999953e+00	3.187062481731086194e+01
1.725899999999999990e+00	3.335567237665340912e+01
1.729500000000000037e+00	3.439649361602295130e+01
1.733100000000000085e+00	3.589001015653362714e+01
1.736699999999999910e+00	3.681448115969233470e+01
1.740299999999999958e+00	3.705048992810749553e+01
1.743900000000000006e+00	3.683767795133793754e+01
1.747500000000000053e+00	3.549293309624743387e+01
1.751100000000000101e+00	3.444668583353723790e+01
1.754699999999999926e+00	3.279291786512720108e+01
1.758299999999999974e+00	3.066985136394372446e+01
1.761900000000000022e+00	3.013363414180668087e+01
1.765500000000000069e+00	2.950559458798809942e+01
1.769099999999999895e+00	2.947161027278935563e+01
1.772699999999999942e+00	2.985144668036103610e+01
1.776399999999999979e+00	2.962239807242512768e+01
1.780000000000000027e+00	2.999975511272420903e+01
1.783600000000000074e+00	2.863082827123881557e+01
1.787199999999999900e+00	2.866631297610949503e+01
1.790799999999999947e+00	2.830153660319588127e+01
1.794399999999999995e+00	2.893918718910148513e+01
1.798000000000000043e+00	2.899158515025457916e+01
1.801600000000000090e+00	3.030485615044684167e+01
1.805199999999999916e+00	3.036540675470038408e+01
1.808799999999999963e+00	3.020766858108397557e+01
1.812400000000000011e+00	3.082634877610981405e+01
1.816000000000000059e+00	3.040940727667284094e+01
1.819600000000000106e+00	2.975584055579027165e+01
1.823199999999999932e+00	3.003150665632182381e+01
1.826899999999999968e+00	2.900204218515802879e+01
1.830500000000000016e+00	2.802008784918121620e+01
1.834100000000000064e+00	2.769930361360954763e+01
1.837699999999999889e+00	2.613326173616162507e+01
1.841299999999999937e+00	2.579563084069049950e+01
1.844899999999999984e+00	2.548319330909219360e+01
1.848500000000000032e+00	2.497377444754614118e+01
1.852100000000000080e+00	2.446456099131313877e+01
1.855699999999999905e+00	2.430747198716405677e+01
1.859299999999999953e+00	2.518283839154226555e+01
1.862900000000000000e+00	2.606978800484314007e+01
1.866500000000000048e+00	2.622683109448190208e+01
1.870100000000000096e+00	2.784325551267036047e+01
1.873699999999999921e+00	2.889423457682945795e+01
1.877399999999999958e+00	2.941637606438577279e+01
1.881000000000000005e+00	2.990975053382062043e+01
1.884600000000000053e+00	2.990022391106379018e+01
1.888200000000000101e+00	2.962826776092265035e+01
1.891799999999999926e+00	2.854931227429418428e+01
1.895399999999999974e+00	2.829651589941368783e+01
1.899000000000000021e+00	2.754735351415794398e+01
1.902600000000000069e+00	2.726025773749478631e+01
1.906199999999999894e+00	2.755873341085519002e+01
1.909799999999999942e+00	2.801335874815612215e+01
1.913399999999999990e+00	2.881674999000027526e+01
1.917000000000000037e+00	2.885769039511050238e+01
1.920600000000000085e+00	2.988892343803449947e+01
1.924199999999999910e+00	2.967097483546156411e+01
1.927899999999999947e+00	2.940285260388846211e+01
1.931499999999999995e+00	2.861726937633669010e+01
1.935100000000000042e+00	2.864457836062922169e+01
1.938700000000000090e+00	2.739388674996473938e+01
1.942299999999999915e+00	2.760806995216324822e+01
1.945899999999999963e+00	2.715054840671520253e+01
1.949500000000000011e+00	2.714187942437104439e+01
1.953100000000000058e+00	2.721060562903575430e+01
1.956700000000000106e+00	2.746019731641608530e+01
1.960299999999999931e+00	2.688945380754055492e+01
1.963899999999999979e+00	2.700500191390356619e+01
1.967500000000000027e+00	2.682776441008848778e+01
1.971100000000000074e+00	2.681769042328330599e+01
1.974699999999999900e+00	2.706229986983767333e+01
1.978399999999999936e+00	2.678294392815679359e+01
1.981999999999999984e+00	2.763850638014148586e+01
1.985600000000000032e+00	2.809674850036398297e+01
1.989200000000000079e+00	2.867224587122644053e+01
1.992799999999999905e+00	2.886232087276146174e+01
1.996399999999999952e+00	2.866220423469340162e+01
2.000000000000000000e+00	2.873523515177052801e+01
