2.000000000000000111e-01	-2.749588034803435388e+00
2.036000000000000032e-01	-2.150597244502178818e+00
2.071999999999999953e-01	-2.286054960453212548e+00
2.107999999999999874e-01	-2.071528230598788767e+00
2.144000000000000072e-01	-3.688489604637291031e+00
2.179999999999999993e-01	-4.038864917246946185e+00
2.215999999999999914e-01	-2.941144699278218866e+00
2.253000000000000003e-01	-3.494351512876660681e+00
2.288999999999999924e-01	-3.654778783762413497e+00
2.325000000000000122e-01	-4.446336104019232849e+00
2.361000000000000043e-01	-4.429993410373230134e+00
2.396999999999999964e-01	-3.824891498241840715e+00
2.432999999999999885e-01	-3.647514027796142866e+00
2.469000000000000083e-01	-3.793481322357526775e+00
2.505000000000000004e-01	-3.412851543060442694e+00
2.540999999999999925e-01	-3.046295773357532433e+00
2.576999999999999846e-01	-2.665874670732239160e+00
2.612999999999999767e-01	-2.295285202863516005e+00
2.649000000000000243e-01	-2.418475129496348686e+00
2.685000000000000164e-01	-1.824874079481512368e+00
2.721000000000000085e-01	-2.939289165049659314e+00
2.757999999999999896e-01	-2.319523282774948125e+00
2.793999999999999817e-01	-1.371195732601119044e+00
2.829999999999999738e-01	-9.112692126507193624e-01
2.866000000000000214e-01	-1.625313901700361718e+00
2.902000000000000135e-01	-1.387759733035929255e+00
2.938000000000000056e-01	-9.745320000113494308e-01
2.973999999999999977e-01	-6.621882880085143697e-01
3.009999999999999898e-01	-1.273925161271007411e+00
3.045999999999999819e-01	-7.656633283181113470e-02
3.081999999999999740e-01	-7.964212478053418476e-01
3.118000000000000216e-01	-5.826442463589271981e-01
3.154000000000000137e-01	-1.260430431843486687e+00
3.190000000000000058e-01	-1.878268608235889259e+00
3.225999999999999979e-01	-1.316359280911255647e+00
3.262999999999999790e-01	-2.629392512232416657e+00
3.299000000000000266e-01	-2.232542410314574344e+00
3.335000000000000187e-01	-2.761913177092452543e+00
3.371000000000000107e-01	-2.513567717467564577e+00
3.407000000000000028e-01	-3.314342184018647330e+00
3.442999999999999949e-01	-2.563066193762517209e+00
3.478999999999999870e-01	-3.008176011374143588e+00
3.514999999999999791e-01	-3.151776753820820343e+00
3.551000000000000267e-01	-2.350510147319001319e+00
3.587000000000000188e-01	-2.911000119213832171e+00
3.623000000000000109e-01	-3.310910819743961397e+00
3.659000000000000030e-01	-2.936144096025611994e+00
3.694999999999999951e-01	-2.078892941423585494e+00
3.730999999999999872e-01	-2.996086108137189008e+00
3.768000000000000238e-01	-2.012216049298440446e+00
3.804000000000000159e-01	-1.703697562202242111e+00
3.840000000000000080e-01	-1.646598951842730196e+00
3.876000000000000001e-01	-1.162187636330387797e+00
3.911999999999999922e-01	-5.695048790621802803e-01
3.947999999999999843e-01	6.820199323912512490e-02
3.983999999999999764e-01	-5.497830156350191899e-02
4.020000000000000240e-01	-4.104551936488267661e-01
4.056000000000000161e-01	-2.179887987492752366e-01
4.092000000000000082e-01	-5.843843214480852755e-01
4.128000000000000003e-01	-2.585905284282006278e-01
4.163999999999999924e-01	-2.270402722972003073e-01
4.199999999999999845e-01	-5.277703639501463151e-02
4.235999999999999766e-01	3.731372494527873673e-02
4.273000000000000131e-01	2.281544687454164499e-01
4.309000000000000052e-01	-3.197593624827133052e-01
4.344999999999999973e-01	-1.300413411479846904e+00
4.380999999999999894e-01	-1.236535111750117544e+00
4.416999999999999815e-01	-9.793506154589062263e-01
4.452999999999999736e-01	-1.360447687106998815e+00
4.489000000000000212e-01	-1.047308839039171380e+00
4.525000000000000133e-01	-6.468797194154864982e-01
4.561000000000000054e-01	-2.349703850157906171e+00
4.596999999999999975e-01	-1.853130865142465833e+00
4.632999999999999896e-01	-2.740857161182260970e+00
4.668999999999999817e-01	-2.532713032530237385e+00
4.704999999999999738e-01	-2.934470514513077610e+00
4.741000000000000214e-01	-2.580733341806780157e+00
4.778000000000000025e-01	-1.044493046194713948e+00
4.813999999999999946e-01	-2.784361430220385181e+00
4.849999999999999867e-01	-1.407703025929818441e+00
4.885999999999999788e-01	-2.094117183962535211e+00
4.922000000000000264e-01	-1.829880905678650915e+00
4.958000000000000185e-01	-3.520972738200032204e-01
4.994000000000000106e-01	-9.794399489972520634e-01
5.030000000000000027e-01	-2.841412185990220829e-01
5.066000000000000503e-01	-5.481786906049327390e-01
5.101999999999999869e-01	-3.804972605932271934e-01
5.138000000000000345e-01	-9.246009907148003970e-01
5.173999999999999710e-01	7.132804418919302947e-02
5.210000000000000187e-01	7.494404163093920657e-01
5.245999999999999552e-01	1.241107639457721845e+00
5.282999999999999918e-01	1.577756971730084334e-01
5.319000000000000394e-01	-4.361545395418026105e-02
5.354999999999999760e-01	5.643800892285586457e-01
5.391000000000000236e-01	4.263604713361370813e-01
5.426999999999999602e-01	3.564225157995312143e-01
5.463000000000000078e-01	-1.339595750411094688e+00
5.499000000000000554e-01	-2.933908715886401897e-02
5.534999999999999920e-01	-6.048880093861250806e-01
5.571000000000000396e-01	4.435842803790805977e-01
5.606999999999999762e-01	-3.619036700153572816e-01
5.643000000000000238e-01	-9.653666308129780216e-01
5.678999999999999604e-01	-1.655257704759758752e+00
5.715000000000000080e-01	7.631864681134215012e-02
5.752000000000000446e-01	-8.704964444533394019e-01
5.787999999999999812e-01	-1.365453053213336876e+00
5.824000000000000288e-01	-4.609710173749692608e-02
5.859999999999999654e-01	-1.880431740633148330e-01
5.896000000000000130e-01	-5.161067688655738284e-01
5.931999999999999496e-01	1.280715272380605896e-01
5.967999999999999972e-01	-1.563627873052752637e+00
6.004000000000000448e-01	-6.594286141658995959e-01
6.039999999999999813e-01	-6.677764932648367902e-01
6.076000000000000290e-01	-6.424746266059463418e-01
6.111999999999999655e-01	-5.958148807095420274e-01
6.148000000000000131e-01	8.363881284630170221e-02
6.183999999999999497e-01	-8.274458790302768874e-02
6.219999999999999973e-01	7.327615378463709916e-01
6.257000000000000339e-01	8.730940587590888535e-01
6.292999999999999705e-01	3.401694953098589047e-01
6.329000000000000181e-01	1.008904940583845722e+00
6.364999999999999547e-01	1.415480432109543552e+00
6.401000000000000023e-01	9.514928954402616101e-01
6.437000000000000499e-01	1.438187626558878662e+00
6.472999999999999865e-01	1.119713465929608853e+00
6.509000000000000341e-01	2.170394301205897492e+00
6.544999999999999707e-01	5.066109322546634708e-01
6.581000000000000183e-01	4.281021544170808824e-01
6.616999999999999549e-01	1.626893497079589856e+00
6.653000000000000025e-01	7.912137389798821197e-01
6.689000000000000501e-01	6.693600948530546990e-01
6.724999999999999867e-01	1.185415189903681776e+00
6.762000000000000233e-01	1.446306590895136468e+00
6.797999999999999599e-01	1.424235797771618461e+00
6.834000000000000075e-01	8.101339477279760892e-01
6.870000000000000551e-01	-4.062887930047799911e-01
6.905999999999999917e-01	5.632946764295361231e-01
6.942000000000000393e-01	1.103796064672500910e+00
6.977999999999999758e-01	4.777682630385581830e-01
7.014000000000000234e-01	4.234106977558093066e-01
7.049999999999999600e-01	-5.830162993538617888e-01
7.086000000000000076e-01	2.397164837146503746e-01
7.122000000000000552e-01	6.340752534692474240e-01
7.157999999999999918e-01	9.722081643339308688e-02
7.194000000000000394e-01	-1.022637119573383657e+00
7.229999999999999760e-01	-1.242996997065110576e-01
7.267000000000000126e-01	1.478610099048309756e-01
7.302999999999999492e-01	-6.180041362782849879e-01
7.338999999999999968e-01	5.806371641643002235e-01
7.375000000000000444e-01	2.402110690716212915e-01
7.410999999999999810e-01	7.683797944672206004e-01
7.447000000000000286e-01	1.228731501853843167e+00
7.482999999999999652e-01	1.675406209568162996e+00
7.519000000000000128e-01	1.722969420374790062e+00
7.554999999999999494e-01	1.909098314351922898e+00
7.590999999999999970e-01	1.772478658727995482e+00
7.627000000000000446e-01	2.441092453029407139e+00
7.662999999999999812e-01	2.335143203415069202e+00
7.699000000000000288e-01	1.255407524663969543e+00
7.734999999999999654e-01	2.640515933007598015e+00
7.772000000000000020e-01	2.703856712535650964e+00
7.808000000000000496e-01	2.178962901020590426e+00
7.843999999999999861e-01	2.292075829366831741e+00
7.880000000000000338e-01	2.859075708743430422e+00
7.915999999999999703e-01	1.645104624680600702e+00
7.952000000000000179e-01	1.110809338656504108e+00
7.987999999999999545e-01	1.193546039909572976e+00
8.024000000000000021e-01	1.713331841106368048e-01
8.060000000000000497e-01	1.184481655144122625e+00
8.095999999999999863e-01	-1.249505449049791439e-01
8.132000000000000339e-01	1.021819640863955048e+00
8.167999999999999705e-01	9.533427693419265214e-01
8.204000000000000181e-01	2.019539815745426736e+00
8.239999999999999547e-01	4.396619299060616770e-01
8.276999999999999913e-01	2.004072107720107354e+00
8.313000000000000389e-01	1.493987519568726441e+00
8.348999999999999755e-01	2.208439840499729634e+00
8.385000000000000231e-01	2.434297639738228547e+00
8.420999999999999597e-01	2.043310867443654644e+00
8.457000000000000073e-01	2.363742194242960615e+00
8.493000000000000549e-01	4.116089519493231208e+00
8.528999999999999915e-01	3.188013388165761075e+00
8.565000000000000391e-01	2.720297741282490911e+00
8.600999999999999757e-01	4.217889989057125533e+00
8.637000000000000233e-01	3.266639836352093429e+00
8.672999999999999599e-01	3.699974377338131948e+00
8.709000000000000075e-01	5.897221292765413736e+00
8.745000000000000551e-01	4.242878571063526394e+00
8.781999999999999806e-01	4.809930584031874901e+00
8.818000000000000282e-01	5.056132453596495324e+00
8.853999999999999648e-01	4.477959598870592473e+00
8.890000000000000124e-01	5.121527573300000746e+00
8.925999999999999490e-01	4.505199897023398847e+00
8.961999999999999966e-01	4.309609905793353235e+00
8.998000000000000442e-01	5.840912925755525897e+00
9.033999999999999808e-01	4.805651482275276720e+00
9.070000000000000284e-01	5.128061502994547105e+00
9.105999999999999650e-01	4.682767669608557171e+00
9.142000000000000126e-01	4.017075116391199074e+00
9.177999999999999492e-01	2.993480080306688329e+00
9.213999999999999968e-01	4.131672313756095782e+00
9.251000000000000334e-01	4.048854321355045194e+00
9.286999999999999700e-01	3.037812051900381061e+00
9.323000000000000176e-01	3.236710158776504809e+00
9.358999999999999542e-01	3.048510050108370173e+00
9.395000000000000018e-01	2.825802120135967321e+00
9.431000000000000494e-01	3.727673603193613072e+00
9.466999999999999860e-01	3.760434344932712225e+00
9.503000000000000336e-01	4.284085140578303808e+00
9.538999999999999702e-01	4.857374401125118979e+00
9.575000000000000178e-01	4.803671609655704167e+00
9.610999999999999543e-01	5.157965970806910327e+00
9.647000000000000020e-01	4.579817898764223294e+00
9.683000000000000496e-01	5.424563984515971882e+00
9.718999999999999861e-01	6.218577628968526838e+00
9.756000000000000227e-01	6.519780981859957691e+00
9.791999999999999593e-01	5.810955253581008506e+00
9.828000000000000069e-01	6.259108723074844782e+00
9.864000000000000545e-01	5.302809708016417822e+00
9.899999999999999911e-01	5.546633080427769258e+00
9.936000000000000387e-01	6.475516461575666405e+00
9.971999999999999753e-01	5.076054708405536964e+00
1.000799999999999912e+00	6.166230906854806015e+00
1.004399999999999959e+00	5.867593633514683660e+00
1.008000000000000007e+00	5.462683548712834458e+00
1.011600000000000055e+00	4.906096044646726106e+00
1.015200000000000102e+00	5.002547292608459983e+00
1.018799999999999928e+00	4.603627243852537632e+00
1.022399999999999975e+00	3.724033332737770152e+00
1.026100000000000012e+00	4.393937832164711565e+00
1.029700000000000060e+00	4.715427933654344983e+00
1.033300000000000107e+00	4.417863866358836766e+00
1.036899999999999933e+00	4.849310729568831135e+00
1.040499999999999980e+00	4.407953184499829646e+00
1.044100000000000028e+00	4.728778344021453250e+00
1.047700000000000076e+00	4.557527145349310693e+00
1.051299999999999901e+00	3.517137729906280708e+00
1.054899999999999949e+00	3.727984747348641825e+00
1.058499999999999996e+00	3.620322079746905786e+00
1.062100000000000044e+00	4.164261134786882756e+00
1.065700000000000092e+00	4.078702742640396117e+00
1.069299999999999917e+00	5.650764341916202582e+00
1.072899999999999965e+00	6.351973866285133496e+00
1.076600000000000001e+00	5.031812315752886455e+00
1.080200000000000049e+00	5.773196800909268234e+00
1.083800000000000097e+00	6.216936790672514590e+00
1.087399999999999922e+00	5.943049976272244628e+00
1.090999999999999970e+00	4.103305581054922158e+00
1.094600000000000017e+00	5.451243105901489194e+00
1.098200000000000065e+00	6.721483254157046616e+00
1.101799999999999891e+00	5.574450969220504426e+00
1.105399999999999938e+00	7.020119567788005277e+00
1.108999999999999986e+00	6.318335068790420728e+00
1.112600000000000033e+00	7.047596923876054298e+00
1.116200000000000081e+00	6.120571171585262427e+00
1.119799999999999907e+00	5.169251845465966611e+00
1.123399999999999954e+00	5.678298418257524460e+00
1.127099999999999991e+00	5.753302363714659862e+00
1.130700000000000038e+00	4.443143779472040755e+00
1.134300000000000086e+00	5.466115595490266266e+00
1.137899999999999912e+00	5.242902478348527850e+00
1.141499999999999959e+00	5.739092668099011973e+00
1.145100000000000007e+00	5.393604935072586315e+00
1.148700000000000054e+00	4.568728269367570149e+00
1.152300000000000102e+00	4.341879106584948467e+00
1.155899999999999928e+00	5.909081542005266030e+00
1.159499999999999975e+00	5.494703896991246062e+00
1.163100000000000023e+00	5.853613589851222265e+00
1.166700000000000070e+00	6.281853478065375640e+00
1.170299999999999896e+00	5.520225333541726620e+00
1.173899999999999944e+00	5.900488366436160703e+00
1.177599999999999980e+00	5.941700188613851630e+00
1.181200000000000028e+00	6.540871484760065080e+00
1.184800000000000075e+00	6.607521275816445439e+00
1.188399999999999901e+00	5.920557549607450731e+00
1.191999999999999948e+00	6.136070590720031248e+00
1.195599999999999996e+00	6.181102568611303028e+00
1.199200000000000044e+00	6.913591864003156395e+00
1.202800000000000091e+00	7.099273884524816225e+00
1.206399999999999917e+00	7.437230501215733369e+00
1.209999999999999964e+00	7.390826677901907615e+00
1.213600000000000012e+00	7.008550504286928273e+00
1.217200000000000060e+00	7.187510702574138044e+00
1.220800000000000107e+00	8.041790822758812851e+00
1.224399999999999933e+00	7.956108711089306063e+00
1.228099999999999969e+00	7.649120892638697988e+00
1.231700000000000017e+00	7.400365245939941161e+00
1.235300000000000065e+00	8.599614817743050921e+00
1.238899999999999890e+00	8.098728837928886648e+00
1.242499999999999938e+00	7.643285503728954211e+00
1.246099999999999985e+00	7.939610059999186120e+00
1.249700000000000033e+00	8.155001371756506856e+00
1.253300000000000081e+00	7.081375414820622716e+00
1.256899999999999906e+00	8.007809300581422818e+00
1.260499999999999954e+00	7.364561473008975234e+00
1.264100000000000001e+00	7.661141524803007030e+00
1.267700000000000049e+00	8.024065798412054917e+00
1.271300000000000097e+00	7.142927918767361994e+00
1.274899999999999922e+00	7.946951635333551422e+00
1.278599999999999959e+00	7.627741043462096471e+00
1.282200000000000006e+00	6.665623442505896890e+00
1.285800000000000054e+00	7.307724912785906746e+00
1.289400000000000102e+00	7.806561477499313284e+00
1.292999999999999927e+00	8.221390461057474397e+00
1.296599999999999975e+00	7.722737811305436573e+00
1.300200000000000022e+00	8.738617983877727369e+00
1.303800000000000070e+00	8.432663242806004433e+00
1.307399999999999896e+00	8.319783666408033795e+00
1.310999999999999943e+00	8.996452628681778307e+00
1.314599999999999991e+00	8.380067889984287532e+00
1.318200000000000038e+00	8.584698282527861934e+00
1.321800000000000086e+00	9.393078354179959177e+00
1.325499999999999901e+00	8.876409965920066369e+00
1.329099999999999948e+00	8.674390786434203804e+00
1.332699999999999996e+00	9.548310765455441995e+00
1.336300000000000043e+00	1.049896124811500542e+01
1.339900000000000091e+00	1.039721830375190237e+01
1.343499999999999917e+00	9.777932902712288765e+00
1.347099999999999964e+00	1.008313674169999175e+01
1.350700000000000012e+00	1.012124147126563756e+01
1.354300000000000059e+00	1.100056900482965716e+01
1.357900000000000107e+00	1.047051526332814042e+01
1.361499999999999932e+00	1.068379442570005544e+01
1.365099999999999980e+00	1.006216754038398520e+01
1.368700000000000028e+00	1.019635075266499591e+01
1.372300000000000075e+00	1.018912734642702134e+01
1.375999999999999890e+00	1.025901219917085072e+01
1.379599999999999937e+00	1.078819908106328285e+01
1.383199999999999985e+00	1.046891350595427106e+01
1.386800000000000033e+00	1.029596025786350033e+01
1.390400000000000080e+00	9.596080557792079802e+00
1.393999999999999906e+00	1.064547732305739913e+01
1.397599999999999953e+00	9.439510750139643136e+00
1.401200000000000001e+00	9.418875909433014115e+00
1.404800000000000049e+00	1.050268210109585354e+01
1.408400000000000096e+00	1.039508171652161828e+01
1.411999999999999922e+00	9.082338346102103444e+00
1.415599999999999969e+00	8.538361617304008888e+00
1.419200000000000017e+00	1.046518780968884066e+01
1.422800000000000065e+00	1.082794011930646505e+01
1.426500000000000101e+00	1.123635018300434218e+01
1.430099999999999927e+00	1.097878023631495914e+01
1.433699999999999974e+00	1.149136381295505416e+01
1.437300000000000022e+00	1.171548664177993793e+01
1.440900000000000070e+00	9.952745343320479776e+00
1.444499999999999895e+00	9.911664389072145198e+00
1.448099999999999943e+00	1.005511576736361334e+01
1.451699999999999990e+00	1.068430302239225682e+01
1.455300000000000038e+00	1.061741932109404907e+01
1.458900000000000086e+00	1.106534748507167265e+01
1.462499999999999911e+00	1.074496866094537317e+01
1.466099999999999959e+00	1.100239087838206231e+01
1.469700000000000006e+00	1.213598151767470767e+01
1.473300000000000054e+00	1.131817844023063024e+01
1.477000000000000091e+00	1.151706571287670577e+01
1.480599999999999916e+00	1.226599086720233878e+01
1.484199999999999964e+00	1.167002366420234694e+01
1.487800000000000011e+00	1.220473745318176739e+01
1.491400000000000059e+00	1.290303617532468472e+01
1.495000000000000107e+00	1.261133036156280163e+01
1.498599999999999932e+00	1.261107786429308319e+01
1.502199999999999980e+00	1.270542230267943751e+01
1.505800000000000027e+00	1.321038939276445134e+01
1.509400000000000075e+00	1.282873072647727142e+01
1.512999999999999901e+00	1.269042481101074848e+01
1.516599999999999948e+00	1.191494848854285848e+01
1.520199999999999996e+00	1.305112349635266789e+01
1.523800000000000043e+00	1.280813102326874997e+01
1.527500000000000080e+00	1.237606949186814376e+01
1.531099999999999905e+00	1.341815950918809541e+01
1.534699999999999953e+00	1.277642784505749418e+01
1.538300000000000001e+00	1.310969540386403764e+01
1.541900000000000048e+00	1.382138323884213804e+01
1.545500000000000096e+00	1.188538158619372531e+01
1.549099999999999921e+00	1.337688594967394806e+01
1.552699999999999969e+00	1.258328806217693518e+01
1.556300000000000017e+00	1.318836136156467553e+01
1.559900000000000064e+00	1.265467659921605481e+01
1.563499999999999890e+00	1.365711650092110929e+01
1.567099999999999937e+00	1.303624449060437662e+01
1.570699999999999985e+00	1.386527221969295631e+01
1.574300000000000033e+00	1.363522706506246784e+01
1.578000000000000069e+00	1.293438822440883840e+01
1.581599999999999895e+00	1.282407765805132449e+01
1.585199999999999942e+00	1.288660125838661763e+01
1.588799999999999990e+00	1.411601071615124958e+01
1.592400000000000038e+00	1.375197070130374755e+01
1.596000000000000085e+00	1.447644642354116584e+01
1.599599999999999911e+00	1.416602855232334335e+01
1.603199999999999958e+00	1.381639438548967824e+01
1.606800000000000006e+00	1.419032189446547676e+01
1.610400000000000054e+00	1.432499296508089159e+01
1.614000000000000101e+00	1.443241613780181076e+01
1.617599999999999927e+00	1.621848319330056043e+01
1.621199999999999974e+00	1.724929597942459125e+01
1.624800000000000022e+00	1.757569909124879004e+01
1.628500000000000059e+00	1.724301558772496534e+01
1.632100000000000106e+00	1.689177431146973518e+01
1.635699999999999932e+00	1.818105812874841476e+01
1.639299999999999979e+00	1.616690468368827993e+01
1.642900000000000027e+00	1.814063499238724475e+01
1.646500000000000075e+00	1.750701298715350163e+01
1.650099999999999900e+00	1.699626586309650733e+01
1.653699999999999948e+00	1.794852847436546028e+01
1.657299999999999995e+00	1.741231927433157267e+01
1.660900000000000043e+00	1.686712156452647093e+01
1.664500000000000091e+00	1.636345458949417875e+01
1.668099999999999916e+00	1.617084973368765333e+01
1.671699999999999964e+00	1.655266158733530446e+01
1.675400000000000000e+00	1.744217019208149111e+01
1.679000000000000048e+00	1.758479268374842874e+01
1.682600000000000096e+00	1.829866250247735948e+01
1.686199999999999921e+00	1.880487670175308779e+01
1.689799999999999969e+00	1.850076983187310020e+01
1.693400000000000016e+00	2.020607962223039777e+01
1.697000000000000064e+00	1.838877968283699360e+01
1.700599999999999890e+00	1.965980916399886169e+01
1.704199999999999937e+00	1.990515066519722964e+01
1.707799999999999985e+00	1.907799289397143383e+01
1.711400000000000032e+00	2.121602695669658800e+01
1.715000000000000080e+00	2.024931534805155664e+01
1.718599999999999905e+00	1.938003563449442623e+01
1.722199999999999953e+00	1.961681366341547417e+01
1.725899999999999990e+00	1.942751330268240650e+01
1.729500000000000037e+00	1.937387961669584158e+01
1.733100000000000085e+00	2.136298697942375568e+01
1.736699999999999910e+00	2.185847058725238412e+01
1.740299999999999958e+00	2.209243787189715746e+01
1.743900000000000006e+00	2.294936770339775478e+01
1.747500000000000053e+00	2.209501124936400274e+01
1.751100000000000101e+00	2.217715347274374693e+01
1.754699999999999926e+00	1.943521271474304157e+01
1.758299999999999974e+00	1.810203252964094389e+01
1.761900000000000022e+00	1.767931250401462151e+01
1.765500000000000069e+00	1.845246331873264722e+01
1.769099999999999895e+00	1.881782854630085211e+01
1.772699999999999942e+00	2.007467812627705683e+01
1.776399999999999979e+00	2.046676106719340993e+01
1.780000000000000027e+00	1.960915138739195385e+01
1.783600000000000074e+00	1.917167165337366086e+01
1.787199999999999900e+00	1.987631250481023670e+01
1.790799999999999947e+00	1.871436592563316381e+01
1.794399999999999995e+00	2.005091876075777790e+01
1.798000000000000043e+00	2.097857819381514233e+01
1.801600000000000090e+00	2.167564931058992528e+01
1.805199999999999916e+00	2.226520527227080137e+01
1.808799999999999963e+00	2.342175061781241041e+01
1.812400000000000011e+00	2.417189441792674032e+01
1.816000000000000059e+00	2.292674677219289947e+01
1.819600000000000106e+00	2.339635820784710418e+01
1.823199999999999932e+00	2.346902570946953404e+01
1.826899999999999968e+00	2.321368248376520427e+01
1.830500000000000016e+00	2.337341590262360214e+01
1.834100000000000064e+00	2.289685827792753869e+01
1.837699999999999889e+00	2.192674981674635859e+01
1.841299999999999937e+00	2.286367570164598106e+01
1.844899999999999984e+00	2.153011520135141055e+01
1.848500000000000032e+00	2.160348617285178818e+01
1.852100000000000080e+00	2.033092929583076369e+01
1.855699999999999905e+00	2.063174416124515176e+01
1.859299999999999953e+00	1.918197224643253307e+01
1.862900000000000000e+00	1.788998279886886067e+01
1.866500000000000048e+00	1.823919280911857399e+01
1.870100000000000096e+00	1.833011043964424402e+01
1.873699999999999921e+00	1.825263801832267063e+01
1.877399999999999958e+00	2.054497149863578898e+01
1.881000000000000005e+00	1.980198058441937548e+01
1.884600000000000053e+00	2.038276723131935597e+01
1.888200000000000101e+00	2.145179352407944862e+01
1.891799999999999926e+00	2.183699632938004953e+01
1.895399999999999974e+00	2.076772190708911836e+01
1.899000000000000021e+00	1.915309312790602192e+01
1.902600000000000069e+00	1.917527402041612916e+01
1.906199999999999894e+00	1.745764496867321824e+01
1.909799999999999942e+00	1.769325822463015285e+01
1.913399999999999990e+00	1.840455951003134416e+01
1.917000000000000037e+00	1.847932856757989484e+01
1.920600000000000085e+00	1.968577603729318781e+01
1.924199999999999910e+00	1.986329897722978899e+01
1.927899999999999947e+00	2.119653004560446519e+01
1.931499999999999995e+00	2.003507408169639348e+01
1.935100000000000042e+00	2.061428436776690631e+01
1.938700000000000090e+00	1.861008647788570514e+01
1.942299999999999915e+00	1.881074615821803775e+01
1.945899999999999963e+00	1.771795125332762666e+01
1.949500000000000011e+00	1.798709305828380067e+01
1.953100000000000058e+00	1.848816875926265979e+01
1.956700000000000106e+00	2.029419859132004333e+01
1.960299999999999931e+00	2.255146197377308681e+01
1.963899999999999979e+00	2.316358484011317387e+01
1.967500000000000027e+00	2.505896205037660351e+01
1.971100000000000074e+00	2.524108846174496534e+01
1.974699999999999900e+00	2.430627895155543072e+01
1.978399999999999936e+00	2.345628450294845990e+01
1.981999999999999984e+00	2.152979737872243859e+01
1.985600000000000032e+00	2.043297542695559343e+01
1.989200000000000079e+00	2.035349334258193110e+01
1.992799999999999905e+00	2.124690143279488197e+01
1.996399999999999952e+00	2.421674764789858614e+01
2.000000000000000000e+00	2.983586579095816305e+01
