2.000000000000000111e-01	-9.177913180739906140e-01
2.036000000000000032e-01	9.917783023905938355e-01
2.071999999999999953e-01	1.043246596022321393e+00
2.107999999999999874e-01	1.148051995652751289e-01
2.144000000000000072e-01	2.656421745363126252e+00
2.179999999999999993e-01	2.449305392473094756e+00
2.215999999999999914e-01	2.419476913260798501e+00
2.253000000000000003e-01	4.267976323043395581e+00
2.288999999999999924e-01	3.404142304644737660e+00
2.325000000000000122e-01	4.267006821995044774e+00
2.361000000000000043e-01	3.888082388414262347e+00
2.396999999999999964e-01	2.015626447236585239e+00
2.432999999999999885e-01	3.565654430740279324e+00
2.469000000000000083e-01	3.945491481222925145e+00
2.505000000000000004e-01	1.932008949965012823e+00
2.540999999999999925e-01	3.992875981387324469e+00
2.576999999999999846e-01	2.133857741854265022e+00
2.612999999999999767e-01	6.208639940587450390e-01
2.649000000000000243e-01	8.345007817779896975e-01
2.685000000000000164e-01	3.192883730072266779e+00
2.721000000000000085e-01	1.335824066577104841e+00
2.757999999999999896e-01	1.681428185416065535e+00
2.793999999999999817e-01	2.555867442487640417e+00
2.829999999999999738e-01	3.562958911410094576e+00
2.866000000000000214e-01	3.241613636607509008e+00
2.902000000000000135e-01	4.763580209836498547e+00
2.938000000000000056e-01	4.901262438889315121e+00
2.973999999999999977e-01	5.334753436210520228e+00
3.009999999999999898e-01	5.819818549239641925e+00
3.045999999999999819e-01	5.148591677684931867e+00
3.081999999999999740e-01	5.136114951757635438e+00
3.118000000000000216e-01	4.355397911696690549e+00
3.154000000000000137e-01	2.385221822393848612e+00
3.190000000000000058e-01	3.201833398231094030e+00
3.225999999999999979e-01	1.771114659901710908e+00
3.262999999999999790e-01	1.597168804779101281e+00
3.299000000000000266e-01	1.532422199345529812e+00
3.335000000000000187e-01	1.305201501715563595e+00
3.371000000000000107e-01	1.433833445524264061e+00
3.407000000000000028e-01	1.658022567182095397e+00
3.442999999999999949e-01	4.389627586625934441e+00
3.478999999999999870e-01	3.613820644270631988e+00
3.514999999999999791e-01	3.296374056692451315e+00
3.551000000000000267e-01	5.052504854851542326e+00
3.587000000000000188e-01	5.693584071054437423e+00
3.623000000000000109e-01	4.915287102567954314e+00
3.659000000000000030e-01	3.454854269826909352e+00
3.694999999999999951e-01	4.982690908665023066e+00
3.730999999999999872e-01	2.445951670352386476e+00
3.768000000000000238e-01	3.475617354585913255e+00
3.804000000000000159e-01	2.043047640528230069e+00
3.840000000000000080e-01	1.120708418518427507e+00
3.876000000000000001e-01	5.227030331234638894e-01
3.911999999999999922e-01	1.036963192324273919e+00
3.947999999999999843e-01	9.156554325520688264e-01
3.983999999999999764e-01	2.293941931951777313e+00
4.020000000000000240e-01	1.811518018610521086e+00
4.056000000000000161e-01	6.656765205477457314e-01
4.092000000000000082e-01	9.484246418408657231e-01
4.128000000000000003e-01	6.575741982830896060e-01
4.163999999999999924e-01	2.228758352736023518e+00
4.199999999999999845e-01	4.096563814195793185e+00
4.235999999999999766e-01	1.872442001905174624e+00
4.273000000000000131e-01	3.298235006411470938e+00
4.309000000000000052e-01	4.923393973591555728e+00
4.344999999999999973e-01	2.731902017194300036e+00
4.380999999999999894e-01	3.714138295804676027e+00
4.416999999999999815e-01	9.271191360634210010e-01
4.452999999999999736e-01	7.046214157427916902e-01
4.489000000000000212e-01	2.357993380107130665e+00
4.525000000000000133e-01	2.160253399767675830e+00
4.561000000000000054e-01	-1.540651780235729129e+00
4.596999999999999975e-01	8.360155525831469703e-01
4.632999999999999896e-01	1.228951020310274922e+00
4.668999999999999817e-01	1.283208528595163544e+00
4.704999999999999738e-01	1.276094672501065563e+00
4.741000000000000214e-01	-3.013888062557205094e-01
4.778000000000000025e-01	2.469914710337561825e+00
4.813999999999999946e-01	1.811854960561539052e+00
4.849999999999999867e-01	1.965176674414956803e+00
4.885999999999999788e-01	1.789115623712362213e+00
4.922000000000000264e-01	2.989202524090806001e+00
4.958000000000000185e-01	2.998758778987376417e+00
4.994000000000000106e-01	2.180787749824130817e+00
5.030000000000000027e-01	3.393665535040403469e+00
5.066000000000000503e-01	1.369709080255666622e+00
5.101999999999999869e-01	4.675102869585150422e-01
5.138000000000000345e-01	-1.114204572955737049e+00
5.173999999999999710e-01	1.113677126168670872e+00
5.210000000000000187e-01	9.166493763048810806e-02
5.245999999999999552e-01	-1.973498379619426757e+00
5.282999999999999918e-01	-2.103808443064568046e+00
5.319000000000000394e-01	-1.211803704060766984e+00
5.354999999999999760e-01	-6.769715161333867970e-01
5.391000000000000236e-01	6.996135803749282678e-01
5.426999999999999602e-01	3.582781446418321636e-01
5.463000000000000078e-01	2.897758701190745523e+00
5.499000000000000554e-01	2.273372509336377689e+00
5.534999999999999920e-01	1.482404329820482758e+00
5.571000000000000396e-01	2.309568366599555667e+00
5.606999999999999762e-01	1.897383263786875718e+00
5.643000000000000238e-01	3.747647171336486061e+00
5.678999999999999604e-01	1.410208135017801290e+00
5.715000000000000080e-01	1.670403379149747014e+00
5.752000000000000446e-01	6.405183633510491692e-01
5.787999999999999812e-01	1.871192740308302849e+00
5.824000000000000288e-01	1.470112057498476954e+00
5.859999999999999654e-01	6.427109602750605832e-01
5.896000000000000130e-01	1.521340774740624013e+00
5.931999999999999496e-01	1.403190867076421267e+00
5.967999999999999972e-01	3.640876850681569188e+00
6.004000000000000448e-01	3.571684367927921322e+00
6.039999999999999813e-01	2.566965643188491519e+00
6.076000000000000290e-01	2.110431393418951806e+00
6.111999999999999655e-01	3.181365045000927427e+00
6.148000000000000131e-01	2.253872727827026523e+00
6.183999999999999497e-01	4.445100244480253870e+00
6.219999999999999973e-01	5.320861541502479142e+00
6.257000000000000339e-01	5.903544900608291179e+00
6.292999999999999705e-01	4.976980860347158142e+00
6.329000000000000181e-01	5.720295673129627723e+00
6.364999999999999547e-01	3.127441604746404202e+00
6.401000000000000023e-01	3.951722272489321064e+00
6.437000000000000499e-01	4.741620180010729158e+00
6.472999999999999865e-01	4.034482093450265872e+00
6.509000000000000341e-01	3.922889692880419332e+00
6.544999999999999707e-01	3.930609046393412687e+00
6.581000000000000183e-01	2.993286828405304689e+00
6.616999999999999549e-01	3.528093840923882674e+00
6.653000000000000025e-01	4.875738196799208168e+00
6.689000000000000501e-01	4.258156680650701631e+00
6.724999999999999867e-01	3.555871471974666242e+00
6.762000000000000233e-01	5.108389290328156918e+00
6.797999999999999599e-01	6.227774982011879956e+00
6.834000000000000075e-01	5.922308832622963592e+00
6.870000000000000551e-01	6.350451338842559856e+00
6.905999999999999917e-01	6.898218171425130940e+00
6.942000000000000393e-01	6.806041158501147770e+00
6.977999999999999758e-01	5.333176896083864804e+00
7.014000000000000234e-01	6.308708187300217318e+00
7.049999999999999600e-01	7.582299912565607869e+00
7.086000000000000076e-01	4.772875615304645436e+00
7.122000000000000552e-01	5.676398466891408923e+00
7.157999999999999918e-01	6.805735105657085171e+00
7.194000000000000394e-01	4.990481286241898573e+00
7.229999999999999760e-01	3.956027206343681879e+00
7.267000000000000126e-01	5.690604765138258969e+00
7.302999999999999492e-01	7.367594906858424331e+00
7.338999999999999968e-01	5.881789241623442521e+00
7.375000000000000444e-01	5.500760476669682930e+00
7.410999999999999810e-01	6.788006855392342054e+00
7.447000000000000286e-01	5.230148811838705392e+00
7.482999999999999652e-01	8.536298423639220090e+00
7.519000000000000128e-01	7.463498150520438301e+00
7.554999999999999494e-01	8.368037188253742542e+00
7.590999999999999970e-01	8.526283377725720314e+00
7.627000000000000446e-01	7.859979975154543830e+00
7.662999999999999812e-01	9.145269638600757034e+00
7.699000000000000288e-01	6.927943034310323434e+00
7.734999999999999654e-01	7.804340250026191583e+00
7.772000000000000020e-01	6.762738258265295954e+00
7.808000000000000496e-01	6.652129692184873377e+00
7.843999999999999861e-01	5.986222246436341266e+00
7.880000000000000338e-01	6.555557326486409764e+00
7.915999999999999703e-01	7.641112934488711872e+00
7.952000000000000179e-01	6.791492076747441153e+00
7.987999999999999545e-01	8.021920408622619902e+00
8.024000000000000021e-01	7.895124159012721243e+00
8.060000000000000497e-01	7.889169082654962750e+00
8.095999999999999863e-01	9.281330972370119170e+00
8.132000000000000339e-01	1.025794140720639724e+01
8.167999999999999705e-01	7.340540622554658334e+00
8.204000000000000181e-01	6.200404609165028447e+00
8.239999999999999547e-01	8.094777915494830722e+00
8.276999999999999913e-01	7.638263584431753905e+00
8.313000000000000389e-01	8.125454901312437528e+00
8.348999999999999755e-01	7.917691096376303861e+00
8.385000000000000231e-01	7.334892509046628817e+00
8.420999999999999597e-01	7.082639388664320634e+00
8.457000000000000073e-01	6.540792212817896356e+00
8.493000000000000549e-01	8.224532082661957233e+00
8.528999999999999915e-01	7.565336133761238813e+00
8.565000000000000391e-01	7.746435765567328602e+00
8.600999999999999757e-01	7.244117487337692118e+00
8.637000000000000233e-01	7.445415836431129364e+00
8.672999999999999599e-01	7.572769174589055297e+00
8.709000000000000075e-01	6.893299218099340209e+00
8.745000000000000551e-01	8.096731610013279123e+00
8.781999999999999806e-01	8.545191088742287278e+00
8.818000000000000282e-01	8.351543730141697708e+00
8.853999999999999648e-01	7.296904051188713325e+00
8.890000000000000124e-01	7.429228175155521363e+00
8.925999999999999490e-01	7.207640498887560199e+00
8.961999999999999966e-01	7.496117487969513604e+00
8.998000000000000442e-01	7.316722103437109048e+00
9.033999999999999808e-01	7.076831023615154592e+00
9.070000000000000284e-01	6.668326051247571939e+00
9.105999999999999650e-01	7.998808411458313117e+00
9.142000000000000126e-01	7.696257627717367100e+00
9.177999999999999492e-01	7.382325384834072857e+00
9.213999999999999968e-01	6.880373149502964303e+00
9.251000000000000334e-01	5.925557969499070765e+00
9.286999999999999700e-01	6.326485452468319615e+00
9.323000000000000176e-01	8.084307040518440957e+00
9.358999999999999542e-01	5.899804172764516963e+00
9.395000000000000018e-01	8.545138887189075660e+00
9.431000000000000494e-01	8.557336406134957940e+00
9.466999999999999860e-01	7.336723719405020994e+00
9.503000000000000336e-01	8.392543093560703937e+00
9.538999999999999702e-01	7.280844433056773646e+00
9.575000000000000178e-01	7.144313393118506994e+00
9.610999999999999543e-01	7.984314544923858392e+00
9.647000000000000020e-01	8.663708236101237858e+00
9.683000000000000496e-01	8.213993954752169202e+00
9.718999999999999861e-01	7.997320284473148355e+00
9.756000000000000227e-01	8.489758794452955115e+00
9.791999999999999593e-01	7.727825647273861343e+00
9.828000000000000069e-01	7.031447207983362979e+00
9.864000000000000545e-01	7.260035662362928299e+00
9.899999999999999911e-01	7.090719585426580096e+00
9.936000000000000387e-01	7.810192968257148927e+00
9.971999999999999753e-01	8.193133888898190165e+00
1.000799999999999912e+00	7.230374023954374785e+00
1.004399999999999959e+00	8.045554733245831258e+00
1.008000000000000007e+00	9.355717936251831901e+00
1.011600000000000055e+00	8.626379974935575845e+00
1.015200000000000102e+00	6.934379311549288438e+00
1.018799999999999928e+00	8.636718776727292379e+00
1.022399999999999975e+00	1.004431639066017290e+01
1.026100000000000012e+00	8.072236114045555411e+00
1.029700000000000060e+00	6.623017901386827333e+00
1.033300000000000107e+00	9.349304473159010698e+00
1.036899999999999933e+00	8.269399964714700957e+00
1.040499999999999980e+00	9.284211300048596627e+00
1.044100000000000028e+00	8.030651885334172846e+00
1.047700000000000076e+00	8.368304575862532957e+00
1.051299999999999901e+00	7.730930618957287948e+00
1.054899999999999949e+00	9.108565840442530259e+00
1.058499999999999996e+00	8.426885265582665596e+00
1.062100000000000044e+00	9.230682510789435469e+00
1.065700000000000092e+00	8.561386794373753162e+00
1.069299999999999917e+00	9.639917299057303879e+00
1.072899999999999965e+00	8.855331204698524417e+00
1.076600000000000001e+00	8.205658941630765923e+00
1.080200000000000049e+00	1.015595544560314600e+01
1.083800000000000097e+00	8.626374430539787141e+00
1.087399999999999922e+00	9.745651934632761026e+00
1.090999999999999970e+00	9.845024903654064019e+00
1.094600000000000017e+00	1.256023239640923705e+01
1.098200000000000065e+00	9.311781393848820088e+00
1.101799999999999891e+00	9.472986527435548254e+00
1.105399999999999938e+00	8.318295574485720323e+00
1.108999999999999986e+00	1.037632921289376142e+01
1.112600000000000033e+00	9.726234210628332377e+00
1.116200000000000081e+00	9.640505047099429348e+00
1.119799999999999907e+00	8.296793446585652987e+00
1.123399999999999954e+00	1.081694715474776380e+01
1.127099999999999991e+00	1.054321031302771772e+01
1.130700000000000038e+00	9.403480572169783613e+00
1.134300000000000086e+00	8.969353960296540862e+00
1.137899999999999912e+00	8.918751671450653618e+00
1.141499999999999959e+00	9.684093270756200411e+00
1.145100000000000007e+00	9.069523504739768427e+00
1.148700000000000054e+00	1.033317038527460063e+01
1.152300000000000102e+00	1.184421755242204455e+01
1.155899999999999928e+00	1.293019176548718185e+01
1.159499999999999975e+00	1.055430386011238753e+01
1.163100000000000023e+00	1.038774042912357132e+01
1.166700000000000070e+00	1.156778973347245909e+01
1.170299999999999896e+00	1.075083439571888633e+01
1.173899999999999944e+00	1.130461822904692326e+01
1.177599999999999980e+00	9.115976074261629591e+00
1.181200000000000028e+00	1.009320349169620101e+01
1.184800000000000075e+00	1.108110726665846713e+01
1.188399999999999901e+00	9.249487847847310817e+00
1.191999999999999948e+00	1.181020369095911171e+01
1.195599999999999996e+00	1.025448015376399979e+01
1.199200000000000044e+00	1.080043311463183997e+01
1.202800000000000091e+00	1.113625024172603517e+01
1.206399999999999917e+00	1.139582398069568647e+01
1.209999999999999964e+00	1.178445789594460535e+01
1.213600000000000012e+00	1.164006252329524393e+01
1.217200000000000060e+00	1.019371333890598130e+01
1.220800000000000107e+00	1.114028737816942360e+01
1.224399999999999933e+00	1.302352515822914469e+01
1.228099999999999969e+00	1.265731831291883935e+01
1.231700000000000017e+00	1.437565764175954186e+01
1.235300000000000065e+00	1.351715559364446229e+01
1.238899999999999890e+00	1.189420693088290548e+01
1.242499999999999938e+00	1.373557131330743175e+01
1.246099999999999985e+00	1.287671870698142662e+01
1.249700000000000033e+00	1.371146647364496829e+01
1.253300000000000081e+00	1.188428054902142250e+01
1.256899999999999906e+00	1.254004557575191114e+01
1.260499999999999954e+00	1.393698205281853930e+01
1.264100000000000001e+00	1.168674327724874651e+01
1.267700000000000049e+00	1.451120136335413413e+01
1.271300000000000097e+00	1.506244704458376660e+01
1.274899999999999922e+00	1.383123084439570327e+01
1.278599999999999959e+00	1.575185172707580961e+01
1.282200000000000006e+00	1.579252664557290764e+01
1.285800000000000054e+00	1.284302027997842544e+01
1.289400000000000102e+00	1.494901291274083910e+01
1.292999999999999927e+00	1.516549678388960309e+01
1.296599999999999975e+00	1.434305762010251151e+01
1.300200000000000022e+00	1.616055093643485918e+01
1.303800000000000070e+00	1.390575579899356562e+01
1.307399999999999896e+00	1.434992049715583384e+01
1.310999999999999943e+00	1.609026366136507846e+01
1.314599999999999991e+00	1.468004730716489448e+01
1.318200000000000038e+00	1.560906558992171256e+01
1.321800000000000086e+00	1.474412876698167807e+01
1.325499999999999901e+00	1.353534288720513601e+01
1.329099999999999948e+00	1.421788849385116471e+01
1.332699999999999996e+00	1.443708293355148520e+01
1.336300000000000043e+00	1.500723662054915764e+01
1.339900000000000091e+00	1.393443399614050016e+01
1.343499999999999917e+00	1.382446713274493533e+01
1.347099999999999964e+00	1.570327139590479781e+01
1.350700000000000012e+00	1.403749307676408975e+01
1.354300000000000059e+00	1.475126806864304640e+01
1.357900000000000107e+00	1.271703334730967150e+01
1.361499999999999932e+00	1.376087702414199221e+01
1.365099999999999980e+00	1.391180038052516110e+01
1.368700000000000028e+00	1.376949116135662798e+01
1.372300000000000075e+00	1.472754743627330676e+01
1.375999999999999890e+00	1.468354114864784243e+01
1.379599999999999937e+00	1.388679643019547072e+01
1.383199999999999985e+00	1.439807826877898123e+01
1.386800000000000033e+00	1.496407923078045243e+01
1.390400000000000080e+00	1.489693656442336511e+01
1.393999999999999906e+00	1.467512822773275971e+01
1.397599999999999953e+00	1.333993751050349630e+01
1.401200000000000001e+00	1.519210906760212865e+01
1.404800000000000049e+00	1.612580866742962016e+01
1.408400000000000096e+00	1.557257104078041010e+01
1.411999999999999922e+00	1.577686973121286229e+01
1.415599999999999969e+00	1.582848592014076949e+01
1.419200000000000017e+00	1.516266997417652895e+01
1.422800000000000065e+00	1.550512512071800053e+01
1.426500000000000101e+00	1.364000915241886069e+01
1.430099999999999927e+00	1.387716471106006999e+01
1.433699999999999974e+00	1.345233999836286820e+01
1.437300000000000022e+00	1.543701493051178630e+01
1.440900000000000070e+00	1.292431102104513307e+01
1.444499999999999895e+00	1.360307603437301971e+01
1.448099999999999943e+00	1.578320517418997682e+01
1.451699999999999990e+00	1.409638303588311103e+01
1.455300000000000038e+00	1.480086651842347045e+01
1.458900000000000086e+00	1.660919381385993887e+01
1.462499999999999911e+00	1.268666395842017991e+01
1.466099999999999959e+00	1.396704547757174097e+01
1.469700000000000006e+00	1.425626584524187201e+01
1.473300000000000054e+00	1.662091144929882702e+01
1.477000000000000091e+00	1.336175817647626118e+01
1.480599999999999916e+00	1.668002092365408373e+01
1.484199999999999964e+00	1.488594061614517194e+01
1.487800000000000011e+00	1.452105529426875563e+01
1.491400000000000059e+00	1.451973425009324359e+01
1.495000000000000107e+00	1.328030278699199229e+01
1.498599999999999932e+00	1.542924172626303125e+01
1.502199999999999980e+00	1.407754623896588519e+01
1.505800000000000027e+00	1.628489758187740932e+01
1.509400000000000075e+00	1.664252042252326902e+01
1.512999999999999901e+00	1.622462999165458442e+01
1.516599999999999948e+00	1.698815414557041947e+01
1.520199999999999996e+00	1.653310318278533586e+01
1.523800000000000043e+00	1.650254006580804500e+01
1.527500000000000080e+00	1.629446688787416520e+01
1.531099999999999905e+00	1.649662403803212385e+01
1.534699999999999953e+00	1.614879627952764451e+01
1.538300000000000001e+00	1.753716992758070248e+01
1.541900000000000048e+00	1.693994954584872303e+01
1.545500000000000096e+00	1.780622425419137755e+01
1.549099999999999921e+00	1.580028350523700809e+01
1.552699999999999969e+00	1.809421333162505974e+01
1.556300000000000017e+00	1.977756520927137274e+01
1.559900000000000064e+00	1.738663040951813699e+01
1.563499999999999890e+00	1.825400637224798572e+01
1.567099999999999937e+00	1.698341668530022730e+01
1.570699999999999985e+00	1.778849206699922547e+01
1.574300000000000033e+00	1.951881911077015985e+01
1.578000000000000069e+00	1.835166689291900610e+01
1.581599999999999895e+00	1.944184950606290130e+01
1.585199999999999942e+00	1.959288900120762733e+01
1.588799999999999990e+00	2.070452651136124445e+01
1.592400000000000038e+00	1.899746980694335008e+01
1.596000000000000085e+00	2.030726717176616347e+01
1.599599999999999911e+00	1.960955944357105452e+01
1.603199999999999958e+00	1.958246286631704436e+01
1.606800000000000006e+00	1.942116874190132236e+01
1.610400000000000054e+00	1.953713141990799329e+01
1.614000000000000101e+00	1.903792739255981559e+01
1.617599999999999927e+00	2.083203524422586028e+01
1.621199999999999974e+00	2.357106450810564979e+01
1.624800000000000022e+00	2.411898994687464182e+01
1.628500000000000059e+00	2.415444330087799685e+01
1.632100000000000106e+00	2.065724123443137472e+01
1.635699999999999932e+00	2.213240701236697916e+01
1.639299999999999979e+00	2.521345490734941919e+01
1.642900000000000027e+00	2.441471446442605853e+01
1.646500000000000075e+00	2.512021897640894963e+01
1.650099999999999900e+00	2.417083034421764509e+01
1.653699999999999948e+00	2.833976269446317175e+01
1.657299999999999995e+00	2.837132295293146100e+01
1.660900000000000043e+00	2.933453642819856810e+01
1.664500000000000091e+00	2.823029762530519804e+01
1.668099999999999916e+00	2.880451631539343538e+01
1.671699999999999964e+00	2.806757578698580247e+01
1.675400000000000000e+00	2.833355281619910215e+01
1.679000000000000048e+00	2.657092738018918254e+01
1.682600000000000096e+00	2.612074333409895388e+01
1.686199999999999921e+00	2.797988749555582544e+01
1.689799999999999969e+00	2.746006931737861478e+01
1.693400000000000016e+00	3.035475250116198964e+01
1.697000000000000064e+00	3.083764216936699398e+01
1.700599999999999890e+00	3.178251969901807783e+01
1.704199999999999937e+00	3.109582468148996526e+01
1.707799999999999985e+00	3.230522540467522674e+01
1.711400000000000032e+00	3.214496033493671234e+01
1.715000000000000080e+00	3.099218255659657117e+01
1.718599999999999905e+00	3.231676031391766912e+01
1.722199999999999953e+00	3.469045282539661912e+01
1.725899999999999990e+00	3.363040599950308973e+01
1.729500000000000037e+00	3.543413553719743447e+01
1.733100000000000085e+00	3.583127035174564412e+01
1.736699999999999910e+00	3.708855006082844596e+01
1.740299999999999958e+00	3.737925114134382909e+01
1.743900000000000006e+00	3.711356475516394227e+01
1.747500000000000053e+00	3.629003773071039518e+01
1.751100000000000101e+00	3.504163162448279678e+01
1.754699999999999926e+00	3.308711405223343149e+01
1.758299999999999974e+00	3.358361968779595230e+01
1.761900000000000022e+00	3.150692871238994286e+01
1.765500000000000069e+00	3.187252679079082895e+01
1.769099999999999895e+00	3.019858131586812888e+01
1.772699999999999942e+00	2.907565580759687407e+01
1.776399999999999979e+00	2.981693924864420353e+01
1.780000000000000027e+00	2.894914298150223431e+01
1.783600000000000074e+00	3.089380369898250933e+01
1.787199999999999900e+00	2.789329934678444545e+01
1.790799999999999947e+00	2.841679650817494007e+01
1.794399999999999995e+00	3.036390955239755129e+01
1.798000000000000043e+00	2.967443266850490602e+01
1.801600000000000090e+00	2.961059426236264969e+01
1.805199999999999916e+00	2.995907430677382877e+01
1.808799999999999963e+00	3.090944639780014569e+01
1.812400000000000011e+00	3.129125985711750246e+01
1.816000000000000059e+00	3.122044782451148137e+01
1.819600000000000106e+00	3.098994447381262418e+01
1.823199999999999932e+00	3.056946673396350889e+01
1.826899999999999968e+00	2.803423945311353904e+01
1.830500000000000016e+00	2.888527350049493236e+01
1.834100000000000064e+00	2.738108234162818988e+01
1.837699999999999889e+00	2.847482479749397655e+01
1.841299999999999937e+00	2.686182520050857292e+01
1.844899999999999984e+00	2.699826618454997629e+01
1.848500000000000032e+00	2.569952069997831501e+01
1.852100000000000080e+00	2.451257873983386304e+01
1.855699999999999905e+00	2.495387904058812367e+01
1.859299999999999953e+00	2.497495593546671699e+01
1.862900000000000000e+00	2.691681012234049675e+01
1.866500000000000048e+00	2.778001133458627336e+01
1.870100000000000096e+00	2.798867064844225894e+01
1.873699999999999921e+00	2.876674714960771340e+01
1.877399999999999958e+00	3.032131718864223657e+01
1.881000000000000005e+00	2.980904896721769148e+01
1.884600000000000053e+00	2.944540441415232124e+01
1.888200000000000101e+00	3.054344703321158860e+01
1.891799999999999926e+00	2.863374684085382427e+01
1.895399999999999974e+00	2.820616925536491237e+01
1.899000000000000021e+00	2.726009180444642865e+01
1.902600000000000069e+00	2.907526250476622920e+01
1.906199999999999894e+00	2.835051580183560205e+01
1.909799999999999942e+00	2.976309726942393397e+01
1.913399999999999990e+00	2.829080964429863698e+01
1.917000000000000037e+00	2.960031668741709154e+01
1.920600000000000085e+00	2.955241128982349608e+01
1.924199999999999910e+00	3.036723397717467421e+01
1.927899999999999947e+00	2.951752994146923825e+01
1.931499999999999995e+00	3.179048456565492486e+01
1.935100000000000042e+00	2.971583752410403889e+01
1.938700000000000090e+00	2.748531541959554758e+01
1.942299999999999915e+00	2.790717318048789508e+01
1.945899999999999963e+00	2.750933351129827997e+01
1.949500000000000011e+00	2.878930534965362398e+01
1.953100000000000058e+00	2.746720466728122645e+01
1.956700000000000106e+00	2.910893789133535847e+01
1.960299999999999931e+00	2.683234294140055454e+01
1.963899999999999979e+00	2.736283263673741573e+01
1.967500000000000027e+00	2.762920061363287871e+01
1.971100000000000074e+00	2.690422241946259874e+01
1.974699999999999900e+00	2.802529613924224350e+01
1.978399999999999936e+00	2.999366996186183343e+01
1.981999999999999984e+00	2.780814212022699650e+01
1.985600000000000032e+00	2.990408430894185443e+01
1.989200000000000079e+00	2.818090520367665519e+01
1.992799999999999905e+00	3.082809324304930243e+01
1.996399999999999952e+00	3.232098147158360746e+01
2.000000000000000000e+00	3.104446392455798076e+01
