2.000000000000000111e-01	-1.776066509976870655e+00
2.036000000000000032e-01	-2.801689188499317140e+00
2.071999999999999953e-01	-2.941239802088257083e+00
2.107999999999999874e-01	-1.589008389707579294e+00
2.144000000000000072e-01	-2.903432699544183038e+00
2.179999999999999993e-01	-4.128544555391948201e+00
2.215999999999999914e-01	-2.819116128626165452e+00
2.253000000000000003e-01	-2.554932663809275972e+00
2.288999999999999924e-01	-1.716431382749739498e+00
2.325000000000000122e-01	-2.567648950689742193e+00
2.361000000000000043e-01	-1.598291924225052618e+00
2.396999999999999964e-01	-4.144490356554457300e+00
2.432999999999999885e-01	-3.012220307345387926e+00
2.469000000000000083e-01	-2.781499050044325294e+00
2.505000000000000004e-01	-3.386700198415360408e+00
2.540999999999999925e-01	-4.088464722435015020e+00
2.576999999999999846e-01	-1.594426898046677366e+00
2.612999999999999767e-01	-3.248761532824538278e+00
2.649000000000000243e-01	-2.670690401843271999e-01
2.685000000000000164e-01	-1.283185692839621472e+00
2.721000000000000085e-01	-5.041987713637980928e-01
2.757999999999999896e-01	1.157260475807798006e+00
2.793999999999999817e-01	-2.765922275576718548e+00
2.829999999999999738e-01	-6.860573113124663891e-01
2.866000000000000214e-01	-1.024434137234274012e+00
2.902000000000000135e-01	-8.611410342391054851e-01
2.938000000000000056e-01	-8.931463645557340403e-01
2.973999999999999977e-01	-4.244024976023701434e-01
3.009999999999999898e-01	-5.594054797706596860e-01
3.045999999999999819e-01	-1.139393828793830998e+00
3.081999999999999740e-01	-2.565696258459526646e-01
3.118000000000000216e-01	-1.021138310512777370e+00
3.154000000000000137e-01	-1.781963240450881614e+00
3.190000000000000058e-01	-2.507938059863938030e+00
3.225999999999999979e-01	-3.334867258633142484e+00
3.262999999999999790e-01	-1.525332122437745852e+00
3.299000000000000266e-01	-5.273452270705085709e+00
3.335000000000000187e-01	3.898758632341121633e-01
3.371000000000000107e-01	-1.590251722861353745e+00
3.407000000000000028e-01	-2.239649101794515040e+00
3.442999999999999949e-01	-4.317552611393961293e+00
3.478999999999999870e-01	-2.429653265523174621e+00
3.514999999999999791e-01	-1.139848084971440301e+00
3.551000000000000267e-01	-1.989869698403996301e+00
3.587000000000000188e-01	-4.253748332493848316e+00
3.623000000000000109e-01	-1.206557832623895710e+00
3.659000000000000030e-01	-2.515087690434983703e+00
3.694999999999999951e-01	-2.684126068750325445e+00
3.730999999999999872e-01	-1.763689362588002574e+00
3.768000000000000238e-01	-1.670356821894992905e+00
3.804000000000000159e-01	-1.473734973075219834e+00
3.840000000000000080e-01	-5.355371917733466880e-01
3.876000000000000001e-01	-1.721353379830624419e+00
3.911999999999999922e-01	4.743628113463704832e-01
3.947999999999999843e-01	-1.023858749663571155e+00
3.983999999999999764e-01	1.050550105399902678e+00
4.020000000000000240e-01	-3.134863620199056511e-01
4.056000000000000161e-01	2.220938477715704629e+00
4.092000000000000082e-01	7.632543125120079264e-01
4.128000000000000003e-01	4.385971353814288598e-02
4.163999999999999924e-01	-5.996885933300476479e-01
4.199999999999999845e-01	-2.970132636900872924e-01
4.235999999999999766e-01	-4.117239766732405659e-02
4.273000000000000131e-01	7.457157899296524839e-01
4.309000000000000052e-01	-8.784819030777006876e-01
4.344999999999999973e-01	-5.330543728573333695e-03
4.380999999999999894e-01	3.545025685278557770e-01
4.416999999999999815e-01	-4.001900630579213747e-01
4.452999999999999736e-01	-1.542409429581498070e+00
4.489000000000000212e-01	-2.266532492595008996e+00
4.525000000000000133e-01	-1.932692904708414705e+00
4.561000000000000054e-01	-5.177752875685603939e-02
4.596999999999999975e-01	-1.332929885771007017e+00
4.632999999999999896e-01	-2.035829712102190214e+00
4.668999999999999817e-01	-1.399531639580822162e+00
4.704999999999999738e-01	-1.432908690564736798e+00
4.741000000000000214e-01	-1.745511889617472390e+00
4.778000000000000025e-01	-1.021409968389225265e+00
4.813999999999999946e-01	-1.123427564957188984e+00
4.849999999999999867e-01	5.718238298560236466e-01
4.885999999999999788e-01	-8.938279050208421950e-01
4.922000000000000264e-01	-1.147414927750358693e+00
4.958000000000000185e-01	-1.445894674905825461e+00
4.994000000000000106e-01	-1.435389166150380369e-02
5.030000000000000027e-01	-9.772172107901601068e-01
5.066000000000000503e-01	-1.068172617069962804e+00
5.101999999999999869e-01	-2.235411213385074536e-01
5.138000000000000345e-01	-1.181672401325363220e-01
5.173999999999999710e-01	1.328122890436573833e+00
5.210000000000000187e-01	-1.125284206901046247e+00
5.245999999999999552e-01	1.421863724602033807e-01
5.282999999999999918e-01	2.171717788092038859e+00
5.319000000000000394e-01	1.404834070903350218e-01
5.354999999999999760e-01	-6.466082071592054170e-01
5.391000000000000236e-01	1.108736082168886750e+00
5.426999999999999602e-01	8.079842191009671826e-01
5.463000000000000078e-01	3.514191797784865789e-01
5.499000000000000554e-01	1.828921644828798154e-01
5.534999999999999920e-01	-8.484148657548288286e-01
5.571000000000000396e-01	-7.259234916519550218e-01
5.606999999999999762e-01	1.141700854055803793e+00
5.643000000000000238e-01	1.116331779197454077e+00
5.678999999999999604e-01	5.735236140245156822e-01
5.715000000000000080e-01	-2.875988751051673509e-01
5.752000000000000446e-01	-1.172461011439983825e+00
5.787999999999999812e-01	2.890628837452462463e-01
5.824000000000000288e-01	-4.847017092820208317e-01
5.859999999999999654e-01	-3.599336378699045103e-01
5.896000000000000130e-01	-3.691168473979939968e-01
5.931999999999999496e-01	-4.594687426455641432e-01
5.967999999999999972e-01	-3.724267761877591010e-01
6.004000000000000448e-01	-7.010852541725899334e-01
6.039999999999999813e-01	1.384658616068135117e+00
6.076000000000000290e-01	-1.268129872374754719e+00
6.111999999999999655e-01	-4.930614016956252899e-01
6.148000000000000131e-01	-6.026331390259246357e-01
6.183999999999999497e-01	1.803164702588261559e+00
6.219999999999999973e-01	-9.548865341133081497e-01
6.257000000000000339e-01	-1.906385749886566061e-01
6.292999999999999705e-01	2.749692715993151459e+00
6.329000000000000181e-01	6.925454395014127851e-01
6.364999999999999547e-01	1.958063781421815142e+00
6.401000000000000023e-01	2.773612200303533282e+00
6.437000000000000499e-01	3.001838458132820797e+00
6.472999999999999865e-01	2.498567627965323723e+00
6.509000000000000341e-01	2.619963973746642694e+00
6.544999999999999707e-01	6.650776982990178610e-01
6.581000000000000183e-01	2.641443989152024052e+00
6.616999999999999549e-01	2.284840767402435358e+00
6.653000000000000025e-01	1.688066397276409170e+00
6.689000000000000501e-01	2.939679199827601730e-01
6.724999999999999867e-01	1.419709010311938524e+00
6.762000000000000233e-01	9.318456736321942824e-01
6.797999999999999599e-01	3.381311099107783824e-01
6.834000000000000075e-01	9.420860157838248927e-01
6.870000000000000551e-01	1.174642531083932795e+00
6.905999999999999917e-01	1.280307294894052816e+00
6.942000000000000393e-01	1.256974988706375029e+00
6.977999999999999758e-01	2.727565424508562764e+00
7.014000000000000234e-01	9.592148104952715748e-01
7.049999999999999600e-01	2.600045475026266928e-01
7.086000000000000076e-01	4.972273003823801663e-02
7.122000000000000552e-01	9.179654701028158170e-01
7.157999999999999918e-01	3.884195513863175631e-01
7.194000000000000394e-01	1.118872130213167115e-01
7.229999999999999760e-01	7.557703376800527506e-01
7.267000000000000126e-01	-1.272405848570914433e-01
7.302999999999999492e-01	8.093169380182233530e-01
7.338999999999999968e-01	1.460041236075380056e-01
7.375000000000000444e-01	1.987671573963876170e-01
7.410999999999999810e-01	2.234519313379663252e+00
7.447000000000000286e-01	1.670016226362983414e+00
7.482999999999999652e-01	2.587730302221352918e+00
7.519000000000000128e-01	-6.839314354289944831e-01
7.554999999999999494e-01	8.057675974139422159e-01
7.590999999999999970e-01	2.781910125926971844e+00
7.627000000000000446e-01	4.091793807349177747e+00
7.662999999999999812e-01	2.521141113115933141e+00
7.699000000000000288e-01	1.126783156456166557e+00
7.734999999999999654e-01	1.877346476999628644e+00
7.772000000000000020e-01	2.492954616392182299e+00
7.808000000000000496e-01	4.445107605305182119e+00
7.843999999999999861e-01	1.322131912224423278e+00
7.880000000000000338e-01	3.561113347111675598e+00
7.915999999999999703e-01	1.906990909212060714e+00
7.952000000000000179e-01	2.333406285755023291e+00
7.987999999999999545e-01	2.346371366047319107e+00
8.024000000000000021e-01	3.705833851047443783e+00
8.060000000000000497e-01	9.895982089888490929e-01
8.095999999999999863e-01	2.109871915025880451e+00
8.132000000000000339e-01	6.429010417514342546e-01
8.167999999999999705e-01	9.963858686504191153e-01
8.204000000000000181e-01	1.882388674459953837e+00
8.239999999999999547e-01	9.855032700600503404e-01
8.276999999999999913e-01	4.142726611746658794e-01
8.313000000000000389e-01	1.486751718868876360e+00
8.348999999999999755e-01	2.444517410184705586e+00
8.385000000000000231e-01	2.678276217515629387e+00
8.420999999999999597e-01	2.451063862240805857e+00
8.457000000000000073e-01	3.696429301496155340e+00
8.493000000000000549e-01	3.605052323222319721e+00
8.528999999999999915e-01	2.612786066889916103e+00
8.565000000000000391e-01	3.593756120426266243e+00
8.600999999999999757e-01	3.391211997914113319e+00
8.637000000000000233e-01	3.694102398679550259e+00
8.672999999999999599e-01	6.211468239311659367e+00
8.709000000000000075e-01	5.505220159321046580e+00
8.745000000000000551e-01	5.192334525927893907e+00
8.781999999999999806e-01	5.604094004699242682e+00
8.818000000000000282e-01	5.586025460575482882e+00
8.853999999999999648e-01	6.628659696287051872e+00
8.890000000000000124e-01	4.432175942884582831e+00
8.925999999999999490e-01	5.672366410437339468e+00
8.961999999999999966e-01	4.088013807188532134e+00
8.998000000000000442e-01	3.445736073840231839e+00
9.033999999999999808e-01	5.747943482891671785e+00
9.070000000000000284e-01	4.704783944868196954e+00
9.105999999999999650e-01	3.557055137506092368e+00
9.142000000000000126e-01	5.227784598556528550e+00
9.177999999999999492e-01	4.902962144482215123e+00
9.213999999999999968e-01	4.014398245334339421e+00
9.251000000000000334e-01	3.969316750876920707e+00
9.286999999999999700e-01	3.467156487567412793e+00
9.323000000000000176e-01	2.112567125359781084e+00
9.358999999999999542e-01	4.244521651021028852e+00
9.395000000000000018e-01	4.720337024847866658e+00
9.431000000000000494e-01	4.070693494723176542e+00
9.466999999999999860e-01	3.730145326430887920e+00
9.503000000000000336e-01	4.557200376036841583e+00
9.538999999999999702e-01	4.697706401698333423e+00
9.575000000000000178e-01	4.075732793487895300e+00
9.610999999999999543e-01	3.534307444477340798e+00
9.647000000000000020e-01	4.723922589466802435e+00
9.683000000000000496e-01	7.428837195864456788e+00
9.718999999999999861e-01	6.199689307390888970e+00
9.756000000000000227e-01	4.737755898351557526e+00
9.791999999999999593e-01	5.652803098385942526e+00
9.828000000000000069e-01	6.525561419544894548e+00
9.864000000000000545e-01	7.936182171020628395e+00
9.899999999999999911e-01	5.694117382954217099e+00
9.936000000000000387e-01	6.865407568710406139e+00
9.971999999999999753e-01	6.584029836609764708e+00
1.000799999999999912e+00	4.404592931004660095e+00
1.004399999999999959e+00	4.823013080624689586e+00
1.008000000000000007e+00	4.793290806804093585e+00
1.011600000000000055e+00	5.131096989468820979e+00
1.015200000000000102e+00	5.725724516001953646e+00
1.018799999999999928e+00	5.110613856485963780e+00
1.022399999999999975e+00	4.500894435123018233e+00
1.026100000000000012e+00	3.690889651764925006e+00
1.029700000000000060e+00	5.145196599675692539e+00
1.033300000000000107e+00	5.073052333357472854e+00
1.036899999999999933e+00	3.404114662330735008e+00
1.040499999999999980e+00	4.751381615174471662e+00
1.044100000000000028e+00	5.715856977020267848e+00
1.047700000000000076e+00	3.218151537927812278e+00
1.051299999999999901e+00	5.204202698045556019e+00
1.054899999999999949e+00	3.367658395428280826e+00
1.058499999999999996e+00	4.181719631118702374e+00
1.062100000000000044e+00	4.028818343841340521e+00
1.065700000000000092e+00	5.486868593051039689e+00
1.069299999999999917e+00	5.916212022692353578e+00
1.072899999999999965e+00	3.980370789589706693e+00
1.076600000000000001e+00	5.224476080593537297e+00
1.080200000000000049e+00	7.555447729531126200e+00
1.083800000000000097e+00	5.629429415333580877e+00
1.087399999999999922e+00	6.516907290202700764e+00
1.090999999999999970e+00	7.721446178942163563e+00
1.094600000000000017e+00	7.427625237026079574e+00
1.098200000000000065e+00	7.515629745215148816e+00
1.101799999999999891e+00	5.913990149861275469e+00
1.105399999999999938e+00	3.570126145978893994e+00
1.108999999999999986e+00	6.217722487749032467e+00
1.112600000000000033e+00	5.467448815355790082e+00
1.116200000000000081e+00	5.085510211944458625e+00
1.119799999999999907e+00	7.998048530394793687e+00
1.123399999999999954e+00	6.772725165036481698e+00
1.127099999999999991e+00	7.675329151616011814e+00
1.130700000000000038e+00	6.356915757433822201e+00
1.134300000000000086e+00	6.644315379267346167e+00
1.137899999999999912e+00	5.703630402446451697e+00
1.141499999999999959e+00	7.179052349320073745e+00
1.145100000000000007e+00	5.805244174441135385e+00
1.148700000000000054e+00	4.767124994444505326e+00
1.152300000000000102e+00	5.501129374653286774e+00
1.155899999999999928e+00	6.465484932822758601e+00
1.159499999999999975e+00	5.895132923115777857e+00
1.163100000000000023e+00	5.678021628802131460e+00
1.166700000000000070e+00	6.384319948930880173e+00
1.170299999999999896e+00	4.353671533748761036e+00
1.173899999999999944e+00	7.042008709654520970e+00
1.177599999999999980e+00	5.167427854345895355e+00
1.181200000000000028e+00	6.540976442607218999e+00
1.184800000000000075e+00	6.559775064798605726e+00
1.188399999999999901e+00	6.648969177267911590e+00
1.191999999999999948e+00	6.902198586935024416e+00
1.195599999999999996e+00	6.849395554700749678e+00
1.199200000000000044e+00	6.656037071398523963e+00
1.202800000000000091e+00	7.056566235804282883e+00
1.206399999999999917e+00	8.662333622625645546e+00
1.209999999999999964e+00	6.313896505996664743e+00
1.213600000000000012e+00	8.210010957410936783e+00
1.217200000000000060e+00	8.725543965768512322e+00
1.220800000000000107e+00	8.503308243612138995e+00
1.224399999999999933e+00	7.612402178203264924e+00
1.228099999999999969e+00	7.665434016467802536e+00
1.231700000000000017e+00	8.427924756769685999e+00
1.235300000000000065e+00	8.746207332292755154e+00
1.238899999999999890e+00	6.114906405688800284e+00
1.242499999999999938e+00	1.069855362433576573e+01
1.246099999999999985e+00	9.390003173922830015e+00
1.249700000000000033e+00	9.303963014394458497e+00
1.253300000000000081e+00	1.022824363518638791e+01
1.256899999999999906e+00	8.674015380243915274e+00
1.260499999999999954e+00	9.088775812829544165e+00
1.264100000000000001e+00	7.746387857649996711e+00
1.267700000000000049e+00	7.252392255219241690e+00
1.271300000000000097e+00	8.841496664213861933e+00
1.274899999999999922e+00	7.070659915154231534e+00
1.278599999999999959e+00	8.820965556368921767e+00
1.282200000000000006e+00	7.347508511044329893e+00
1.285800000000000054e+00	8.265112428999280780e+00
1.289400000000000102e+00	8.679643924390706644e+00
1.292999999999999927e+00	9.340006514238524460e+00
1.296599999999999975e+00	7.582294891801574899e+00
1.300200000000000022e+00	7.022476346660569746e+00
1.303800000000000070e+00	1.041815307204982943e+01
1.307399999999999896e+00	8.622783187656205328e+00
1.310999999999999943e+00	1.127995311544379220e+01
1.314599999999999991e+00	8.069100694135970642e+00
1.318200000000000038e+00	8.234395184234150733e+00
1.321800000000000086e+00	1.095703804123246172e+01
1.325499999999999901e+00	8.988126240650124998e+00
1.329099999999999948e+00	9.406831645693225497e+00
1.332699999999999996e+00	1.049708952162793096e+01
1.336300000000000043e+00	1.024666607062560786e+01
1.339900000000000091e+00	1.187852399363031886e+01
1.343499999999999917e+00	8.220165739084233536e+00
1.347099999999999964e+00	9.528405326263561292e+00
1.350700000000000012e+00	9.203053454870008920e+00
1.354300000000000059e+00	1.032015229315593530e+01
1.357900000000000107e+00	1.107973100389069998e+01
1.361499999999999932e+00	1.110606734043856036e+01
1.365099999999999980e+00	1.167041515305787414e+01
1.368700000000000028e+00	1.057720255142677956e+01
1.372300000000000075e+00	1.022912278772180272e+01
1.375999999999999890e+00	1.248649901287445196e+01
1.379599999999999937e+00	1.025880980389980657e+01
1.383199999999999985e+00	1.140394952267679507e+01
1.386800000000000033e+00	1.029635114257502337e+01
1.390400000000000080e+00	1.211901948179678001e+01
1.393999999999999906e+00	1.075255590109711079e+01
1.397599999999999953e+00	1.118357708079293111e+01
1.401200000000000001e+00	1.000785830358999107e+01
1.404800000000000049e+00	1.032047693491868223e+01
1.408400000000000096e+00	9.095576170857276210e+00
1.411999999999999922e+00	8.481816349407433009e+00
1.415599999999999969e+00	1.078915192102418352e+01
1.419200000000000017e+00	1.105956235113590758e+01
1.422800000000000065e+00	1.000926314285715613e+01
1.426500000000000101e+00	1.131239059396411051e+01
1.430099999999999927e+00	1.024315227474672163e+01
1.433699999999999974e+00	8.917501957088202147e+00
1.437300000000000022e+00	1.238726242202966255e+01
1.440900000000000070e+00	9.439268278716314242e+00
1.444499999999999895e+00	1.039281130420203780e+01
1.448099999999999943e+00	1.161644035567444355e+01
1.451699999999999990e+00	1.278948536543286707e+01
1.455300000000000038e+00	1.022325232152260455e+01
1.458900000000000086e+00	1.097581832007228897e+01
1.462499999999999911e+00	1.221242340546370997e+01
1.466099999999999959e+00	1.149425360755297021e+01
1.469700000000000006e+00	1.196269110514343659e+01
1.473300000000000054e+00	9.681163119405304940e+00
1.477000000000000091e+00	1.224111928709776898e+01
1.480599999999999916e+00	1.250749402255165599e+01
1.484199999999999964e+00	1.233269730994714308e+01
1.487800000000000011e+00	1.330571808860573668e+01
1.491400000000000059e+00	1.233160542304421448e+01
1.495000000000000107e+00	1.558774559046656805e+01
1.498599999999999932e+00	1.134122932773987635e+01
1.502199999999999980e+00	1.346896499393428215e+01
1.505800000000000027e+00	1.120728714179702301e+01
1.509400000000000075e+00	1.150392726749121408e+01
1.512999999999999901e+00	1.246956962320165907e+01
1.516599999999999948e+00	1.318852534791253284e+01
1.520199999999999996e+00	1.439032950843410674e+01
1.523800000000000043e+00	1.200620002434171774e+01
1.527500000000000080e+00	1.165440617970209836e+01
1.531099999999999905e+00	1.339489913862999693e+01
1.534699999999999953e+00	1.428641092733164975e+01
1.538300000000000001e+00	1.292185615393301212e+01
1.541900000000000048e+00	1.478659461901546557e+01
1.545500000000000096e+00	1.076037933118341172e+01
1.549099999999999921e+00	1.447238671168087620e+01
1.552699999999999969e+00	1.306327232520512815e+01
1.556300000000000017e+00	1.262508718806842012e+01
1.559900000000000064e+00	1.411504601133868952e+01
1.563499999999999890e+00	1.489836479616537446e+01
1.567099999999999937e+00	1.350612928297925563e+01
1.570699999999999985e+00	1.454975101806525295e+01
1.574300000000000033e+00	1.270910490997666820e+01
1.578000000000000069e+00	1.433904766230504890e+01
1.581599999999999895e+00	1.444913452947722732e+01
1.585199999999999942e+00	1.492095413502244483e+01
1.588799999999999990e+00	1.672656981260193021e+01
1.592400000000000038e+00	1.439254382878817573e+01
1.596000000000000085e+00	1.563633586231253680e+01
1.599599999999999911e+00	1.357962211103491512e+01
1.603199999999999958e+00	1.347098466028702468e+01
1.606800000000000006e+00	1.529497893684783349e+01
1.610400000000000054e+00	1.735933982011891885e+01
1.614000000000000101e+00	1.576734598573305135e+01
1.617599999999999927e+00	1.710596101346709474e+01
1.621199999999999974e+00	1.797270151330057075e+01
1.624800000000000022e+00	1.699331175139802141e+01
1.628500000000000059e+00	1.871560290051338526e+01
1.632100000000000106e+00	1.742248793547511099e+01
1.635699999999999932e+00	1.824530798125401532e+01
1.639299999999999979e+00	1.879071804582243033e+01
1.642900000000000027e+00	1.885287281917727853e+01
1.646500000000000075e+00	1.708333624005787854e+01
1.650099999999999900e+00	1.802648774908315232e+01
1.653699999999999948e+00	1.673342419249958368e+01
1.657299999999999995e+00	1.728959520155520480e+01
1.660900000000000043e+00	1.528723183205925373e+01
1.664500000000000091e+00	1.583405656292107011e+01
1.668099999999999916e+00	1.710419827100268009e+01
1.671699999999999964e+00	1.787803150824705867e+01
1.675400000000000000e+00	1.682789965200807814e+01
1.679000000000000048e+00	1.766429226155031884e+01
1.682600000000000096e+00	1.734646636890770210e+01
1.686199999999999921e+00	1.868676607240604071e+01
1.689799999999999969e+00	1.849141243284292813e+01
1.693400000000000016e+00	1.700861795178726155e+01
1.697000000000000064e+00	1.768925313253960852e+01
1.700599999999999890e+00	1.789057933721633376e+01
1.704199999999999937e+00	1.839134887972556243e+01
1.707799999999999985e+00	2.118509955811070711e+01
1.711400000000000032e+00	2.109396320299957495e+01
1.715000000000000080e+00	1.807530072241623387e+01
1.718599999999999905e+00	1.879356229448591264e+01
1.722199999999999953e+00	2.029888297438278855e+01
1.725899999999999990e+00	1.875427723185454809e+01
1.729500000000000037e+00	1.906788467237691265e+01
1.733100000000000085e+00	1.931994744364811112e+01
1.736699999999999910e+00	1.896551842430656976e+01
1.740299999999999958e+00	2.208923893968120566e+01
1.743900000000000006e+00	1.962719216991360227e+01
1.747500000000000053e+00	2.196400591711788053e+01
1.751100000000000101e+00	2.164390609601052162e+01
1.754699999999999926e+00	1.886953187051178915e+01
1.758299999999999974e+00	1.911039003315138984e+01
1.761900000000000022e+00	1.844076038874728596e+01
1.765500000000000069e+00	1.808245351832153247e+01
1.769099999999999895e+00	1.742658248847483193e+01
1.772699999999999942e+00	1.759630204857214864e+01
1.776399999999999979e+00	1.622923055992013275e+01
1.780000000000000027e+00	1.851691909926003632e+01
1.783600000000000074e+00	1.939361471063529407e+01
1.787199999999999900e+00	1.983350516665786500e+01
1.790799999999999947e+00	2.054186226116332392e+01
1.794399999999999995e+00	2.077120865623205503e+01
1.798000000000000043e+00	2.248781355968727169e+01
1.801600000000000090e+00	2.215489184439284642e+01
1.805199999999999916e+00	2.282548986922984824e+01
1.808799999999999963e+00	2.349686763645620502e+01
1.812400000000000011e+00	2.527253924527847317e+01
1.816000000000000059e+00	2.563160764041332840e+01
1.819600000000000106e+00	2.468200247463701658e+01
1.823199999999999932e+00	2.444893612976618158e+01
1.826899999999999968e+00	2.525538131852653123e+01
1.830500000000000016e+00	2.210808728725362116e+01
1.834100000000000064e+00	2.274800138158009233e+01
1.837699999999999889e+00	2.243453808320532872e+01
1.841299999999999937e+00	2.363938657935785415e+01
1.844899999999999984e+00	2.312151400808974344e+01
1.848500000000000032e+00	2.191654519738466789e+01
1.852100000000000080e+00	2.155378041133771561e+01
1.855699999999999905e+00	2.158674136010248290e+01
1.859299999999999953e+00	2.088352312307581471e+01
1.862900000000000000e+00	1.949793414322897434e+01
1.866500000000000048e+00	2.038865981573078656e+01
1.870100000000000096e+00	1.948291078122747777e+01
1.873699999999999921e+00	1.811896845382288745e+01
1.877399999999999958e+00	2.082587400017706258e+01
1.881000000000000005e+00	1.974509366925612852e+01
1.884600000000000053e+00	2.108314212006289168e+01
1.888200000000000101e+00	2.048085914707799304e+01
1.891799999999999926e+00	2.077821727185506262e+01
1.895399999999999974e+00	2.076256606677208794e+01
1.899000000000000021e+00	2.024722193400977233e+01
1.902600000000000069e+00	1.963439273734951840e+01
1.906199999999999894e+00	2.044296728081431525e+01
1.909799999999999942e+00	2.096960321770983526e+01
1.913399999999999990e+00	2.172522923356748237e+01
1.917000000000000037e+00	2.067134641350351743e+01
1.920600000000000085e+00	2.053030939669541155e+01
1.924199999999999910e+00	1.873730898261585764e+01
1.927899999999999947e+00	2.097150227038344283e+01
1.931499999999999995e+00	1.743861304680494939e+01
1.935100000000000042e+00	1.807257116834676935e+01
1.938700000000000090e+00	1.673702940214442236e+01
1.942299999999999915e+00	1.852706880395157896e+01
1.945899999999999963e+00	1.864527048436993795e+01
1.949500000000000011e+00	1.858451905601679144e+01
1.953100000000000058e+00	1.883702211901032442e+01
1.956700000000000106e+00	1.962659923501854564e+01
1.960299999999999931e+00	2.144387626237203293e+01
1.963899999999999979e+00	2.175985655826380594e+01
1.967500000000000027e+00	2.218853649241236070e+01
1.971100000000000074e+00	2.435338078030233433e+01
1.974699999999999900e+00	2.375227197719868855e+01
1.978399999999999936e+00	2.279916270169776737e+01
1.981999999999999984e+00	2.479136358761460102e+01
1.985600000000000032e+00	2.716576631204601711e+01
1.989200000000000079e+00	2.615988932916330256e+01
1.992799999999999905e+00	2.504564380877764407e+01
1.996399999999999952e+00	2.616884713667296225e+01
2.000000000000000000e+00	2.893040575485468224e+01
