2.000000000000000111e-01	-2.252114781073563332e+00
2.036000000000000032e-01	-2.190417453078716825e+00
2.071999999999999953e-01	-1.375497914662201060e+00
2.107999999999999874e-01	-1.803195280541645795e+00
2.144000000000000072e-01	-1.752462119353655146e+00
2.179999999999999993e-01	-1.452126666027000024e+00
2.215999999999999914e-01	-1.610568933995836893e+00
2.253000000000000003e-01	-1.238656897792803413e+00
2.288999999999999924e-01	-1.346197778630592534e+00
2.325000000000000122e-01	-1.937127383514555046e+00
2.361000000000000043e-01	-2.160429279064510322e+00
2.396999999999999964e-01	-1.858694652979813178e+00
2.432999999999999885e-01	-2.624831039556571266e+00
2.469000000000000083e-01	-3.132878554383874636e+00
2.505000000000000004e-01	-2.415440807602214246e+00
2.540999999999999925e-01	-3.043224401126600753e+00
2.576999999999999846e-01	-2.884560143970155810e+00
2.612999999999999767e-01	-2.833268488402814089e+00
2.649000000000000243e-01	-2.487919015336548245e+00
2.685000000000000164e-01	-2.257628078204529043e+00
2.721000000000000085e-01	-1.888568948836863992e+00
2.757999999999999896e-01	-1.778357438266959800e+00
2.793999999999999817e-01	-1.300831443061189807e+00
2.829999999999999738e-01	-8.978687918041328153e-01
2.866000000000000214e-01	-1.127871371990912364e+00
2.902000000000000135e-01	-9.229507406474755093e-01
2.938000000000000056e-01	-1.640301422920442231e+00
2.973999999999999977e-01	-1.189004680558857885e+00
3.009999999999999898e-01	-1.983239063808528435e+00
3.045999999999999819e-01	-2.220250303750577636e+00
3.081999999999999740e-01	-2.090477842745763759e+00
3.118000000000000216e-01	-2.127007763655370809e+00
3.154000000000000137e-01	-2.235691260638754230e+00
3.190000000000000058e-01	-1.861792342427766034e+00
3.225999999999999979e-01	-1.950840047977189240e+00
3.262999999999999790e-01	-1.605518197100058719e+00
3.299000000000000266e-01	-1.722568196053017697e+00
3.335000000000000187e-01	-1.212287599588619091e+00
3.371000000000000107e-01	-9.742495914518469746e-01
3.407000000000000028e-01	-7.671829005186227013e-01
3.442999999999999949e-01	-5.709462351032524863e-01
3.478999999999999870e-01	5.319462536596319957e-02
3.514999999999999791e-01	-4.026813454802676273e-01
3.551000000000000267e-01	-5.448769200604286489e-01
3.587000000000000188e-01	-4.041625147756156555e-01
3.623000000000000109e-01	-5.250118391306748400e-01
3.659000000000000030e-01	-1.138507383557892938e+00
3.694999999999999951e-01	-1.552274865104431134e+00
3.730999999999999872e-01	-1.146257810565648239e+00
3.768000000000000238e-01	-1.223125758594959978e+00
3.804000000000000159e-01	-1.508495729760921833e+00
3.840000000000000080e-01	-7.881507692260912856e-01
3.876000000000000001e-01	-6.195306196114892527e-01
3.911999999999999922e-01	9.030312141033092210e-02
3.947999999999999843e-01	1.773294904047097442e-01
3.983999999999999764e-01	7.818989065604391442e-01
4.020000000000000240e-01	6.273715423187329332e-01
4.056000000000000161e-01	1.311807926557128523e+00
4.092000000000000082e-01	1.548583540312556073e+00
4.128000000000000003e-01	1.123248705887134768e+00
4.163999999999999924e-01	9.605238532430960818e-01
4.199999999999999845e-01	7.477580210571240782e-01
4.235999999999999766e-01	3.064586558895877610e-01
4.273000000000000131e-01	2.225952428406927364e-01
4.309000000000000052e-01	-1.411404143130334798e-02
4.344999999999999973e-01	-4.664145068701210373e-01
4.380999999999999894e-01	-7.992168616351247312e-01
4.416999999999999815e-01	-8.292427444941224968e-01
4.452999999999999736e-01	-4.400669615411711977e-01
4.489000000000000212e-01	-7.902032207773729278e-02
4.525000000000000133e-01	-3.480559747358411005e-02
4.561000000000000054e-01	1.794597273151797290e-01
4.596999999999999975e-01	9.629891856601664468e-01
4.632999999999999896e-01	1.062072788867722828e+00
4.668999999999999817e-01	9.198220349369412574e-01
4.704999999999999738e-01	1.560702017755192461e+00
4.741000000000000214e-01	1.656122344579372019e+00
4.778000000000000025e-01	1.276957894591949527e+00
4.813999999999999946e-01	1.156124681574656865e+00
4.849999999999999867e-01	1.083280548931130793e+00
4.885999999999999788e-01	1.040056942981959720e+00
4.922000000000000264e-01	4.946403503428143944e-01
4.958000000000000185e-01	2.672355238420350831e-01
4.994000000000000106e-01	5.966278032599885428e-01
5.030000000000000027e-01	3.969280134685002071e-01
5.066000000000000503e-01	5.179803231600398350e-01
5.101999999999999869e-01	4.977403888963684575e-01
5.138000000000000345e-01	3.927886397098770410e-01
5.173999999999999710e-01	9.324400778344139606e-01
5.210000000000000187e-01	8.659589611510720708e-01
5.245999999999999552e-01	1.475410900391445512e+00
5.282999999999999918e-01	1.456538735832531684e+00
5.319000000000000394e-01	1.762172233902224772e+00
5.354999999999999760e-01	1.721014621611921536e+00
5.391000000000000236e-01	1.872391537083540003e+00
5.426999999999999602e-01	1.813312096090071046e+00
5.463000000000000078e-01	1.195083159786765270e+00
5.499000000000000554e-01	1.115792657475862537e+00
5.534999999999999920e-01	1.134118294435696894e+00
5.571000000000000396e-01	9.357288754003714182e-01
5.606999999999999762e-01	8.817530236622845852e-01
5.643000000000000238e-01	8.030268587336452102e-01
5.678999999999999604e-01	9.541572159725650870e-01
5.715000000000000080e-01	1.119694830388210383e+00
5.752000000000000446e-01	9.105414100733194571e-01
5.787999999999999812e-01	1.331599191544729388e+00
5.824000000000000288e-01	1.257883102860983593e+00
5.859999999999999654e-01	1.654450327164842083e+00
5.896000000000000130e-01	1.936197109683866158e+00
5.931999999999999496e-01	2.093336101736674948e+00
5.967999999999999972e-01	2.356271436253315699e+00
6.004000000000000448e-01	2.298705254627328110e+00
6.039999999999999813e-01	2.193443032317992536e+00
6.076000000000000290e-01	2.428016209208431420e+00
6.111999999999999655e-01	1.698240265940390792e+00
6.148000000000000131e-01	1.549585237622848499e+00
6.183999999999999497e-01	1.634979033394700076e+00
6.219999999999999973e-01	9.722304076030043873e-01
6.257000000000000339e-01	1.466848902614155126e+00
6.292999999999999705e-01	9.724633687482172606e-01
6.329000000000000181e-01	1.351620868849767287e+00
6.364999999999999547e-01	1.285247519268151839e+00
6.401000000000000023e-01	1.475781816046028982e+00
6.437000000000000499e-01	2.373703365487919825e+00
6.472999999999999865e-01	2.347028245859563267e+00
6.509000000000000341e-01	2.716728173709391569e+00
6.544999999999999707e-01	3.476908979972122005e+00
6.581000000000000183e-01	3.651192887616952820e+00
6.616999999999999549e-01	3.001915888454153691e+00
6.653000000000000025e-01	3.346691859089083732e+00
6.689000000000000501e-01	3.281081395748774998e+00
6.724999999999999867e-01	2.736496464735669765e+00
6.762000000000000233e-01	2.909717555121706933e+00
6.797999999999999599e-01	2.469773093477030557e+00
6.834000000000000075e-01	1.870754932027742790e+00
6.870000000000000551e-01	2.145487298849219293e+00
6.905999999999999917e-01	1.860520042876678604e+00
6.942000000000000393e-01	1.823430981851741128e+00
6.977999999999999758e-01	2.093129223517191217e+00
7.014000000000000234e-01	2.062449923917475836e+00
7.049999999999999600e-01	2.342790956513008727e+00
7.086000000000000076e-01	2.576416469195875081e+00
7.122000000000000552e-01	2.538992982782104946e+00
7.157999999999999918e-01	3.043631060040292269e+00
7.194000000000000394e-01	3.577598597815492720e+00
7.229999999999999760e-01	3.239989251508810675e+00
7.267000000000000126e-01	3.334435012395707609e+00
7.302999999999999492e-01	3.409198923350107435e+00
7.338999999999999968e-01	3.056674069460350029e+00
7.375000000000000444e-01	2.883357623673715064e+00
7.410999999999999810e-01	2.938161118892834711e+00
7.447000000000000286e-01	2.902316415024371210e+00
7.482999999999999652e-01	2.796079937493640255e+00
7.519000000000000128e-01	3.201256183148340817e+00
7.554999999999999494e-01	2.776559470370201677e+00
7.590999999999999970e-01	3.431678324423172555e+00
7.627000000000000446e-01	3.429204629221771050e+00
7.662999999999999812e-01	4.051160026943696479e+00
7.699000000000000288e-01	4.165290695666431731e+00
7.734999999999999654e-01	4.615743799758239341e+00
7.772000000000000020e-01	5.000316030193779682e+00
7.808000000000000496e-01	5.243591817011294509e+00
7.843999999999999861e-01	5.204809272121030617e+00
7.880000000000000338e-01	5.075627953980501594e+00
7.915999999999999703e-01	4.979771806982192572e+00
7.952000000000000179e-01	4.857225760717411411e+00
7.987999999999999545e-01	4.555801083936211526e+00
8.024000000000000021e-01	4.602719993456560132e+00
8.060000000000000497e-01	4.405131255535483348e+00
8.095999999999999863e-01	4.623589761091960959e+00
8.132000000000000339e-01	4.540245079841224829e+00
8.167999999999999705e-01	4.607278635202060713e+00
8.204000000000000181e-01	5.176217486892738862e+00
8.239999999999999547e-01	5.191456722517068911e+00
8.276999999999999913e-01	5.757782731343302984e+00
8.313000000000000389e-01	6.044904418836374305e+00
8.348999999999999755e-01	5.941423927503385549e+00
8.385000000000000231e-01	5.710911223760029465e+00
8.420999999999999597e-01	5.905873357586413519e+00
8.457000000000000073e-01	5.875174260477464827e+00
8.493000000000000549e-01	5.716604663492347527e+00
8.528999999999999915e-01	5.408333200381568062e+00
8.565000000000000391e-01	5.244004136975672914e+00
8.600999999999999757e-01	5.093399782502634920e+00
8.637000000000000233e-01	4.639200242833465992e+00
8.672999999999999599e-01	3.971002835140986509e+00
8.709000000000000075e-01	3.943314312780911823e+00
8.745000000000000551e-01	3.767753520283068092e+00
8.781999999999999806e-01	3.865994027733811400e+00
8.818000000000000282e-01	3.904129175587036205e+00
8.853999999999999648e-01	4.269225742204667995e+00
8.890000000000000124e-01	4.186456165613824609e+00
8.925999999999999490e-01	4.417742038515100056e+00
8.961999999999999966e-01	4.565093682670415376e+00
8.998000000000000442e-01	5.406487267454631152e+00
9.033999999999999808e-01	5.000981900229374943e+00
9.070000000000000284e-01	5.485507598838623267e+00
9.105999999999999650e-01	5.683660101994091995e+00
9.142000000000000126e-01	5.812356788410490971e+00
9.177999999999999492e-01	5.524349751197897618e+00
9.213999999999999968e-01	5.685038839193553351e+00
9.251000000000000334e-01	5.406469307461216900e+00
9.286999999999999700e-01	5.892407258782458968e+00
9.323000000000000176e-01	5.782703099543788028e+00
9.358999999999999542e-01	5.439557231003709248e+00
9.395000000000000018e-01	5.510949436426780146e+00
9.431000000000000494e-01	5.566462234789744556e+00
9.466999999999999860e-01	5.480958173640213538e+00
9.503000000000000336e-01	5.326409500957328902e+00
9.538999999999999702e-01	5.968234258511257551e+00
9.575000000000000178e-01	5.588504898356204009e+00
9.610999999999999543e-01	6.020253357498996039e+00
9.647000000000000020e-01	6.324067094543915246e+00
9.683000000000000496e-01	6.233773975907517695e+00
9.718999999999999861e-01	6.243845714276321068e+00
9.756000000000000227e-01	6.479830365248039570e+00
9.791999999999999593e-01	6.915657077002199671e+00
9.828000000000000069e-01	6.747016470618485862e+00
9.864000000000000545e-01	6.887756899931201993e+00
9.899999999999999911e-01	7.088914145234904929e+00
9.936000000000000387e-01	6.669840087409335538e+00
9.971999999999999753e-01	6.731759417360509978e+00
1.000799999999999912e+00	6.899352936455343865e+00
1.004399999999999959e+00	6.854097805415523048e+00
1.008000000000000007e+00	7.183796352628427861e+00
1.011600000000000055e+00	7.150908932236302640e+00
1.015200000000000102e+00	7.920982501936787656e+00
1.018799999999999928e+00	7.526064063416864514e+00
1.022399999999999975e+00	7.902651346241700736e+00
1.026100000000000012e+00	7.949408644348794795e+00
1.029700000000000060e+00	7.956266068873864228e+00
1.033300000000000107e+00	8.217125564685199279e+00
1.036899999999999933e+00	8.067986978516955787e+00
1.040499999999999980e+00	7.722151707451934577e+00
1.044100000000000028e+00	7.729890680722286689e+00
1.047700000000000076e+00	7.169842002106737056e+00
1.051299999999999901e+00	7.383179215462689626e+00
1.054899999999999949e+00	6.718945481656275476e+00
1.058499999999999996e+00	6.972448391584203264e+00
1.062100000000000044e+00	7.052585320418000236e+00
1.065700000000000092e+00	7.435868808601563629e+00
1.069299999999999917e+00	7.391117665057021391e+00
1.072899999999999965e+00	7.557444754176808388e+00
1.076600000000000001e+00	7.634336942281782612e+00
1.080200000000000049e+00	7.407241679672619483e+00
1.083800000000000097e+00	8.199513408089643463e+00
1.087399999999999922e+00	8.866796271591743661e+00
1.090999999999999970e+00	9.065585408263622469e+00
1.094600000000000017e+00	9.601126493272960971e+00
1.098200000000000065e+00	1.016323878497204802e+01
1.101799999999999891e+00	1.052242662453276090e+01
1.105399999999999938e+00	1.045112545145240368e+01
1.108999999999999986e+00	1.014897107049441338e+01
1.112600000000000033e+00	9.997937956319434605e+00
1.116200000000000081e+00	9.183098816611630966e+00
1.119799999999999907e+00	9.071620571678190359e+00
1.123399999999999954e+00	8.923306526572007513e+00
1.127099999999999991e+00	8.624955830320233829e+00
1.130700000000000038e+00	8.514682264192682482e+00
1.134300000000000086e+00	8.729866609723581306e+00
1.137899999999999912e+00	8.625745192880510004e+00
1.141499999999999959e+00	9.082194396760689514e+00
1.145100000000000007e+00	9.399668791485531472e+00
1.148700000000000054e+00	1.044338961289804502e+01
1.152300000000000102e+00	1.107720670835004029e+01
1.155899999999999928e+00	1.207409231862098586e+01
1.159499999999999975e+00	1.238520437385504636e+01
1.163100000000000023e+00	1.256912373513773673e+01
1.166700000000000070e+00	1.197113226983553425e+01
1.170299999999999896e+00	1.174644512996334100e+01
1.173899999999999944e+00	1.133337164860096991e+01
1.177599999999999980e+00	1.100944562584965425e+01
1.181200000000000028e+00	1.080238462328247628e+01
1.184800000000000075e+00	1.162095199817692937e+01
1.188399999999999901e+00	1.138709107055814762e+01
1.191999999999999948e+00	1.162853369147333993e+01
1.195599999999999996e+00	1.176053839192930006e+01
1.199200000000000044e+00	1.196258717846491315e+01
1.202800000000000091e+00	1.239861498881181134e+01
1.206399999999999917e+00	1.251337281392482659e+01
1.209999999999999964e+00	1.284790034569348727e+01
1.213600000000000012e+00	1.297881244050441119e+01
1.217200000000000060e+00	1.300415152400872998e+01
1.220800000000000107e+00	1.346603648757763771e+01
1.224399999999999933e+00	1.316177730209832220e+01
1.228099999999999969e+00	1.328213625820159294e+01
1.231700000000000017e+00	1.303154659499598189e+01
1.235300000000000065e+00	1.276119531724505762e+01
1.238899999999999890e+00	1.318117112680873149e+01
1.242499999999999938e+00	1.346691572124253256e+01
1.246099999999999985e+00	1.345390282438441787e+01
1.249700000000000033e+00	1.351468890795437794e+01
1.253300000000000081e+00	1.337272307490790091e+01
1.256899999999999906e+00	1.369885028408682714e+01
1.260499999999999954e+00	1.330024486486208524e+01
1.264100000000000001e+00	1.354383627349978703e+01
1.267700000000000049e+00	1.352196510816035868e+01
1.271300000000000097e+00	1.357007608585699465e+01
1.274899999999999922e+00	1.354631012794357403e+01
1.278599999999999959e+00	1.392054336812172366e+01
1.282200000000000006e+00	1.379571516014372889e+01
1.285800000000000054e+00	1.390233931417099278e+01
1.289400000000000102e+00	1.347855280255577703e+01
1.292999999999999927e+00	1.384431153285864191e+01
1.296599999999999975e+00	1.367200581892960898e+01
1.300200000000000022e+00	1.424238585716303263e+01
1.303800000000000070e+00	1.415946882677316587e+01
1.307399999999999896e+00	1.454636912634018131e+01
1.310999999999999943e+00	1.442862066029685408e+01
1.314599999999999991e+00	1.469746098494510989e+01
1.318200000000000038e+00	1.440868109803276376e+01
1.321800000000000086e+00	1.504100090307283288e+01
1.325499999999999901e+00	1.505676745131754046e+01
1.329099999999999948e+00	1.540854786438886670e+01
1.332699999999999996e+00	1.568518234135093792e+01
1.336300000000000043e+00	1.641306469594677253e+01
1.339900000000000091e+00	1.653790799252431398e+01
1.343499999999999917e+00	1.690092928038918529e+01
1.347099999999999964e+00	1.688485323628186663e+01
1.350700000000000012e+00	1.664603362754629146e+01
1.354300000000000059e+00	1.705823995281354044e+01
1.357900000000000107e+00	1.666412351181519824e+01
1.361499999999999932e+00	1.711249017944141571e+01
1.365099999999999980e+00	1.737143411031534157e+01
1.368700000000000028e+00	1.777367058148665180e+01
1.372300000000000075e+00	1.745362926969801975e+01
1.375999999999999890e+00	1.828045259233871178e+01
1.379599999999999937e+00	1.824146142367370516e+01
1.383199999999999985e+00	1.881086983321614170e+01
1.386800000000000033e+00	1.873044144181332982e+01
1.390400000000000080e+00	1.924710917726266146e+01
1.393999999999999906e+00	1.964300334955825633e+01
1.397599999999999953e+00	2.057175196830966968e+01
1.401200000000000001e+00	2.034309093027120596e+01
1.404800000000000049e+00	2.083643922349787303e+01
1.408400000000000096e+00	2.092691937518809553e+01
1.411999999999999922e+00	2.086863491691164896e+01
1.415599999999999969e+00	2.088400540018819385e+01
1.419200000000000017e+00	2.068806725484157383e+01
1.422800000000000065e+00	2.045670355828487175e+01
1.426500000000000101e+00	2.041443028027598672e+01
1.430099999999999927e+00	2.003733082995796622e+01
1.433699999999999974e+00	1.980931278656193584e+01
1.437300000000000022e+00	1.960945269791263357e+01
1.440900000000000070e+00	2.008075571495601253e+01
1.444499999999999895e+00	2.029683751728757102e+01
1.448099999999999943e+00	2.048788407295162983e+01
1.451699999999999990e+00	2.095701931923175820e+01
1.455300000000000038e+00	2.092421405694434000e+01
1.458900000000000086e+00	2.144245119537147559e+01
1.462499999999999911e+00	2.146475627737618552e+01
1.466099999999999959e+00	2.204200941220343779e+01
1.469700000000000006e+00	2.245912613003043390e+01
1.473300000000000054e+00	2.272854196746771649e+01
1.477000000000000091e+00	2.307899723259805569e+01
1.480599999999999916e+00	2.376338477715809105e+01
1.484199999999999964e+00	2.440703488567069002e+01
1.487800000000000011e+00	2.497548394326654631e+01
1.491400000000000059e+00	2.502291338262837783e+01
1.495000000000000107e+00	2.535053622916555938e+01
1.498599999999999932e+00	2.513445166901180272e+01
1.502199999999999980e+00	2.512889527541623380e+01
1.505800000000000027e+00	2.520032435438731255e+01
1.509400000000000075e+00	2.539791156884559697e+01
1.512999999999999901e+00	2.570151974602627476e+01
1.516599999999999948e+00	2.582891265927316837e+01
1.520199999999999996e+00	2.659258418328608187e+01
1.523800000000000043e+00	2.674039808762678305e+01
1.527500000000000080e+00	2.698830435101905323e+01
1.531099999999999905e+00	2.730328490682014930e+01
1.534699999999999953e+00	2.779668880899880890e+01
1.538300000000000001e+00	2.803870527687521630e+01
1.541900000000000048e+00	2.774726342146684743e+01
1.545500000000000096e+00	2.774371047724099171e+01
1.549099999999999921e+00	2.818888276484458189e+01
1.552699999999999969e+00	2.832019910438679489e+01
1.556300000000000017e+00	2.803969018989304374e+01
1.559900000000000064e+00	2.788119471884891709e+01
1.563499999999999890e+00	2.846111501383792586e+01
1.567099999999999937e+00	2.893748329669396924e+01
1.570699999999999985e+00	2.938586259980632676e+01
1.574300000000000033e+00	3.016270430131341485e+01
1.578000000000000069e+00	3.111225524503537798e+01
1.581599999999999895e+00	3.120387695607938383e+01
1.585199999999999942e+00	3.139039572055217420e+01
1.588799999999999990e+00	3.143903299756098235e+01
1.592400000000000038e+00	3.143281125494923600e+01
1.596000000000000085e+00	3.152917252728117958e+01
1.599599999999999911e+00	3.190249511867931176e+01
1.603199999999999958e+00	3.268736778160645429e+01
1.606800000000000006e+00	3.368157788730695756e+01
1.610400000000000054e+00	3.419162564420180672e+01
1.614000000000000101e+00	3.480314151454285820e+01
1.617599999999999927e+00	3.514710658543160804e+01
1.621199999999999974e+00	3.510141887980948638e+01
1.624800000000000022e+00	3.516972380934970488e+01
1.628500000000000059e+00	3.482351561118004923e+01
1.632100000000000106e+00	3.450538089457525359e+01
1.635699999999999932e+00	3.449473627234274176e+01
1.639299999999999979e+00	3.382676357096794817e+01
1.642900000000000027e+00	3.364660779906854060e+01
1.646500000000000075e+00	3.383796226530068907e+01
1.650099999999999900e+00	3.525708337937049208e+01
1.653699999999999948e+00	3.714360164298356182e+01
1.657299999999999995e+00	4.035347982434555547e+01
1.660900000000000043e+00	4.423815463798496239e+01
1.664500000000000091e+00	4.820513475888462551e+01
1.668099999999999916e+00	5.052775559016158979e+01
1.671699999999999964e+00	5.030722562118923946e+01
1.675400000000000000e+00	4.801177340855623044e+01
1.679000000000000048e+00	4.400423813859560340e+01
1.682600000000000096e+00	4.074884966064882974e+01
1.686199999999999921e+00	3.811212159845282343e+01
1.689799999999999969e+00	3.758090288847831317e+01
1.693400000000000016e+00	3.833172124535272474e+01
1.697000000000000064e+00	4.027053004882267828e+01
1.700599999999999890e+00	4.196390491447243676e+01
1.704199999999999937e+00	4.455797843703018657e+01
1.707799999999999985e+00	4.605043478502309284e+01
1.711400000000000032e+00	4.748819591079613645e+01
1.715000000000000080e+00	4.798265906568302341e+01
1.718599999999999905e+00	4.770411128780407495e+01
1.722199999999999953e+00	4.721914389853913008e+01
1.725899999999999990e+00	4.674995990827093806e+01
1.729500000000000037e+00	4.589432177379556776e+01
1.733100000000000085e+00	4.665466728147507780e+01
1.736699999999999910e+00	4.766394952633830684e+01
1.740299999999999958e+00	4.914217140063667699e+01
1.743900000000000006e+00	4.947337340158521357e+01
1.747500000000000053e+00	5.019315617797020224e+01
1.751100000000000101e+00	5.023170276043892812e+01
1.754699999999999926e+00	4.895783450196149289e+01
1.758299999999999974e+00	4.825391602353264631e+01
1.761900000000000022e+00	4.747384596615265195e+01
1.765500000000000069e+00	4.729927564539541152e+01
1.769099999999999895e+00	4.679779285674723610e+01
1.772699999999999942e+00	4.783579066494690579e+01
1.776399999999999979e+00	5.011045895828150520e+01
1.780000000000000027e+00	5.278931150260405047e+01
1.783600000000000074e+00	5.608613656787570534e+01
1.787199999999999900e+00	5.766899799182344566e+01
1.790799999999999947e+00	5.769743343043042216e+01
1.794399999999999995e+00	5.489927768721929624e+01
1.798000000000000043e+00	5.095323631409742404e+01
1.801600000000000090e+00	4.738041808956913314e+01
1.805199999999999916e+00	4.568228743361864730e+01
1.808799999999999963e+00	4.666396060667798906e+01
1.812400000000000011e+00	4.957898745280825636e+01
1.816000000000000059e+00	5.303867807188189687e+01
1.819600000000000106e+00	5.494174900330919797e+01
1.823199999999999932e+00	5.484321893578609775e+01
1.826899999999999968e+00	5.282558127589723540e+01
1.830500000000000016e+00	5.037697583191542350e+01
1.834100000000000064e+00	4.869954286813085531e+01
1.837699999999999889e+00	4.824183504892248209e+01
1.841299999999999937e+00	4.990985077308284446e+01
1.844899999999999984e+00	5.114608411736129767e+01
1.848500000000000032e+00	5.232614380957733857e+01
1.852100000000000080e+00	5.239938577940074538e+01
1.855699999999999905e+00	5.120630003244605888e+01
1.859299999999999953e+00	4.929816065328647312e+01
1.862900000000000000e+00	4.646643365173598994e+01
1.866500000000000048e+00	4.418489346985428057e+01
1.870100000000000096e+00	4.235347684633338616e+01
1.873699999999999921e+00	4.140620111371745082e+01
1.877399999999999958e+00	4.196107104151469258e+01
1.881000000000000005e+00	4.351040193136284273e+01
1.884600000000000053e+00	4.735114823529360706e+01
1.888200000000000101e+00	5.106553501594746791e+01
1.891799999999999926e+00	5.384528531460250633e+01
1.895399999999999974e+00	5.583744343708475810e+01
1.899000000000000021e+00	5.556331812927972180e+01
1.902600000000000069e+00	5.391980854263078271e+01
1.906199999999999894e+00	5.075599154828250903e+01
1.909799999999999942e+00	4.818756769863902889e+01
1.913399999999999990e+00	4.547251894024508090e+01
1.917000000000000037e+00	4.399880165289698652e+01
1.920600000000000085e+00	4.358257885336771409e+01
1.924199999999999910e+00	4.451206574585787479e+01
1.927899999999999947e+00	4.731237121648435107e+01
1.931499999999999995e+00	5.099514515012386795e+01
1.935100000000000042e+00	5.400983578462290779e+01
1.938700000000000090e+00	5.503865762760913327e+01
1.942299999999999915e+00	5.266180228914790007e+01
1.945899999999999963e+00	4.728442745900906630e+01
1.949500000000000011e+00	4.107955071341911690e+01
1.953100000000000058e+00	3.492520813240940925e+01
1.956700000000000106e+00	3.108002274016919841e+01
1.960299999999999931e+00	2.930320902708890785e+01
1.963899999999999979e+00	3.060340316504093749e+01
1.967500000000000027e+00	3.230056107199631299e+01
1.971100000000000074e+00	3.410774071396167528e+01
1.974699999999999900e+00	3.541548472370038780e+01
1.978399999999999936e+00	3.661692180215216297e+01
1.981999999999999984e+00	3.695360652795577749e+01
1.985600000000000032e+00	3.656150902984964546e+01
1.989200000000000079e+00	3.652337364080702287e+01
1.992799999999999905e+00	3.623623809797272344e+01
1.996399999999999952e+00	3.520462540274967722e+01
2.000000000000000000e+00	3.456298302202954886e+01
