2.000000000000000111e-01	-2.772156539517092178e+00
2.036000000000000032e-01	-2.209970513580483242e+00
2.071999999999999953e-01	-1.933487878844591279e+00
2.107999999999999874e-01	-1.964356871533474935e+00
2.144000000000000072e-01	-1.380217421278449486e+00
2.179999999999999993e-01	-1.572997465336158696e+00
2.215999999999999914e-01	-1.451045265536789142e+00
2.253000000000000003e-01	-1.201014462274912153e+00
2.288999999999999924e-01	-1.237807382932808675e+00
2.325000000000000122e-01	-2.211957231785219857e+00
2.361000000000000043e-01	-2.040424733043862737e+00
2.396999999999999964e-01	-2.483112539574217514e+00
2.432999999999999885e-01	-2.426956916329881420e+00
2.469000000000000083e-01	-2.882123708863327582e+00
2.505000000000000004e-01	-2.998996887203337458e+00
2.540999999999999925e-01	-3.096234837468701429e+00
2.576999999999999846e-01	-2.549351246561196049e+00
2.612999999999999767e-01	-2.535878518976122376e+00
2.649000000000000243e-01	-1.993174645018620961e+00
2.685000000000000164e-01	-1.916992222031173032e+00
2.721000000000000085e-01	-1.538343251499832975e+00
2.757999999999999896e-01	-1.522991000942609974e+00
2.793999999999999817e-01	-1.454313697956525209e+00
2.829999999999999738e-01	-1.173683654807339050e+00
2.866000000000000214e-01	-5.660165680756564788e-01
2.902000000000000135e-01	-1.078869389560759284e+00
2.938000000000000056e-01	-1.401150305175016042e+00
2.973999999999999977e-01	-1.672860373838682024e+00
3.009999999999999898e-01	-1.868746983120293192e+00
3.045999999999999819e-01	-1.865646760523544723e+00
3.081999999999999740e-01	-2.142723088912342977e+00
3.118000000000000216e-01	-2.303806659961441294e+00
3.154000000000000137e-01	-2.367884479192965852e+00
3.190000000000000058e-01	-2.566680292253650908e+00
3.225999999999999979e-01	-2.129022625363741650e+00
3.262999999999999790e-01	-2.236883626215776300e+00
3.299000000000000266e-01	-1.420102913091558117e+00
3.335000000000000187e-01	-1.189286572496290217e+00
3.371000000000000107e-01	-1.095107127793055524e+00
3.407000000000000028e-01	-5.009242552723232045e-01
3.442999999999999949e-01	-2.935117483205981204e-01
3.478999999999999870e-01	-8.133066650963621802e-02
3.514999999999999791e-01	-2.076961940526402262e-01
3.551000000000000267e-01	-1.002585809025369756e-01
3.587000000000000188e-01	-5.920484569734120184e-01
3.623000000000000109e-01	-7.212913791830943833e-01
3.659000000000000030e-01	-1.044008308869530000e+00
3.694999999999999951e-01	-1.584787888803513622e+00
3.730999999999999872e-01	-1.033994164227554080e+00
3.768000000000000238e-01	-8.951968100062581701e-01
3.804000000000000159e-01	-6.073066189915574675e-01
3.840000000000000080e-01	-3.681925120844924404e-01
3.876000000000000001e-01	-3.044637822334747002e-01
3.911999999999999922e-01	-1.365026065409335465e-01
3.947999999999999843e-01	5.798712265933551047e-01
3.983999999999999764e-01	1.111822396481664921e+00
4.020000000000000240e-01	1.045793527715744187e+00
4.056000000000000161e-01	1.561633378625745028e+00
4.092000000000000082e-01	1.395758220298491281e+00
4.128000000000000003e-01	1.349305361389972369e+00
4.163999999999999924e-01	1.293310490042817840e+00
4.199999999999999845e-01	9.253828343360813724e-01
4.235999999999999766e-01	8.233467478182565635e-01
4.273000000000000131e-01	1.416542350814569695e-01
4.309000000000000052e-01	1.884416334143506899e-01
4.344999999999999973e-01	-1.927209622586072424e-01
4.380999999999999894e-01	-4.911152275077136364e-01
4.416999999999999815e-01	-6.331826316742619198e-01
4.452999999999999736e-01	-3.440555796233000230e-01
4.489000000000000212e-01	-1.913646968015053629e-02
4.525000000000000133e-01	1.762410177122829824e-01
4.561000000000000054e-01	3.973637952517686811e-01
4.596999999999999975e-01	8.040155150456402833e-01
4.632999999999999896e-01	9.582425710318787093e-01
4.668999999999999817e-01	1.221059009240790250e+00
4.704999999999999738e-01	1.454028464466289083e+00
4.741000000000000214e-01	1.276248639968159182e+00
4.778000000000000025e-01	1.664083505257676565e+00
4.813999999999999946e-01	1.551771369746433482e+00
4.849999999999999867e-01	1.178100639619403145e+00
4.885999999999999788e-01	7.181148328419082461e-01
4.922000000000000264e-01	1.016439974037953053e+00
4.958000000000000185e-01	4.541755121328525102e-01
4.994000000000000106e-01	2.189363164429855846e-01
5.030000000000000027e-01	2.776563665043282336e-01
5.066000000000000503e-01	4.059607342870714675e-01
5.101999999999999869e-01	3.825247118200872931e-01
5.138000000000000345e-01	1.074836776000477112e+00
5.173999999999999710e-01	8.208548280935281660e-01
5.210000000000000187e-01	1.518071275628963379e+00
5.245999999999999552e-01	1.384911809693130547e+00
5.282999999999999918e-01	1.606471716093180957e+00
5.319000000000000394e-01	1.940967132263666128e+00
5.354999999999999760e-01	1.728291269220100235e+00
5.391000000000000236e-01	1.883547121789984624e+00
5.426999999999999602e-01	1.154816975852094307e+00
5.463000000000000078e-01	1.715707544179164268e+00
5.499000000000000554e-01	1.876590463671999665e+00
5.534999999999999920e-01	1.971286752901787898e+00
5.571000000000000396e-01	1.914269137047203584e+00
5.606999999999999762e-01	1.738396115346982906e+00
5.643000000000000238e-01	1.851813880683919500e+00
5.678999999999999604e-01	1.721456781391064839e+00
5.715000000000000080e-01	1.542919396474685234e+00
5.752000000000000446e-01	1.064081989408939055e+00
5.787999999999999812e-01	1.242786167402658570e+00
5.824000000000000288e-01	1.541971791783052881e+00
5.859999999999999654e-01	1.838875991842242597e+00
5.896000000000000130e-01	1.996399979194863894e+00
5.931999999999999496e-01	2.557567376449278562e+00
5.967999999999999972e-01	2.593090447982745683e+00
6.004000000000000448e-01	2.551827219826503512e+00
6.039999999999999813e-01	2.141399862266234688e+00
6.076000000000000290e-01	1.856443750687240213e+00
6.111999999999999655e-01	1.924171479685535147e+00
6.148000000000000131e-01	1.843966082105477522e+00
6.183999999999999497e-01	1.596070276194718751e+00
6.219999999999999973e-01	1.678090239774530756e+00
6.257000000000000339e-01	1.692016347447995228e+00
6.292999999999999705e-01	1.732878338649742833e+00
6.329000000000000181e-01	1.472889370104520035e+00
6.364999999999999547e-01	2.103239969530391384e+00
6.401000000000000023e-01	1.929566293684060296e+00
6.437000000000000499e-01	2.435762492737602258e+00
6.472999999999999865e-01	3.041433506594708902e+00
6.509000000000000341e-01	3.122812058941889735e+00
6.544999999999999707e-01	3.388975770598192661e+00
6.581000000000000183e-01	3.730974551410492168e+00
6.616999999999999549e-01	3.350311515616099189e+00
6.653000000000000025e-01	3.344453485589350628e+00
6.689000000000000501e-01	3.473583041549781925e+00
6.724999999999999867e-01	2.794721363717905582e+00
6.762000000000000233e-01	2.802540592970454103e+00
6.797999999999999599e-01	2.293817620777013566e+00
6.834000000000000075e-01	2.550174658989284193e+00
6.870000000000000551e-01	2.523116691234487785e+00
6.905999999999999917e-01	2.438839310131626803e+00
6.942000000000000393e-01	1.705429675336825879e+00
6.977999999999999758e-01	2.682463855622711169e+00
7.014000000000000234e-01	2.506936859638781989e+00
7.049999999999999600e-01	2.342684030228905812e+00
7.086000000000000076e-01	2.750130548751836823e+00
7.122000000000000552e-01	2.881594079594040458e+00
7.157999999999999918e-01	3.100302215381951498e+00
7.194000000000000394e-01	3.909077574049697912e+00
7.229999999999999760e-01	3.566734503990226735e+00
7.267000000000000126e-01	3.420308050365597818e+00
7.302999999999999492e-01	3.256312566990036572e+00
7.338999999999999968e-01	3.049323169075696782e+00
7.375000000000000444e-01	3.021623470617638141e+00
7.410999999999999810e-01	3.236167153568551669e+00
7.447000000000000286e-01	3.137921513485270708e+00
7.482999999999999652e-01	3.291406433791040254e+00
7.519000000000000128e-01	3.592030442198695717e+00
7.554999999999999494e-01	3.750612946953522986e+00
7.590999999999999970e-01	4.153726449461803583e+00
7.627000000000000446e-01	4.192001217471330143e+00
7.662999999999999812e-01	4.538422544623850641e+00
7.699000000000000288e-01	4.599907190367531484e+00
7.734999999999999654e-01	4.853887592981583232e+00
7.772000000000000020e-01	5.134247143257778312e+00
7.808000000000000496e-01	5.131915933590747159e+00
7.843999999999999861e-01	4.945775306555654893e+00
7.880000000000000338e-01	5.328142892827790078e+00
7.915999999999999703e-01	4.853208225832390532e+00
7.952000000000000179e-01	5.098868779738556789e+00
7.987999999999999545e-01	4.767710424686026016e+00
8.024000000000000021e-01	4.682304141536367759e+00
8.060000000000000497e-01	4.946531624931893134e+00
8.095999999999999863e-01	4.610757581238773994e+00
8.132000000000000339e-01	4.593078430140103308e+00
8.167999999999999705e-01	5.228247155842717930e+00
8.204000000000000181e-01	5.428849457568908576e+00
8.239999999999999547e-01	5.640426668491659967e+00
8.276999999999999913e-01	5.686263526529935497e+00
8.313000000000000389e-01	5.916157230227144126e+00
8.348999999999999755e-01	6.303109561639377745e+00
8.385000000000000231e-01	6.027039425081421875e+00
8.420999999999999597e-01	6.231270045096736432e+00
8.457000000000000073e-01	6.173975745551524064e+00
8.493000000000000549e-01	5.860356646642577161e+00
8.528999999999999915e-01	5.249315026175335852e+00
8.565000000000000391e-01	5.541384439933895401e+00
8.600999999999999757e-01	5.096256113232825236e+00
8.637000000000000233e-01	4.495678090436822316e+00
8.672999999999999599e-01	4.415205628428562790e+00
8.709000000000000075e-01	4.840599204075576978e+00
8.745000000000000551e-01	4.211561902587316553e+00
8.781999999999999806e-01	3.709172848825105007e+00
8.818000000000000282e-01	4.126084877122886851e+00
8.853999999999999648e-01	4.329151266452450741e+00
8.890000000000000124e-01	4.527475468244746004e+00
8.925999999999999490e-01	4.709542301626340688e+00
8.961999999999999966e-01	5.144449946375481808e+00
8.998000000000000442e-01	5.446597099835216227e+00
9.033999999999999808e-01	5.644393834148452527e+00
9.070000000000000284e-01	5.643599221169287361e+00
9.105999999999999650e-01	5.961256239768340848e+00
9.142000000000000126e-01	6.142428228829536430e+00
9.177999999999999492e-01	5.977152971031864936e+00
9.213999999999999968e-01	5.390563734349982816e+00
9.251000000000000334e-01	5.344712836053335359e+00
9.286999999999999700e-01	5.811221982743465908e+00
9.323000000000000176e-01	6.134460805817484541e+00
9.358999999999999542e-01	5.429180826439735874e+00
9.395000000000000018e-01	5.513679209236951095e+00
9.431000000000000494e-01	5.675798458848658079e+00
9.466999999999999860e-01	5.876086759747545685e+00
9.503000000000000336e-01	5.775415703804990031e+00
9.538999999999999702e-01	5.867858622748027386e+00
9.575000000000000178e-01	6.257279562156817576e+00
9.610999999999999543e-01	6.511080669657877351e+00
9.647000000000000020e-01	6.596350714096660184e+00
9.683000000000000496e-01	6.462058213214190161e+00
9.718999999999999861e-01	6.885758982950428653e+00
9.756000000000000227e-01	6.918238374411442848e+00
9.791999999999999593e-01	7.277897417222042087e+00
9.828000000000000069e-01	7.176194630016385467e+00
9.864000000000000545e-01	7.492719540846023207e+00
9.899999999999999911e-01	6.982024401483383436e+00
9.936000000000000387e-01	7.098415923389002735e+00
9.971999999999999753e-01	7.295027473874635682e+00
1.000799999999999912e+00	7.530902874117223256e+00
1.004399999999999959e+00	7.503839287041399686e+00
1.008000000000000007e+00	8.039736592126628167e+00
1.011600000000000055e+00	7.985193629988422082e+00
1.015200000000000102e+00	7.476707246919972683e+00
1.018799999999999928e+00	8.029938419839664832e+00
1.022399999999999975e+00	7.361392274746281217e+00
1.026100000000000012e+00	7.883528848125356703e+00
1.029700000000000060e+00	7.992967920646533386e+00
1.033300000000000107e+00	7.950969686876408815e+00
1.036899999999999933e+00	8.035640817766850574e+00
1.040499999999999980e+00	8.079791308618366585e+00
1.044100000000000028e+00	8.078441686217539441e+00
1.047700000000000076e+00	8.087578805266838700e+00
1.051299999999999901e+00	7.422768870143037212e+00
1.054899999999999949e+00	7.700407706210979697e+00
1.058499999999999996e+00	7.282693430036052185e+00
1.062100000000000044e+00	7.711821635247972040e+00
1.065700000000000092e+00	7.386924323819846094e+00
1.069299999999999917e+00	7.795321321871464093e+00
1.072899999999999965e+00	7.570030349175791429e+00
1.076600000000000001e+00	7.712758074003309261e+00
1.080200000000000049e+00	7.796819923263771379e+00
1.083800000000000097e+00	8.331529616457931553e+00
1.087399999999999922e+00	9.441071613623510217e+00
1.090999999999999970e+00	1.054500140173055023e+01
1.094600000000000017e+00	1.182676752010848809e+01
1.098200000000000065e+00	1.281124458515212261e+01
1.101799999999999891e+00	1.319212881134338744e+01
1.105399999999999938e+00	1.294312771702178289e+01
1.108999999999999986e+00	1.222804609038291801e+01
1.112600000000000033e+00	1.087603008340527211e+01
1.116200000000000081e+00	1.023191624472755201e+01
1.119799999999999907e+00	9.545517414597579631e+00
1.123399999999999954e+00	9.228050874913522605e+00
1.127099999999999991e+00	8.894047844043006634e+00
1.130700000000000038e+00	8.723312870966180910e+00
1.134300000000000086e+00	8.375927016376799372e+00
1.137899999999999912e+00	8.642583418952433760e+00
1.141499999999999959e+00	8.841978082822970819e+00
1.145100000000000007e+00	1.025866157120504951e+01
1.148700000000000054e+00	1.181779239754683353e+01
1.152300000000000102e+00	1.346001502630031510e+01
1.155899999999999928e+00	1.504198440069187015e+01
1.159499999999999975e+00	1.587117360147990475e+01
1.163100000000000023e+00	1.556736126083505134e+01
1.166700000000000070e+00	1.461617792915821390e+01
1.170299999999999896e+00	1.350657455811350616e+01
1.173899999999999944e+00	1.206134823768354813e+01
1.177599999999999980e+00	1.095715343291403698e+01
1.181200000000000028e+00	1.092358004035149399e+01
1.184800000000000075e+00	1.139785930714282003e+01
1.188399999999999901e+00	1.153464984941504312e+01
1.191999999999999948e+00	1.257432219900969983e+01
1.195599999999999996e+00	1.294975511881607311e+01
1.199200000000000044e+00	1.341801407401344015e+01
1.202800000000000091e+00	1.411003095711864042e+01
1.206399999999999917e+00	1.448238929481765780e+01
1.209999999999999964e+00	1.423052976935416325e+01
1.213600000000000012e+00	1.435268325742389450e+01
1.217200000000000060e+00	1.409727981688444132e+01
1.220800000000000107e+00	1.342656029328887790e+01
1.224399999999999933e+00	1.370904255333888422e+01
1.228099999999999969e+00	1.352666353352763196e+01
1.231700000000000017e+00	1.391773955022834564e+01
1.235300000000000065e+00	1.380923992744595985e+01
1.238899999999999890e+00	1.405009486418935793e+01
1.242499999999999938e+00	1.417596416970433282e+01
1.246099999999999985e+00	1.428147609008338570e+01
1.249700000000000033e+00	1.379221097645581295e+01
1.253300000000000081e+00	1.374167184021477084e+01
1.256899999999999906e+00	1.371121927147953734e+01
1.260499999999999954e+00	1.365996663702809144e+01
1.264100000000000001e+00	1.343894558149757934e+01
1.267700000000000049e+00	1.362460108113278601e+01
1.271300000000000097e+00	1.370596038557325436e+01
1.274899999999999922e+00	1.426487928300416463e+01
1.278599999999999959e+00	1.428944069699654662e+01
1.282200000000000006e+00	1.423896991123071842e+01
1.285800000000000054e+00	1.418687954633342230e+01
1.289400000000000102e+00	1.405043601278405774e+01
1.292999999999999927e+00	1.390521036779351505e+01
1.296599999999999975e+00	1.408458671353027647e+01
1.300200000000000022e+00	1.400801343826607415e+01
1.303800000000000070e+00	1.410173812232986634e+01
1.307399999999999896e+00	1.450514262341379101e+01
1.310999999999999943e+00	1.471311630791952041e+01
1.314599999999999991e+00	1.475749941840174273e+01
1.318200000000000038e+00	1.505420928092258137e+01
1.321800000000000086e+00	1.502951238838057613e+01
1.325499999999999901e+00	1.521365990494636478e+01
1.329099999999999948e+00	1.594731230804714883e+01
1.332699999999999996e+00	1.623091609233779664e+01
1.336300000000000043e+00	1.644249128526746517e+01
1.339900000000000091e+00	1.733512764315752719e+01
1.343499999999999917e+00	1.694673157976507483e+01
1.347099999999999964e+00	1.736404818827014296e+01
1.350700000000000012e+00	1.822129553179733463e+01
1.354300000000000059e+00	1.791555532032448284e+01
1.357900000000000107e+00	1.812527257210927090e+01
1.361499999999999932e+00	1.815232939790553957e+01
1.365099999999999980e+00	1.825414159369580602e+01
1.368700000000000028e+00	1.799142743977028758e+01
1.372300000000000075e+00	1.856123813136745326e+01
1.375999999999999890e+00	1.858472212619588859e+01
1.379599999999999937e+00	1.935839000651972697e+01
1.383199999999999985e+00	1.968302654174059896e+01
1.386800000000000033e+00	2.027055499676865935e+01
1.390400000000000080e+00	2.015986167109336336e+01
1.393999999999999906e+00	2.037812751688028001e+01
1.397599999999999953e+00	2.035915983925330863e+01
1.401200000000000001e+00	2.153312356670244654e+01
1.404800000000000049e+00	2.165004855994864741e+01
1.408400000000000096e+00	2.281302323154190859e+01
1.411999999999999922e+00	2.327761100297811225e+01
1.415599999999999969e+00	2.311452075646959869e+01
1.419200000000000017e+00	2.248958296426047099e+01
1.422800000000000065e+00	2.157050197957780213e+01
1.426500000000000101e+00	2.069849750663581744e+01
1.430099999999999927e+00	2.025669854858152519e+01
1.433699999999999974e+00	1.988496525206983279e+01
1.437300000000000022e+00	2.013341987805846500e+01
1.440900000000000070e+00	2.019078549069274686e+01
1.444499999999999895e+00	2.066754589018423971e+01
1.448099999999999943e+00	2.089134772131554030e+01
1.451699999999999990e+00	2.122821164196352584e+01
1.455300000000000038e+00	2.167187810761242517e+01
1.458900000000000086e+00	2.165658203854506780e+01
1.462499999999999911e+00	2.175575805621035030e+01
1.466099999999999959e+00	2.194800335478844744e+01
1.469700000000000006e+00	2.265638027439820235e+01
1.473300000000000054e+00	2.265072261073390081e+01
1.477000000000000091e+00	2.301917338615423247e+01
1.480599999999999916e+00	2.377650679765316255e+01
1.484199999999999964e+00	2.375607960387744555e+01
1.487800000000000011e+00	2.426765193603063508e+01
1.491400000000000059e+00	2.518878793544054062e+01
1.495000000000000107e+00	2.574622898276794913e+01
1.498599999999999932e+00	2.638897665281011129e+01
1.502199999999999980e+00	2.688930330472669894e+01
1.505800000000000027e+00	2.686442829917262642e+01
1.509400000000000075e+00	2.654471896958515487e+01
1.512999999999999901e+00	2.700738847084996763e+01
1.516599999999999948e+00	2.690546621515275660e+01
1.520199999999999996e+00	2.670165156080247115e+01
1.523800000000000043e+00	2.739342269889631254e+01
1.527500000000000080e+00	2.815889576199221978e+01
1.531099999999999905e+00	2.847365182751690682e+01
1.534699999999999953e+00	2.970311269551538302e+01
1.538300000000000001e+00	2.882802915041329328e+01
1.541900000000000048e+00	2.823185860372282718e+01
1.545500000000000096e+00	2.730441849291726442e+01
1.549099999999999921e+00	2.677021121332349907e+01
1.552699999999999969e+00	2.721127532336878829e+01
1.556300000000000017e+00	2.750040296248980454e+01
1.559900000000000064e+00	2.803272383542399737e+01
1.563499999999999890e+00	2.924434117941236622e+01
1.567099999999999937e+00	3.049761647332186953e+01
1.570699999999999985e+00	3.109237954977353269e+01
1.574300000000000033e+00	3.223011306450614910e+01
1.578000000000000069e+00	3.296608905533225453e+01
1.581599999999999895e+00	3.323902530646711995e+01
1.585199999999999942e+00	3.255723192861213988e+01
1.588799999999999990e+00	3.258741922326177587e+01
1.592400000000000038e+00	3.233613734766392156e+01
1.596000000000000085e+00	3.269352376440905061e+01
1.599599999999999911e+00	3.273958776642734847e+01
1.603199999999999958e+00	3.336912421042775634e+01
1.606800000000000006e+00	3.385994750463049030e+01
1.610400000000000054e+00	3.423579363859405333e+01
1.614000000000000101e+00	3.417195704857724792e+01
1.617599999999999927e+00	3.424286616379351500e+01
1.621199999999999974e+00	3.396164214342506682e+01
1.624800000000000022e+00	3.459675809147329062e+01
1.628500000000000059e+00	3.450689842816297670e+01
1.632100000000000106e+00	3.565772169621815380e+01
1.635699999999999932e+00	3.600571998434059395e+01
1.639299999999999979e+00	3.703995480922381489e+01
1.642900000000000027e+00	3.805445442634826492e+01
1.646500000000000075e+00	3.935751626178949181e+01
1.650099999999999900e+00	4.155619195767800989e+01
1.653699999999999948e+00	4.312019928982857664e+01
1.657299999999999995e+00	4.636794987033780302e+01
1.660900000000000043e+00	4.956681846874096919e+01
1.664500000000000091e+00	5.234800957186107695e+01
1.668099999999999916e+00	5.384965510380428810e+01
1.671699999999999964e+00	5.402661437501598840e+01
1.675400000000000000e+00	5.165220988476924902e+01
1.679000000000000048e+00	4.837465851089062596e+01
1.682600000000000096e+00	4.480663910446353526e+01
1.686199999999999921e+00	4.150461903473290448e+01
1.689799999999999969e+00	3.869322821703944726e+01
1.693400000000000016e+00	3.764215401487786750e+01
1.697000000000000064e+00	3.786318356899443671e+01
1.700599999999999890e+00	4.016546650086225156e+01
1.704199999999999937e+00	4.522474343820520915e+01
1.707799999999999985e+00	5.019963579794384145e+01
1.711400000000000032e+00	5.557915212486754797e+01
1.715000000000000080e+00	5.925681462545622225e+01
1.718599999999999905e+00	6.040079400542183663e+01
1.722199999999999953e+00	5.915609478007096556e+01
1.725899999999999990e+00	5.685848288794391436e+01
1.729500000000000037e+00	5.428821268460744420e+01
1.733100000000000085e+00	5.139981414784958957e+01
1.736699999999999910e+00	4.928058337787870613e+01
1.740299999999999958e+00	4.751190575996260890e+01
1.743900000000000006e+00	4.673253173780944536e+01
1.747500000000000053e+00	4.666932837790480448e+01
1.751100000000000101e+00	4.749071529956876958e+01
1.754699999999999926e+00	4.842498587821324918e+01
1.758299999999999974e+00	5.023025080188990898e+01
1.761900000000000022e+00	5.206873790430497451e+01
1.765500000000000069e+00	5.353011536339178633e+01
1.769099999999999895e+00	5.581073404532759952e+01
1.772699999999999942e+00	5.799422737328665534e+01
1.776399999999999979e+00	5.846212617023200409e+01
1.780000000000000027e+00	5.860610118759374387e+01
1.783600000000000074e+00	5.772607335029630349e+01
1.787199999999999900e+00	5.666038293805110726e+01
1.790799999999999947e+00	5.505795689509825053e+01
1.794399999999999995e+00	5.340104360137346617e+01
1.798000000000000043e+00	5.110698024330911693e+01
1.801600000000000090e+00	4.940181894290417119e+01
1.805199999999999916e+00	4.871855058663190619e+01
1.808799999999999963e+00	4.790969185676138409e+01
1.812400000000000011e+00	4.779688579417464211e+01
1.816000000000000059e+00	4.781553898465738683e+01
1.819600000000000106e+00	4.853997649318108643e+01
1.823199999999999932e+00	4.885256356142694756e+01
1.826899999999999968e+00	4.888762329740544743e+01
1.830500000000000016e+00	4.978074856071692267e+01
1.834100000000000064e+00	4.970381596004141045e+01
1.837699999999999889e+00	5.021273319913889566e+01
1.841299999999999937e+00	5.063951592646354527e+01
1.844899999999999984e+00	5.076874777607084610e+01
1.848500000000000032e+00	5.098552221421035568e+01
1.852100000000000080e+00	5.119323779241207006e+01
1.855699999999999905e+00	5.117592203125514772e+01
1.859299999999999953e+00	5.079324799090422005e+01
1.862900000000000000e+00	5.001048534667132373e+01
1.866500000000000048e+00	4.971836411877193029e+01
1.870100000000000096e+00	4.903876056561754382e+01
1.873699999999999921e+00	4.842355119130248653e+01
1.877399999999999958e+00	4.807419900466696561e+01
1.881000000000000005e+00	4.818067451014708524e+01
1.884600000000000053e+00	4.879604551634565723e+01
1.888200000000000101e+00	4.949435529013652513e+01
1.891799999999999926e+00	4.965516239212598038e+01
1.895399999999999974e+00	4.914979344876616096e+01
1.899000000000000021e+00	4.813170653357658324e+01
1.902600000000000069e+00	4.683356657636070963e+01
1.906199999999999894e+00	4.635528121142406377e+01
1.909799999999999942e+00	4.711392684701093003e+01
1.913399999999999990e+00	4.969770245257925012e+01
1.917000000000000037e+00	5.394896317914688666e+01
1.920600000000000085e+00	5.801851540970346832e+01
1.924199999999999910e+00	6.056822621812047203e+01
1.927899999999999947e+00	6.189558894441422865e+01
1.931499999999999995e+00	6.145538687925997579e+01
1.935100000000000042e+00	5.967497596892227563e+01
1.938700000000000090e+00	5.583932320857714870e+01
1.942299999999999915e+00	5.213157965430444563e+01
1.945899999999999963e+00	4.860166775921082660e+01
1.949500000000000011e+00	4.477456601539216052e+01
1.953100000000000058e+00	4.120718565374462372e+01
1.956700000000000106e+00	3.815333945785408787e+01
1.960299999999999931e+00	3.575883609922098572e+01
1.963899999999999979e+00	3.409122221377950268e+01
1.967500000000000027e+00	3.251305111684359872e+01
1.971100000000000074e+00	3.168553161305820609e+01
1.974699999999999900e+00	3.135720410669316038e+01
1.978399999999999936e+00	3.095865194025846989e+01
1.981999999999999984e+00	3.091380686678170164e+01
1.985600000000000032e+00	3.137826611430092072e+01
1.989200000000000079e+00	3.129917250959171682e+01
1.992799999999999905e+00	3.113137375729952439e+01
1.996399999999999952e+00	3.047692831385440115e+01
2.000000000000000000e+00	2.953540120530783142e+01
