2.000000000000000111e-01	-7.463501383713767867e-02
2.036000000000000032e-01	1.963454454762458279e-01
2.071999999999999953e-01	1.065081922456409869e+00
2.107999999999999874e-01	6.106925056868713897e-01
2.144000000000000072e-01	2.473377201958347982e+00
2.179999999999999993e-01	1.895592344509932081e+00
2.215999999999999914e-01	2.764530064512642049e+00
2.253000000000000003e-01	3.612885638454166326e+00
2.288999999999999924e-01	3.824040794772511020e+00
2.325000000000000122e-01	3.852836221643313408e+00
2.361000000000000043e-01	3.227250942048905280e+00
2.396999999999999964e-01	2.686106547207858686e+00
2.432999999999999885e-01	3.211232205630979664e+00
2.469000000000000083e-01	2.260356917390751175e+00
2.505000000000000004e-01	1.788082591625363094e+00
2.540999999999999925e-01	2.817509926140528975e+00
2.576999999999999846e-01	1.453588511222300372e+00
2.612999999999999767e-01	5.869944761538752331e-01
2.649000000000000243e-01	2.046115166719193912e+00
2.685000000000000164e-01	2.280553727523547680e-01
2.721000000000000085e-01	1.597163563394711883e+00
2.757999999999999896e-01	1.695414045227788602e+00
2.793999999999999817e-01	2.615918728621675626e+00
2.829999999999999738e-01	2.531201902778204449e+00
2.866000000000000214e-01	3.858797239741713625e+00
2.902000000000000135e-01	3.722988636440679677e+00
2.938000000000000056e-01	3.538100474302732223e+00
2.973999999999999977e-01	4.211802083107629713e+00
3.009999999999999898e-01	3.246142821225492803e+00
3.045999999999999819e-01	4.171515053595054923e+00
3.081999999999999740e-01	4.579647130838631064e+00
3.118000000000000216e-01	3.272299725831161243e+00
3.154000000000000137e-01	2.467681537659514923e+00
3.190000000000000058e-01	2.221173438291616620e+00
3.225999999999999979e-01	2.172628451093786772e+00
3.262999999999999790e-01	1.560008741703209356e+00
3.299000000000000266e-01	1.234559976337240794e+00
3.335000000000000187e-01	1.377847493257141398e+00
3.371000000000000107e-01	1.848303966779099916e+00
3.407000000000000028e-01	1.644443647325768643e+00
3.442999999999999949e-01	1.313287561845440266e+00
3.478999999999999870e-01	2.675630573085302277e+00
3.514999999999999791e-01	2.924538757490529495e+00
3.551000000000000267e-01	3.473558153185878350e+00
3.587000000000000188e-01	4.207359303771267989e+00
3.623000000000000109e-01	3.314747165398132189e+00
3.659000000000000030e-01	3.675715074380567327e+00
3.694999999999999951e-01	4.061807991554908348e+00
3.730999999999999872e-01	3.722639425270668490e+00
3.768000000000000238e-01	3.352371752091622525e+00
3.804000000000000159e-01	1.993961038494672433e+00
3.840000000000000080e-01	1.663972694924240381e+00
3.876000000000000001e-01	1.363856782884514507e+00
3.911999999999999922e-01	1.939510515825943804e+00
3.947999999999999843e-01	1.027939921402531098e+00
3.983999999999999764e-01	1.311810801399793780e+00
4.020000000000000240e-01	7.842573870389903945e-01
4.056000000000000161e-01	2.318931061738398469e+00
4.092000000000000082e-01	1.996874025629606031e+00
4.128000000000000003e-01	3.567270265520015027e+00
4.163999999999999924e-01	3.259302746944879203e+00
4.199999999999999845e-01	3.418918021517462602e+00
4.235999999999999766e-01	4.296234021397991931e+00
4.273000000000000131e-01	3.576268003363897829e+00
4.309000000000000052e-01	4.266208679952683269e+00
4.344999999999999973e-01	3.117943671390993821e+00
4.380999999999999894e-01	3.988189798136362541e+00
4.416999999999999815e-01	2.520774032751641247e+00
4.452999999999999736e-01	2.251620850723567990e+00
4.489000000000000212e-01	1.408507971194196573e+00
4.525000000000000133e-01	1.453917087314573475e+00
4.561000000000000054e-01	3.980891869064084321e-01
4.596999999999999975e-01	2.078244939015107540e-01
4.632999999999999896e-01	1.778645629162268205e-01
4.668999999999999817e-01	8.570372393975257408e-01
4.704999999999999738e-01	1.223438290026535480e+00
4.741000000000000214e-01	6.504299115412285337e-01
4.778000000000000025e-01	1.046397385694705973e+00
4.813999999999999946e-01	2.212962572316001797e+00
4.849999999999999867e-01	1.167899128661920471e+00
4.885999999999999788e-01	2.682042695481491545e+00
4.922000000000000264e-01	1.523858153711835195e+00
4.958000000000000185e-01	2.501984211141431658e+00
4.994000000000000106e-01	2.853464935917036094e+00
5.030000000000000027e-01	1.265833536728264042e+00
5.066000000000000503e-01	1.017033797904072223e+00
5.101999999999999869e-01	6.100136644611073855e-01
5.138000000000000345e-01	-3.243466727431811858e-01
5.173999999999999710e-01	-1.669546622893732790e-01
5.210000000000000187e-01	-3.929416998008881112e-01
5.245999999999999552e-01	-1.528805341873482604e+00
5.282999999999999918e-01	-1.044710734060163571e+00
5.319000000000000394e-01	-1.762402284622482718e+00
5.354999999999999760e-01	-7.609535426059312879e-01
5.391000000000000236e-01	-6.335758765653323188e-01
5.426999999999999602e-01	-1.982224119813364993e-01
5.463000000000000078e-01	1.056715197790470295e+00
5.499000000000000554e-01	1.776026585167453486e+00
5.534999999999999920e-01	2.128749924278865890e+00
5.571000000000000396e-01	3.421803894692824421e+00
5.606999999999999762e-01	2.767327965413063140e+00
5.643000000000000238e-01	2.465436800472147638e+00
5.678999999999999604e-01	1.828416788314865649e+00
5.715000000000000080e-01	1.990740984804288738e+00
5.752000000000000446e-01	6.961007910339714888e-01
5.787999999999999812e-01	9.191156783252633078e-01
5.824000000000000288e-01	4.784987840303464579e-01
5.859999999999999654e-01	5.777003722716042011e-01
5.896000000000000130e-01	2.534852521080911414e-01
5.931999999999999496e-01	6.222049708955652569e-01
5.967999999999999972e-01	7.455283770787455300e-01
6.004000000000000448e-01	2.058046322046176879e+00
6.039999999999999813e-01	1.769964193811103481e+00
6.076000000000000290e-01	3.211604233855261725e+00
6.111999999999999655e-01	3.351098016066377916e+00
6.148000000000000131e-01	4.027006193481945218e+00
6.183999999999999497e-01	3.339661965306013336e+00
6.219999999999999973e-01	3.937667411486271085e+00
6.257000000000000339e-01	4.346201993724200463e+00
6.292999999999999705e-01	4.480748187941155258e+00
6.329000000000000181e-01	3.440615566880680376e+00
6.364999999999999547e-01	4.525001361233647046e+00
6.401000000000000023e-01	2.977765673087577003e+00
6.437000000000000499e-01	2.686053109407967376e+00
6.472999999999999865e-01	2.126781377004689499e+00
6.509000000000000341e-01	2.371395066264463392e+00
6.544999999999999707e-01	2.943044800330608890e+00
6.581000000000000183e-01	2.437026483539233457e+00
6.616999999999999549e-01	3.563128683419575005e+00
6.653000000000000025e-01	3.553382384157257601e+00
6.689000000000000501e-01	4.212873375320977054e+00
6.724999999999999867e-01	5.421919804538790189e+00
6.762000000000000233e-01	5.363774885437450735e+00
6.797999999999999599e-01	5.278968708117237618e+00
6.834000000000000075e-01	5.502098220639444648e+00
6.870000000000000551e-01	6.545503623995299058e+00
6.905999999999999917e-01	6.959152549403206933e+00
6.942000000000000393e-01	5.989284297128356194e+00
6.977999999999999758e-01	5.603497649555165161e+00
7.014000000000000234e-01	5.514209525436795545e+00
7.049999999999999600e-01	5.603156176352930729e+00
7.086000000000000076e-01	5.064298105259925187e+00
7.122000000000000552e-01	5.375584948277470687e+00
7.157999999999999918e-01	4.281756014334404448e+00
7.194000000000000394e-01	5.267461032961418432e+00
7.229999999999999760e-01	4.784377521853814486e+00
7.267000000000000126e-01	5.348893523337954647e+00
7.302999999999999492e-01	5.198689284320796133e+00
7.338999999999999968e-01	6.489374237759536257e+00
7.375000000000000444e-01	5.966316013898055992e+00
7.410999999999999810e-01	5.159693948688276244e+00
7.447000000000000286e-01	6.263283313481437631e+00
7.482999999999999652e-01	6.877540568567858337e+00
7.519000000000000128e-01	7.446759074022764935e+00
7.554999999999999494e-01	8.530479159437653891e+00
7.590999999999999970e-01	7.543525602077332692e+00
7.627000000000000446e-01	7.263911314123078888e+00
7.662999999999999812e-01	6.792709911783911814e+00
7.699000000000000288e-01	6.377522342200389716e+00
7.734999999999999654e-01	6.807520061662891031e+00
7.772000000000000020e-01	6.396761603972165311e+00
7.808000000000000496e-01	6.601246770908029582e+00
7.843999999999999861e-01	6.119285799376597446e+00
7.880000000000000338e-01	5.822767543484824948e+00
7.915999999999999703e-01	6.610060970871408870e+00
7.952000000000000179e-01	6.200775584671124108e+00
7.987999999999999545e-01	6.516389396578464499e+00
8.024000000000000021e-01	7.172208005475253501e+00
8.060000000000000497e-01	6.150832634963338208e+00
8.095999999999999863e-01	6.090844856167434429e+00
8.132000000000000339e-01	7.936469848532466287e+00
8.167999999999999705e-01	7.908759058258038266e+00
8.204000000000000181e-01	7.554144645266935854e+00
8.239999999999999547e-01	6.702266773293366064e+00
8.276999999999999913e-01	6.748471720186593359e+00
8.313000000000000389e-01	6.848644305614854488e+00
8.348999999999999755e-01	6.829439654165710749e+00
8.385000000000000231e-01	6.764040096018176129e+00
8.420999999999999597e-01	5.736658888047904803e+00
8.457000000000000073e-01	6.368671000947514926e+00
8.493000000000000549e-01	6.217614576925927672e+00
8.528999999999999915e-01	6.107913586359083880e+00
8.565000000000000391e-01	5.354549277823012154e+00
8.600999999999999757e-01	5.873845901427309890e+00
8.637000000000000233e-01	6.129447582724870891e+00
8.672999999999999599e-01	6.288409552923956980e+00
8.709000000000000075e-01	7.477785876215598648e+00
8.745000000000000551e-01	7.493694462421993663e+00
8.781999999999999806e-01	6.668865562791951085e+00
8.818000000000000282e-01	6.538252284324739705e+00
8.853999999999999648e-01	6.694873172052188792e+00
8.890000000000000124e-01	7.006274353529879484e+00
8.925999999999999490e-01	6.476842365966983373e+00
8.961999999999999966e-01	6.438577620044437566e+00
8.998000000000000442e-01	6.856032396421992914e+00
9.033999999999999808e-01	6.193418793241464826e+00
9.070000000000000284e-01	6.701237205502083683e+00
9.105999999999999650e-01	7.050340382550519536e+00
9.142000000000000126e-01	6.251360530751674638e+00
9.177999999999999492e-01	7.155259653794361796e+00
9.213999999999999968e-01	5.650063937715854578e+00
9.251000000000000334e-01	6.363117398365608857e+00
9.286999999999999700e-01	6.159824010539756145e+00
9.323000000000000176e-01	6.093235357811863651e+00
9.358999999999999542e-01	6.945981553696290334e+00
9.395000000000000018e-01	5.892669757729274593e+00
9.431000000000000494e-01	7.677191609656045301e+00
9.466999999999999860e-01	7.574277500519142947e+00
9.503000000000000336e-01	7.167083848053249717e+00
9.538999999999999702e-01	7.511885524549754223e+00
9.575000000000000178e-01	7.801272358244222715e+00
9.610999999999999543e-01	8.086120730855864025e+00
9.647000000000000020e-01	6.741775939254875283e+00
9.683000000000000496e-01	7.003334057542677016e+00
9.718999999999999861e-01	7.452713858989647555e+00
9.756000000000000227e-01	6.750636604056822421e+00
9.791999999999999593e-01	6.744110543346470976e+00
9.828000000000000069e-01	7.225666582309978381e+00
9.864000000000000545e-01	6.955280963160192620e+00
9.899999999999999911e-01	7.068514276799440665e+00
9.936000000000000387e-01	6.803471359985250544e+00
9.971999999999999753e-01	7.310445427103554827e+00
1.000799999999999912e+00	7.659311429826825446e+00
1.004399999999999959e+00	6.658599612839254611e+00
1.008000000000000007e+00	7.197928949492956363e+00
1.011600000000000055e+00	6.630473324490222531e+00
1.015200000000000102e+00	7.721500522863792071e+00
1.018799999999999928e+00	7.311042637535807742e+00
1.022399999999999975e+00	8.279670376720639879e+00
1.026100000000000012e+00	7.935057743142622577e+00
1.029700000000000060e+00	7.137436130884087682e+00
1.033300000000000107e+00	8.542158539725953403e+00
1.036899999999999933e+00	7.629229169196492855e+00
1.040499999999999980e+00	8.706496892906866236e+00
1.044100000000000028e+00	7.814097345983198828e+00
1.047700000000000076e+00	7.279412706413907586e+00
1.051299999999999901e+00	8.302670523651654477e+00
1.054899999999999949e+00	8.222740735473792029e+00
1.058499999999999996e+00	8.242485295754161001e+00
1.062100000000000044e+00	7.680721198019234919e+00
1.065700000000000092e+00	7.714582852939257940e+00
1.069299999999999917e+00	8.419404899218156046e+00
1.072899999999999965e+00	8.086890030766427984e+00
1.076600000000000001e+00	8.119719260607343614e+00
1.080200000000000049e+00	8.987090403626993407e+00
1.083800000000000097e+00	8.651700714876957576e+00
1.087399999999999922e+00	8.818896533534291038e+00
1.090999999999999970e+00	9.704659868656424493e+00
1.094600000000000017e+00	9.319681576515025156e+00
1.098200000000000065e+00	9.525460695274210465e+00
1.101799999999999891e+00	9.391315294389638524e+00
1.105399999999999938e+00	1.055608775979688829e+01
1.108999999999999986e+00	1.010992727080840581e+01
1.112600000000000033e+00	9.643632139675450077e+00
1.116200000000000081e+00	8.577857103659656701e+00
1.119799999999999907e+00	8.326516811864951961e+00
1.123399999999999954e+00	8.360984197656655681e+00
1.127099999999999991e+00	8.278659544743604215e+00
1.130700000000000038e+00	7.505110634036087802e+00
1.134300000000000086e+00	8.599417994646266550e+00
1.137899999999999912e+00	8.536983657502268841e+00
1.141499999999999959e+00	9.045194400521978650e+00
1.145100000000000007e+00	9.797462096171148715e+00
1.148700000000000054e+00	1.015884557333329496e+01
1.152300000000000102e+00	1.063062007199715531e+01
1.155899999999999928e+00	1.022822165401426986e+01
1.159499999999999975e+00	1.129143186925068143e+01
1.163100000000000023e+00	1.073539812899833201e+01
1.166700000000000070e+00	1.014042077177122181e+01
1.170299999999999896e+00	9.088628441460445018e+00
1.173899999999999944e+00	1.035034178110648995e+01
1.177599999999999980e+00	8.782272022164015368e+00
1.181200000000000028e+00	9.924924474208818737e+00
1.184800000000000075e+00	8.919477608134442903e+00
1.188399999999999901e+00	8.866457166053878680e+00
1.191999999999999948e+00	9.133074809850805664e+00
1.195599999999999996e+00	9.595075472996892785e+00
1.199200000000000044e+00	9.948056308979326801e+00
1.202800000000000091e+00	1.076257240072842869e+01
1.206399999999999917e+00	1.122617950115185792e+01
1.209999999999999964e+00	1.018665501009177099e+01
1.213600000000000012e+00	1.191627758681795868e+01
1.217200000000000060e+00	1.095562625123007194e+01
1.220800000000000107e+00	1.137058970048256690e+01
1.224399999999999933e+00	1.256416332040948092e+01
1.228099999999999969e+00	1.240366876400783269e+01
1.231700000000000017e+00	1.143606498131506477e+01
1.235300000000000065e+00	1.169897152638883142e+01
1.238899999999999890e+00	1.195921392215687717e+01
1.242499999999999938e+00	1.143075318583589173e+01
1.246099999999999985e+00	1.150509366125827171e+01
1.249700000000000033e+00	1.165455079076451206e+01
1.253300000000000081e+00	1.151753580666588306e+01
1.256899999999999906e+00	1.158091631209843086e+01
1.260499999999999954e+00	1.220403216169228600e+01
1.264100000000000001e+00	1.333337688321422831e+01
1.267700000000000049e+00	1.343234803816442557e+01
1.271300000000000097e+00	1.377002919571932082e+01
1.274899999999999922e+00	1.308050651908355633e+01
1.278599999999999959e+00	1.465884314115508325e+01
1.282200000000000006e+00	1.388883701112412794e+01
1.285800000000000054e+00	1.307466588462695967e+01
1.289400000000000102e+00	1.366843943279058138e+01
1.292999999999999927e+00	1.376165889796070196e+01
1.296599999999999975e+00	1.395613397224266095e+01
1.300200000000000022e+00	1.315802294476162082e+01
1.303800000000000070e+00	1.360196111157755183e+01
1.307399999999999896e+00	1.365608671256771167e+01
1.310999999999999943e+00	1.362242074350690757e+01
1.314599999999999991e+00	1.381580800217019167e+01
1.318200000000000038e+00	1.515007499754239007e+01
1.321800000000000086e+00	1.398737452469617004e+01
1.325499999999999901e+00	1.334892031462630335e+01
1.329099999999999948e+00	1.297753155712369377e+01
1.332699999999999996e+00	1.380320868577310556e+01
1.336300000000000043e+00	1.429389970183334491e+01
1.339900000000000091e+00	1.474753653846697787e+01
1.343499999999999917e+00	1.396443771644972287e+01
1.347099999999999964e+00	1.361817350517032033e+01
1.350700000000000012e+00	1.319295239286681820e+01
1.354300000000000059e+00	1.264739499977626558e+01
1.357900000000000107e+00	1.367758951619729224e+01
1.361499999999999932e+00	1.320802834399213488e+01
1.365099999999999980e+00	1.338473622461017065e+01
1.368700000000000028e+00	1.422718642178909931e+01
1.372300000000000075e+00	1.342351320496466016e+01
1.375999999999999890e+00	1.298465401508605943e+01
1.379599999999999937e+00	1.287298865071133136e+01
1.383199999999999985e+00	1.323887875934280345e+01
1.386800000000000033e+00	1.259258054727883724e+01
1.390400000000000080e+00	1.324808728224239474e+01
1.393999999999999906e+00	1.294528986192654330e+01
1.397599999999999953e+00	1.340170621953816088e+01
1.401200000000000001e+00	1.373546737623134817e+01
1.404800000000000049e+00	1.484741453038851233e+01
1.408400000000000096e+00	1.409510494090747557e+01
1.411999999999999922e+00	1.456846608310515911e+01
1.415599999999999969e+00	1.408751653900672451e+01
1.419200000000000017e+00	1.471933472571850565e+01
1.422800000000000065e+00	1.343492885260649672e+01
1.426500000000000101e+00	1.362411582085432116e+01
1.430099999999999927e+00	1.401079047421205459e+01
1.433699999999999974e+00	1.319868390766181321e+01
1.437300000000000022e+00	1.316597218187746599e+01
1.440900000000000070e+00	1.219241863896789546e+01
1.444499999999999895e+00	1.351500694476410658e+01
1.448099999999999943e+00	1.277354705772499699e+01
1.451699999999999990e+00	1.370550740975401105e+01
1.455300000000000038e+00	1.356359232856849495e+01
1.458900000000000086e+00	1.391269344109034023e+01
1.462499999999999911e+00	1.291633400092224448e+01
1.466099999999999959e+00	1.443581533390312721e+01
1.469700000000000006e+00	1.335700116846173913e+01
1.473300000000000054e+00	1.411749633117212177e+01
1.477000000000000091e+00	1.436648337616042070e+01
1.480599999999999916e+00	1.474777402023633499e+01
1.484199999999999964e+00	1.396244604993534111e+01
1.487800000000000011e+00	1.460746665480936457e+01
1.491400000000000059e+00	1.458963913334538098e+01
1.495000000000000107e+00	1.455649833549186667e+01
1.498599999999999932e+00	1.439658641034327147e+01
1.502199999999999980e+00	1.439887416444995871e+01
1.505800000000000027e+00	1.458315355339254893e+01
1.509400000000000075e+00	1.470394675728987011e+01
1.512999999999999901e+00	1.488192943424829906e+01
1.516599999999999948e+00	1.517147055557218494e+01
1.520199999999999996e+00	1.482156483875708552e+01
1.523800000000000043e+00	1.484064417816768611e+01
1.527500000000000080e+00	1.505717914892564835e+01
1.531099999999999905e+00	1.497145314231970126e+01
1.534699999999999953e+00	1.512623997671654230e+01
1.538300000000000001e+00	1.427656435762546039e+01
1.541900000000000048e+00	1.587813371473551349e+01
1.545500000000000096e+00	1.558933860453997333e+01
1.549099999999999921e+00	1.691888103676379274e+01
1.552699999999999969e+00	1.529427159711560513e+01
1.556300000000000017e+00	1.660935968120208983e+01
1.559900000000000064e+00	1.620112831988326008e+01
1.563499999999999890e+00	1.627918527262075088e+01
1.567099999999999937e+00	1.588888482828873272e+01
1.570699999999999985e+00	1.706269462754504218e+01
1.574300000000000033e+00	1.612828148418367391e+01
1.578000000000000069e+00	1.680149200557075773e+01
1.581599999999999895e+00	1.709849899894858893e+01
1.585199999999999942e+00	1.691954438283848816e+01
1.588799999999999990e+00	1.864415924007970915e+01
1.592400000000000038e+00	1.857186938464757731e+01
1.596000000000000085e+00	1.955921343102535559e+01
1.599599999999999911e+00	1.921853159878451933e+01
1.603199999999999958e+00	1.968348234938174457e+01
1.606800000000000006e+00	2.018697656951793107e+01
1.610400000000000054e+00	2.004011582388616475e+01
1.614000000000000101e+00	1.958695654565037714e+01
1.617599999999999927e+00	2.074866623031586954e+01
1.621199999999999974e+00	2.099695571514588011e+01
1.624800000000000022e+00	2.154548148980781974e+01
1.628500000000000059e+00	2.148531531785664583e+01
1.632100000000000106e+00	2.133739408998844667e+01
1.635699999999999932e+00	2.095481304718783022e+01
1.639299999999999979e+00	2.212087812441078682e+01
1.642900000000000027e+00	2.256873462130268493e+01
1.646500000000000075e+00	2.451891091070985240e+01
1.650099999999999900e+00	2.504315627331527949e+01
1.653699999999999948e+00	2.721865507959194730e+01
1.657299999999999995e+00	2.709808012411215117e+01
1.660900000000000043e+00	2.698779911777028673e+01
1.664500000000000091e+00	2.686242409249152274e+01
1.668099999999999916e+00	2.633573854056177765e+01
1.671699999999999964e+00	2.583854331103432145e+01
1.675400000000000000e+00	2.566469810305218147e+01
1.679000000000000048e+00	2.501312663639242473e+01
1.682600000000000096e+00	2.491535376054682516e+01
1.686199999999999921e+00	2.641846810992280226e+01
1.689799999999999969e+00	2.752125202600280574e+01
1.693400000000000016e+00	2.857261642971949556e+01
1.697000000000000064e+00	3.046569255342362936e+01
1.700599999999999890e+00	3.071053110541771858e+01
1.704199999999999937e+00	3.263197590619316202e+01
1.707799999999999985e+00	3.294048222022022543e+01
1.711400000000000032e+00	3.291484317139018145e+01
1.715000000000000080e+00	3.190919797119988033e+01
1.718599999999999905e+00	3.166752001199873234e+01
1.722199999999999953e+00	3.179830693921818252e+01
1.725899999999999990e+00	3.052224304333045524e+01
1.729500000000000037e+00	3.202229745252753901e+01
1.733100000000000085e+00	3.195167011110679667e+01
1.736699999999999910e+00	3.371909316708673288e+01
1.740299999999999958e+00	3.465950750818294779e+01
1.743900000000000006e+00	3.452118375985850207e+01
1.747500000000000053e+00	3.404630670942324144e+01
1.751100000000000101e+00	3.405023824105059305e+01
1.754699999999999926e+00	3.168329425313868342e+01
1.758299999999999974e+00	3.016765311418912177e+01
1.761900000000000022e+00	2.905831157158371170e+01
1.765500000000000069e+00	2.854212741225608951e+01
1.769099999999999895e+00	2.877814791905937852e+01
1.772699999999999942e+00	2.773557029471848878e+01
1.776399999999999979e+00	2.822049356476166082e+01
1.780000000000000027e+00	2.896289403857168665e+01
1.783600000000000074e+00	3.088617063726410805e+01
1.787199999999999900e+00	3.052267783958079050e+01
1.790799999999999947e+00	3.055459027953389395e+01
1.794399999999999995e+00	3.096894359679311393e+01
1.798000000000000043e+00	3.065276606435212514e+01
1.801600000000000090e+00	2.948534275977647567e+01
1.805199999999999916e+00	2.862274684362477473e+01
1.808799999999999963e+00	2.815692902385609386e+01
1.812400000000000011e+00	2.917014783250542109e+01
1.816000000000000059e+00	2.739283247853098402e+01
1.819600000000000106e+00	2.689305302551337462e+01
1.823199999999999932e+00	2.750992813833094175e+01
1.826899999999999968e+00	2.721772642786228502e+01
1.830500000000000016e+00	2.676369397906185554e+01
1.834100000000000064e+00	2.693713010163241961e+01
1.837699999999999889e+00	2.630594180160300510e+01
1.841299999999999937e+00	2.643364077639720477e+01
1.844899999999999984e+00	2.647219183382389573e+01
1.848500000000000032e+00	2.641824584071651927e+01
1.852100000000000080e+00	2.738328129561257640e+01
1.855699999999999905e+00	2.758445426438612458e+01
1.859299999999999953e+00	2.730088782862597441e+01
1.862900000000000000e+00	2.769923298423065106e+01
1.866500000000000048e+00	2.709319013168911994e+01
1.870100000000000096e+00	2.708641732711816630e+01
1.873699999999999921e+00	2.661509932225773412e+01
1.877399999999999958e+00	2.607240871634418156e+01
1.881000000000000005e+00	2.605181071523184499e+01
1.884600000000000053e+00	2.544670247499618654e+01
1.888200000000000101e+00	2.591000729371872424e+01
1.891799999999999926e+00	2.602004995204598714e+01
1.895399999999999974e+00	2.713347265846983447e+01
1.899000000000000021e+00	2.762597930213705055e+01
1.902600000000000069e+00	2.857141688804305346e+01
1.906199999999999894e+00	2.893417853565541620e+01
1.909799999999999942e+00	2.968589231692634200e+01
1.913399999999999990e+00	2.982727830423235105e+01
1.917000000000000037e+00	3.000026691469149398e+01
1.920600000000000085e+00	3.055866866305658647e+01
1.924199999999999910e+00	3.080576868127559464e+01
1.927899999999999947e+00	3.044286428615093243e+01
1.931499999999999995e+00	2.952814005373041084e+01
1.935100000000000042e+00	2.848948378818890603e+01
1.938700000000000090e+00	2.795057624626895176e+01
1.942299999999999915e+00	2.734066739380601518e+01
1.945899999999999963e+00	2.772736811979928717e+01
1.949500000000000011e+00	2.793905499771876322e+01
1.953100000000000058e+00	2.758977165049875779e+01
1.956700000000000106e+00	2.814782413506929970e+01
1.960299999999999931e+00	2.908216447915654257e+01
1.963899999999999979e+00	2.906258758979517509e+01
1.967500000000000027e+00	3.037058900054410415e+01
1.971100000000000074e+00	3.011959415970010312e+01
1.974699999999999900e+00	3.012389898692219248e+01
1.978399999999999936e+00	2.947606054089555627e+01
1.981999999999999984e+00	2.804170771478846547e+01
1.985600000000000032e+00	2.688979731354370983e+01
1.989200000000000079e+00	2.661079550577738573e+01
1.992799999999999905e+00	2.558810128040363807e+01
1.996399999999999952e+00	2.384378583280890140e+01
2.000000000000000000e+00	2.274869455013873321e+01
