2.000000000000000111e-01	3.997312848060849966e-01
2.036000000000000032e-01	7.110999669504125542e-03
2.071999999999999953e-01	6.366545789964395130e-02
2.107999999999999874e-01	-2.388763066061796447e-01
2.144000000000000072e-01	-3.043444378222852631e-01
2.179999999999999993e-01	-8.276068764716758563e-01
2.215999999999999914e-01	-6.283404895722666250e-01
2.253000000000000003e-01	-8.282716446359228435e-01
2.288999999999999924e-01	-1.216881970088088183e+00
2.325000000000000122e-01	-1.353635354363466714e+00
2.361000000000000043e-01	-1.175646259255124448e+00
2.396999999999999964e-01	-1.082798606996356217e+00
2.432999999999999885e-01	-1.117693877288094662e+00
2.469000000000000083e-01	-1.056838782003270305e+00
2.505000000000000004e-01	-1.122456879622452774e+00
2.540999999999999925e-01	-5.566009153908887397e-01
2.576999999999999846e-01	-4.012859333522583172e-01
2.612999999999999767e-01	-3.462224256802397537e-01
2.649000000000000243e-01	-4.994788453664915084e-01
2.685000000000000164e-01	-7.883299356061324037e-02
2.721000000000000085e-01	1.911531917588009111e-01
2.757999999999999896e-01	4.854734344943594793e-01
2.793999999999999817e-01	5.641062149610114318e-01
2.829999999999999738e-01	8.105836270971411572e-01
2.866000000000000214e-01	6.574615390726769037e-01
2.902000000000000135e-01	7.389977724038482298e-01
2.938000000000000056e-01	1.448278599317150306e+00
2.973999999999999977e-01	1.621414857374791296e+00
3.009999999999999898e-01	5.097991535113504113e-01
3.045999999999999819e-01	8.092075175159462175e-01
3.081999999999999740e-01	7.809162815977470640e-01
3.118000000000000216e-01	8.940313027891124698e-01
3.154000000000000137e-01	6.887161741955938332e-01
3.190000000000000058e-01	5.381018412266889150e-01
3.225999999999999979e-01	2.884699186044774044e-01
3.262999999999999790e-01	6.567064939238387300e-02
3.299000000000000266e-01	1.145930141036485272e-01
3.335000000000000187e-01	-5.445404873590548034e-01
3.371000000000000107e-01	-8.932207780815895060e-01
3.407000000000000028e-01	-1.004536449610151871e+00
3.442999999999999949e-01	-8.694266065653052378e-01
3.478999999999999870e-01	-9.799039779509801651e-01
3.514999999999999791e-01	-5.974536867084754288e-01
3.551000000000000267e-01	-8.718518954376528463e-01
3.587000000000000188e-01	-1.184129851865036276e+00
3.623000000000000109e-01	-5.213523743922899856e-01
3.659000000000000030e-01	-7.109803469723607883e-01
3.694999999999999951e-01	-9.169268988952552490e-01
3.730999999999999872e-01	-3.041214467882410455e-01
3.768000000000000238e-01	3.405597337022558957e-02
3.804000000000000159e-01	4.307751254728892087e-01
3.840000000000000080e-01	4.386408633303626181e-01
3.876000000000000001e-01	4.751063343603866285e-01
3.911999999999999922e-01	4.780032571039425360e-01
3.947999999999999843e-01	1.263068846360862585e+00
3.983999999999999764e-01	9.028292198005718472e-01
4.020000000000000240e-01	1.239787739803321243e+00
4.056000000000000161e-01	1.769110395393217017e+00
4.092000000000000082e-01	1.258131105941174388e+00
4.128000000000000003e-01	1.959174340032322936e+00
4.163999999999999924e-01	2.088750604804538114e+00
4.199999999999999845e-01	1.549122087344165122e+00
4.235999999999999766e-01	1.135198700832479535e+00
4.273000000000000131e-01	1.239758857264951608e+00
4.309000000000000052e-01	1.142142473047937923e+00
4.344999999999999973e-01	1.015702381718819325e+00
4.380999999999999894e-01	8.993473549041807180e-01
4.416999999999999815e-01	6.444066397882713959e-01
4.452999999999999736e-01	3.042020539393766598e-01
4.489000000000000212e-01	4.247693222474582808e-02
4.525000000000000133e-01	-3.969114823602691300e-01
4.561000000000000054e-01	-4.129361589799787069e-01
4.596999999999999975e-01	-3.392485152928343961e-01
4.632999999999999896e-01	-8.554081745833458372e-02
4.668999999999999817e-01	-2.364737963336318582e-01
4.704999999999999738e-01	-5.943468070614323917e-01
4.741000000000000214e-01	-1.992776522448595489e-01
4.778000000000000025e-01	-2.753489937160948919e-01
4.813999999999999946e-01	-1.432335082945287996e-01
4.849999999999999867e-01	1.269725574599819828e-01
4.885999999999999788e-01	3.370925801124534105e-01
4.922000000000000264e-01	6.594912921521973725e-01
4.958000000000000185e-01	5.635582297751819958e-01
4.994000000000000106e-01	5.146301714813241723e-01
5.030000000000000027e-01	1.013744903978224920e+00
5.066000000000000503e-01	1.419922711810135851e+00
5.101999999999999869e-01	9.626008807989259175e-01
5.138000000000000345e-01	1.232827952661172510e+00
5.173999999999999710e-01	1.153671696152852588e+00
5.210000000000000187e-01	1.683664688195708692e+00
5.245999999999999552e-01	1.569438879870059811e+00
5.282999999999999918e-01	1.719547852967513890e+00
5.319000000000000394e-01	1.519450682819737830e+00
5.354999999999999760e-01	1.252562192943521557e+00
5.391000000000000236e-01	1.607198422623799861e+00
5.426999999999999602e-01	1.633829739800838565e+00
5.463000000000000078e-01	1.477856809701288521e+00
5.499000000000000554e-01	1.384738815444908511e+00
5.534999999999999920e-01	1.303417185569843983e+00
5.571000000000000396e-01	1.533584560278575148e+00
5.606999999999999762e-01	9.478405545138324229e-01
5.643000000000000238e-01	8.532629160598668161e-01
5.678999999999999604e-01	1.125031021565869205e+00
5.715000000000000080e-01	1.162460499628279020e+00
5.752000000000000446e-01	1.048459075459631684e+00
5.787999999999999812e-01	1.062229829685137128e+00
5.824000000000000288e-01	5.038595595170534125e-01
5.859999999999999654e-01	9.972439622330426801e-01
5.896000000000000130e-01	2.667092082069036363e-01
5.931999999999999496e-01	8.891542116253993155e-01
5.967999999999999972e-01	1.076095498028048603e+00
6.004000000000000448e-01	1.021312665448762314e+00
6.039999999999999813e-01	1.101746191751021842e+00
6.076000000000000290e-01	1.097735241605578782e+00
6.111999999999999655e-01	1.400738271494042619e+00
6.148000000000000131e-01	1.696612677025936655e+00
6.183999999999999497e-01	1.511699620599865179e+00
6.219999999999999973e-01	1.855735109377476322e+00
6.257000000000000339e-01	2.161339430920069304e+00
6.292999999999999705e-01	2.198631153528918247e+00
6.329000000000000181e-01	2.490781757358208282e+00
6.364999999999999547e-01	2.409259778345771430e+00
6.401000000000000023e-01	2.732809130024760336e+00
6.437000000000000499e-01	2.938924236035806548e+00
6.472999999999999865e-01	2.710957911544605636e+00
6.509000000000000341e-01	3.060324506144066703e+00
6.544999999999999707e-01	2.746251799319919140e+00
6.581000000000000183e-01	2.774272450237324161e+00
6.616999999999999549e-01	2.846118384986327410e+00
6.653000000000000025e-01	2.587788267700972700e+00
6.689000000000000501e-01	2.600792881984267613e+00
6.724999999999999867e-01	2.735239199573188174e+00
6.762000000000000233e-01	2.436385354107845735e+00
6.797999999999999599e-01	2.505840492985195844e+00
6.834000000000000075e-01	2.369650249298800304e+00
6.870000000000000551e-01	2.293828260858131074e+00
6.905999999999999917e-01	1.799084086568113472e+00
6.942000000000000393e-01	2.195540046031913217e+00
6.977999999999999758e-01	1.572083030094726164e+00
7.014000000000000234e-01	1.655656539102742020e+00
7.049999999999999600e-01	1.664100680810572275e+00
7.086000000000000076e-01	1.147394096743310277e+00
7.122000000000000552e-01	1.638690217651035397e+00
7.157999999999999918e-01	1.588395965065446447e+00
7.194000000000000394e-01	1.514270758754294732e+00
7.229999999999999760e-01	1.690098798848883810e+00
7.267000000000000126e-01	1.582396988795303994e+00
7.302999999999999492e-01	1.697979318677620419e+00
7.338999999999999968e-01	2.018349730631399108e+00
7.375000000000000444e-01	2.431352242330086622e+00
7.410999999999999810e-01	2.609628676456502205e+00
7.447000000000000286e-01	2.408461244622734920e+00
7.482999999999999652e-01	2.648279568775388171e+00
7.519000000000000128e-01	2.903039448339401751e+00
7.554999999999999494e-01	3.100224178383536255e+00
7.590999999999999970e-01	3.227105868165352387e+00
7.627000000000000446e-01	3.605518561617503615e+00
7.662999999999999812e-01	4.320214311577291966e+00
7.699000000000000288e-01	4.037661974134486798e+00
7.734999999999999654e-01	3.657711870091024942e+00
7.772000000000000020e-01	3.722450477992286899e+00
7.808000000000000496e-01	3.957354882858678646e+00
7.843999999999999861e-01	3.575376500089103349e+00
7.880000000000000338e-01	3.662092543836140468e+00
7.915999999999999703e-01	3.405255825397802916e+00
7.952000000000000179e-01	3.513222469054865016e+00
7.987999999999999545e-01	3.376359804023383759e+00
8.024000000000000021e-01	2.844791069587934818e+00
8.060000000000000497e-01	3.282508354848681087e+00
8.095999999999999863e-01	2.720295618923134651e+00
8.132000000000000339e-01	2.643892872104538494e+00
8.167999999999999705e-01	2.425221590976736952e+00
8.204000000000000181e-01	2.591037439959575917e+00
8.239999999999999547e-01	2.444834699232788733e+00
8.276999999999999913e-01	2.769722214560579765e+00
8.313000000000000389e-01	3.347425110833228690e+00
8.348999999999999755e-01	3.429858921992486653e+00
8.385000000000000231e-01	3.468722901637549594e+00
8.420999999999999597e-01	4.083763967368198244e+00
8.457000000000000073e-01	3.724056405255076641e+00
8.493000000000000549e-01	4.252119329377160639e+00
8.528999999999999915e-01	4.805691297871086398e+00
8.565000000000000391e-01	4.959470773732030935e+00
8.600999999999999757e-01	5.035803589394133084e+00
8.637000000000000233e-01	5.171435417718605265e+00
8.672999999999999599e-01	5.420731520172086704e+00
8.709000000000000075e-01	5.705530188604289066e+00
8.745000000000000551e-01	6.260790005270775893e+00
8.781999999999999806e-01	6.074909249218914731e+00
8.818000000000000282e-01	6.262791130422503905e+00
8.853999999999999648e-01	6.755789547229744230e+00
8.890000000000000124e-01	6.266265683949423959e+00
8.925999999999999490e-01	6.531310666067438042e+00
8.961999999999999966e-01	6.148461620072811051e+00
8.998000000000000442e-01	6.382571906748871093e+00
9.033999999999999808e-01	6.062654598748161483e+00
9.070000000000000284e-01	6.237646478297467212e+00
9.105999999999999650e-01	6.172127942796185707e+00
9.142000000000000126e-01	5.490791353492803673e+00
9.177999999999999492e-01	5.358389477502222498e+00
9.213999999999999968e-01	5.459941795675385734e+00
9.251000000000000334e-01	5.220635393823421566e+00
9.286999999999999700e-01	5.122101617021335151e+00
9.323000000000000176e-01	5.134285490510338335e+00
9.358999999999999542e-01	4.853447537964583169e+00
9.395000000000000018e-01	5.252574380601541471e+00
9.431000000000000494e-01	5.015182327972657284e+00
9.466999999999999860e-01	5.413085057295970337e+00
9.503000000000000336e-01	6.163045559950597330e+00
9.538999999999999702e-01	6.303692207030588968e+00
9.575000000000000178e-01	6.520882296855484483e+00
9.610999999999999543e-01	6.568524898474833229e+00
9.647000000000000020e-01	6.794349789055766031e+00
9.683000000000000496e-01	7.049897586232635405e+00
9.718999999999999861e-01	6.806260077597465319e+00
9.756000000000000227e-01	7.346405137033517718e+00
9.791999999999999593e-01	7.453157208433514924e+00
9.828000000000000069e-01	7.190807042325732645e+00
9.864000000000000545e-01	7.524328064662358706e+00
9.899999999999999911e-01	7.577449441083052406e+00
9.936000000000000387e-01	7.715439071060499643e+00
9.971999999999999753e-01	7.615299627293871332e+00
1.000799999999999912e+00	7.714150799400300684e+00
1.004399999999999959e+00	7.412896535284921207e+00
1.008000000000000007e+00	7.242100501805279755e+00
1.011600000000000055e+00	7.106076416066302137e+00
1.015200000000000102e+00	6.687744074962249208e+00
1.018799999999999928e+00	6.328584721647278144e+00
1.022399999999999975e+00	6.665408960509582315e+00
1.026100000000000012e+00	6.237638808594978990e+00
1.029700000000000060e+00	5.996524008918029836e+00
1.033300000000000107e+00	6.385982596199250239e+00
1.036899999999999933e+00	5.870343765108704481e+00
1.040499999999999980e+00	5.919610723715306833e+00
1.044100000000000028e+00	5.489011951349104024e+00
1.047700000000000076e+00	5.542911548322170923e+00
1.051299999999999901e+00	6.001729809132329230e+00
1.054899999999999949e+00	6.198355843665293463e+00
1.058499999999999996e+00	6.248073509016463412e+00
1.062100000000000044e+00	6.497162597050878396e+00
1.065700000000000092e+00	6.502219300523863765e+00
1.069299999999999917e+00	6.776745374396503152e+00
1.072899999999999965e+00	6.980587974121943873e+00
1.076600000000000001e+00	7.226039505852087430e+00
1.080200000000000049e+00	6.992312762822552763e+00
1.083800000000000097e+00	7.487944690536092907e+00
1.087399999999999922e+00	7.792160604153489878e+00
1.090999999999999970e+00	8.153077790338263853e+00
1.094600000000000017e+00	8.096786393828777406e+00
1.098200000000000065e+00	7.272148840080148169e+00
1.101799999999999891e+00	8.143019274778758643e+00
1.105399999999999938e+00	7.797481923952603644e+00
1.108999999999999986e+00	7.924849751877827586e+00
1.112600000000000033e+00	7.840609211784572707e+00
1.116200000000000081e+00	7.546338725941685865e+00
1.119799999999999907e+00	7.740691330505791612e+00
1.123399999999999954e+00	7.640045897305716593e+00
1.127099999999999991e+00	7.235123951363077843e+00
1.130700000000000038e+00	7.420316053781061072e+00
1.134300000000000086e+00	7.384309536335066149e+00
1.137899999999999912e+00	7.132492187897533142e+00
1.141499999999999959e+00	7.531170586304248182e+00
1.145100000000000007e+00	7.265636423265950050e+00
1.148700000000000054e+00	7.234197601477115214e+00
1.152300000000000102e+00	7.054047458044290231e+00
1.155899999999999928e+00	7.228894029499955742e+00
1.159499999999999975e+00	7.466277840277724565e+00
1.163100000000000023e+00	7.250651786340867488e+00
1.166700000000000070e+00	7.059439080044860759e+00
1.170299999999999896e+00	7.518824593082558572e+00
1.173899999999999944e+00	7.529605355054805216e+00
1.177599999999999980e+00	7.659202137441014635e+00
1.181200000000000028e+00	7.955739869223172001e+00
1.184800000000000075e+00	7.492238579229204554e+00
1.188399999999999901e+00	8.085513120141158083e+00
1.191999999999999948e+00	8.446954221938145935e+00
1.195599999999999996e+00	8.395359673680946599e+00
1.199200000000000044e+00	8.789479552180770483e+00
1.202800000000000091e+00	8.810303130737043631e+00
1.206399999999999917e+00	9.025184861172791173e+00
1.209999999999999964e+00	9.171192429194052309e+00
1.213600000000000012e+00	9.147367847838470567e+00
1.217200000000000060e+00	9.605155652412742384e+00
1.220800000000000107e+00	9.618442594687067526e+00
1.224399999999999933e+00	1.011225863273522130e+01
1.228099999999999969e+00	1.000743531160334143e+01
1.231700000000000017e+00	9.573697834478338109e+00
1.235300000000000065e+00	9.876387197616452340e+00
1.238899999999999890e+00	9.726028061905996225e+00
1.242499999999999938e+00	9.891551693822520974e+00
1.246099999999999985e+00	1.000301444764294700e+01
1.249700000000000033e+00	1.006463361449303662e+01
1.253300000000000081e+00	9.772786324115287471e+00
1.256899999999999906e+00	1.005208249193245074e+01
1.260499999999999954e+00	9.450527100352161369e+00
1.264100000000000001e+00	9.496060989582725043e+00
1.267700000000000049e+00	8.800200171686231698e+00
1.271300000000000097e+00	9.388497428707818671e+00
1.274899999999999922e+00	9.173757285348091983e+00
1.278599999999999959e+00	9.112532435012766996e+00
1.282200000000000006e+00	9.649702635210539725e+00
1.285800000000000054e+00	9.746164425994630065e+00
1.289400000000000102e+00	9.174724225740799710e+00
1.292999999999999927e+00	9.668419223631639525e+00
1.296599999999999975e+00	9.857566803072085548e+00
1.300200000000000022e+00	9.861745931586515468e+00
1.303800000000000070e+00	9.679434189660826249e+00
1.307399999999999896e+00	1.001230545324154697e+01
1.310999999999999943e+00	1.031482128535480847e+01
1.314599999999999991e+00	1.032111841818480436e+01
1.318200000000000038e+00	1.086596356343823899e+01
1.321800000000000086e+00	1.097820254956993935e+01
1.325499999999999901e+00	1.132815751490237055e+01
1.329099999999999948e+00	1.131797818384636933e+01
1.332699999999999996e+00	1.100475072685588174e+01
1.336300000000000043e+00	1.133084834414438369e+01
1.339900000000000091e+00	1.164840033131312680e+01
1.343499999999999917e+00	1.192008313361045779e+01
1.347099999999999964e+00	1.229815756958284823e+01
1.350700000000000012e+00	1.261647910065040712e+01
1.354300000000000059e+00	1.258886747896989355e+01
1.357900000000000107e+00	1.222292081625799831e+01
1.361499999999999932e+00	1.262184466850221831e+01
1.365099999999999980e+00	1.247776427020810530e+01
1.368700000000000028e+00	1.157940775875266581e+01
1.372300000000000075e+00	1.200599514144583324e+01
1.375999999999999890e+00	1.190159857191068582e+01
1.379599999999999937e+00	1.198444251078035094e+01
1.383199999999999985e+00	1.185397685202284102e+01
1.386800000000000033e+00	1.171707266195189590e+01
1.390400000000000080e+00	1.183548982036652220e+01
1.393999999999999906e+00	1.149065055790089929e+01
1.397599999999999953e+00	1.158364337380354137e+01
1.401200000000000001e+00	1.176842267471350034e+01
1.404800000000000049e+00	1.118145749175877235e+01
1.408400000000000096e+00	1.128841719600557880e+01
1.411999999999999922e+00	1.110602267621581518e+01
1.415599999999999969e+00	1.163725724083579216e+01
1.419200000000000017e+00	1.125297638083100793e+01
1.422800000000000065e+00	1.179168413144145511e+01
1.426500000000000101e+00	1.161868416512958113e+01
1.430099999999999927e+00	1.215563240569282399e+01
1.433699999999999974e+00	1.182040480673843419e+01
1.437300000000000022e+00	1.216121548900265381e+01
1.440900000000000070e+00	1.247134322469816681e+01
1.444499999999999895e+00	1.204530993262742733e+01
1.448099999999999943e+00	1.244357214758636410e+01
1.451699999999999990e+00	1.270143207051620138e+01
1.455300000000000038e+00	1.267487560057653972e+01
1.458900000000000086e+00	1.293556169469792394e+01
1.462499999999999911e+00	1.292590337738984907e+01
1.466099999999999959e+00	1.262812957425141747e+01
1.469700000000000006e+00	1.298108074675838530e+01
1.473300000000000054e+00	1.283053590064844762e+01
1.477000000000000091e+00	1.324199548020177453e+01
1.480599999999999916e+00	1.336681826837912013e+01
1.484199999999999964e+00	1.335422884362629503e+01
1.487800000000000011e+00	1.381908481742810579e+01
1.491400000000000059e+00	1.399346195929084402e+01
1.495000000000000107e+00	1.362582252471115041e+01
1.498599999999999932e+00	1.409632851978076751e+01
1.502199999999999980e+00	1.385393033774606941e+01
1.505800000000000027e+00	1.359797141644423846e+01
1.509400000000000075e+00	1.360162001082744254e+01
1.512999999999999901e+00	1.417659721373118487e+01
1.516599999999999948e+00	1.402446098180334744e+01
1.520199999999999996e+00	1.362586242133643211e+01
1.523800000000000043e+00	1.396796464267894322e+01
1.527500000000000080e+00	1.385752655183057946e+01
1.531099999999999905e+00	1.392317482175102050e+01
1.534699999999999953e+00	1.397686933283699418e+01
1.538300000000000001e+00	1.476973523419141898e+01
1.541900000000000048e+00	1.423527694137151656e+01
1.545500000000000096e+00	1.449110017893015367e+01
1.549099999999999921e+00	1.482325863935263754e+01
1.552699999999999969e+00	1.508799171638216841e+01
1.556300000000000017e+00	1.472380894662111572e+01
1.559900000000000064e+00	1.483669916532724287e+01
1.563499999999999890e+00	1.486829000670650203e+01
1.567099999999999937e+00	1.455009135209017579e+01
1.570699999999999985e+00	1.503178818957815643e+01
1.574300000000000033e+00	1.486435552782939062e+01
1.578000000000000069e+00	1.494544386389043744e+01
1.581599999999999895e+00	1.495496737967079426e+01
1.585199999999999942e+00	1.541377986029441871e+01
1.588799999999999990e+00	1.541701302372349147e+01
1.592400000000000038e+00	1.574651111686802452e+01
1.596000000000000085e+00	1.578443646773728481e+01
1.599599999999999911e+00	1.606661540436624591e+01
1.603199999999999958e+00	1.663494292464993407e+01
1.606800000000000006e+00	1.705775708798049806e+01
1.610400000000000054e+00	1.718020690807119522e+01
1.614000000000000101e+00	1.750631778045875464e+01
1.617599999999999927e+00	1.804789080164830395e+01
1.621199999999999974e+00	1.854484193349985333e+01
1.624800000000000022e+00	1.858649054542673795e+01
1.628500000000000059e+00	1.885654681480621520e+01
1.632100000000000106e+00	1.933910284030405080e+01
1.635699999999999932e+00	1.952001159070476533e+01
1.639299999999999979e+00	1.955184498495060552e+01
1.642900000000000027e+00	1.953739640130344313e+01
1.646500000000000075e+00	1.903775047051846414e+01
1.650099999999999900e+00	1.898672259899132087e+01
1.653699999999999948e+00	1.916494729610870706e+01
1.657299999999999995e+00	1.921864347126467010e+01
1.660900000000000043e+00	1.909553799326048207e+01
1.664500000000000091e+00	1.946678121800867700e+01
1.668099999999999916e+00	1.995257065838274713e+01
1.671699999999999964e+00	1.985231144652220792e+01
1.675400000000000000e+00	2.000020665325435232e+01
1.679000000000000048e+00	1.991936904290374599e+01
1.682600000000000096e+00	2.016977755472829159e+01
1.686199999999999921e+00	1.941864253767979420e+01
1.689799999999999969e+00	2.007229155562388812e+01
1.693400000000000016e+00	2.084816803424866549e+01
1.697000000000000064e+00	2.053631507733582495e+01
1.700599999999999890e+00	2.134551847461519358e+01
1.704199999999999937e+00	2.170781187290339531e+01
1.707799999999999985e+00	2.192395707795123272e+01
1.711400000000000032e+00	2.233054848480587395e+01
1.715000000000000080e+00	2.220433334242873968e+01
1.718599999999999905e+00	2.203900623869528630e+01
1.722199999999999953e+00	2.185022112334871736e+01
1.725899999999999990e+00	2.192199985282947949e+01
1.729500000000000037e+00	2.182149670510316142e+01
1.733100000000000085e+00	2.169201418245307877e+01
1.736699999999999910e+00	2.199256539966872737e+01
1.740299999999999958e+00	2.221428914991575709e+01
1.743900000000000006e+00	2.188280669292396396e+01
1.747500000000000053e+00	2.207403185009977520e+01
1.751100000000000101e+00	2.202207140723430001e+01
1.754699999999999926e+00	2.172636297388753235e+01
1.758299999999999974e+00	2.163730726398390303e+01
1.761900000000000022e+00	2.116873323560809084e+01
1.765500000000000069e+00	2.019674248624614066e+01
1.769099999999999895e+00	1.995487575358437837e+01
1.772699999999999942e+00	1.985204261645229451e+01
1.776399999999999979e+00	1.967605078166976185e+01
1.780000000000000027e+00	2.001229785650516391e+01
1.783600000000000074e+00	2.081512509174864789e+01
1.787199999999999900e+00	2.166730265847499481e+01
1.790799999999999947e+00	2.188727470527162211e+01
1.794399999999999995e+00	2.224885985301464331e+01
1.798000000000000043e+00	2.288410920894102318e+01
1.801600000000000090e+00	2.338214064724905228e+01
1.805199999999999916e+00	2.328677299051472716e+01
1.808799999999999963e+00	2.441065173042927228e+01
1.812400000000000011e+00	2.449012652617983576e+01
1.816000000000000059e+00	2.496316822539058577e+01
1.819600000000000106e+00	2.496269040446465937e+01
1.823199999999999932e+00	2.438510534081439829e+01
1.826899999999999968e+00	2.361604829430426378e+01
1.830500000000000016e+00	2.305146230496484350e+01
1.834100000000000064e+00	2.304902771501357250e+01
1.837699999999999889e+00	2.302832927769726723e+01
1.841299999999999937e+00	2.276151227131148858e+01
1.844899999999999984e+00	2.314039912736294724e+01
1.848500000000000032e+00	2.315263860780964222e+01
1.852100000000000080e+00	2.316341800774442206e+01
1.855699999999999905e+00	2.211255564022209086e+01
1.859299999999999953e+00	2.131918907860939072e+01
1.862900000000000000e+00	2.031494246201691212e+01
1.866500000000000048e+00	1.985969615384354015e+01
1.870100000000000096e+00	2.042128793773905926e+01
1.873699999999999921e+00	2.074041537993702278e+01
1.877399999999999958e+00	2.143793470433965354e+01
1.881000000000000005e+00	2.207349338480524281e+01
1.884600000000000053e+00	2.218371014632768734e+01
1.888200000000000101e+00	2.149942067119896194e+01
1.891799999999999926e+00	2.201601250399476228e+01
1.895399999999999974e+00	2.145829738791007912e+01
1.899000000000000021e+00	2.210783917209895222e+01
1.902600000000000069e+00	2.298646768876720259e+01
1.906199999999999894e+00	2.281363105535180225e+01
1.909799999999999942e+00	2.298569942677635325e+01
1.913399999999999990e+00	2.280587824227549731e+01
1.917000000000000037e+00	2.219081210564501205e+01
1.920600000000000085e+00	2.096458199624989405e+01
1.924199999999999910e+00	2.025768251209968795e+01
1.927899999999999947e+00	2.004400129288123367e+01
1.931499999999999995e+00	2.012612237240975688e+01
1.935100000000000042e+00	1.981701894681429366e+01
1.938700000000000090e+00	2.041200609860751314e+01
1.942299999999999915e+00	2.055273459564041971e+01
1.945899999999999963e+00	2.076588098291745155e+01
1.949500000000000011e+00	2.152373469720609478e+01
1.953100000000000058e+00	2.150789292636644490e+01
1.956700000000000106e+00	2.265271662696890331e+01
1.960299999999999931e+00	2.380712174349928389e+01
1.963899999999999979e+00	2.529119938643588128e+01
1.967500000000000027e+00	2.591805236976663451e+01
1.971100000000000074e+00	2.656960807162446514e+01
1.974699999999999900e+00	2.651326836923663421e+01
1.978399999999999936e+00	2.578525110748734406e+01
1.981999999999999984e+00	2.519311574963899147e+01
1.985600000000000032e+00	2.481007921069513600e+01
1.989200000000000079e+00	2.498364360419082786e+01
1.992799999999999905e+00	2.479280037504154066e+01
1.996399999999999952e+00	2.632055961805987465e+01
2.000000000000000000e+00	2.852167123737245547e+01
