2.000000000000000111e-01	-1.550768291844227154e+00
2.036000000000000032e-01	-1.473642728186160156e+00
2.071999999999999953e-01	-1.685730262099280008e+00
2.107999999999999874e-01	-1.892822357269189792e+00
2.144000000000000072e-01	-1.149665388457495219e+00
2.179999999999999993e-01	-1.879885572900470869e+00
2.215999999999999914e-01	-3.383424249158054398e+00
2.253000000000000003e-01	-3.319427082688281683e+00
2.288999999999999924e-01	-2.592949167268595811e+00
2.325000000000000122e-01	-3.418735792083070990e+00
2.361000000000000043e-01	-3.513506620726708274e+00
2.396999999999999964e-01	-3.203087367427147836e+00
2.432999999999999885e-01	-3.126809705644446158e+00
2.469000000000000083e-01	-3.143091141591910720e+00
2.505000000000000004e-01	-2.007197201802443765e+00
2.540999999999999925e-01	-2.035546902671657943e+00
2.576999999999999846e-01	-1.707183040250374706e+00
2.612999999999999767e-01	-1.513276914962512043e+00
2.649000000000000243e-01	-8.494365317779368763e-01
2.685000000000000164e-01	-1.209575681269129843e+00
2.721000000000000085e-01	-6.286350479820745907e-01
2.757999999999999896e-01	-2.198884482942708996e-01
2.793999999999999817e-01	-1.156520527623218220e+00
2.829999999999999738e-01	2.265744781476255465e-01
2.866000000000000214e-01	-2.864250952020124252e-01
2.902000000000000135e-01	-3.249312369882462193e-03
2.938000000000000056e-01	7.243007632022203657e-01
2.973999999999999977e-01	1.042925277233943682e+00
3.009999999999999898e-01	9.635558953597352927e-01
3.045999999999999819e-01	4.152981845307609499e-01
3.081999999999999740e-01	-7.788412201661172318e-01
3.118000000000000216e-01	-1.701148785922439455e+00
3.154000000000000137e-01	-2.013252215685219948e+00
3.190000000000000058e-01	-1.276015427626852716e+00
3.225999999999999979e-01	-1.343002988262982589e+00
3.262999999999999790e-01	-8.660742542384107789e-01
3.299000000000000266e-01	-1.799847994711071930e+00
3.335000000000000187e-01	-1.595499672509265388e+00
3.371000000000000107e-01	-1.842369649723609282e+00
3.407000000000000028e-01	-2.677972942383141319e+00
3.442999999999999949e-01	-2.408920012037052416e+00
3.478999999999999870e-01	-1.941898199310307493e+00
3.514999999999999791e-01	-1.728930584767915946e+00
3.551000000000000267e-01	-2.691002065964095635e+00
3.587000000000000188e-01	-2.961736405432284336e+00
3.623000000000000109e-01	-2.356244387483049429e+00
3.659000000000000030e-01	-2.810075003735054811e+00
3.694999999999999951e-01	-1.565893870414095668e+00
3.730999999999999872e-01	-5.803949575046800646e-01
3.768000000000000238e-01	-8.277495276659025958e-01
3.804000000000000159e-01	-1.567954718945164583e+00
3.840000000000000080e-01	-1.038666425168233154e+00
3.876000000000000001e-01	-1.428874002973914425e-01
3.911999999999999922e-01	-6.144294351703288859e-01
3.947999999999999843e-01	3.347999131609452617e-01
3.983999999999999764e-01	7.481404115056478066e-02
4.020000000000000240e-01	8.398813135685547770e-01
4.056000000000000161e-01	-3.488575073184171926e-02
4.092000000000000082e-01	2.107857022680494463e+00
4.128000000000000003e-01	4.412493460128564249e-01
4.163999999999999924e-01	7.961198332683516732e-01
4.199999999999999845e-01	9.239958695823479173e-01
4.235999999999999766e-01	-2.450677598183948480e-01
4.273000000000000131e-01	-5.781407189141016811e-01
4.309000000000000052e-01	2.816003918430841635e-01
4.344999999999999973e-01	1.413589874816503222e+00
4.380999999999999894e-01	-2.023300228708354576e-01
4.416999999999999815e-01	4.347447828359904953e-01
4.452999999999999736e-01	2.552655849867537796e-01
4.489000000000000212e-01	-1.119572936342743574e+00
4.525000000000000133e-01	-5.250063884411051429e-01
4.561000000000000054e-01	-8.695821590555663505e-01
4.596999999999999975e-01	6.939392651954332525e-01
4.632999999999999896e-01	-5.192881001515854411e-01
4.668999999999999817e-01	-1.633776094053051242e+00
4.704999999999999738e-01	-7.179918396834683580e-01
4.741000000000000214e-01	-1.717855751595557035e+00
4.778000000000000025e-01	-6.537462252411565533e-01
4.813999999999999946e-01	-1.573152080830210187e+00
4.849999999999999867e-01	-1.452354258420784916e-01
4.885999999999999788e-01	-5.094759278800820024e-01
4.922000000000000264e-01	-1.762881737133477955e+00
4.958000000000000185e-01	-1.290391323270489332e+00
4.994000000000000106e-01	9.110615374752717432e-01
5.030000000000000027e-01	-3.421801680300171622e-01
5.066000000000000503e-01	-9.918861149445956649e-01
5.101999999999999869e-01	-4.194828188192363250e-01
5.138000000000000345e-01	9.510211578246133834e-01
5.173999999999999710e-01	1.637232673133053595e-01
5.210000000000000187e-01	1.911598930697398169e+00
5.245999999999999552e-01	7.957104246103277045e-01
5.282999999999999918e-01	9.309689404382067712e-01
5.319000000000000394e-01	6.748525677147088064e-01
5.354999999999999760e-01	1.843953505852138797e+00
5.391000000000000236e-01	8.766516490933442540e-01
5.426999999999999602e-01	7.860574458344430360e-01
5.463000000000000078e-01	1.350583617230703526e+00
5.499000000000000554e-01	-8.909871353747602640e-01
5.534999999999999920e-01	9.210002598018229847e-01
5.571000000000000396e-01	-1.676782333303012407e-01
5.606999999999999762e-01	-9.333432222313560178e-01
5.643000000000000238e-01	1.103317497838929295e-02
5.678999999999999604e-01	1.606903232409302884e+00
5.715000000000000080e-01	-1.104448741509013399e+00
5.752000000000000446e-01	4.200843529296247603e-01
5.787999999999999812e-01	-8.560008446043833041e-01
5.824000000000000288e-01	-6.195627366231306610e-01
5.859999999999999654e-01	7.239552761030281225e-01
5.896000000000000130e-01	-1.564378292278399529e+00
5.931999999999999496e-01	-6.798607889980752272e-01
5.967999999999999972e-01	7.247872845228964245e-01
6.004000000000000448e-01	-4.709367558701447187e-01
6.039999999999999813e-01	-1.995810927918806876e-01
6.076000000000000290e-01	-1.015406007864875004e+00
6.111999999999999655e-01	1.220743488350722883e+00
6.148000000000000131e-01	1.121622107875714508e-02
6.183999999999999497e-01	1.396162282211153682e+00
6.219999999999999973e-01	1.806680764266753725e+00
6.257000000000000339e-01	1.480210946510212011e+00
6.292999999999999705e-01	4.824878726264112405e-01
6.329000000000000181e-01	2.008925925314969163e+00
6.364999999999999547e-01	2.331401106363865772e+00
6.401000000000000023e-01	3.118052081857731750e+00
6.437000000000000499e-01	2.692399623894962346e+00
6.472999999999999865e-01	1.372682509098437365e+00
6.509000000000000341e-01	1.861770543103630438e+00
6.544999999999999707e-01	2.903732268373206971e+00
6.581000000000000183e-01	2.920848521963000266e+00
6.616999999999999549e-01	1.308017979234895822e+00
6.653000000000000025e-01	1.385859248124158949e+00
6.689000000000000501e-01	2.454395435217871402e+00
6.724999999999999867e-01	1.413666172952481537e+00
6.762000000000000233e-01	1.972674214350125466e+00
6.797999999999999599e-01	1.950195530687451662e+00
6.834000000000000075e-01	1.479187556070109766e+00
6.870000000000000551e-01	1.635381875897007120e+00
6.905999999999999917e-01	1.695862880431863728e-01
6.942000000000000393e-01	1.201270598147847091e+00
6.977999999999999758e-01	2.122517335874574140e+00
7.014000000000000234e-01	8.912714025087424830e-01
7.049999999999999600e-01	1.099065774009861274e+00
7.086000000000000076e-01	1.570116132420282806e+00
7.122000000000000552e-01	6.208811692320980180e-01
7.157999999999999918e-01	6.506817994010809514e-01
7.194000000000000394e-01	2.216785866108911929e+00
7.229999999999999760e-01	5.474347081302854967e-01
7.267000000000000126e-01	1.309059900159699641e+00
7.302999999999999492e-01	1.048498188547152266e+00
7.338999999999999968e-01	1.982396438332040933e+00
7.375000000000000444e-01	1.927407137171647245e+00
7.410999999999999810e-01	2.643771826614544018e+00
7.447000000000000286e-01	2.161147778160007693e+00
7.482999999999999652e-01	2.137580110925146215e+00
7.519000000000000128e-01	2.038794776599953451e+00
7.554999999999999494e-01	1.981395323677880294e+00
7.590999999999999970e-01	2.830212696494833313e+00
7.627000000000000446e-01	1.908180880945926639e+00
7.662999999999999812e-01	3.095451697448219353e+00
7.699000000000000288e-01	4.283902615931502567e+00
7.734999999999999654e-01	2.614685893007228756e+00
7.772000000000000020e-01	3.212767501464584896e+00
7.808000000000000496e-01	3.385998485911895450e+00
7.843999999999999861e-01	3.500602483076783233e+00
7.880000000000000338e-01	2.697796552029768868e+00
7.915999999999999703e-01	2.622270714294615779e+00
7.952000000000000179e-01	1.440657679358109622e+00
7.987999999999999545e-01	1.335461171776636036e+00
8.024000000000000021e-01	8.934227572705603082e-01
8.060000000000000497e-01	2.567911906184364490e+00
8.095999999999999863e-01	2.301070803083673066e+00
8.132000000000000339e-01	1.879495221021625362e+00
8.167999999999999705e-01	1.643450427675279268e+00
8.204000000000000181e-01	2.341390819705816195e+00
8.239999999999999547e-01	1.143413969909642613e+00
8.276999999999999913e-01	2.566638841878400079e+00
8.313000000000000389e-01	2.787204149234025596e+00
8.348999999999999755e-01	1.578517983156575877e+00
8.385000000000000231e-01	2.197347986269366782e+00
8.420999999999999597e-01	3.501225385897464903e+00
8.457000000000000073e-01	3.250809116048343661e+00
8.493000000000000549e-01	3.674382455022850102e+00
8.528999999999999915e-01	4.394690746214845234e+00
8.565000000000000391e-01	4.857766049644384410e+00
8.600999999999999757e-01	3.936760228990693111e+00
8.637000000000000233e-01	4.880328910063515657e+00
8.672999999999999599e-01	3.282704462593718286e+00
8.709000000000000075e-01	3.956056245405546345e+00
8.745000000000000551e-01	5.388757692474142047e+00
8.781999999999999806e-01	5.249005863320442167e+00
8.818000000000000282e-01	5.184315392619507357e+00
8.853999999999999648e-01	5.685800641424369140e+00
8.890000000000000124e-01	5.284931754775915813e+00
8.925999999999999490e-01	5.623702602069365675e+00
8.961999999999999966e-01	5.226315161635179507e+00
8.998000000000000442e-01	4.923793789601267790e+00
9.033999999999999808e-01	5.837912728241430926e+00
9.070000000000000284e-01	4.206549503093237163e+00
9.105999999999999650e-01	3.519706064732547102e+00
9.142000000000000126e-01	4.593899226660909108e+00
9.177999999999999492e-01	4.347851790650142156e+00
9.213999999999999968e-01	3.895253193318151119e+00
9.251000000000000334e-01	5.735344109472158891e+00
9.286999999999999700e-01	4.839373048445934522e+00
9.323000000000000176e-01	2.711929315075758407e+00
9.358999999999999542e-01	4.714859025445824692e+00
9.395000000000000018e-01	3.641918002568785173e+00
9.431000000000000494e-01	4.188303173232287513e+00
9.466999999999999860e-01	4.748655985402126412e+00
9.503000000000000336e-01	5.225228509250434250e+00
9.538999999999999702e-01	5.873263097906747277e+00
9.575000000000000178e-01	4.528847234939574307e+00
9.610999999999999543e-01	5.157747565013983682e+00
9.647000000000000020e-01	5.643029552415642414e+00
9.683000000000000496e-01	5.597325449133464303e+00
9.718999999999999861e-01	7.047196307664918002e+00
9.756000000000000227e-01	6.896137422817143481e+00
9.791999999999999593e-01	6.516804973526877376e+00
9.828000000000000069e-01	5.250821406791711610e+00
9.864000000000000545e-01	5.223430335252227330e+00
9.899999999999999911e-01	6.643518485336637802e+00
9.936000000000000387e-01	7.220615991348429574e+00
9.971999999999999753e-01	6.369103027855054222e+00
1.000799999999999912e+00	6.344745267886237272e+00
1.004399999999999959e+00	6.206368688616498375e+00
1.008000000000000007e+00	6.699951333310719903e+00
1.011600000000000055e+00	5.602668903187542959e+00
1.015200000000000102e+00	5.217094867218902365e+00
1.018799999999999928e+00	4.264868412535497200e+00
1.022399999999999975e+00	5.616875362506190683e+00
1.026100000000000012e+00	5.328531464251216043e+00
1.029700000000000060e+00	4.806833978028955734e+00
1.033300000000000107e+00	4.806168497047802468e+00
1.036899999999999933e+00	5.367867416121046453e+00
1.040499999999999980e+00	5.314919647302018824e+00
1.044100000000000028e+00	3.993678512993324325e+00
1.047700000000000076e+00	4.750252713887621603e+00
1.051299999999999901e+00	5.321040217577728271e+00
1.054899999999999949e+00	3.707412752517527998e+00
1.058499999999999996e+00	5.576774236820415176e+00
1.062100000000000044e+00	5.337235982923658639e+00
1.065700000000000092e+00	6.133133236293012658e+00
1.069299999999999917e+00	6.351094299975454049e+00
1.072899999999999965e+00	5.700518987566780993e+00
1.076600000000000001e+00	5.702785320573650729e+00
1.080200000000000049e+00	6.322677725350524192e+00
1.083800000000000097e+00	6.653361550953718506e+00
1.087399999999999922e+00	6.395762434933673468e+00
1.090999999999999970e+00	7.155403018718725860e+00
1.094600000000000017e+00	7.001965077497424694e+00
1.098200000000000065e+00	6.852774589502236502e+00
1.101799999999999891e+00	6.887170728314463197e+00
1.105399999999999938e+00	7.736791040111478779e+00
1.108999999999999986e+00	7.187470075058723040e+00
1.112600000000000033e+00	6.569493599259102368e+00
1.116200000000000081e+00	7.118827955946341213e+00
1.119799999999999907e+00	7.503985016501384386e+00
1.123399999999999954e+00	7.022260698714896776e+00
1.127099999999999991e+00	6.411523479788435509e+00
1.130700000000000038e+00	6.593599296399346166e+00
1.134300000000000086e+00	5.988846716886595090e+00
1.137899999999999912e+00	6.602594761346649577e+00
1.141499999999999959e+00	6.379507605170013029e+00
1.145100000000000007e+00	5.943927611605419159e+00
1.148700000000000054e+00	5.522699903505730035e+00
1.152300000000000102e+00	6.080488919697822681e+00
1.155899999999999928e+00	5.366044789593636288e+00
1.159499999999999975e+00	6.456370290900098396e+00
1.163100000000000023e+00	6.830578167777992427e+00
1.166700000000000070e+00	6.077316106294076370e+00
1.170299999999999896e+00	6.783029901584439969e+00
1.173899999999999944e+00	5.594266992122230775e+00
1.177599999999999980e+00	6.399913462270369280e+00
1.181200000000000028e+00	6.733718067642722183e+00
1.184800000000000075e+00	7.456242612888225096e+00
1.188399999999999901e+00	7.321953429922801959e+00
1.191999999999999948e+00	7.462853313543656775e+00
1.195599999999999996e+00	8.172373088830138244e+00
1.199200000000000044e+00	7.253126543353566547e+00
1.202800000000000091e+00	7.569526096358164757e+00
1.206399999999999917e+00	8.485803179357855441e+00
1.209999999999999964e+00	8.795721921133758059e+00
1.213600000000000012e+00	9.014853922312061840e+00
1.217200000000000060e+00	8.813351274170635463e+00
1.220800000000000107e+00	7.828812601171579288e+00
1.224399999999999933e+00	9.741240899339080883e+00
1.228099999999999969e+00	9.543308045317402843e+00
1.231700000000000017e+00	7.356658123079940381e+00
1.235300000000000065e+00	8.546448041832180209e+00
1.238899999999999890e+00	8.683079155106325331e+00
1.242499999999999938e+00	9.580907176777962775e+00
1.246099999999999985e+00	8.918797398662858811e+00
1.249700000000000033e+00	9.280450302812308649e+00
1.253300000000000081e+00	8.101367232057592460e+00
1.256899999999999906e+00	9.134266690457355509e+00
1.260499999999999954e+00	7.390346555413590757e+00
1.264100000000000001e+00	8.691487956647897306e+00
1.267700000000000049e+00	8.555546362803831073e+00
1.271300000000000097e+00	6.748044306081818711e+00
1.274899999999999922e+00	8.291550147466049125e+00
1.278599999999999959e+00	7.946324868348817461e+00
1.282200000000000006e+00	7.045192680827504716e+00
1.285800000000000054e+00	7.936720881469494948e+00
1.289400000000000102e+00	7.142350379566561713e+00
1.292999999999999927e+00	8.627652068825074849e+00
1.296599999999999975e+00	8.267470434632617327e+00
1.300200000000000022e+00	8.422081391402810979e+00
1.303800000000000070e+00	7.480708842463816843e+00
1.307399999999999896e+00	1.085075177454486806e+01
1.310999999999999943e+00	9.183356890342498247e+00
1.314599999999999991e+00	9.704060701558049118e+00
1.318200000000000038e+00	9.649157835432706776e+00
1.321800000000000086e+00	8.949491585140030736e+00
1.325499999999999901e+00	1.136271790826416073e+01
1.329099999999999948e+00	9.558183410187588436e+00
1.332699999999999996e+00	9.440110279510253832e+00
1.336300000000000043e+00	1.010557289313180185e+01
1.339900000000000091e+00	1.117057222433980357e+01
1.343499999999999917e+00	1.115321927871025842e+01
1.347099999999999964e+00	1.144613117354145260e+01
1.350700000000000012e+00	1.110896831569090537e+01
1.354300000000000059e+00	1.149090935400113267e+01
1.357900000000000107e+00	1.044337226820769615e+01
1.361499999999999932e+00	1.138037017373859427e+01
1.365099999999999980e+00	1.097047611203298700e+01
1.368700000000000028e+00	1.114490579788295754e+01
1.372300000000000075e+00	1.018114292189751069e+01
1.375999999999999890e+00	1.255036692776959839e+01
1.379599999999999937e+00	9.529446821485850094e+00
1.383199999999999985e+00	1.213249242655500026e+01
1.386800000000000033e+00	1.214638908766181125e+01
1.390400000000000080e+00	1.065269986623114384e+01
1.393999999999999906e+00	1.214138350227078789e+01
1.397599999999999953e+00	1.059213250808609352e+01
1.401200000000000001e+00	1.112641889590813804e+01
1.404800000000000049e+00	1.163723748300278515e+01
1.408400000000000096e+00	1.005300217897597825e+01
1.411999999999999922e+00	1.000830162817017133e+01
1.415599999999999969e+00	1.037474313781238067e+01
1.419200000000000017e+00	1.041203877969344305e+01
1.422800000000000065e+00	1.098477519149470361e+01
1.426500000000000101e+00	1.137211119787267855e+01
1.430099999999999927e+00	1.103578930895185373e+01
1.433699999999999974e+00	1.182299684141620233e+01
1.437300000000000022e+00	1.048708731076523115e+01
1.440900000000000070e+00	1.204695144175862254e+01
1.444499999999999895e+00	1.085250638102777998e+01
1.448099999999999943e+00	1.121411518922097272e+01
1.451699999999999990e+00	1.128562146499722729e+01
1.455300000000000038e+00	1.305775224405834756e+01
1.458900000000000086e+00	1.186316280886156882e+01
1.462499999999999911e+00	1.198673606464894448e+01
1.466099999999999959e+00	1.220928358740227537e+01
1.469700000000000006e+00	1.172981937960600085e+01
1.473300000000000054e+00	1.145800869845200509e+01
1.477000000000000091e+00	1.173436400322709261e+01
1.480599999999999916e+00	1.159546458037092975e+01
1.484199999999999964e+00	1.341230956522737827e+01
1.487800000000000011e+00	1.281067127922021065e+01
1.491400000000000059e+00	1.365204267140608607e+01
1.495000000000000107e+00	1.331174929774948623e+01
1.498599999999999932e+00	1.295295952656524641e+01
1.502199999999999980e+00	1.196752224861040759e+01
1.505800000000000027e+00	1.236968280852649116e+01
1.509400000000000075e+00	1.375549256752835170e+01
1.512999999999999901e+00	1.333405476902939490e+01
1.516599999999999948e+00	1.390228046711390242e+01
1.520199999999999996e+00	1.365170471974053257e+01
1.523800000000000043e+00	1.330567552853307767e+01
1.527500000000000080e+00	1.300088586197161789e+01
1.531099999999999905e+00	1.339581234225473416e+01
1.534699999999999953e+00	1.314514009494353708e+01
1.538300000000000001e+00	1.386383068523654316e+01
1.541900000000000048e+00	1.232203195649108807e+01
1.545500000000000096e+00	1.438205264499378799e+01
1.549099999999999921e+00	1.314293682539955554e+01
1.552699999999999969e+00	1.465220438087879451e+01
1.556300000000000017e+00	1.383767356788334446e+01
1.559900000000000064e+00	1.412824768319172897e+01
1.563499999999999890e+00	1.442487245908225901e+01
1.567099999999999937e+00	1.481867090438926482e+01
1.570699999999999985e+00	1.458174187497906260e+01
1.574300000000000033e+00	1.488471719033917928e+01
1.578000000000000069e+00	1.471479264820303179e+01
1.581599999999999895e+00	1.458388648306747193e+01
1.585199999999999942e+00	1.508336422826888956e+01
1.588799999999999990e+00	1.494764598340098161e+01
1.592400000000000038e+00	1.397831620092447302e+01
1.596000000000000085e+00	1.565405882968181217e+01
1.599599999999999911e+00	1.557846895841296764e+01
1.603199999999999958e+00	1.549471148076928095e+01
1.606800000000000006e+00	1.582158120060006823e+01
1.610400000000000054e+00	1.703380713197337215e+01
1.614000000000000101e+00	1.824244473335639682e+01
1.617599999999999927e+00	1.745801220776568030e+01
1.621199999999999974e+00	1.789545130963122688e+01
1.624800000000000022e+00	1.784655374092238489e+01
1.628500000000000059e+00	1.749733444927504067e+01
1.632100000000000106e+00	1.769424348072056929e+01
1.635699999999999932e+00	1.804968977839203959e+01
1.639299999999999979e+00	1.780448511561760228e+01
1.642900000000000027e+00	1.805962750451860899e+01
1.646500000000000075e+00	1.803148811864738832e+01
1.650099999999999900e+00	1.805771284423013157e+01
1.653699999999999948e+00	1.790742166271245850e+01
1.657299999999999995e+00	1.673001022188680764e+01
1.660900000000000043e+00	1.746118900838588317e+01
1.664500000000000091e+00	1.994611092299572874e+01
1.668099999999999916e+00	1.923592766281760902e+01
1.671699999999999964e+00	1.767562910070507698e+01
1.675400000000000000e+00	1.996750426343961138e+01
1.679000000000000048e+00	1.907764535614728629e+01
1.682600000000000096e+00	1.849399742111646816e+01
1.686199999999999921e+00	1.928855450689820117e+01
1.689799999999999969e+00	1.980516012326381059e+01
1.693400000000000016e+00	1.900613711710350628e+01
1.697000000000000064e+00	2.095161487310248916e+01
1.700599999999999890e+00	2.074360593063028091e+01
1.704199999999999937e+00	2.184148953644396585e+01
1.707799999999999985e+00	2.039597224172087309e+01
1.711400000000000032e+00	2.155920280397410238e+01
1.715000000000000080e+00	2.149103866239238414e+01
1.718599999999999905e+00	2.040339377908625806e+01
1.722199999999999953e+00	2.067922484672372718e+01
1.725899999999999990e+00	2.089094692373445028e+01
1.729500000000000037e+00	2.013759535293099745e+01
1.733100000000000085e+00	2.243101971326798605e+01
1.736699999999999910e+00	2.084785473485883855e+01
1.740299999999999958e+00	2.346718337030803170e+01
1.743900000000000006e+00	2.221904764113251574e+01
1.747500000000000053e+00	2.282851228455378489e+01
1.751100000000000101e+00	1.935684877880827770e+01
1.754699999999999926e+00	1.849924303001336767e+01
1.758299999999999974e+00	1.761823674524130467e+01
1.761900000000000022e+00	1.715123435708358812e+01
1.765500000000000069e+00	1.697836632401138246e+01
1.769099999999999895e+00	1.802706221513370721e+01
1.772699999999999942e+00	1.844842891243787264e+01
1.776399999999999979e+00	1.850088816520432289e+01
1.780000000000000027e+00	1.983021260606432179e+01
1.783600000000000074e+00	2.169777554584585033e+01
1.787199999999999900e+00	2.148749750819068183e+01
1.790799999999999947e+00	2.063281292410052004e+01
1.794399999999999995e+00	2.207569700882440600e+01
1.798000000000000043e+00	2.176568286150614639e+01
1.801600000000000090e+00	2.125331994476987063e+01
1.805199999999999916e+00	2.256190664399541745e+01
1.808799999999999963e+00	2.292857370649303306e+01
1.812400000000000011e+00	2.589336316482114242e+01
1.816000000000000059e+00	2.509891395408343939e+01
1.819600000000000106e+00	2.548805804448916490e+01
1.823199999999999932e+00	2.476456600757274984e+01
1.826899999999999968e+00	2.534476735528801328e+01
1.830500000000000016e+00	2.254668571944003119e+01
1.834100000000000064e+00	2.217084777271974261e+01
1.837699999999999889e+00	2.142698544345265432e+01
1.841299999999999937e+00	2.097778593793120194e+01
1.844899999999999984e+00	2.101947556118121696e+01
1.848500000000000032e+00	2.203569384350102922e+01
1.852100000000000080e+00	2.149076486791738105e+01
1.855699999999999905e+00	2.096174693434002378e+01
1.859299999999999953e+00	2.201863405367863180e+01
1.862900000000000000e+00	2.267838837306634048e+01
1.866500000000000048e+00	2.138218507911043531e+01
1.870100000000000096e+00	2.158805769362399474e+01
1.873699999999999921e+00	2.036637856122852952e+01
1.877399999999999958e+00	1.934455580666605101e+01
1.881000000000000005e+00	2.107639088692609874e+01
1.884600000000000053e+00	1.869872859062818904e+01
1.888200000000000101e+00	1.897277520672921369e+01
1.891799999999999926e+00	1.906115519663144298e+01
1.895399999999999974e+00	2.011921382869443775e+01
1.899000000000000021e+00	1.969105145934093670e+01
1.902600000000000069e+00	1.997848294656321144e+01
1.906199999999999894e+00	2.001132475320512327e+01
1.909799999999999942e+00	2.121711335428084055e+01
1.913399999999999990e+00	2.091679910910738727e+01
1.917000000000000037e+00	2.029096123781285499e+01
1.920600000000000085e+00	2.035711620838311120e+01
1.924199999999999910e+00	2.097248194644474495e+01
1.927899999999999947e+00	2.108911098522983352e+01
1.931499999999999995e+00	1.979073826483594090e+01
1.935100000000000042e+00	2.159447737082443908e+01
1.938700000000000090e+00	2.074748189702129864e+01
1.942299999999999915e+00	2.024671496257692027e+01
1.945899999999999963e+00	2.012506045881765360e+01
1.949500000000000011e+00	1.999697957662492342e+01
1.953100000000000058e+00	1.853391399231520253e+01
1.956700000000000106e+00	2.027092707042047337e+01
1.960299999999999931e+00	2.010384539696084261e+01
1.963899999999999979e+00	2.034378157670075993e+01
1.967500000000000027e+00	2.097042293581564820e+01
1.971100000000000074e+00	2.205372557291907043e+01
1.974699999999999900e+00	2.374957682589413466e+01
1.978399999999999936e+00	2.565651821570249780e+01
1.981999999999999984e+00	2.643694118260141224e+01
1.985600000000000032e+00	2.831220544440233411e+01
1.989200000000000079e+00	3.039256093803391678e+01
1.992799999999999905e+00	3.207035553018039309e+01
1.996399999999999952e+00	3.135685177157744619e+01
2.000000000000000000e+00	3.101163304316343527e+01
