2.000000000000000111e-01	-1.125125929764664745e+00
2.036000000000000032e-01	-1.282038168358100583e+00
2.071999999999999953e-01	-1.538167798315221990e+00
2.107999999999999874e-01	-1.755760486211315863e+00
2.144000000000000072e-01	-1.902463506585318820e+00
2.179999999999999993e-01	-2.220330590116949221e+00
2.215999999999999914e-01	-2.355138633565255102e+00
2.253000000000000003e-01	-2.371746723781730903e+00
2.288999999999999924e-01	-2.585967266551229216e+00
2.325000000000000122e-01	-2.617515160568860466e+00
2.361000000000000043e-01	-2.583044268143551481e+00
2.396999999999999964e-01	-2.511060762390747492e+00
2.432999999999999885e-01	-2.479265837502331316e+00
2.469000000000000083e-01	-2.517268494233257936e+00
2.505000000000000004e-01	-2.285906352361698701e+00
2.540999999999999925e-01	-2.185138216889862317e+00
2.576999999999999846e-01	-2.106232009730316435e+00
2.612999999999999767e-01	-1.875747267299203935e+00
2.649000000000000243e-01	-1.778567017376483372e+00
2.685000000000000164e-01	-1.386316528020751448e+00
2.721000000000000085e-01	-1.215022338448750183e+00
2.757999999999999896e-01	-9.906815766337406792e-01
2.793999999999999817e-01	-8.427220918118654147e-01
2.829999999999999738e-01	-6.318657287441156178e-01
2.866000000000000214e-01	-4.957787489798659020e-01
2.902000000000000135e-01	-3.963608151528702495e-01
2.938000000000000056e-01	-3.661515785309165105e-01
2.973999999999999977e-01	-2.695230260526165211e-01
3.009999999999999898e-01	-3.822860916399997144e-01
3.045999999999999819e-01	-3.345347404456129881e-01
3.081999999999999740e-01	-4.080394880229668564e-01
3.118000000000000216e-01	-6.671196914176245052e-01
3.154000000000000137e-01	-7.041077028124876902e-01
3.190000000000000058e-01	-8.858056290021247836e-01
3.225999999999999979e-01	-1.107750755390034092e+00
3.262999999999999790e-01	-1.270718852172188384e+00
3.299000000000000266e-01	-1.497884158403325561e+00
3.335000000000000187e-01	-1.756945825246478465e+00
3.371000000000000107e-01	-2.061469211755631470e+00
3.407000000000000028e-01	-2.181109337751616195e+00
3.442999999999999949e-01	-2.086536535109671409e+00
3.478999999999999870e-01	-2.169178217478649362e+00
3.514999999999999791e-01	-2.270804731274699506e+00
3.551000000000000267e-01	-2.275605542441561990e+00
3.587000000000000188e-01	-2.323191907542149437e+00
3.623000000000000109e-01	-2.239203374012095349e+00
3.659000000000000030e-01	-2.020648135639034670e+00
3.694999999999999951e-01	-1.936556069814533654e+00
3.730999999999999872e-01	-1.592256626673883568e+00
3.768000000000000238e-01	-1.387563827709838549e+00
3.804000000000000159e-01	-1.133397219192116445e+00
3.840000000000000080e-01	-9.845877179306756766e-01
3.876000000000000001e-01	-5.920042302628977238e-01
3.911999999999999922e-01	-5.832655875189619588e-01
3.947999999999999843e-01	-2.793776744911681265e-01
3.983999999999999764e-01	-1.519744739028754954e-01
4.020000000000000240e-01	1.054391928438724590e-01
4.056000000000000161e-01	3.233008245898603139e-01
4.092000000000000082e-01	3.257083847624537842e-01
4.128000000000000003e-01	3.898648435833125259e-01
4.163999999999999924e-01	4.226189542723275405e-01
4.199999999999999845e-01	4.859690039065375777e-01
4.235999999999999766e-01	2.792208222411032836e-01
4.273000000000000131e-01	2.239218204654336852e-01
4.309000000000000052e-01	-2.947280506883100115e-02
4.344999999999999973e-01	-2.996993222218410913e-01
4.380999999999999894e-01	-3.301362227625080914e-01
4.416999999999999815e-01	-6.012624560374195681e-01
4.452999999999999736e-01	-8.246080552426585664e-01
4.489000000000000212e-01	-9.244533232969266434e-01
4.525000000000000133e-01	-1.092939915824008068e+00
4.561000000000000054e-01	-1.063607739471126967e+00
4.596999999999999975e-01	-1.456069312621697476e+00
4.632999999999999896e-01	-1.617278403115485208e+00
4.668999999999999817e-01	-1.685674254056525490e+00
4.704999999999999738e-01	-1.569347406811188339e+00
4.741000000000000214e-01	-1.558625302869254714e+00
4.778000000000000025e-01	-1.518500419416729530e+00
4.813999999999999946e-01	-1.451991098776970635e+00
4.849999999999999867e-01	-1.368115408740705918e+00
4.885999999999999788e-01	-1.067207942100055984e+00
4.922000000000000264e-01	-7.724329713255956298e-01
4.958000000000000185e-01	-7.027936635105417329e-01
4.994000000000000106e-01	-4.410248992746202412e-01
5.030000000000000027e-01	-2.081666019661075895e-01
5.066000000000000503e-01	-1.119630678333159990e-01
5.101999999999999869e-01	-1.836425350336098189e-02
5.138000000000000345e-01	1.696333795978658410e-01
5.173999999999999710e-01	2.958417338130517327e-01
5.210000000000000187e-01	4.379006096128190695e-01
5.245999999999999552e-01	5.474854778620033002e-01
5.282999999999999918e-01	4.866681980915342209e-01
5.319000000000000394e-01	5.331476537062631582e-01
5.354999999999999760e-01	5.492329103487005870e-01
5.391000000000000236e-01	4.950446373345832041e-01
5.426999999999999602e-01	3.519203020277996696e-01
5.463000000000000078e-01	3.263915518074669841e-01
5.499000000000000554e-01	3.021256837614106905e-01
5.534999999999999920e-01	2.213962081398881954e-01
5.571000000000000396e-01	1.030504212951791759e-02
5.606999999999999762e-01	-9.047627498446711436e-02
5.643000000000000238e-01	-1.975205003134737902e-01
5.678999999999999604e-01	-2.137562588677495712e-01
5.715000000000000080e-01	-1.594445305432259929e-01
5.752000000000000446e-01	-2.937095017492650229e-01
5.787999999999999812e-01	-3.163352276745189373e-01
5.824000000000000288e-01	-4.313985867252597695e-01
5.859999999999999654e-01	-3.990067546386706354e-01
5.896000000000000130e-01	-3.742933530125505670e-01
5.931999999999999496e-01	-1.998367834871501714e-01
5.967999999999999972e-01	-1.638732313759524439e-01
6.004000000000000448e-01	-1.752469670874137464e-01
6.039999999999999813e-01	1.149769803844200855e-01
6.076000000000000290e-01	9.155540689529101384e-02
6.111999999999999655e-01	1.922319154435109811e-01
6.148000000000000131e-01	4.227908982806551919e-01
6.183999999999999497e-01	6.716885458442490853e-01
6.219999999999999973e-01	9.088039857710493719e-01
6.257000000000000339e-01	9.792922984091037009e-01
6.292999999999999705e-01	1.112889221650619431e+00
6.329000000000000181e-01	1.312386925913214375e+00
6.364999999999999547e-01	1.421448261906262944e+00
6.401000000000000023e-01	1.606210726616473128e+00
6.437000000000000499e-01	1.726333173583353808e+00
6.472999999999999865e-01	1.546827132412888606e+00
6.509000000000000341e-01	1.847205768936167614e+00
6.544999999999999707e-01	1.743252977751089450e+00
6.581000000000000183e-01	1.787440576326627006e+00
6.616999999999999549e-01	1.768906260939846709e+00
6.653000000000000025e-01	1.647560509451391431e+00
6.689000000000000501e-01	1.563767487299019709e+00
6.724999999999999867e-01	1.617593971640437500e+00
6.762000000000000233e-01	1.368497352504076003e+00
6.797999999999999599e-01	1.426716800270148688e+00
6.834000000000000075e-01	1.113430992410211928e+00
6.870000000000000551e-01	1.062579878019751067e+00
6.905999999999999917e-01	8.128212241836048069e-01
6.942000000000000393e-01	8.857484043744260349e-01
6.977999999999999758e-01	6.154064484462203888e-01
7.014000000000000234e-01	5.408942910928021819e-01
7.049999999999999600e-01	4.707943185336334047e-01
7.086000000000000076e-01	4.138781057669665975e-01
7.122000000000000552e-01	3.146756794259044643e-01
7.157999999999999918e-01	3.037381472590350295e-01
7.194000000000000394e-01	5.132545493658278168e-01
7.229999999999999760e-01	5.463865262488348806e-01
7.267000000000000126e-01	7.587018989296304694e-01
7.302999999999999492e-01	9.399530494981092055e-01
7.338999999999999968e-01	8.003016691263660221e-01
7.375000000000000444e-01	1.180061752853373225e+00
7.410999999999999810e-01	1.129656483014459978e+00
7.447000000000000286e-01	1.576925668544118420e+00
7.482999999999999652e-01	1.606843982175998331e+00
7.519000000000000128e-01	1.863485904038260754e+00
7.554999999999999494e-01	2.110393056689005675e+00
7.590999999999999970e-01	2.365216918450428363e+00
7.627000000000000446e-01	2.529780789742000824e+00
7.662999999999999812e-01	2.528333055684668373e+00
7.699000000000000288e-01	2.725694728597855665e+00
7.734999999999999654e-01	2.677294499253153770e+00
7.772000000000000020e-01	2.563631843730703963e+00
7.808000000000000496e-01	2.592291840016173410e+00
7.843999999999999861e-01	2.533373832487256117e+00
7.880000000000000338e-01	2.467296307370066000e+00
7.915999999999999703e-01	2.278525999425276893e+00
7.952000000000000179e-01	2.192959173015929242e+00
7.987999999999999545e-01	1.993570592258905760e+00
8.024000000000000021e-01	1.848745169810869449e+00
8.060000000000000497e-01	1.716324751916892710e+00
8.095999999999999863e-01	1.497759730470620054e+00
8.132000000000000339e-01	1.445944279858338621e+00
8.167999999999999705e-01	1.360132692557488587e+00
8.204000000000000181e-01	1.525791802600508840e+00
8.239999999999999547e-01	1.571727402457139267e+00
8.276999999999999913e-01	1.692964691608813466e+00
8.313000000000000389e-01	1.865550712324054006e+00
8.348999999999999755e-01	1.989783039575538925e+00
8.385000000000000231e-01	2.222076682909762013e+00
8.420999999999999597e-01	2.570090706855939988e+00
8.457000000000000073e-01	2.874054941162817123e+00
8.493000000000000549e-01	3.123606790708859382e+00
8.528999999999999915e-01	3.307864164099008963e+00
8.565000000000000391e-01	3.732350693026441846e+00
8.600999999999999757e-01	3.993395966037056599e+00
8.637000000000000233e-01	4.282309103148906004e+00
8.672999999999999599e-01	4.451861098457944088e+00
8.709000000000000075e-01	4.841216400079816573e+00
8.745000000000000551e-01	4.940182619663489483e+00
8.781999999999999806e-01	5.172524757156656605e+00
8.818000000000000282e-01	5.155258731245581316e+00
8.853999999999999648e-01	5.276013852321498554e+00
8.890000000000000124e-01	5.194730617498989567e+00
8.925999999999999490e-01	5.240497780831490537e+00
8.961999999999999966e-01	5.159725961835002650e+00
8.998000000000000442e-01	5.059472227141964318e+00
9.033999999999999808e-01	4.993684753668824250e+00
9.070000000000000284e-01	4.679418573352400301e+00
9.105999999999999650e-01	4.570763868893048532e+00
9.142000000000000126e-01	4.496778311634742842e+00
9.177999999999999492e-01	4.293547738207416309e+00
9.213999999999999968e-01	3.962602673891147287e+00
9.251000000000000334e-01	3.984462920319685963e+00
9.286999999999999700e-01	3.897585401762182933e+00
9.323000000000000176e-01	3.908251454457558172e+00
9.358999999999999542e-01	3.880357341620180645e+00
9.395000000000000018e-01	3.892035853077194574e+00
9.431000000000000494e-01	4.217522283930859928e+00
9.466999999999999860e-01	4.274774230122914354e+00
9.503000000000000336e-01	4.457629579708558332e+00
9.538999999999999702e-01	4.613213256797608075e+00
9.575000000000000178e-01	5.013667879801212202e+00
9.610999999999999543e-01	5.238121005160944144e+00
9.647000000000000020e-01	5.418311748210395962e+00
9.683000000000000496e-01	5.723164827032965363e+00
9.718999999999999861e-01	6.109026940642727332e+00
9.756000000000000227e-01	6.295906872304684931e+00
9.791999999999999593e-01	6.358265824269278887e+00
9.828000000000000069e-01	6.362708402216981085e+00
9.864000000000000545e-01	6.497998881931541959e+00
9.899999999999999911e-01	6.382316936165292276e+00
9.936000000000000387e-01	6.313853366732494088e+00
9.971999999999999753e-01	6.274582038538556894e+00
1.000799999999999912e+00	6.154739726330358707e+00
1.004399999999999959e+00	6.057960760879908868e+00
1.008000000000000007e+00	5.947163330772267997e+00
1.011600000000000055e+00	5.799499173131820839e+00
1.015200000000000102e+00	5.585853611906022920e+00
1.018799999999999928e+00	5.295126364260855922e+00
1.022399999999999975e+00	5.137628082942605978e+00
1.026100000000000012e+00	4.925952293935615955e+00
1.029700000000000060e+00	4.954416978317790488e+00
1.033300000000000107e+00	4.757429726865374242e+00
1.036899999999999933e+00	4.794235036990403209e+00
1.040499999999999980e+00	4.698798223698563703e+00
1.044100000000000028e+00	4.814337957727715889e+00
1.047700000000000076e+00	4.679005349657153090e+00
1.051299999999999901e+00	4.612913474264036751e+00
1.054899999999999949e+00	4.616525484527245204e+00
1.058499999999999996e+00	4.660259053529548723e+00
1.062100000000000044e+00	4.907392296957128863e+00
1.065700000000000092e+00	5.121847770602022010e+00
1.069299999999999917e+00	5.299105975017145198e+00
1.072899999999999965e+00	5.627827709563407943e+00
1.076600000000000001e+00	5.915448656346301348e+00
1.080200000000000049e+00	6.118936075056115698e+00
1.083800000000000097e+00	6.128250101992531285e+00
1.087399999999999922e+00	6.456965537528756016e+00
1.090999999999999970e+00	6.541198010439541299e+00
1.094600000000000017e+00	6.550712101782297125e+00
1.098200000000000065e+00	6.493850396535450820e+00
1.101799999999999891e+00	6.564142293425216934e+00
1.105399999999999938e+00	6.535769074295247449e+00
1.108999999999999986e+00	6.533075798875621842e+00
1.112600000000000033e+00	6.495860428813420739e+00
1.116200000000000081e+00	6.376012096395290207e+00
1.119799999999999907e+00	6.282943789026311343e+00
1.123399999999999954e+00	6.183758269689232812e+00
1.127099999999999991e+00	6.313779830714969954e+00
1.130700000000000038e+00	6.229243142938213573e+00
1.134300000000000086e+00	6.170082174101501948e+00
1.137899999999999912e+00	6.086926894035354252e+00
1.141499999999999959e+00	6.047361626989018468e+00
1.145100000000000007e+00	6.001140175843201696e+00
1.148700000000000054e+00	5.886091822092430093e+00
1.152300000000000102e+00	5.884733270668681016e+00
1.155899999999999928e+00	5.813136149890913984e+00
1.159499999999999975e+00	5.716066794860338085e+00
1.163100000000000023e+00	5.806225204141648000e+00
1.166700000000000070e+00	5.863209894297525260e+00
1.170299999999999896e+00	6.021614281685510939e+00
1.173899999999999944e+00	6.001636543142805813e+00
1.177599999999999980e+00	6.413869298985823697e+00
1.181200000000000028e+00	6.496968303226920760e+00
1.184800000000000075e+00	6.561438153532835216e+00
1.188399999999999901e+00	6.720163428943377149e+00
1.191999999999999948e+00	6.994056842770897120e+00
1.195599999999999996e+00	7.223742701574622949e+00
1.199200000000000044e+00	7.266740384180392809e+00
1.202800000000000091e+00	7.266438989775754642e+00
1.206399999999999917e+00	7.468451404251015724e+00
1.209999999999999964e+00	7.664013551086250153e+00
1.213600000000000012e+00	7.813867895261849661e+00
1.217200000000000060e+00	8.017747473201454866e+00
1.220800000000000107e+00	8.278138860817122691e+00
1.224399999999999933e+00	8.321822075523591877e+00
1.228099999999999969e+00	8.565692401832327718e+00
1.231700000000000017e+00	8.454628895922057907e+00
1.235300000000000065e+00	8.523257991287417568e+00
1.238899999999999890e+00	8.661905685373273656e+00
1.242499999999999938e+00	8.591437885972522892e+00
1.246099999999999985e+00	8.674202005778012037e+00
1.249700000000000033e+00	8.453163003103934869e+00
1.253300000000000081e+00	8.479990635274697652e+00
1.256899999999999906e+00	8.379351602098216389e+00
1.260499999999999954e+00	8.314939096726481793e+00
1.264100000000000001e+00	8.298612143977861066e+00
1.267700000000000049e+00	8.181920183962500204e+00
1.271300000000000097e+00	7.930840841867781599e+00
1.274899999999999922e+00	7.924187204603513557e+00
1.278599999999999959e+00	7.860561612215419380e+00
1.282200000000000006e+00	7.935207931487239463e+00
1.285800000000000054e+00	7.901617790134683794e+00
1.289400000000000102e+00	8.072851317817871575e+00
1.292999999999999927e+00	8.116098612327000694e+00
1.296599999999999975e+00	8.307054197731414291e+00
1.300200000000000022e+00	8.429138744290320062e+00
1.303800000000000070e+00	8.744542160314932033e+00
1.307399999999999896e+00	8.942981690157239427e+00
1.310999999999999943e+00	9.294313689788681998e+00
1.314599999999999991e+00	9.438166727087089924e+00
1.318200000000000038e+00	9.696056508998694312e+00
1.321800000000000086e+00	9.806902809295754864e+00
1.325499999999999901e+00	1.004332546386642555e+01
1.329099999999999948e+00	1.004542536111791051e+01
1.332699999999999996e+00	1.014331566325850176e+01
1.336300000000000043e+00	1.016911391272832788e+01
1.339900000000000091e+00	1.024713627836919372e+01
1.343499999999999917e+00	1.044962772209311552e+01
1.347099999999999964e+00	1.055856150158646578e+01
1.350700000000000012e+00	1.081416135331321016e+01
1.354300000000000059e+00	1.087501552428577156e+01
1.357900000000000107e+00	1.068350580613215683e+01
1.361499999999999932e+00	1.073597786490923767e+01
1.365099999999999980e+00	1.082947931192273217e+01
1.368700000000000028e+00	1.063461436389325243e+01
1.372300000000000075e+00	1.059661308469229724e+01
1.375999999999999890e+00	1.063830088692481368e+01
1.379599999999999937e+00	1.063955048556501737e+01
1.383199999999999985e+00	1.083209491945798675e+01
1.386800000000000033e+00	1.076656062229205624e+01
1.390400000000000080e+00	1.071279773717414230e+01
1.393999999999999906e+00	1.059957872332961770e+01
1.397599999999999953e+00	1.034013056308105405e+01
1.401200000000000001e+00	1.023026253842863120e+01
1.404800000000000049e+00	1.008245039338396865e+01
1.408400000000000096e+00	9.966445170152729460e+00
1.411999999999999922e+00	9.992733100577531502e+00
1.415599999999999969e+00	1.001160190616864121e+01
1.419200000000000017e+00	1.023127593620016818e+01
1.422800000000000065e+00	1.024618471267522146e+01
1.426500000000000101e+00	1.047005263208555093e+01
1.430099999999999927e+00	1.051709071682886432e+01
1.433699999999999974e+00	1.072153437912976592e+01
1.437300000000000022e+00	1.069009366734221267e+01
1.440900000000000070e+00	1.076455200409351320e+01
1.444499999999999895e+00	1.061966622054563381e+01
1.448099999999999943e+00	1.090570468658814818e+01
1.451699999999999990e+00	1.086251766520008033e+01
1.455300000000000038e+00	1.104778135000827177e+01
1.458900000000000086e+00	1.117492296880482883e+01
1.462499999999999911e+00	1.152360828513496394e+01
1.466099999999999959e+00	1.180783011218443512e+01
1.469700000000000006e+00	1.211735615587479487e+01
1.473300000000000054e+00	1.218749744117339873e+01
1.477000000000000091e+00	1.229921123435043562e+01
1.480599999999999916e+00	1.231272085139041828e+01
1.484199999999999964e+00	1.238409811538441119e+01
1.487800000000000011e+00	1.245511128407397372e+01
1.491400000000000059e+00	1.230554744489411156e+01
1.495000000000000107e+00	1.234054067459946502e+01
1.498599999999999932e+00	1.229374740332100657e+01
1.502199999999999980e+00	1.238355593873838600e+01
1.505800000000000027e+00	1.242854099107012367e+01
1.509400000000000075e+00	1.248478777669140349e+01
1.512999999999999901e+00	1.257304819472182800e+01
1.516599999999999948e+00	1.267592050052382113e+01
1.520199999999999996e+00	1.281858982851995599e+01
1.523800000000000043e+00	1.303218443170000995e+01
1.527500000000000080e+00	1.299150669301576855e+01
1.531099999999999905e+00	1.317994019614542545e+01
1.534699999999999953e+00	1.318909909039296124e+01
1.538300000000000001e+00	1.295966846051778987e+01
1.541900000000000048e+00	1.305837691417027280e+01
1.545500000000000096e+00	1.295689302027788337e+01
1.549099999999999921e+00	1.298581267586621379e+01
1.552699999999999969e+00	1.310002698552777112e+01
1.556300000000000017e+00	1.337708202257066326e+01
1.559900000000000064e+00	1.353282089313475467e+01
1.563499999999999890e+00	1.379083733951101820e+01
1.567099999999999937e+00	1.399627878823544869e+01
1.570699999999999985e+00	1.415845192910111727e+01
1.574300000000000033e+00	1.437973249909419415e+01
1.578000000000000069e+00	1.457856265019259467e+01
1.581599999999999895e+00	1.444639778956212339e+01
1.585199999999999942e+00	1.436098116160437144e+01
1.588799999999999990e+00	1.442154843164199995e+01
1.592400000000000038e+00	1.441863156220052389e+01
1.596000000000000085e+00	1.443299769123668241e+01
1.599599999999999911e+00	1.459634304524128190e+01
1.603199999999999958e+00	1.475038972262472292e+01
1.606800000000000006e+00	1.510141885699929531e+01
1.610400000000000054e+00	1.534647043231715990e+01
1.614000000000000101e+00	1.561464493159947153e+01
1.617599999999999927e+00	1.607353112247279370e+01
1.621199999999999974e+00	1.641782857875060486e+01
1.624800000000000022e+00	1.693888931710798218e+01
1.628500000000000059e+00	1.736198420104679485e+01
1.632100000000000106e+00	1.781653723243238829e+01
1.635699999999999932e+00	1.831778137928405314e+01
1.639299999999999979e+00	1.861846324737844682e+01
1.642900000000000027e+00	1.864268326419012212e+01
1.646500000000000075e+00	1.851864814662008030e+01
1.650099999999999900e+00	1.827156193609733137e+01
1.653699999999999948e+00	1.791099194290418239e+01
1.657299999999999995e+00	1.762008714714443514e+01
1.660900000000000043e+00	1.742844575598789802e+01
1.664500000000000091e+00	1.754226720282238361e+01
1.668099999999999916e+00	1.743775819238924996e+01
1.671699999999999964e+00	1.767575799656241031e+01
1.675400000000000000e+00	1.795186779635780994e+01
1.679000000000000048e+00	1.824868177050829132e+01
1.682600000000000096e+00	1.870126804415185617e+01
1.686199999999999921e+00	1.899863333122607756e+01
1.689799999999999969e+00	1.946384981741805831e+01
1.693400000000000016e+00	1.979264734288296879e+01
1.697000000000000064e+00	1.995804391328462302e+01
1.700599999999999890e+00	2.012326960328123349e+01
1.704199999999999937e+00	1.990629293426183821e+01
1.707799999999999985e+00	1.969574093219897293e+01
1.711400000000000032e+00	1.954742124493907696e+01
1.715000000000000080e+00	1.959144139345569613e+01
1.718599999999999905e+00	1.988143180242457930e+01
1.722199999999999953e+00	2.028662705054752990e+01
1.725899999999999990e+00	2.075652097130375395e+01
1.729500000000000037e+00	2.087370033783195922e+01
1.733100000000000085e+00	2.109691692825461118e+01
1.736699999999999910e+00	2.129738784315934197e+01
1.740299999999999958e+00	2.119134787069576120e+01
1.743900000000000006e+00	2.108891749418998884e+01
1.747500000000000053e+00	2.106074105193344792e+01
1.751100000000000101e+00	2.077372022962738995e+01
1.754699999999999926e+00	2.076258749825520766e+01
1.758299999999999974e+00	2.035826321382683091e+01
1.761900000000000022e+00	2.013232655412696914e+01
1.765500000000000069e+00	1.961445293369641263e+01
1.769099999999999895e+00	1.939030896196666731e+01
1.772699999999999942e+00	1.928509024261165195e+01
1.776399999999999979e+00	1.929880845278636059e+01
1.780000000000000027e+00	1.952297774979665235e+01
1.783600000000000074e+00	1.972736700276688993e+01
1.787199999999999900e+00	2.030864142490517565e+01
1.790799999999999947e+00	2.080871149967438072e+01
1.794399999999999995e+00	2.122204191485506541e+01
1.798000000000000043e+00	2.170166324415345471e+01
1.801600000000000090e+00	2.214403423398859871e+01
1.805199999999999916e+00	2.274676736181853798e+01
1.808799999999999963e+00	2.339624974589550277e+01
1.812400000000000011e+00	2.396014631684553819e+01
1.816000000000000059e+00	2.423809921100524534e+01
1.819600000000000106e+00	2.397696652005343765e+01
1.823199999999999932e+00	2.351852797868029654e+01
1.826899999999999968e+00	2.266082451730686032e+01
1.830500000000000016e+00	2.154583771315668983e+01
1.834100000000000064e+00	2.094683417273559911e+01
1.837699999999999889e+00	2.066807894931046619e+01
1.841299999999999937e+00	2.072893607302367158e+01
1.844899999999999984e+00	2.114348391705232899e+01
1.848500000000000032e+00	2.147787530893864982e+01
1.852100000000000080e+00	2.180239268697141952e+01
1.855699999999999905e+00	2.188306280168851714e+01
1.859299999999999953e+00	2.182554708659751697e+01
1.862900000000000000e+00	2.133955475315565664e+01
1.866500000000000048e+00	2.101757669429381536e+01
1.870100000000000096e+00	2.024212903423658005e+01
1.873699999999999921e+00	1.951412425329082367e+01
1.877399999999999958e+00	1.905169135050106632e+01
1.881000000000000005e+00	1.864315618749196801e+01
1.884600000000000053e+00	1.854061845542912934e+01
1.888200000000000101e+00	1.860976577637423190e+01
1.891799999999999926e+00	1.910891377342548481e+01
1.895399999999999974e+00	1.960002351597923465e+01
1.899000000000000021e+00	2.047807006720098499e+01
1.902600000000000069e+00	2.108488486987029376e+01
1.906199999999999894e+00	2.159208720404985016e+01
1.909799999999999942e+00	2.148790257849027086e+01
1.913399999999999990e+00	2.099097640096391615e+01
1.917000000000000037e+00	1.979441666903651154e+01
1.920600000000000085e+00	1.881390288563672186e+01
1.924199999999999910e+00	1.765629789041465258e+01
1.927899999999999947e+00	1.736392232381414402e+01
1.931499999999999995e+00	1.750400858529061665e+01
1.935100000000000042e+00	1.786424768726554646e+01
1.938700000000000090e+00	1.867498112938685395e+01
1.942299999999999915e+00	1.974786474982979811e+01
1.945899999999999963e+00	2.079123912706025479e+01
1.949500000000000011e+00	2.176759648497050748e+01
1.953100000000000058e+00	2.215827811344504994e+01
1.956700000000000106e+00	2.214368149071275838e+01
1.960299999999999931e+00	2.188869734556753954e+01
1.963899999999999979e+00	2.120980211038925844e+01
1.967500000000000027e+00	2.086480371131390754e+01
1.971100000000000074e+00	2.135132449639564101e+01
1.974699999999999900e+00	2.253489422467901804e+01
1.978399999999999936e+00	2.430142625355756536e+01
1.981999999999999984e+00	2.627048967193881523e+01
1.985600000000000032e+00	2.825897259482140456e+01
1.989200000000000079e+00	3.010958462489341514e+01
1.992799999999999905e+00	3.168282058076468388e+01
1.996399999999999952e+00	3.245118223013723480e+01
2.000000000000000000e+00	3.238095335077440495e+01
