2.000000000000000111e-01	-1.826999999999999957e+00
2.036000000000000032e-01	-2.028599999999999959e+00
2.071999999999999953e-01	-2.228099999999999969e+00
2.107999999999999874e-01	-2.421400000000000219e+00
2.144000000000000072e-01	-2.604299999999999837e+00
2.179999999999999993e-01	-2.772499999999999964e+00
2.215999999999999914e-01	-2.921800000000000175e+00
2.253000000000000003e-01	-3.048099999999999810e+00
2.288999999999999924e-01	-3.146999999999999797e+00
2.325000000000000122e-01	-3.214700000000000113e+00
2.361000000000000043e-01	-3.249200000000000088e+00
2.396999999999999964e-01	-3.249800000000000022e+00
2.432999999999999885e-01	-3.216200000000000170e+00
2.469000000000000083e-01	-3.147600000000000176e+00
2.505000000000000004e-01	-3.044099999999999806e+00
2.540999999999999925e-01	-2.906000000000000139e+00
2.576999999999999846e-01	-2.733699999999999797e+00
2.612999999999999767e-01	-2.527600000000000069e+00
2.649000000000000243e-01	-2.294599999999999973e+00
2.685000000000000164e-01	-2.049900000000000055e+00
2.721000000000000085e-01	-1.809500000000000108e+00
2.757999999999999896e-01	-1.589599999999999902e+00
2.793999999999999817e-01	-1.401100000000000012e+00
2.829999999999999738e-01	-1.243800000000000017e+00
2.866000000000000214e-01	-1.116200000000000081e+00
2.902000000000000135e-01	-1.016699999999999937e+00
2.938000000000000056e-01	-9.445999999999999952e-01
2.973999999999999977e-01	-9.022000000000000020e-01
3.009999999999999898e-01	-8.922999999999999821e-01
3.045999999999999819e-01	-9.180000000000000382e-01
3.081999999999999740e-01	-9.817000000000000171e-01
3.118000000000000216e-01	-1.084799999999999986e+00
3.154000000000000137e-01	-1.227700000000000014e+00
3.190000000000000058e-01	-1.411200000000000010e+00
3.225999999999999979e-01	-1.634200000000000097e+00
3.262999999999999790e-01	-1.881799999999999917e+00
3.299000000000000266e-01	-2.131200000000000205e+00
3.335000000000000187e-01	-2.359799999999999898e+00
3.371000000000000107e-01	-2.545599999999999863e+00
3.407000000000000028e-01	-2.681599999999999984e+00
3.442999999999999949e-01	-2.772800000000000153e+00
3.478999999999999870e-01	-2.824699999999999989e+00
3.514999999999999791e-01	-2.842600000000000016e+00
3.551000000000000267e-01	-2.827700000000000102e+00
3.587000000000000188e-01	-2.776499999999999968e+00
3.623000000000000109e-01	-2.685099999999999820e+00
3.659000000000000030e-01	-2.549599999999999866e+00
3.694999999999999951e-01	-2.371100000000000207e+00
3.730999999999999872e-01	-2.160600000000000076e+00
3.768000000000000238e-01	-1.929999999999999938e+00
3.804000000000000159e-01	-1.691100000000000048e+00
3.840000000000000080e-01	-1.453500000000000014e+00
3.876000000000000001e-01	-1.219600000000000017e+00
3.911999999999999922e-01	-9.902999999999999581e-01
3.947999999999999843e-01	-7.668000000000000371e-01
3.983999999999999764e-01	-5.518999999999999462e-01
4.020000000000000240e-01	-3.567000000000000171e-01
4.056000000000000161e-01	-1.952000000000000124e-01
4.092000000000000082e-01	-8.110000000000000542e-02
4.128000000000000003e-01	-2.670000000000000151e-02
4.163999999999999924e-01	-3.200000000000000067e-02
4.199999999999999845e-01	-9.139999999999999514e-02
4.235999999999999766e-01	-1.991999999999999882e-01
4.273000000000000131e-01	-3.493999999999999884e-01
4.309000000000000052e-01	-5.311000000000000165e-01
4.344999999999999973e-01	-7.299999999999999822e-01
4.380999999999999894e-01	-9.314000000000000057e-01
4.416999999999999815e-01	-1.121399999999999952e+00
4.452999999999999736e-01	-1.293800000000000061e+00
4.489000000000000212e-01	-1.451200000000000045e+00
4.525000000000000133e-01	-1.596700000000000008e+00
4.561000000000000054e-01	-1.733300000000000063e+00
4.596999999999999975e-01	-1.859299999999999953e+00
4.632999999999999896e-01	-1.965600000000000014e+00
4.668999999999999817e-01	-2.041999999999999815e+00
4.704999999999999738e-01	-2.078599999999999781e+00
4.741000000000000214e-01	-2.068299999999999805e+00
4.778000000000000025e-01	-2.011400000000000077e+00
4.813999999999999946e-01	-1.909599999999999964e+00
4.849999999999999867e-01	-1.764399999999999968e+00
4.885999999999999788e-01	-1.579599999999999893e+00
4.922000000000000264e-01	-1.368500000000000050e+00
4.958000000000000185e-01	-1.146600000000000064e+00
4.994000000000000106e-01	-9.295999999999999819e-01
5.030000000000000027e-01	-7.315000000000000391e-01
5.066000000000000503e-01	-5.556999999999999718e-01
5.101999999999999869e-01	-4.012999999999999901e-01
5.138000000000000345e-01	-2.672999999999999821e-01
5.173999999999999710e-01	-1.529999999999999971e-01
5.210000000000000187e-01	-5.970000000000000306e-02
5.245999999999999552e-01	9.900000000000000813e-03
5.282999999999999918e-01	5.330000000000000016e-02
5.319000000000000394e-01	6.779999999999999916e-02
5.354999999999999760e-01	5.430000000000000104e-02
5.391000000000000236e-01	1.650000000000000078e-02
5.426999999999999602e-01	-4.170000000000000095e-02
5.463000000000000078e-01	-1.164000000000000035e-01
5.499000000000000554e-01	-2.030000000000000138e-01
5.534999999999999920e-01	-2.960999999999999743e-01
5.571000000000000396e-01	-3.904000000000000248e-01
5.606999999999999762e-01	-4.803999999999999937e-01
5.643000000000000238e-01	-5.622000000000000330e-01
5.678999999999999604e-01	-6.354999999999999538e-01
5.715000000000000080e-01	-7.000999999999999446e-01
5.752000000000000446e-01	-7.561999999999999833e-01
5.787999999999999812e-01	-8.023000000000000131e-01
5.824000000000000288e-01	-8.324000000000000288e-01
5.859999999999999654e-01	-8.390999999999999570e-01
5.896000000000000130e-01	-8.151000000000000467e-01
5.931999999999999496e-01	-7.550999999999999934e-01
5.967999999999999972e-01	-6.636999999999999567e-01
6.004000000000000448e-01	-5.492000000000000215e-01
6.039999999999999813e-01	-4.199999999999999845e-01
6.076000000000000290e-01	-2.837999999999999967e-01
6.111999999999999655e-01	-1.424999999999999878e-01
6.148000000000000131e-01	4.599999999999999922e-03
6.183999999999999497e-01	1.587999999999999967e-01
6.219999999999999973e-01	3.206999999999999851e-01
6.257000000000000339e-01	4.873999999999999999e-01
6.292999999999999705e-01	6.523999999999999799e-01
6.329000000000000181e-01	8.094999999999999973e-01
6.364999999999999547e-01	9.520999999999999464e-01
6.401000000000000023e-01	1.075099999999999945e+00
6.437000000000000499e-01	1.174600000000000088e+00
6.472999999999999865e-01	1.246899999999999897e+00
6.509000000000000341e-01	1.288300000000000001e+00
6.544999999999999707e-01	1.298499999999999988e+00
6.581000000000000183e-01	1.283900000000000041e+00
6.616999999999999549e-01	1.251700000000000035e+00
6.653000000000000025e-01	1.208800000000000097e+00
6.689000000000000501e-01	1.159399999999999986e+00
6.724999999999999867e-01	1.098200000000000065e+00
6.762000000000000233e-01	1.018100000000000005e+00
6.797999999999999599e-01	9.122000000000000108e-01
6.834000000000000075e-01	7.760000000000000231e-01
6.870000000000000551e-01	6.186000000000000387e-01
6.905999999999999917e-01	4.532999999999999807e-01
6.942000000000000393e-01	2.929999999999999827e-01
6.977999999999999758e-01	1.502999999999999892e-01
7.014000000000000234e-01	3.259999999999999704e-02
7.049999999999999600e-01	-5.539999999999999786e-02
7.086000000000000076e-01	-1.087999999999999939e-01
7.122000000000000552e-01	-1.228999999999999954e-01
7.157999999999999918e-01	-9.729999999999999760e-02
7.194000000000000394e-01	-3.440000000000000002e-02
7.229999999999999760e-01	6.339999999999999802e-02
7.267000000000000126e-01	1.933999999999999886e-01
7.302999999999999492e-01	3.508000000000000007e-01
7.338999999999999968e-01	5.275999999999999579e-01
7.375000000000000444e-01	7.161999999999999478e-01
7.410999999999999810e-01	9.086999999999999522e-01
7.447000000000000286e-01	1.100200000000000067e+00
7.482999999999999652e-01	1.290799999999999947e+00
7.519000000000000128e-01	1.481200000000000072e+00
7.554999999999999494e-01	1.672099999999999920e+00
7.590999999999999970e-01	1.859900000000000109e+00
7.627000000000000446e-01	2.030499999999999972e+00
7.662999999999999812e-01	2.167899999999999938e+00
7.699000000000000288e-01	2.255999999999999783e+00
7.734999999999999654e-01	2.283700000000000063e+00
7.772000000000000020e-01	2.258799999999999919e+00
7.808000000000000496e-01	2.194700000000000095e+00
7.843999999999999861e-01	2.104499999999999815e+00
7.880000000000000338e-01	2.000000000000000000e+00
7.915999999999999703e-01	1.884500000000000064e+00
7.952000000000000179e-01	1.757400000000000073e+00
7.987999999999999545e-01	1.618200000000000083e+00
8.024000000000000021e-01	1.467300000000000049e+00
8.060000000000000497e-01	1.316799999999999971e+00
8.095999999999999863e-01	1.185999999999999943e+00
8.132000000000000339e-01	1.094600000000000017e+00
8.167999999999999705e-01	1.061399999999999899e+00
8.204000000000000181e-01	1.091699999999999893e+00
8.239999999999999547e-01	1.176900000000000057e+00
8.276999999999999913e-01	1.308200000000000029e+00
8.313000000000000389e-01	1.476599999999999913e+00
8.348999999999999755e-01	1.675100000000000033e+00
8.385000000000000231e-01	1.899199999999999999e+00
8.420999999999999597e-01	2.144699999999999829e+00
8.457000000000000073e-01	2.407500000000000195e+00
8.493000000000000549e-01	2.682799999999999851e+00
8.528999999999999915e-01	2.964199999999999946e+00
8.565000000000000391e-01	3.245099999999999874e+00
8.600999999999999757e-01	3.518899999999999917e+00
8.637000000000000233e-01	3.780299999999999994e+00
8.672999999999999599e-01	4.027300000000000324e+00
8.709000000000000075e-01	4.259299999999999642e+00
8.745000000000000551e-01	4.475200000000000067e+00
8.781999999999999806e-01	4.672399999999999665e+00
8.818000000000000282e-01	4.837299999999999933e+00
8.853999999999999648e-01	4.952600000000000335e+00
8.890000000000000124e-01	5.000899999999999679e+00
8.925999999999999490e-01	4.967200000000000060e+00
8.961999999999999966e-01	4.860500000000000043e+00
8.998000000000000442e-01	4.703400000000000247e+00
9.033999999999999808e-01	4.518600000000000172e+00
9.070000000000000284e-01	4.328199999999999825e+00
9.105999999999999650e-01	4.144199999999999662e+00
9.142000000000000126e-01	3.970000000000000195e+00
9.177999999999999492e-01	3.808499999999999996e+00
9.213999999999999968e-01	3.662900000000000045e+00
9.251000000000000334e-01	3.540599999999999969e+00
9.286999999999999700e-01	3.454400000000000137e+00
9.323000000000000176e-01	3.417699999999999960e+00
9.358999999999999542e-01	3.443700000000000205e+00
9.395000000000000018e-01	3.536500000000000199e+00
9.431000000000000494e-01	3.682300000000000129e+00
9.466999999999999860e-01	3.864900000000000002e+00
9.503000000000000336e-01	4.068399999999999572e+00
9.538999999999999702e-01	4.280000000000000249e+00
9.575000000000000178e-01	4.498400000000000176e+00
9.610999999999999543e-01	4.723900000000000432e+00
9.647000000000000020e-01	4.957200000000000273e+00
9.683000000000000496e-01	5.196299999999999919e+00
9.718999999999999861e-01	5.427100000000000257e+00
9.756000000000000227e-01	5.631899999999999906e+00
9.791999999999999593e-01	5.792699999999999960e+00
9.828000000000000069e-01	5.893699999999999939e+00
9.864000000000000545e-01	5.935500000000000220e+00
9.899999999999999911e-01	5.926700000000000301e+00
9.936000000000000387e-01	5.876299999999999635e+00
9.971999999999999753e-01	5.792600000000000193e+00
1.000799999999999912e+00	5.682100000000000151e+00
1.004399999999999959e+00	5.549100000000000144e+00
1.008000000000000007e+00	5.398100000000000342e+00
1.011600000000000055e+00	5.233699999999999797e+00
1.015200000000000102e+00	5.063100000000000378e+00
1.018799999999999928e+00	4.896899999999999586e+00
1.022399999999999975e+00	4.745899999999999785e+00
1.026100000000000012e+00	4.620700000000000252e+00
1.029700000000000060e+00	4.524300000000000210e+00
1.033300000000000107e+00	4.446399999999999686e+00
1.036899999999999933e+00	4.375600000000000378e+00
1.040499999999999980e+00	4.300300000000000011e+00
1.044100000000000028e+00	4.217900000000000205e+00
1.047700000000000076e+00	4.149700000000000166e+00
1.051299999999999901e+00	4.121299999999999741e+00
1.054899999999999949e+00	4.158000000000000362e+00
1.058499999999999996e+00	4.277099999999999902e+00
1.062100000000000044e+00	4.460700000000000109e+00
1.065700000000000092e+00	4.681400000000000006e+00
1.069299999999999917e+00	4.911800000000000388e+00
1.072899999999999965e+00	5.127699999999999925e+00
1.076600000000000001e+00	5.325199999999999712e+00
1.080200000000000049e+00	5.509500000000000064e+00
1.083800000000000097e+00	5.685699999999999754e+00
1.087399999999999922e+00	5.857999999999999652e+00
1.090999999999999970e+00	6.017500000000000071e+00
1.094600000000000017e+00	6.146899999999999586e+00
1.098200000000000065e+00	6.228500000000000369e+00
1.101799999999999891e+00	6.245800000000000018e+00
1.105399999999999938e+00	6.200499999999999901e+00
1.108999999999999986e+00	6.112800000000000011e+00
1.112600000000000033e+00	6.003999999999999559e+00
1.116200000000000081e+00	5.894999999999999574e+00
1.119799999999999907e+00	5.800500000000000433e+00
1.123399999999999954e+00	5.726099999999999746e+00
1.127099999999999991e+00	5.676300000000000345e+00
1.130700000000000038e+00	5.655599999999999739e+00
1.134300000000000086e+00	5.661200000000000010e+00
1.137899999999999912e+00	5.673000000000000043e+00
1.141499999999999959e+00	5.668300000000000338e+00
1.145100000000000007e+00	5.624200000000000088e+00
1.148700000000000054e+00	5.528800000000000381e+00
1.152300000000000102e+00	5.408999999999999808e+00
1.155899999999999928e+00	5.300900000000000389e+00
1.159499999999999975e+00	5.240499999999999936e+00
1.163100000000000023e+00	5.257900000000000240e+00
1.166700000000000070e+00	5.346700000000000230e+00
1.170299999999999896e+00	5.487099999999999866e+00
1.173899999999999944e+00	5.659600000000000186e+00
1.177599999999999980e+00	5.844800000000000217e+00
1.181200000000000028e+00	6.031200000000000117e+00
1.184800000000000075e+00	6.211299999999999599e+00
1.188399999999999901e+00	6.377600000000000158e+00
1.191999999999999948e+00	6.523299999999999876e+00
1.195599999999999996e+00	6.651500000000000412e+00
1.199200000000000044e+00	6.774200000000000443e+00
1.202800000000000091e+00	6.903699999999999726e+00
1.206399999999999917e+00	7.051999999999999602e+00
1.209999999999999964e+00	7.219100000000000072e+00
1.213600000000000012e+00	7.389199999999999768e+00
1.217200000000000060e+00	7.545399999999999885e+00
1.220800000000000107e+00	7.670600000000000307e+00
1.224399999999999933e+00	7.758499999999999730e+00
1.228099999999999969e+00	7.823400000000000354e+00
1.231700000000000017e+00	7.882600000000000051e+00
1.235300000000000065e+00	7.953100000000000058e+00
1.238899999999999890e+00	8.042799999999999727e+00
1.242499999999999938e+00	8.130900000000000460e+00
1.246099999999999985e+00	8.190599999999999881e+00
1.249700000000000033e+00	8.195000000000000284e+00
1.253300000000000081e+00	8.124599999999999156e+00
1.256899999999999906e+00	7.996699999999999697e+00
1.260499999999999954e+00	7.840499999999999581e+00
1.264100000000000001e+00	7.685100000000000264e+00
1.267700000000000049e+00	7.557699999999999640e+00
1.271300000000000097e+00	7.466800000000000104e+00
1.274899999999999922e+00	7.412099999999999689e+00
1.278599999999999959e+00	7.392900000000000027e+00
1.282200000000000006e+00	7.408500000000000085e+00
1.285800000000000054e+00	7.456599999999999895e+00
1.289400000000000102e+00	7.533400000000000318e+00
1.292999999999999927e+00	7.634900000000000020e+00
1.296599999999999975e+00	7.757500000000000284e+00
1.300200000000000022e+00	7.899099999999999788e+00
1.303800000000000070e+00	8.059599999999999653e+00
1.307399999999999896e+00	8.238899999999999224e+00
1.310999999999999943e+00	8.436999999999999389e+00
1.314599999999999991e+00	8.649599999999999511e+00
1.318200000000000038e+00	8.864499999999999602e+00
1.321800000000000086e+00	9.068899999999999295e+00
1.325499999999999901e+00	9.249900000000000233e+00
1.329099999999999948e+00	9.401199999999999335e+00
1.332699999999999996e+00	9.535000000000000142e+00
1.336300000000000043e+00	9.666399999999999437e+00
1.339900000000000091e+00	9.810800000000000409e+00
1.343499999999999917e+00	9.976900000000000546e+00
1.347099999999999964e+00	1.014540000000000042e+01
1.350700000000000012e+00	1.028930000000000078e+01
1.354300000000000059e+00	1.038150000000000084e+01
1.357900000000000107e+00	1.040080000000000027e+01
1.361499999999999932e+00	1.036870000000000047e+01
1.365099999999999980e+00	1.032549999999999990e+01
1.368700000000000028e+00	1.031150000000000055e+01
1.372300000000000075e+00	1.036289999999999978e+01
1.375999999999999890e+00	1.046460000000000079e+01
1.379599999999999937e+00	1.056709999999999994e+01
1.383199999999999985e+00	1.062010000000000076e+01
1.386800000000000033e+00	1.057540000000000013e+01
1.390400000000000080e+00	1.043050000000000033e+01
1.393999999999999906e+00	1.022979999999999912e+01
1.397599999999999953e+00	1.001999999999999957e+01
1.401200000000000001e+00	9.847200000000000841e+00
1.404800000000000049e+00	9.735900000000000887e+00
1.408400000000000096e+00	9.676700000000000301e+00
1.411999999999999922e+00	9.657500000000000639e+00
1.415599999999999969e+00	9.666000000000000369e+00
1.419200000000000017e+00	9.693400000000000460e+00
1.422800000000000065e+00	9.739300000000000068e+00
1.426500000000000101e+00	9.804100000000000037e+00
1.430099999999999927e+00	9.888600000000000279e+00
1.433699999999999974e+00	9.992800000000000793e+00
1.437300000000000022e+00	1.011560000000000059e+01
1.440900000000000070e+00	1.025520000000000032e+01
1.444499999999999895e+00	1.040990000000000038e+01
1.448099999999999943e+00	1.057729999999999926e+01
1.451699999999999990e+00	1.074879999999999924e+01
1.455300000000000038e+00	1.091370000000000040e+01
1.458900000000000086e+00	1.106160000000000032e+01
1.462499999999999911e+00	1.118290000000000006e+01
1.466099999999999959e+00	1.128190000000000026e+01
1.469700000000000006e+00	1.137049999999999983e+01
1.473300000000000054e+00	1.146069999999999922e+01
1.477000000000000091e+00	1.156409999999999982e+01
1.480599999999999916e+00	1.167900000000000027e+01
1.484199999999999964e+00	1.179170000000000051e+01
1.487800000000000011e+00	1.188840000000000074e+01
1.491400000000000059e+00	1.195550000000000068e+01
1.495000000000000107e+00	1.199660000000000082e+01
1.498599999999999932e+00	1.203800000000000026e+01
1.502199999999999980e+00	1.210810000000000031e+01
1.505800000000000027e+00	1.223479999999999990e+01
1.509400000000000075e+00	1.242159999999999975e+01
1.512999999999999901e+00	1.262119999999999997e+01
1.516599999999999948e+00	1.277970000000000006e+01
1.520199999999999996e+00	1.284319999999999951e+01
1.523800000000000043e+00	1.278159999999999918e+01
1.527500000000000080e+00	1.264209999999999923e+01
1.531099999999999905e+00	1.248760000000000048e+01
1.534699999999999953e+00	1.238119999999999976e+01
1.538300000000000001e+00	1.237439999999999962e+01
1.541900000000000048e+00	1.245909999999999940e+01
1.545500000000000096e+00	1.260749999999999993e+01
1.549099999999999921e+00	1.279160000000000075e+01
1.552699999999999969e+00	1.298559999999999981e+01
1.556300000000000017e+00	1.318050000000000033e+01
1.559900000000000064e+00	1.337599999999999945e+01
1.563499999999999890e+00	1.357189999999999941e+01
1.567099999999999937e+00	1.376699999999999946e+01
1.570699999999999985e+00	1.394379999999999953e+01
1.574300000000000033e+00	1.407179999999999964e+01
1.578000000000000069e+00	1.412040000000000006e+01
1.581599999999999895e+00	1.406039999999999957e+01
1.585199999999999942e+00	1.391479999999999961e+01
1.588799999999999990e+00	1.376820000000000022e+01
1.592400000000000038e+00	1.370899999999999963e+01
1.596000000000000085e+00	1.382510000000000083e+01
1.599599999999999911e+00	1.415070000000000050e+01
1.603199999999999958e+00	1.462310000000000088e+01
1.606800000000000006e+00	1.516900000000000048e+01
1.610400000000000054e+00	1.571540000000000070e+01
1.614000000000000101e+00	1.620589999999999975e+01
1.617599999999999927e+00	1.663109999999999999e+01
1.621199999999999974e+00	1.698959999999999937e+01
1.624800000000000022e+00	1.728040000000000020e+01
1.628500000000000059e+00	1.750150000000000006e+01
1.632100000000000106e+00	1.764809999999999945e+01
1.635699999999999932e+00	1.771450000000000102e+01
1.639299999999999979e+00	1.769480000000000075e+01
1.642900000000000027e+00	1.758830000000000027e+01
1.646500000000000075e+00	1.743110000000000070e+01
1.650099999999999900e+00	1.727590000000000003e+01
1.653699999999999948e+00	1.717549999999999955e+01
1.657299999999999995e+00	1.717849999999999966e+01
1.660900000000000043e+00	1.728020000000000067e+01
1.664500000000000091e+00	1.743909999999999982e+01
1.668099999999999916e+00	1.761309999999999931e+01
1.671699999999999964e+00	1.776139999999999830e+01
1.675400000000000000e+00	1.787920000000000087e+01
1.679000000000000048e+00	1.799909999999999854e+01
1.682600000000000096e+00	1.815549999999999997e+01
1.686199999999999921e+00	1.838230000000000075e+01
1.689799999999999969e+00	1.868919999999999959e+01
1.693400000000000016e+00	1.904729999999999990e+01
1.697000000000000064e+00	1.942409999999999926e+01
1.700599999999999890e+00	1.978719999999999857e+01
1.704199999999999937e+00	2.010369999999999990e+01
1.707799999999999985e+00	2.033930000000000149e+01
1.711400000000000032e+00	2.045919999999999916e+01
1.715000000000000080e+00	2.042899999999999849e+01
1.718599999999999905e+00	2.024380000000000024e+01
1.722199999999999953e+00	2.001490000000000080e+01
1.725899999999999990e+00	1.988200000000000145e+01
1.729500000000000037e+00	1.998460000000000036e+01
1.733100000000000085e+00	2.041989999999999839e+01
1.736699999999999910e+00	2.101539999999999964e+01
1.740299999999999958e+00	2.149429999999999907e+01
1.743900000000000006e+00	2.157929999999999993e+01
1.747500000000000053e+00	2.102769999999999939e+01
1.751100000000000101e+00	1.996519999999999939e+01
1.754699999999999926e+00	1.873930000000000007e+01
1.758299999999999974e+00	1.770080000000000098e+01
1.761900000000000022e+00	1.718639999999999901e+01
1.765500000000000069e+00	1.725590000000000046e+01
1.769099999999999895e+00	1.771559999999999846e+01
1.772699999999999942e+00	1.836220000000000141e+01
1.776399999999999979e+00	1.899449999999999861e+01
1.780000000000000027e+00	1.949830000000000041e+01
1.783600000000000074e+00	1.988050000000000139e+01
1.787199999999999900e+00	2.015660000000000096e+01
1.790799999999999947e+00	2.034260000000000090e+01
1.794399999999999995e+00	2.048659999999999926e+01
1.798000000000000043e+00	2.070599999999999952e+01
1.801600000000000090e+00	2.112679999999999936e+01
1.805199999999999916e+00	2.187490000000000023e+01
1.808799999999999963e+00	2.298549999999999827e+01
1.812400000000000011e+00	2.418860000000000099e+01
1.816000000000000059e+00	2.515020000000000167e+01
1.819600000000000106e+00	2.553590000000000160e+01
1.823199999999999932e+00	2.509530000000000172e+01
1.826899999999999968e+00	2.402860000000000085e+01
1.830500000000000016e+00	2.268809999999999860e+01
1.834100000000000064e+00	2.142610000000000170e+01
1.837699999999999889e+00	2.056400000000000006e+01
1.841299999999999937e+00	2.014509999999999934e+01
1.844899999999999984e+00	2.006660000000000110e+01
1.848500000000000032e+00	2.022429999999999950e+01
1.852100000000000080e+00	2.051429999999999865e+01
1.855699999999999905e+00	2.083549999999999969e+01
1.859299999999999953e+00	2.108930000000000149e+01
1.862900000000000000e+00	2.117699999999999960e+01
1.866500000000000048e+00	2.100290000000000035e+01
1.870100000000000096e+00	2.056180000000000163e+01
1.873699999999999921e+00	1.995939999999999870e+01
1.877399999999999958e+00	1.930790000000000006e+01
1.881000000000000005e+00	1.871940000000000026e+01
1.884600000000000053e+00	1.828300000000000125e+01
1.888200000000000101e+00	1.804489999999999839e+01
1.891799999999999926e+00	1.804690000000000083e+01
1.895399999999999974e+00	1.833060000000000045e+01
1.899000000000000021e+00	1.888769999999999882e+01
1.902600000000000069e+00	1.956510000000000105e+01
1.906199999999999894e+00	2.018339999999999890e+01
1.909799999999999942e+00	2.056350000000000122e+01
1.913399999999999990e+00	2.057659999999999911e+01
1.917000000000000037e+00	2.032929999999999993e+01
1.920600000000000085e+00	1.999660000000000082e+01
1.924199999999999910e+00	1.975319999999999965e+01
1.927899999999999947e+00	1.974729999999999919e+01
1.931499999999999995e+00	1.992249999999999943e+01
1.935100000000000042e+00	2.012879999999999825e+01
1.938700000000000090e+00	2.021580000000000155e+01
1.942299999999999915e+00	2.004599999999999937e+01
1.945899999999999963e+00	1.965469999999999828e+01
1.949500000000000011e+00	1.919879999999999853e+01
1.953100000000000058e+00	1.883780000000000143e+01
1.956700000000000106e+00	1.872840000000000060e+01
1.960299999999999931e+00	1.895619999999999905e+01
1.963899999999999979e+00	1.953079999999999927e+01
1.967500000000000027e+00	2.045830000000000126e+01
1.971100000000000074e+00	2.174360000000000070e+01
1.974699999999999900e+00	2.333470000000000155e+01
1.978399999999999936e+00	2.508660000000000068e+01
1.981999999999999984e+00	2.684560000000000102e+01
1.985600000000000032e+00	2.845830000000000126e+01
1.989200000000000079e+00	2.977120000000000033e+01
1.992799999999999905e+00	3.063080000000000069e+01
1.996399999999999952e+00	3.088360000000000127e+01
2.000000000000000000e+00	3.037600000000000122e+01
