2.000000000000000111e-01	-1.068084010842691223e+00
2.036000000000000032e-01	-1.450417113085041620e+00
2.071999999999999953e-01	-2.054917735263894762e+00
2.107999999999999874e-01	-2.178189145195572163e+00
2.144000000000000072e-01	-2.650773476005744200e+00
2.179999999999999993e-01	-2.470509685221106810e+00
2.215999999999999914e-01	-1.511763310108266367e+00
2.253000000000000003e-01	-2.461231233350184233e+00
2.288999999999999924e-01	-1.092691543229674878e+00
2.325000000000000122e-01	-2.919050810667903395e+00
2.361000000000000043e-01	-2.953357095212088890e+00
2.396999999999999964e-01	-2.950485098622782854e+00
2.432999999999999885e-01	-2.408077021862436773e+00
2.469000000000000083e-01	-2.271116958363362137e+00
2.505000000000000004e-01	-2.586375348304011279e+00
2.540999999999999925e-01	-2.570736511723116013e+00
2.576999999999999846e-01	-1.813779753730245359e+00
2.612999999999999767e-01	-1.570922583220953461e+00
2.649000000000000243e-01	-1.520971944751464466e+00
2.685000000000000164e-01	-1.400636296985859008e+00
2.721000000000000085e-01	-7.819708923636372599e-01
2.757999999999999896e-01	-1.499322892316998335e+00
2.793999999999999817e-01	-6.258182879713275470e-01
2.829999999999999738e-01	-9.012515013027955213e-02
2.866000000000000214e-01	-3.557843875273516421e-01
2.902000000000000135e-01	-1.924244931848033691e-01
2.938000000000000056e-01	4.342638482191693017e-01
2.973999999999999977e-01	-9.053189494718592023e-01
3.009999999999999898e-01	-1.095308081422829982e-02
3.045999999999999819e-01	6.126836093369126823e-01
3.081999999999999740e-01	-9.140258129830964862e-01
3.118000000000000216e-01	-3.264552492329908517e-02
3.154000000000000137e-01	-1.120215454179604109e+00
3.190000000000000058e-01	-2.299948967089129326e-01
3.225999999999999979e-01	-1.599645594375697755e+00
3.262999999999999790e-01	-1.389742259059335350e+00
3.299000000000000266e-01	-2.507545334275762983e+00
3.335000000000000187e-01	-2.554084387245109777e+00
3.371000000000000107e-01	-1.189402192478602016e+00
3.407000000000000028e-01	-1.868411173463306429e+00
3.442999999999999949e-01	-2.210271451002312926e+00
3.478999999999999870e-01	-2.944154142734308977e+00
3.514999999999999791e-01	-1.869105593917258945e+00
3.551000000000000267e-01	-4.070317265805241114e+00
3.587000000000000188e-01	-2.728541227274183800e+00
3.623000000000000109e-01	-1.879062296560710443e+00
3.659000000000000030e-01	-2.193593144098290981e+00
3.694999999999999951e-01	-2.109043576408073051e+00
3.730999999999999872e-01	-1.598478673723722210e+00
3.768000000000000238e-01	-1.418151240062740737e+00
3.804000000000000159e-01	-1.105153563141901385e+00
3.840000000000000080e-01	-7.488076248679221836e-01
3.876000000000000001e-01	-7.900055671564314430e-01
3.911999999999999922e-01	-6.406039883315928218e-01
3.947999999999999843e-01	1.979698747683380500e-01
3.983999999999999764e-01	-3.416320721909467673e-01
4.020000000000000240e-01	7.421527411890671555e-01
4.056000000000000161e-01	5.425763840862742882e-01
4.092000000000000082e-01	6.310892436112187642e-01
4.128000000000000003e-01	1.116225373146648492e+00
4.163999999999999924e-01	7.195840316519597213e-01
4.199999999999999845e-01	4.639613755696472830e-01
4.235999999999999766e-01	-4.518741433871809043e-02
4.273000000000000131e-01	-1.083846950055298020e-01
4.309000000000000052e-01	-5.563348635257028274e-01
4.344999999999999973e-01	-2.246634878039108774e-01
4.380999999999999894e-01	5.253050119860143141e-01
4.416999999999999815e-01	-1.518593888598427144e+00
4.452999999999999736e-01	-9.542563095658525008e-01
4.489000000000000212e-01	-1.964138979605012825e+00
4.525000000000000133e-01	-6.467187800400988618e-01
4.561000000000000054e-01	-1.229747242670953478e+00
4.596999999999999975e-01	-1.033859688629089835e+00
4.632999999999999896e-01	-1.745850076782685001e+00
4.668999999999999817e-01	-1.550571855924654407e+00
4.704999999999999738e-01	-1.899435187393290203e+00
4.741000000000000214e-01	-1.625883481976817979e+00
4.778000000000000025e-01	-6.588045610737562896e-01
4.813999999999999946e-01	-1.640668805594712953e+00
4.849999999999999867e-01	-1.712308738575321065e+00
4.885999999999999788e-01	-8.714838568599521107e-01
4.922000000000000264e-01	-1.049044765020938241e+00
4.958000000000000185e-01	-2.283982659486545330e-01
4.994000000000000106e-01	-7.506071911279581510e-01
5.030000000000000027e-01	7.930784622509947646e-01
5.066000000000000503e-01	3.268371430298699920e-02
5.101999999999999869e-01	-6.226147655303937434e-01
5.138000000000000345e-01	1.043891735908531793e+00
5.173999999999999710e-01	1.034443851303061823e+00
5.210000000000000187e-01	2.388412467571515985e-01
5.245999999999999552e-01	1.066858454903449660e+00
5.282999999999999918e-01	6.119123387119470570e-01
5.319000000000000394e-01	8.131874028276145916e-01
5.354999999999999760e-01	2.538415066358458705e-01
5.391000000000000236e-01	2.446193147787915079e-01
5.426999999999999602e-01	1.164232984062977483e+00
5.463000000000000078e-01	9.085837915749601645e-01
5.499000000000000554e-01	2.073331680070166771e-01
5.534999999999999920e-01	-4.677018233628482680e-03
5.571000000000000396e-01	2.563350317057891403e-01
5.606999999999999762e-01	-7.445479081490402606e-02
5.643000000000000238e-01	4.493532576006598056e-02
5.678999999999999604e-01	-6.700778653632418758e-01
5.715000000000000080e-01	3.186150849825315490e-01
5.752000000000000446e-01	-4.158811637424594254e-01
5.787999999999999812e-01	-1.075698938987222242e+00
5.824000000000000288e-01	-9.382214780068021120e-02
5.859999999999999654e-01	-7.660032054826475534e-01
5.896000000000000130e-01	-1.146077371676400558e-01
5.931999999999999496e-01	-9.274152922976679481e-01
5.967999999999999972e-01	-4.978423273028778628e-01
6.004000000000000448e-01	2.658824077765737925e-01
6.039999999999999813e-01	5.022458070544105757e-02
6.076000000000000290e-01	3.360759083917700951e-01
6.111999999999999655e-01	7.503773921900876998e-01
6.148000000000000131e-01	-1.438266023609324207e-01
6.183999999999999497e-01	2.020967447384494076e-01
6.219999999999999973e-01	1.000584633968255588e-01
6.257000000000000339e-01	5.096877909840709098e-01
6.292999999999999705e-01	5.929148808182547192e-01
6.329000000000000181e-01	1.420704736287702552e+00
6.364999999999999547e-01	1.070660542697123629e+00
6.401000000000000023e-01	5.528629883166953363e-01
6.437000000000000499e-01	1.062424452945417208e+00
6.472999999999999865e-01	1.985435298723731812e+00
6.509000000000000341e-01	1.758823175078679135e+00
6.544999999999999707e-01	1.714454418415490622e+00
6.581000000000000183e-01	1.380850895765499686e+00
6.616999999999999549e-01	1.251108703652293874e+00
6.653000000000000025e-01	1.972698479174293640e+00
6.689000000000000501e-01	1.650247913587479465e+00
6.724999999999999867e-01	1.072614862870577390e+00
6.762000000000000233e-01	1.020463302603149103e+00
6.797999999999999599e-01	1.552684963741173929e+00
6.834000000000000075e-01	1.671402388089285651e+00
6.870000000000000551e-01	1.649919042068905162e+00
6.905999999999999917e-01	1.553902820218719394e-01
6.942000000000000393e-01	9.298266768381859837e-01
6.977999999999999758e-01	6.800896072707988127e-01
7.014000000000000234e-01	5.422761332817238600e-01
7.049999999999999600e-01	2.963672237750424321e-01
7.086000000000000076e-01	4.871007869538346302e-01
7.122000000000000552e-01	3.557985668271652080e-01
7.157999999999999918e-01	1.988063738118043822e-01
7.194000000000000394e-01	6.397373764132451290e-01
7.229999999999999760e-01	7.451771746663663487e-01
7.267000000000000126e-01	7.905708629262547804e-01
7.302999999999999492e-01	1.185163443736387823e-01
7.338999999999999968e-01	4.095422426334112131e-01
7.375000000000000444e-01	1.065550801890440713e+00
7.410999999999999810e-01	1.549940077702875119e+00
7.447000000000000286e-01	2.559081355481866105e+00
7.482999999999999652e-01	9.473340001249038744e-01
7.519000000000000128e-01	1.664509332044847856e+00
7.554999999999999494e-01	1.594847555614214540e+00
7.590999999999999970e-01	2.438705756529127910e+00
7.627000000000000446e-01	2.842607140203024407e+00
7.662999999999999812e-01	2.433908715856995642e+00
7.699000000000000288e-01	2.591009815515762149e+00
7.734999999999999654e-01	2.857124781056825213e+00
7.772000000000000020e-01	2.888489871789903241e+00
7.808000000000000496e-01	2.089657090871421818e+00
7.843999999999999861e-01	3.031439139777263314e+00
7.880000000000000338e-01	3.354491483972670718e+00
7.915999999999999703e-01	2.137466762874558945e+00
7.952000000000000179e-01	2.867233686300777684e+00
7.987999999999999545e-01	2.108397534201931656e+00
8.024000000000000021e-01	1.720326711912552042e+00
8.060000000000000497e-01	1.434569462822612662e+00
8.095999999999999863e-01	2.429119185517877089e+00
8.132000000000000339e-01	1.446085079987584843e+00
8.167999999999999705e-01	1.646964168217710744e+00
8.204000000000000181e-01	1.584683419319684150e+00
8.239999999999999547e-01	2.077960287564601938e+00
8.276999999999999913e-01	1.858335224845510059e+00
8.313000000000000389e-01	1.896007141402959562e+00
8.348999999999999755e-01	1.961856675782078785e+00
8.385000000000000231e-01	2.714898939566008362e+00
8.420999999999999597e-01	3.145504442644152299e+00
8.457000000000000073e-01	1.992008449960090521e+00
8.493000000000000549e-01	2.738484625696406827e+00
8.528999999999999915e-01	2.863948172749473109e+00
8.565000000000000391e-01	3.700743240710005821e+00
8.600999999999999757e-01	3.534784837283366343e+00
8.637000000000000233e-01	3.686354861208598344e+00
8.672999999999999599e-01	4.607763814578626160e+00
8.709000000000000075e-01	5.446447051135904438e+00
8.745000000000000551e-01	5.217476612782551371e+00
8.781999999999999806e-01	4.630184298207144167e+00
8.818000000000000282e-01	4.890785958182302551e+00
8.853999999999999648e-01	5.873194318853021123e+00
8.890000000000000124e-01	5.696958908848152703e+00
8.925999999999999490e-01	5.340167331493813840e+00
8.961999999999999966e-01	5.675139322249925122e+00
8.998000000000000442e-01	5.317836274959597986e+00
9.033999999999999808e-01	4.864357793481699943e+00
9.070000000000000284e-01	5.124415633433324402e+00
9.105999999999999650e-01	4.875316566616461955e+00
9.142000000000000126e-01	4.280617498371896090e+00
9.177999999999999492e-01	4.362070340910607413e+00
9.213999999999999968e-01	3.184047955506852379e+00
9.251000000000000334e-01	3.931654016399267704e+00
9.286999999999999700e-01	4.769610124187278366e+00
9.323000000000000176e-01	4.033283971693068182e+00
9.358999999999999542e-01	4.020269087026424160e+00
9.395000000000000018e-01	3.817694901509045557e+00
9.431000000000000494e-01	4.751481421739276456e+00
9.466999999999999860e-01	4.792203116632713034e+00
9.503000000000000336e-01	4.888534571069993007e+00
9.538999999999999702e-01	4.658508495491558321e+00
9.575000000000000178e-01	4.773966163252509887e+00
9.610999999999999543e-01	5.186234781351965140e+00
9.647000000000000020e-01	5.489232651605171043e+00
9.683000000000000496e-01	5.232133249212116866e+00
9.718999999999999861e-01	5.961405708445481899e+00
9.756000000000000227e-01	5.716649435794456835e+00
9.791999999999999593e-01	6.306812430431905980e+00
9.828000000000000069e-01	6.676087646393273012e+00
9.864000000000000545e-01	7.552788607775021923e+00
9.899999999999999911e-01	6.217545873971282333e+00
9.936000000000000387e-01	7.264465897236860314e+00
9.971999999999999753e-01	5.230500194919356360e+00
1.000799999999999912e+00	6.785533626582143540e+00
1.004399999999999959e+00	5.612982333213740738e+00
1.008000000000000007e+00	6.368785650687955879e+00
1.011600000000000055e+00	5.528402097009085914e+00
1.015200000000000102e+00	5.388787264463812399e+00
1.018799999999999928e+00	5.814259118570690887e+00
1.022399999999999975e+00	5.234405205450299192e+00
1.026100000000000012e+00	4.120754583508509761e+00
1.029700000000000060e+00	5.185479787071402669e+00
1.033300000000000107e+00	5.235917208381215104e+00
1.036899999999999933e+00	5.283646533870784090e+00
1.040499999999999980e+00	4.578918539530801191e+00
1.044100000000000028e+00	5.339933016127115906e+00
1.047700000000000076e+00	4.468426408010373052e+00
1.051299999999999901e+00	4.266626513733212001e+00
1.054899999999999949e+00	5.052279145215480050e+00
1.058499999999999996e+00	4.598417369162254964e+00
1.062100000000000044e+00	4.686493687996676094e+00
1.065700000000000092e+00	5.050670419572936609e+00
1.069299999999999917e+00	5.676108404212149239e+00
1.072899999999999965e+00	5.660211781125783048e+00
1.076600000000000001e+00	6.464046280103078246e+00
1.080200000000000049e+00	6.214804762327958976e+00
1.083800000000000097e+00	6.550226181225004218e+00
1.087399999999999922e+00	7.225071658942659347e+00
1.090999999999999970e+00	6.087817568202192220e+00
1.094600000000000017e+00	6.416418020424618618e+00
1.098200000000000065e+00	6.513800228564763373e+00
1.101799999999999891e+00	6.682554155363685133e+00
1.105399999999999938e+00	6.435831010249904338e+00
1.108999999999999986e+00	6.059317796334053874e+00
1.112600000000000033e+00	7.113102766126393917e+00
1.116200000000000081e+00	6.441803264554755160e+00
1.119799999999999907e+00	6.508598811785832439e+00
1.123399999999999954e+00	7.115473197066717326e+00
1.127099999999999991e+00	7.118138190122992981e+00
1.130700000000000038e+00	7.353905726752817174e+00
1.134300000000000086e+00	5.338006076498075458e+00
1.137899999999999912e+00	6.168952802990993689e+00
1.141499999999999959e+00	6.988619442479972577e+00
1.145100000000000007e+00	6.824727487195078268e+00
1.148700000000000054e+00	5.705348311258509497e+00
1.152300000000000102e+00	5.016843350799122803e+00
1.155899999999999928e+00	5.565456552957135372e+00
1.159499999999999975e+00	6.033824497056373026e+00
1.163100000000000023e+00	6.574126399888079675e+00
1.166700000000000070e+00	5.556272932207041215e+00
1.170299999999999896e+00	5.785160435931650191e+00
1.173899999999999944e+00	5.614052422538593490e+00
1.177599999999999980e+00	6.120884733997564275e+00
1.181200000000000028e+00	6.526890892143156542e+00
1.184800000000000075e+00	6.565807988770133719e+00
1.188399999999999901e+00	6.303875221561700215e+00
1.191999999999999948e+00	7.374043013263259283e+00
1.195599999999999996e+00	6.883300678384498994e+00
1.199200000000000044e+00	7.632304607283922238e+00
1.202800000000000091e+00	7.597314331933667120e+00
1.206399999999999917e+00	7.623801114653793398e+00
1.209999999999999964e+00	8.876166343808108650e+00
1.213600000000000012e+00	8.367157633416299589e+00
1.217200000000000060e+00	8.201522808278301824e+00
1.220800000000000107e+00	7.846071558894351483e+00
1.224399999999999933e+00	8.507494907746909973e+00
1.228099999999999969e+00	8.025942674278770284e+00
1.231700000000000017e+00	7.952127489950803430e+00
1.235300000000000065e+00	8.694935495630344846e+00
1.238899999999999890e+00	8.372281956047066487e+00
1.242499999999999938e+00	8.884908001188993154e+00
1.246099999999999985e+00	7.974280111892559475e+00
1.249700000000000033e+00	8.744884077469837536e+00
1.253300000000000081e+00	8.958396282002102140e+00
1.256899999999999906e+00	9.347036820169133620e+00
1.260499999999999954e+00	8.900169772622207987e+00
1.264100000000000001e+00	8.779950864529157073e+00
1.267700000000000049e+00	7.068830882028668938e+00
1.271300000000000097e+00	8.351868657033699961e+00
1.274899999999999922e+00	7.532528630250411084e+00
1.278599999999999959e+00	7.786476231336337150e+00
1.282200000000000006e+00	8.075528148563492437e+00
1.285800000000000054e+00	8.006864754242929649e+00
1.289400000000000102e+00	8.685373239733147344e+00
1.292999999999999927e+00	8.070394454311335508e+00
1.296599999999999975e+00	7.408722008784200952e+00
1.300200000000000022e+00	8.570061933852787917e+00
1.303800000000000070e+00	7.934353783237463098e+00
1.307399999999999896e+00	9.177950967724658682e+00
1.310999999999999943e+00	9.076863806705100401e+00
1.314599999999999991e+00	9.901895937682272830e+00
1.318200000000000038e+00	1.016577427162352265e+01
1.321800000000000086e+00	9.797432020324393420e+00
1.325499999999999901e+00	9.854272690220412301e+00
1.329099999999999948e+00	9.565792870170204409e+00
1.332699999999999996e+00	9.798354642118694002e+00
1.336300000000000043e+00	9.453171506592777718e+00
1.339900000000000091e+00	1.089231815490533961e+01
1.343499999999999917e+00	1.055958825674039048e+01
1.347099999999999964e+00	9.980974116648939187e+00
1.350700000000000012e+00	1.056531601228370398e+01
1.354300000000000059e+00	1.008749556822981752e+01
1.357900000000000107e+00	1.008355476223660219e+01
1.361499999999999932e+00	1.102362090448453102e+01
1.365099999999999980e+00	1.068673462175627620e+01
1.368700000000000028e+00	1.057943625740757199e+01
1.372300000000000075e+00	1.149602046329257021e+01
1.375999999999999890e+00	1.076636173911315097e+01
1.379599999999999937e+00	1.109233596396111388e+01
1.383199999999999985e+00	1.125414878829692711e+01
1.386800000000000033e+00	1.175098249701282960e+01
1.390400000000000080e+00	1.104247961203966177e+01
1.393999999999999906e+00	9.841029386665057999e+00
1.397599999999999953e+00	9.441595273569655333e+00
1.401200000000000001e+00	1.043811738739795381e+01
1.404800000000000049e+00	9.995336928618870687e+00
1.408400000000000096e+00	9.492469334190845487e+00
1.411999999999999922e+00	1.052418758843446334e+01
1.415599999999999969e+00	9.773363930086212292e+00
1.419200000000000017e+00	1.009942088889768819e+01
1.422800000000000065e+00	1.013016680316736995e+01
1.426500000000000101e+00	9.373767311035393845e+00
1.430099999999999927e+00	1.004535196356983207e+01
1.433699999999999974e+00	1.007827255317391391e+01
1.437300000000000022e+00	1.072602451742489471e+01
1.440900000000000070e+00	1.107101800824148619e+01
1.444499999999999895e+00	1.150133500490708194e+01
1.448099999999999943e+00	1.129713976932274733e+01
1.451699999999999990e+00	1.159402525731487543e+01
1.455300000000000038e+00	1.135603305844599831e+01
1.458900000000000086e+00	1.121804533152591610e+01
1.462499999999999911e+00	1.197010060944327670e+01
1.466099999999999959e+00	1.192594176053181521e+01
1.469700000000000006e+00	1.210039989729621723e+01
1.473300000000000054e+00	1.089998872455052670e+01
1.477000000000000091e+00	1.230475503612673904e+01
1.480599999999999916e+00	1.125117605052170333e+01
1.484199999999999964e+00	1.186888000221399508e+01
1.487800000000000011e+00	1.343287656609641800e+01
1.491400000000000059e+00	1.316057911582853102e+01
1.495000000000000107e+00	1.226868595269948337e+01
1.498599999999999932e+00	1.197282444098554954e+01
1.502199999999999980e+00	1.229433452526603432e+01
1.505800000000000027e+00	1.239503283918908672e+01
1.509400000000000075e+00	1.208001150482849084e+01
1.512999999999999901e+00	1.377830780003814048e+01
1.516599999999999948e+00	1.252933848774646108e+01
1.520199999999999996e+00	1.345034918315713313e+01
1.523800000000000043e+00	1.382847123325518268e+01
1.527500000000000080e+00	1.252113507170020412e+01
1.531099999999999905e+00	1.204095034880320547e+01
1.534699999999999953e+00	1.262354906762378270e+01
1.538300000000000001e+00	1.214005170611219597e+01
1.541900000000000048e+00	1.357237952730811337e+01
1.545500000000000096e+00	1.291439538246464735e+01
1.549099999999999921e+00	1.395927977818502086e+01
1.552699999999999969e+00	1.390711136244423152e+01
1.556300000000000017e+00	1.439385624547897002e+01
1.559900000000000064e+00	1.399829877580907755e+01
1.563499999999999890e+00	1.412901472691349980e+01
1.567099999999999937e+00	1.427232971308428766e+01
1.570699999999999985e+00	1.483195408245502023e+01
1.574300000000000033e+00	1.458990876826679361e+01
1.578000000000000069e+00	1.444806692061145270e+01
1.581599999999999895e+00	1.466406386365941472e+01
1.585199999999999942e+00	1.394985360131880192e+01
1.588799999999999990e+00	1.427281831732424600e+01
1.592400000000000038e+00	1.425512957108574419e+01
1.596000000000000085e+00	1.379625107981180143e+01
1.599599999999999911e+00	1.531373368210769392e+01
1.603199999999999958e+00	1.605095563480622545e+01
1.606800000000000006e+00	1.552316652146940434e+01
1.610400000000000054e+00	1.626092224616261461e+01
1.614000000000000101e+00	1.636991079909132196e+01
1.617599999999999927e+00	1.602718679550419623e+01
1.621199999999999974e+00	1.716424260562390813e+01
1.624800000000000022e+00	1.843184564406514525e+01
1.628500000000000059e+00	1.847477550081958597e+01
1.632100000000000106e+00	1.743321046508710026e+01
1.635699999999999932e+00	1.839442412957194151e+01
1.639299999999999979e+00	1.715192028985869399e+01
1.642900000000000027e+00	1.872698312711409230e+01
1.646500000000000075e+00	1.813731403232679540e+01
1.650099999999999900e+00	1.809973900655146650e+01
1.653699999999999948e+00	1.771243601812629009e+01
1.657299999999999995e+00	1.806792038248197230e+01
1.660900000000000043e+00	1.785645431068445177e+01
1.664500000000000091e+00	1.754954275718295875e+01
1.668099999999999916e+00	1.772373605673279684e+01
1.671699999999999964e+00	1.818830624036673171e+01
1.675400000000000000e+00	1.859355274187268492e+01
1.679000000000000048e+00	1.886872694711526321e+01
1.682600000000000096e+00	1.839687172080687461e+01
1.686199999999999921e+00	1.836060793121135859e+01
1.689799999999999969e+00	1.892147660013165833e+01
1.693400000000000016e+00	1.868329292454487245e+01
1.697000000000000064e+00	2.028772684390735748e+01
1.700599999999999890e+00	1.988281331107571148e+01
1.704199999999999937e+00	2.049750916918464938e+01
1.707799999999999985e+00	2.043598725137875149e+01
1.711400000000000032e+00	2.022795455015389621e+01
1.715000000000000080e+00	2.099144601841430813e+01
1.718599999999999905e+00	2.001803617848159433e+01
1.722199999999999953e+00	2.055168348678578738e+01
1.725899999999999990e+00	1.974936835370505861e+01
1.729500000000000037e+00	2.103922109953930430e+01
1.733100000000000085e+00	2.041565524062395198e+01
1.736699999999999910e+00	2.130965189043158503e+01
1.740299999999999958e+00	2.192575938754568909e+01
1.743900000000000006e+00	2.227093227766127015e+01
1.747500000000000053e+00	2.196736569531256222e+01
1.751100000000000101e+00	1.985061749978106249e+01
1.754699999999999926e+00	1.910595857665920150e+01
1.758299999999999974e+00	1.857436724148110940e+01
1.761900000000000022e+00	1.758701550378799539e+01
1.765500000000000069e+00	1.796412448531700790e+01
1.769099999999999895e+00	1.793908207030471047e+01
1.772699999999999942e+00	1.860634951620144761e+01
1.776399999999999979e+00	2.019809561985566404e+01
1.780000000000000027e+00	1.962788802190173243e+01
1.783600000000000074e+00	2.052292483747747553e+01
1.787199999999999900e+00	2.113421082625947989e+01
1.790799999999999947e+00	2.015206592622601178e+01
1.794399999999999995e+00	2.089134085744387548e+01
1.798000000000000043e+00	2.148313436027681789e+01
1.801600000000000090e+00	2.143348856665841140e+01
1.805199999999999916e+00	2.268652103682008914e+01
1.808799999999999963e+00	2.253515350251027627e+01
1.812400000000000011e+00	2.502663773701563699e+01
1.816000000000000059e+00	2.651293319772323542e+01
1.819600000000000106e+00	2.673989175445456468e+01
1.823199999999999932e+00	2.614614583121485580e+01
1.826899999999999968e+00	2.455447076999958611e+01
1.830500000000000016e+00	2.409911851218869572e+01
1.834100000000000064e+00	2.126832080257798196e+01
1.837699999999999889e+00	2.150967326535396751e+01
1.841299999999999937e+00	2.168106444557790624e+01
1.844899999999999984e+00	1.993353293437410301e+01
1.848500000000000032e+00	2.068604825507344813e+01
1.852100000000000080e+00	2.090379670672464840e+01
1.855699999999999905e+00	2.101236716033360352e+01
1.859299999999999953e+00	2.139949067017566264e+01
1.862900000000000000e+00	2.206679332638323032e+01
1.866500000000000048e+00	2.146554902879808324e+01
1.870100000000000096e+00	2.118478043399008826e+01
1.873699999999999921e+00	2.017743878990602013e+01
1.877399999999999958e+00	1.944532717431639313e+01
1.881000000000000005e+00	1.961243211033823997e+01
1.884600000000000053e+00	1.813308379706777984e+01
1.888200000000000101e+00	1.858160773049892711e+01
1.891799999999999926e+00	1.883649639107789042e+01
1.895399999999999974e+00	1.838419523814495093e+01
1.899000000000000021e+00	1.852312703410535377e+01
1.902600000000000069e+00	1.999541372768925740e+01
1.906199999999999894e+00	2.047180664092885394e+01
1.909799999999999942e+00	2.065290495808946147e+01
1.913399999999999990e+00	2.115673221968607365e+01
1.917000000000000037e+00	2.073167875224151757e+01
1.920600000000000085e+00	2.023327800196841508e+01
1.924199999999999910e+00	2.000545312695669153e+01
1.927899999999999947e+00	1.995215102276202401e+01
1.931499999999999995e+00	2.086985827804539539e+01
1.935100000000000042e+00	2.055111402273666954e+01
1.938700000000000090e+00	2.100250719261227772e+01
1.942299999999999915e+00	2.055304682038898889e+01
1.945899999999999963e+00	1.999463072564981658e+01
1.949500000000000011e+00	1.996278173156386160e+01
1.953100000000000058e+00	1.939304831970054011e+01
1.956700000000000106e+00	1.902768282461866889e+01
1.960299999999999931e+00	1.929570561803094009e+01
1.963899999999999979e+00	1.985559736221255989e+01
1.967500000000000027e+00	2.121614504653461708e+01
1.971100000000000074e+00	2.246430084103882407e+01
1.974699999999999900e+00	2.373069617158032329e+01
1.978399999999999936e+00	2.545398472159238779e+01
1.981999999999999984e+00	2.771059874243621479e+01
1.985600000000000032e+00	2.977983103616587712e+01
1.989200000000000079e+00	2.985511053494269262e+01
1.992799999999999905e+00	3.079847541001685229e+01
1.996399999999999952e+00	3.087931075096055267e+01
2.000000000000000000e+00	3.108986409772576920e+01
