2.000000000000000111e-01	-1.711366470819200236e+00
2.036000000000000032e-01	-2.135987858176655596e+00
2.071999999999999953e-01	-1.819143087192231834e+00
2.107999999999999874e-01	-2.313852652824542666e+00
2.144000000000000072e-01	-2.408391764769723942e+00
2.179999999999999993e-01	-2.580933279996516116e+00
2.215999999999999914e-01	-2.800924381208938385e+00
2.253000000000000003e-01	-2.754016408137827554e+00
2.288999999999999924e-01	-2.980709751852935963e+00
2.325000000000000122e-01	-3.192268576073197917e+00
2.361000000000000043e-01	-3.149676611035540308e+00
2.396999999999999964e-01	-2.846537166691532672e+00
2.432999999999999885e-01	-2.698806405313475931e+00
2.469000000000000083e-01	-3.213032779993217680e+00
2.505000000000000004e-01	-2.708033361166366060e+00
2.540999999999999925e-01	-2.697800835388614704e+00
2.576999999999999846e-01	-2.517339790386717180e+00
2.612999999999999767e-01	-2.394286311090545460e+00
2.649000000000000243e-01	-2.460887467956941244e+00
2.685000000000000164e-01	-1.651138216225713329e+00
2.721000000000000085e-01	-1.876280121718503446e+00
2.757999999999999896e-01	-1.655474326641076521e+00
2.793999999999999817e-01	-1.282371221171390907e+00
2.829999999999999738e-01	-1.224496883276557702e+00
2.866000000000000214e-01	-7.409570687486833895e-01
2.902000000000000135e-01	-7.602839708094193405e-01
2.938000000000000056e-01	-5.249574985917647707e-01
2.973999999999999977e-01	-7.905609493229954765e-01
3.009999999999999898e-01	-1.015122649969789181e+00
3.045999999999999819e-01	-8.589743967301961547e-01
3.081999999999999740e-01	-7.127671217696865957e-01
3.118000000000000216e-01	-8.871527341383388388e-01
3.154000000000000137e-01	-9.835576086146179398e-01
3.190000000000000058e-01	-1.386932688558730087e+00
3.225999999999999979e-01	-1.483786223804086646e+00
3.262999999999999790e-01	-1.891876468957683910e+00
3.299000000000000266e-01	-1.822844485146311477e+00
3.335000000000000187e-01	-2.102523478553153691e+00
3.371000000000000107e-01	-2.575875146987387065e+00
3.407000000000000028e-01	-2.429135921651996100e+00
3.442999999999999949e-01	-2.783443970918594079e+00
3.478999999999999870e-01	-2.732763498770045096e+00
3.514999999999999791e-01	-2.823419514945781028e+00
3.551000000000000267e-01	-2.573431048426639389e+00
3.587000000000000188e-01	-2.705625990166226291e+00
3.623000000000000109e-01	-2.511320965741572930e+00
3.659000000000000030e-01	-2.307330125180971248e+00
3.694999999999999951e-01	-2.330551322276138482e+00
3.730999999999999872e-01	-2.038168309253718835e+00
3.768000000000000238e-01	-1.983444263756838577e+00
3.804000000000000159e-01	-1.562293430848828990e+00
3.840000000000000080e-01	-1.286239898973639217e+00
3.876000000000000001e-01	-1.140471362825083990e+00
3.911999999999999922e-01	-9.445029597725217441e-01
3.947999999999999843e-01	-6.719120234226492183e-01
3.983999999999999764e-01	-4.212539053218079532e-01
4.020000000000000240e-01	-9.661307857922235565e-02
4.056000000000000161e-01	-1.564621374246036312e-01
4.092000000000000082e-01	1.114725640650920946e-02
4.128000000000000003e-01	2.504120645740361417e-01
4.163999999999999924e-01	-1.246415442089561787e-01
4.199999999999999845e-01	7.747333454281933596e-02
4.235999999999999766e-01	-7.546024103632757718e-02
4.273000000000000131e-01	-9.110897411247848021e-02
4.309000000000000052e-01	-2.877770036916508789e-01
4.344999999999999973e-01	-7.288059951481745680e-01
4.380999999999999894e-01	-6.380938232293096313e-01
4.416999999999999815e-01	-9.059533435793674094e-01
4.452999999999999736e-01	-1.047084621468256094e+00
4.489000000000000212e-01	-1.619745375625815553e+00
4.525000000000000133e-01	-1.457917817835880481e+00
4.561000000000000054e-01	-1.495326771085784490e+00
4.596999999999999975e-01	-1.721540753258396839e+00
4.632999999999999896e-01	-1.699993256024806998e+00
4.668999999999999817e-01	-1.936092804865737316e+00
4.704999999999999738e-01	-1.749442266220804676e+00
4.741000000000000214e-01	-1.859274223246322855e+00
4.778000000000000025e-01	-1.775002932993882565e+00
4.813999999999999946e-01	-1.620200470949307192e+00
4.849999999999999867e-01	-1.593267535518051892e+00
4.885999999999999788e-01	-1.312493792621359345e+00
4.922000000000000264e-01	-1.322907510893081895e+00
4.958000000000000185e-01	-8.658717307811432118e-01
4.994000000000000106e-01	-5.920812368332372122e-01
5.030000000000000027e-01	-5.315299082293631905e-01
5.066000000000000503e-01	-5.574593985210599678e-01
5.101999999999999869e-01	-2.991534926878591794e-01
5.138000000000000345e-01	-2.503607775259678037e-02
5.173999999999999710e-01	-2.915072968059011227e-02
5.210000000000000187e-01	2.279538540804722790e-01
5.245999999999999552e-01	9.625072856190765302e-02
5.282999999999999918e-01	2.212671736761132602e-01
5.319000000000000394e-01	3.590437643662934830e-01
5.354999999999999760e-01	2.124416512771575838e-01
5.391000000000000236e-01	6.469800223404069406e-02
5.426999999999999602e-01	1.375110070906542248e-01
5.463000000000000078e-01	-7.966761996797852574e-02
5.499000000000000554e-01	1.831427107527166531e-01
5.534999999999999920e-01	-1.876277940310027703e-01
5.571000000000000396e-01	-2.930423043917126380e-01
5.606999999999999762e-01	-2.998204972796132406e-01
5.643000000000000238e-01	-2.167479689263350218e-01
5.678999999999999604e-01	-3.382800902475049387e-01
5.715000000000000080e-01	-6.761246123316576595e-01
5.752000000000000446e-01	-7.222729810119832283e-01
5.787999999999999812e-01	-5.870398516304402570e-01
5.824000000000000288e-01	-6.621688623245807204e-01
5.859999999999999654e-01	-8.007215441790339616e-01
5.896000000000000130e-01	-6.976713008459158871e-01
5.931999999999999496e-01	-4.722901784623559918e-01
5.967999999999999972e-01	-5.031602073291551180e-01
6.004000000000000448e-01	-5.635923767618378211e-02
6.039999999999999813e-01	-2.387563808051254566e-01
6.076000000000000290e-01	-3.413166779142490226e-01
6.111999999999999655e-01	-5.733021645556882206e-02
6.148000000000000131e-01	1.206778422481400159e-01
6.183999999999999497e-01	1.639903885597063238e-01
6.219999999999999973e-01	3.428062728065545683e-01
6.257000000000000339e-01	6.287160967944624979e-01
6.292999999999999705e-01	6.186192253931591667e-01
6.329000000000000181e-01	8.965451923978003945e-01
6.364999999999999547e-01	8.323982064519537261e-01
6.401000000000000023e-01	1.100652257410706936e+00
6.437000000000000499e-01	1.131680885213404597e+00
6.472999999999999865e-01	1.293343087659689861e+00
6.509000000000000341e-01	1.512496665081643599e+00
6.544999999999999707e-01	1.385663515599364848e+00
6.581000000000000183e-01	1.431347223284426429e+00
6.616999999999999549e-01	1.404888906996542230e+00
6.653000000000000025e-01	1.494575002015551046e+00
6.689000000000000501e-01	1.300116658233733125e+00
6.724999999999999867e-01	1.145229214204910084e+00
6.762000000000000233e-01	1.380583477738922982e+00
6.797999999999999599e-01	9.312872145097970122e-01
6.834000000000000075e-01	9.528282010969818527e-01
6.870000000000000551e-01	8.506036869042379323e-01
6.905999999999999917e-01	3.628398818559930294e-01
6.942000000000000393e-01	3.245535962999003821e-01
6.977999999999999758e-01	2.098583461692977159e-01
7.014000000000000234e-01	-1.594131798728535276e-01
7.049999999999999600e-01	-1.028940448525250684e-01
7.086000000000000076e-01	-2.582154513496742743e-01
7.122000000000000552e-01	-3.942780649103917734e-02
7.157999999999999918e-01	1.766120100657794789e-02
7.194000000000000394e-01	-1.232959601058154775e-02
7.229999999999999760e-01	3.324308134047909702e-01
7.267000000000000126e-01	3.871951334792066990e-01
7.302999999999999492e-01	4.734067654079981979e-01
7.338999999999999968e-01	9.200215454008883187e-01
7.375000000000000444e-01	7.461720051048323921e-01
7.410999999999999810e-01	9.736868947667760565e-01
7.447000000000000286e-01	1.401952270703842984e+00
7.482999999999999652e-01	1.673102304903391513e+00
7.519000000000000128e-01	1.653515132999071602e+00
7.554999999999999494e-01	1.869815691573968319e+00
7.590999999999999970e-01	1.917199194667873696e+00
7.627000000000000446e-01	1.984962156989198423e+00
7.662999999999999812e-01	2.342467300410332687e+00
7.699000000000000288e-01	2.616897620633781507e+00
7.734999999999999654e-01	2.315212439360946117e+00
7.772000000000000020e-01	2.539805213650912386e+00
7.808000000000000496e-01	2.132300818113888052e+00
7.843999999999999861e-01	2.112007843421487507e+00
7.880000000000000338e-01	1.949921147808010735e+00
7.915999999999999703e-01	2.266901126457497639e+00
7.952000000000000179e-01	1.717160142055955907e+00
7.987999999999999545e-01	1.754434489681266474e+00
8.024000000000000021e-01	1.457721466858542758e+00
8.060000000000000497e-01	1.476420260476742463e+00
8.095999999999999863e-01	1.241019248036998368e+00
8.132000000000000339e-01	1.133225309628947963e+00
8.167999999999999705e-01	1.154095264787917019e+00
8.204000000000000181e-01	1.281144239510029204e+00
8.239999999999999547e-01	1.061192114164314138e+00
8.276999999999999913e-01	1.654841929443588100e+00
8.313000000000000389e-01	1.613139055069252148e+00
8.348999999999999755e-01	1.812823146176204769e+00
8.385000000000000231e-01	1.967211055676155285e+00
8.420999999999999597e-01	1.997444719333757890e+00
8.457000000000000073e-01	2.636782383138777774e+00
8.493000000000000549e-01	2.784576765579302116e+00
8.528999999999999915e-01	2.893645585424995836e+00
8.565000000000000391e-01	3.435980717239723425e+00
8.600999999999999757e-01	3.876656574686391910e+00
8.637000000000000233e-01	3.978396466728508329e+00
8.672999999999999599e-01	4.033307814759435672e+00
8.709000000000000075e-01	4.479128037931086936e+00
8.745000000000000551e-01	4.484812522382015665e+00
8.781999999999999806e-01	4.735424875315393578e+00
8.818000000000000282e-01	4.789745957059159842e+00
8.853999999999999648e-01	5.207611567608175562e+00
8.890000000000000124e-01	5.044593714897033898e+00
8.925999999999999490e-01	5.155205012788227847e+00
8.961999999999999966e-01	5.106289364968322531e+00
8.998000000000000442e-01	4.662299392421335398e+00
9.033999999999999808e-01	4.591482897325290580e+00
9.070000000000000284e-01	4.597828789734352384e+00
9.105999999999999650e-01	4.346735577481013912e+00
9.142000000000000126e-01	4.048769662728934904e+00
9.177999999999999492e-01	4.070174078197918099e+00
9.213999999999999968e-01	3.871448790924841621e+00
9.251000000000000334e-01	3.426129434784847660e+00
9.286999999999999700e-01	3.836094266247990880e+00
9.323000000000000176e-01	3.669072168661654754e+00
9.358999999999999542e-01	3.594219385644501052e+00
9.395000000000000018e-01	3.786852258799583204e+00
9.431000000000000494e-01	3.632109422633204243e+00
9.466999999999999860e-01	4.066636580023416769e+00
9.503000000000000336e-01	4.139592448874739539e+00
9.538999999999999702e-01	4.682924782973834965e+00
9.575000000000000178e-01	4.717156340659617975e+00
9.610999999999999543e-01	4.758883961787270245e+00
9.647000000000000020e-01	4.928316123894137313e+00
9.683000000000000496e-01	5.497514373075922833e+00
9.718999999999999861e-01	5.291734892094556386e+00
9.756000000000000227e-01	5.601363458425550057e+00
9.791999999999999593e-01	5.816434690513375472e+00
9.828000000000000069e-01	6.071742013564310980e+00
9.864000000000000545e-01	5.697705106260989361e+00
9.899999999999999911e-01	6.120130843198175796e+00
9.936000000000000387e-01	6.116769033803957534e+00
9.971999999999999753e-01	5.563620084446639247e+00
1.000799999999999912e+00	5.578569127039215481e+00
1.004399999999999959e+00	5.460384259329925882e+00
1.008000000000000007e+00	5.403240257025747617e+00
1.011600000000000055e+00	5.486528222063461691e+00
1.015200000000000102e+00	5.003919506836083997e+00
1.018799999999999928e+00	5.159424918837283158e+00
1.022399999999999975e+00	4.677528221621109594e+00
1.026100000000000012e+00	4.645993594258148285e+00
1.029700000000000060e+00	4.487205685425719182e+00
1.033300000000000107e+00	4.706304133664124478e+00
1.036899999999999933e+00	4.553484376952816604e+00
1.040499999999999980e+00	4.458632753904726798e+00
1.044100000000000028e+00	4.430691997783087643e+00
1.047700000000000076e+00	4.467237766260985232e+00
1.051299999999999901e+00	4.111628913446703670e+00
1.054899999999999949e+00	4.245328426809075850e+00
1.058499999999999996e+00	4.483405270094464434e+00
1.062100000000000044e+00	4.575197916458069614e+00
1.065700000000000092e+00	4.680052855144968049e+00
1.069299999999999917e+00	5.047453700799009013e+00
1.072899999999999965e+00	5.243180349643349558e+00
1.076600000000000001e+00	5.318864720684573832e+00
1.080200000000000049e+00	5.523075195155511707e+00
1.083800000000000097e+00	5.899813740359461711e+00
1.087399999999999922e+00	6.005114473703010880e+00
1.090999999999999970e+00	6.047137387687449461e+00
1.094600000000000017e+00	6.247910340702815368e+00
1.098200000000000065e+00	6.449305544193967954e+00
1.101799999999999891e+00	6.242717825189998848e+00
1.105399999999999938e+00	6.482276513023397690e+00
1.108999999999999986e+00	6.317207329128869731e+00
1.112600000000000033e+00	6.104634034757557615e+00
1.116200000000000081e+00	5.932511638056421788e+00
1.119799999999999907e+00	5.848532071440643243e+00
1.123399999999999954e+00	5.920703788456034289e+00
1.127099999999999991e+00	6.006981758719727615e+00
1.130700000000000038e+00	5.812183284022355956e+00
1.134300000000000086e+00	5.834237056041075675e+00
1.137899999999999912e+00	5.744671722837601635e+00
1.141499999999999959e+00	5.870266952706606922e+00
1.145100000000000007e+00	5.686054107265329449e+00
1.148700000000000054e+00	5.901894250162562194e+00
1.152300000000000102e+00	5.842122980314801595e+00
1.155899999999999928e+00	5.495401535665814130e+00
1.159499999999999975e+00	5.426533284904781596e+00
1.163100000000000023e+00	5.174694167488091523e+00
1.166700000000000070e+00	5.435118023269292387e+00
1.170299999999999896e+00	5.599186957984592539e+00
1.173899999999999944e+00	5.883218120085421887e+00
1.177599999999999980e+00	6.043398100877283241e+00
1.181200000000000028e+00	6.391248635153366386e+00
1.184800000000000075e+00	6.143342898356612736e+00
1.188399999999999901e+00	6.589187859298656136e+00
1.191999999999999948e+00	6.586661635427156547e+00
1.195599999999999996e+00	6.844415589949741197e+00
1.199200000000000044e+00	6.767342782981257798e+00
1.202800000000000091e+00	7.126278032413968511e+00
1.206399999999999917e+00	7.163609616169299699e+00
1.209999999999999964e+00	7.424573706455476874e+00
1.213600000000000012e+00	7.311410894300847119e+00
1.217200000000000060e+00	7.729800160000044329e+00
1.220800000000000107e+00	7.981476989330334781e+00
1.224399999999999933e+00	7.771793508830436181e+00
1.228099999999999969e+00	7.865012644017233434e+00
1.231700000000000017e+00	7.846442607378719458e+00
1.235300000000000065e+00	8.131956613787409083e+00
1.238899999999999890e+00	8.064738435471099365e+00
1.242499999999999938e+00	8.255687439106127457e+00
1.246099999999999985e+00	8.358114462860402938e+00
1.249700000000000033e+00	8.352658766307920146e+00
1.253300000000000081e+00	8.275374049817168398e+00
1.256899999999999906e+00	8.051853000419496809e+00
1.260499999999999954e+00	7.783075390524842874e+00
1.264100000000000001e+00	7.595447646213536963e+00
1.267700000000000049e+00	7.610657266910018315e+00
1.271300000000000097e+00	7.568231608343058525e+00
1.274899999999999922e+00	7.604355345336240468e+00
1.278599999999999959e+00	7.416692007668154396e+00
1.282200000000000006e+00	7.485609658212082351e+00
1.285800000000000054e+00	7.467430083387610829e+00
1.289400000000000102e+00	7.640916918561877935e+00
1.292999999999999927e+00	7.833794539090821019e+00
1.296599999999999975e+00	8.168597373245505722e+00
1.300200000000000022e+00	8.057853389252766618e+00
1.303800000000000070e+00	8.285574812386670374e+00
1.307399999999999896e+00	8.450786878668173685e+00
1.310999999999999943e+00	8.402825208242264310e+00
1.314599999999999991e+00	8.807482985079897020e+00
1.318200000000000038e+00	8.949458441379126938e+00
1.321800000000000086e+00	9.166779083440502518e+00
1.325499999999999901e+00	9.315065513934397856e+00
1.329099999999999948e+00	9.564221712701742817e+00
1.332699999999999996e+00	9.742363016628324601e+00
1.336300000000000043e+00	9.812644496687909168e+00
1.339900000000000091e+00	9.854536912318460296e+00
1.343499999999999917e+00	1.001425381357405797e+01
1.347099999999999964e+00	1.037597769953872451e+01
1.350700000000000012e+00	1.067168802367512193e+01
1.354300000000000059e+00	1.047385754837884697e+01
1.357900000000000107e+00	1.031545869965174234e+01
1.361499999999999932e+00	1.070195676622874004e+01
1.365099999999999980e+00	1.065972433686662768e+01
1.368700000000000028e+00	1.062952117875086344e+01
1.372300000000000075e+00	1.037639621328621331e+01
1.375999999999999890e+00	1.053251818178417309e+01
1.379599999999999937e+00	1.075841753743646834e+01
1.383199999999999985e+00	1.072831912264627441e+01
1.386800000000000033e+00	1.067088555435836028e+01
1.390400000000000080e+00	1.059633222993202928e+01
1.393999999999999906e+00	1.025935769406066811e+01
1.397599999999999953e+00	1.008343960572271314e+01
1.401200000000000001e+00	1.019384779884059533e+01
1.404800000000000049e+00	9.859052769330098442e+00
1.408400000000000096e+00	9.764926950811156914e+00
1.411999999999999922e+00	9.955020104603953257e+00
1.415599999999999969e+00	9.679693758292543748e+00
1.419200000000000017e+00	9.904272374737018936e+00
1.422800000000000065e+00	9.761254180759232568e+00
1.426500000000000101e+00	9.933093842541632412e+00
1.430099999999999927e+00	1.012573345811458836e+01
1.433699999999999974e+00	9.989436872814415835e+00
1.437300000000000022e+00	1.011283066837581579e+01
1.440900000000000070e+00	1.050316185817070114e+01
1.444499999999999895e+00	1.037084922352892491e+01
1.448099999999999943e+00	1.101000943670671184e+01
1.451699999999999990e+00	1.084324377672741946e+01
1.455300000000000038e+00	1.106896108780566124e+01
1.458900000000000086e+00	1.107588074101044384e+01
1.462499999999999911e+00	1.149774615220895413e+01
1.466099999999999959e+00	1.151646970524966385e+01
1.469700000000000006e+00	1.131246709482235779e+01
1.473300000000000054e+00	1.156943931125572433e+01
1.477000000000000091e+00	1.162548451156777141e+01
1.480599999999999916e+00	1.182060042616602935e+01
1.484199999999999964e+00	1.186356953653518076e+01
1.487800000000000011e+00	1.214351976440789116e+01
1.491400000000000059e+00	1.209317354144697809e+01
1.495000000000000107e+00	1.208163572432188282e+01
1.498599999999999932e+00	1.218459152353402075e+01
1.502199999999999980e+00	1.240633805802610645e+01
1.505800000000000027e+00	1.241639629937368916e+01
1.509400000000000075e+00	1.240726733221705658e+01
1.512999999999999901e+00	1.256170894186385567e+01
1.516599999999999948e+00	1.295705417110353608e+01
1.520199999999999996e+00	1.322572166196708743e+01
1.523800000000000043e+00	1.291439111326877232e+01
1.527500000000000080e+00	1.246011513643744451e+01
1.531099999999999905e+00	1.246048909045978625e+01
1.534699999999999953e+00	1.251838350530642607e+01
1.538300000000000001e+00	1.236775879842280546e+01
1.541900000000000048e+00	1.261805519145010201e+01
1.545500000000000096e+00	1.278050754042876669e+01
1.549099999999999921e+00	1.295364664211936301e+01
1.552699999999999969e+00	1.292145814234674539e+01
1.556300000000000017e+00	1.347344782045188261e+01
1.559900000000000064e+00	1.331792464085656569e+01
1.563499999999999890e+00	1.364714511379189332e+01
1.567099999999999937e+00	1.385674491818725684e+01
1.570699999999999985e+00	1.389940803655871804e+01
1.574300000000000033e+00	1.426015032408693983e+01
1.578000000000000069e+00	1.442003631500327110e+01
1.581599999999999895e+00	1.431120115030865314e+01
1.585199999999999942e+00	1.395284464001164260e+01
1.588799999999999990e+00	1.390876767874709330e+01
1.592400000000000038e+00	1.372682142324877574e+01
1.596000000000000085e+00	1.381966268834123390e+01
1.599599999999999911e+00	1.411360637049554079e+01
1.603199999999999958e+00	1.469116429740035912e+01
1.606800000000000006e+00	1.515491023614789334e+01
1.610400000000000054e+00	1.601553060624221558e+01
1.614000000000000101e+00	1.651207397495281270e+01
1.617599999999999927e+00	1.670412744684575657e+01
1.621199999999999974e+00	1.700244261276234425e+01
1.624800000000000022e+00	1.728677669108617465e+01
1.628500000000000059e+00	1.751112190154950454e+01
1.632100000000000106e+00	1.751106357550156645e+01
1.635699999999999932e+00	1.760247754254155339e+01
1.639299999999999979e+00	1.769377305861694794e+01
1.642900000000000027e+00	1.769723125328497915e+01
1.646500000000000075e+00	1.761908607246092373e+01
1.650099999999999900e+00	1.761823476781782105e+01
1.653699999999999948e+00	1.732665280976310385e+01
1.657299999999999995e+00	1.733113350632079985e+01
1.660900000000000043e+00	1.752792820917049355e+01
1.664500000000000091e+00	1.750852385833440650e+01
1.668099999999999916e+00	1.774378715120342065e+01
1.671699999999999964e+00	1.802730712423248605e+01
1.675400000000000000e+00	1.770492863385219451e+01
1.679000000000000048e+00	1.808693824073590761e+01
1.682600000000000096e+00	1.813038657593933323e+01
1.686199999999999921e+00	1.851991192824346300e+01
1.689799999999999969e+00	1.870744845839253045e+01
1.693400000000000016e+00	1.905469266152903529e+01
1.697000000000000064e+00	1.978071200525781492e+01
1.700599999999999890e+00	1.970605943439231211e+01
1.704199999999999937e+00	2.023030123530033819e+01
1.707799999999999985e+00	2.054785671441741357e+01
1.711400000000000032e+00	2.060268816612773435e+01
1.715000000000000080e+00	2.052222893639786960e+01
1.718599999999999905e+00	2.035639222479487032e+01
1.722199999999999953e+00	1.999275508473157714e+01
1.725899999999999990e+00	2.001317598769196593e+01
1.729500000000000037e+00	1.999209646386846728e+01
1.733100000000000085e+00	2.041879034121529202e+01
1.736699999999999910e+00	2.131302303701719580e+01
1.740299999999999958e+00	2.155846696298675269e+01
1.743900000000000006e+00	2.185452795318697383e+01
1.747500000000000053e+00	2.138874009854397684e+01
1.751100000000000101e+00	2.002263310673541241e+01
1.754699999999999926e+00	1.900489852622341758e+01
1.758299999999999974e+00	1.762413276100893711e+01
1.761900000000000022e+00	1.714671335558456633e+01
1.765500000000000069e+00	1.730608840444423180e+01
1.769099999999999895e+00	1.800602514771607332e+01
1.772699999999999942e+00	1.852412663992962649e+01
1.776399999999999979e+00	1.919877408305507416e+01
1.780000000000000027e+00	1.981952749554188031e+01
1.783600000000000074e+00	2.008255134672512909e+01
1.787199999999999900e+00	2.035392803650846005e+01
1.790799999999999947e+00	2.038643524757011960e+01
1.794399999999999995e+00	2.061097318759917840e+01
1.798000000000000043e+00	2.114916243709281929e+01
1.801600000000000090e+00	2.136788278475349756e+01
1.805199999999999916e+00	2.179834909190002179e+01
1.808799999999999963e+00	2.287358924575080010e+01
1.812400000000000011e+00	2.423948922348633772e+01
1.816000000000000059e+00	2.530526512639271530e+01
1.819600000000000106e+00	2.559276150419736950e+01
1.823199999999999932e+00	2.530655936824294727e+01
1.826899999999999968e+00	2.404084762259146402e+01
1.830500000000000016e+00	2.285343525593964387e+01
1.834100000000000064e+00	2.167160645477533976e+01
1.837699999999999889e+00	2.083639211690453763e+01
1.841299999999999937e+00	2.046382372155632368e+01
1.844899999999999984e+00	2.020605027706371359e+01
1.848500000000000032e+00	2.043759444714525131e+01
1.852100000000000080e+00	2.073315603986009492e+01
1.855699999999999905e+00	2.097158001539273187e+01
1.859299999999999953e+00	2.121473463263543735e+01
1.862900000000000000e+00	2.152693539242041965e+01
1.866500000000000048e+00	2.131053194813275553e+01
1.870100000000000096e+00	2.008829666853193174e+01
1.873699999999999921e+00	2.016937333897827855e+01
1.877399999999999958e+00	1.958165421510648585e+01
1.881000000000000005e+00	1.848253097915511489e+01
1.884600000000000053e+00	1.857907233794148283e+01
1.888200000000000101e+00	1.811006844531904747e+01
1.891799999999999926e+00	1.831187582915499590e+01
1.895399999999999974e+00	1.871395007131037858e+01
1.899000000000000021e+00	1.906296240297860223e+01
1.902600000000000069e+00	1.967146071091424986e+01
1.906199999999999894e+00	2.034470221921484168e+01
1.909799999999999942e+00	2.058231610586081572e+01
1.913399999999999990e+00	2.096927290536222444e+01
1.917000000000000037e+00	2.051041674182171448e+01
1.920600000000000085e+00	2.005006435908981999e+01
1.924199999999999910e+00	1.993089128771475416e+01
1.927899999999999947e+00	2.003311812809555192e+01
1.931499999999999995e+00	2.012601955868084858e+01
1.935100000000000042e+00	2.010886356227601013e+01
1.938700000000000090e+00	2.035486447760999695e+01
1.942299999999999915e+00	2.021340977555063390e+01
1.945899999999999963e+00	1.974821561332040787e+01
1.949500000000000011e+00	1.944254056417083731e+01
1.953100000000000058e+00	1.891282773574740617e+01
1.956700000000000106e+00	1.875894733137564785e+01
1.960299999999999931e+00	1.902001073845724832e+01
1.963899999999999979e+00	1.961594287480099297e+01
1.967500000000000027e+00	2.061346687968316616e+01
1.971100000000000074e+00	2.220681358309504816e+01
1.974699999999999900e+00	2.362198813419049870e+01
1.978399999999999936e+00	2.525596116623752252e+01
1.981999999999999984e+00	2.737359742045526545e+01
1.985600000000000032e+00	2.852038353488479672e+01
1.989200000000000079e+00	3.020009732514269629e+01
1.992799999999999905e+00	3.081594741485190880e+01
1.996399999999999952e+00	3.118901224670295846e+01
2.000000000000000000e+00	3.072052555035673294e+01
