2.000000000000000111e-01	9.372110304441474415e-01
2.036000000000000032e-01	-5.111369563187397880e-01
2.071999999999999953e-01	7.485225336351191139e-01
2.107999999999999874e-01	1.457145056127133298e+00
2.144000000000000072e-01	1.803622542388104488e+00
2.179999999999999993e-01	1.648667901547885783e+00
2.215999999999999914e-01	3.752033278068480193e+00
2.253000000000000003e-01	3.823305352459855921e+00
2.288999999999999924e-01	3.406571707241261571e+00
2.325000000000000122e-01	4.695819406917432381e+00
2.361000000000000043e-01	4.040805537218880694e+00
2.396999999999999964e-01	3.303078547075398497e+00
2.432999999999999885e-01	2.112388403086386202e+00
2.469000000000000083e-01	2.950591485886275844e+00
2.505000000000000004e-01	1.615327916831618138e+00
2.540999999999999925e-01	1.941383471470088384e+00
2.576999999999999846e-01	1.058151536646152469e+00
2.612999999999999767e-01	2.943610525197809302e+00
2.649000000000000243e-01	1.652870786424129435e+00
2.685000000000000164e-01	1.207262915009193582e+00
2.721000000000000085e-01	1.773700837250989037e+00
2.757999999999999896e-01	3.518314007479251160e+00
2.793999999999999817e-01	1.758374759109915697e+00
2.829999999999999738e-01	3.464933773700285435e+00
2.866000000000000214e-01	3.914484977458959847e+00
2.902000000000000135e-01	3.306431375170259646e+00
2.938000000000000056e-01	5.116838722235199199e+00
2.973999999999999977e-01	3.711394511345316616e+00
3.009999999999999898e-01	3.872183776811561007e+00
3.045999999999999819e-01	3.396514648459497021e+00
3.081999999999999740e-01	3.840620185697455113e+00
3.118000000000000216e-01	3.735561186548861379e+00
3.154000000000000137e-01	2.667684937535359957e+00
3.190000000000000058e-01	2.421611493401746529e+00
3.225999999999999979e-01	1.067687946204034066e+00
3.262999999999999790e-01	-2.280304752805758506e-01
3.299000000000000266e-01	1.808722899531493566e-01
3.335000000000000187e-01	6.769599948626727759e-01
3.371000000000000107e-01	1.912218675562246339e+00
3.407000000000000028e-01	2.179485903879160524e+00
3.442999999999999949e-01	1.592656913085820136e+00
3.478999999999999870e-01	2.675208894367406387e+00
3.514999999999999791e-01	2.371425081384073152e+00
3.551000000000000267e-01	3.594894251436987709e+00
3.587000000000000188e-01	2.836614243143821934e+00
3.623000000000000109e-01	4.083663977393127809e+00
3.659000000000000030e-01	3.586254417289489904e+00
3.694999999999999951e-01	3.685624419704922605e+00
3.730999999999999872e-01	2.792993212117289126e+00
3.768000000000000238e-01	3.875089613040308745e+00
3.804000000000000159e-01	2.601090164957317263e+00
3.840000000000000080e-01	2.559370420665351364e+00
3.876000000000000001e-01	8.981312214763711443e-01
3.911999999999999922e-01	2.889269232927540454e-01
3.947999999999999843e-01	1.861196210510042359e+00
3.983999999999999764e-01	7.017549828466522754e-01
4.020000000000000240e-01	1.085411703161500707e+00
4.056000000000000161e-01	2.783460242805114504e+00
4.092000000000000082e-01	1.766162723313473126e+00
4.128000000000000003e-01	4.920786526047748133e+00
4.163999999999999924e-01	2.019980694107335495e+00
4.199999999999999845e-01	3.313170646686778742e+00
4.235999999999999766e-01	3.359434883555420193e+00
4.273000000000000131e-01	2.405288843487880523e+00
4.309000000000000052e-01	3.606534542015298772e+00
4.344999999999999973e-01	5.087987147601245930e+00
4.380999999999999894e-01	3.863747154780837079e+00
4.416999999999999815e-01	2.814189338005472329e+00
4.452999999999999736e-01	3.005042690485702828e+00
4.489000000000000212e-01	1.382657600775990314e+00
4.525000000000000133e-01	1.028970521324382048e+00
4.561000000000000054e-01	7.266141870333662212e-01
4.596999999999999975e-01	1.206984657835562080e+00
4.632999999999999896e-01	-3.151918857213426017e-02
4.668999999999999817e-01	-6.099929917706442550e-02
4.704999999999999738e-01	5.518349742199187835e-01
4.741000000000000214e-01	2.248427235067320673e+00
4.778000000000000025e-01	9.657120090593418471e-01
4.813999999999999946e-01	5.677671687535470468e-01
4.849999999999999867e-01	2.308330753632212407e+00
4.885999999999999788e-01	8.030984054275479567e-01
4.922000000000000264e-01	2.615505568276590420e+00
4.958000000000000185e-01	1.202677346197435160e+00
4.994000000000000106e-01	3.419506914526937891e+00
5.030000000000000027e-01	1.294338691516194739e+00
5.066000000000000503e-01	2.299188419387227178e+00
5.101999999999999869e-01	-2.993045318268082733e-01
5.138000000000000345e-01	-1.392473088279866378e-02
5.173999999999999710e-01	-3.407059224164582512e-01
5.210000000000000187e-01	6.462400101138299213e-01
5.245999999999999552e-01	-1.018483595733143510e+00
5.282999999999999918e-01	-1.381995970909611460e+00
5.319000000000000394e-01	-9.875202691262853216e-01
5.354999999999999760e-01	-1.114577192653560811e+00
5.391000000000000236e-01	1.226067428370831713e+00
5.426999999999999602e-01	-1.034212840516333110e+00
5.463000000000000078e-01	2.582587917590150051e-01
5.499000000000000554e-01	2.772944136006100901e+00
5.534999999999999920e-01	1.409321647631850194e+00
5.571000000000000396e-01	2.663668969203409453e+00
5.606999999999999762e-01	1.728637000860050454e+00
5.643000000000000238e-01	1.098565439291993684e+00
5.678999999999999604e-01	1.936703687234587079e+00
5.715000000000000080e-01	1.853475333860832297e+00
5.752000000000000446e-01	2.179976000080476872e+00
5.787999999999999812e-01	8.200761042199643525e-01
5.824000000000000288e-01	8.444295824776693049e-02
5.859999999999999654e-01	1.190293805314553754e+00
5.896000000000000130e-01	1.734393538573637539e+00
5.931999999999999496e-01	1.519130981262875268e+00
5.967999999999999972e-01	3.179973306352620099e+00
6.004000000000000448e-01	1.149468613481293922e+00
6.039999999999999813e-01	3.296108272427360042e+00
6.076000000000000290e-01	2.768018199168297500e+00
6.111999999999999655e-01	3.594382798901330389e+00
6.148000000000000131e-01	4.449624015473892413e+00
6.183999999999999497e-01	4.680989698413856814e+00
6.219999999999999973e-01	5.903557537263337096e+00
6.257000000000000339e-01	3.807681879055930807e+00
6.292999999999999705e-01	4.304805257033827992e+00
6.329000000000000181e-01	3.243034532068270970e+00
6.364999999999999547e-01	4.332509099723006685e+00
6.401000000000000023e-01	3.928062067216006703e+00
6.437000000000000499e-01	4.746519000683270484e+00
6.472999999999999865e-01	3.552266979031149852e+00
6.509000000000000341e-01	1.934322626239874943e+00
6.544999999999999707e-01	1.280792580147446458e+00
6.581000000000000183e-01	2.509097679675500459e+00
6.616999999999999549e-01	4.177255101721521591e+00
6.653000000000000025e-01	5.302111680381853986e+00
6.689000000000000501e-01	4.675981655116342672e+00
6.724999999999999867e-01	6.044113922535652605e+00
6.762000000000000233e-01	4.067459612189283646e+00
6.797999999999999599e-01	5.442137764515729614e+00
6.834000000000000075e-01	7.230847120019603835e+00
6.870000000000000551e-01	7.039710822640508070e+00
6.905999999999999917e-01	6.374025765991881087e+00
6.942000000000000393e-01	6.600398574528192341e+00
6.977999999999999758e-01	4.535658501741625770e+00
7.014000000000000234e-01	6.264415453167597292e+00
7.049999999999999600e-01	5.551854303454931916e+00
7.086000000000000076e-01	6.006197930658767170e+00
7.122000000000000552e-01	4.657200551032892655e+00
7.157999999999999918e-01	5.336169041885049147e+00
7.194000000000000394e-01	4.284897802795859967e+00
7.229999999999999760e-01	4.599779977925889440e+00
7.267000000000000126e-01	5.083629919180674861e+00
7.302999999999999492e-01	5.393768080337632220e+00
7.338999999999999968e-01	5.922016577795933046e+00
7.375000000000000444e-01	6.827277630062147828e+00
7.410999999999999810e-01	6.906278024236011781e+00
7.447000000000000286e-01	7.061551268784175051e+00
7.482999999999999652e-01	8.014034438737141386e+00
7.519000000000000128e-01	8.313225412581601859e+00
7.554999999999999494e-01	8.758205167066314800e+00
7.590999999999999970e-01	7.033188304055227213e+00
7.627000000000000446e-01	7.935740666906391461e+00
7.662999999999999812e-01	6.998770607898196161e+00
7.699000000000000288e-01	6.625732517203022809e+00
7.734999999999999654e-01	8.446362990173202689e+00
7.772000000000000020e-01	6.421276965461655273e+00
7.808000000000000496e-01	5.503995339197675030e+00
7.843999999999999861e-01	6.920547384477944597e+00
7.880000000000000338e-01	7.722812524914363763e+00
7.915999999999999703e-01	5.831647642472034043e+00
7.952000000000000179e-01	5.758827390967326210e+00
7.987999999999999545e-01	6.474987417141755408e+00
8.024000000000000021e-01	6.549212453630803843e+00
8.060000000000000497e-01	7.430806306265099970e+00
8.095999999999999863e-01	8.084955854324014979e+00
8.132000000000000339e-01	6.393763294901026129e+00
8.167999999999999705e-01	7.261983045667572689e+00
8.204000000000000181e-01	7.004206486095113426e+00
8.239999999999999547e-01	8.132646941790335759e+00
8.276999999999999913e-01	7.184902671286559794e+00
8.313000000000000389e-01	6.869756649751891153e+00
8.348999999999999755e-01	6.437203234142668151e+00
8.385000000000000231e-01	8.618107698118421922e+00
8.420999999999999597e-01	6.669021200195324184e+00
8.457000000000000073e-01	5.925709694277868422e+00
8.493000000000000549e-01	6.206423416449950103e+00
8.528999999999999915e-01	5.548748413997114604e+00
8.565000000000000391e-01	6.097254413276018248e+00
8.600999999999999757e-01	7.623806839655420831e+00
8.637000000000000233e-01	6.803933442006633747e+00
8.672999999999999599e-01	5.728995902902965121e+00
8.709000000000000075e-01	6.935057952946452886e+00
8.745000000000000551e-01	6.740930584046686214e+00
8.781999999999999806e-01	7.125412005925017667e+00
8.818000000000000282e-01	8.239095423188969036e+00
8.853999999999999648e-01	7.377209996819579452e+00
8.890000000000000124e-01	8.179692420830360078e+00
8.925999999999999490e-01	6.842368380384895588e+00
8.961999999999999966e-01	7.948896558545889945e+00
8.998000000000000442e-01	6.652772228653046405e+00
9.033999999999999808e-01	6.678159181847681758e+00
9.070000000000000284e-01	7.065229111725599864e+00
9.105999999999999650e-01	6.729212569355806473e+00
9.142000000000000126e-01	7.386044083869623300e+00
9.177999999999999492e-01	5.258142385311875167e+00
9.213999999999999968e-01	4.821024524961500468e+00
9.251000000000000334e-01	5.912172754799417618e+00
9.286999999999999700e-01	7.690100227234900387e+00
9.323000000000000176e-01	7.667822441276729961e+00
9.358999999999999542e-01	6.993242584262536532e+00
9.395000000000000018e-01	7.552478928805276048e+00
9.431000000000000494e-01	6.904239682108878284e+00
9.466999999999999860e-01	7.272807876473603272e+00
9.503000000000000336e-01	7.617043868710108967e+00
9.538999999999999702e-01	6.226908314357408436e+00
9.575000000000000178e-01	8.259691037066103192e+00
9.610999999999999543e-01	7.323387484314838325e+00
9.647000000000000020e-01	8.361949552131589414e+00
9.683000000000000496e-01	7.101292696421578121e+00
9.718999999999999861e-01	6.517468038002824038e+00
9.756000000000000227e-01	7.215535894196874800e+00
9.791999999999999593e-01	7.305544964145012976e+00
9.828000000000000069e-01	6.797467850102585807e+00
9.864000000000000545e-01	7.903332028527081832e+00
9.899999999999999911e-01	6.482884770543869024e+00
9.936000000000000387e-01	8.041818766751239522e+00
9.971999999999999753e-01	7.478296053160617518e+00
1.000799999999999912e+00	7.072223119469515318e+00
1.004399999999999959e+00	7.021278735359043566e+00
1.008000000000000007e+00	8.178094323201049676e+00
1.011600000000000055e+00	8.248153038351727417e+00
1.015200000000000102e+00	7.703839950067806974e+00
1.018799999999999928e+00	7.811254989935227044e+00
1.022399999999999975e+00	8.503060338490293191e+00
1.026100000000000012e+00	7.421836646160138606e+00
1.029700000000000060e+00	8.828691703776424760e+00
1.033300000000000107e+00	8.078014970149647311e+00
1.036899999999999933e+00	8.034279403089875871e+00
1.040499999999999980e+00	8.032962483430868161e+00
1.044100000000000028e+00	7.848102673077803182e+00
1.047700000000000076e+00	6.904801864854437810e+00
1.051299999999999901e+00	6.468001142464216535e+00
1.054899999999999949e+00	7.868631042925263941e+00
1.058499999999999996e+00	7.485095725226047492e+00
1.062100000000000044e+00	9.275550279335883275e+00
1.065700000000000092e+00	6.421479598030468416e+00
1.069299999999999917e+00	7.896577815831880010e+00
1.072899999999999965e+00	8.573453544422331873e+00
1.076600000000000001e+00	8.472853064587049232e+00
1.080200000000000049e+00	8.312367633251433574e+00
1.083800000000000097e+00	7.784998795172392683e+00
1.087399999999999922e+00	8.662225942839411275e+00
1.090999999999999970e+00	9.974542656047121980e+00
1.094600000000000017e+00	8.745439030856267948e+00
1.098200000000000065e+00	8.799646509548683326e+00
1.101799999999999891e+00	9.244972675970933196e+00
1.105399999999999938e+00	8.712340748757895881e+00
1.108999999999999986e+00	8.344944922380665986e+00
1.112600000000000033e+00	8.606881133582524157e+00
1.116200000000000081e+00	9.655161001952070166e+00
1.119799999999999907e+00	7.848998558195071418e+00
1.123399999999999954e+00	8.999152474809401170e+00
1.127099999999999991e+00	7.621857988597524169e+00
1.130700000000000038e+00	8.997432419135201087e+00
1.134300000000000086e+00	8.605155826681645692e+00
1.137899999999999912e+00	9.964504819103922273e+00
1.141499999999999959e+00	8.935907062210644014e+00
1.145100000000000007e+00	1.027453191629396301e+01
1.148700000000000054e+00	1.030170679069396833e+01
1.152300000000000102e+00	1.044759063575987490e+01
1.155899999999999928e+00	1.189880734132964868e+01
1.159499999999999975e+00	1.163654522917908452e+01
1.163100000000000023e+00	1.155392472951200133e+01
1.166700000000000070e+00	1.088382912261232427e+01
1.170299999999999896e+00	9.840230832494208713e+00
1.173899999999999944e+00	9.012424037470868399e+00
1.177599999999999980e+00	9.652826971506907938e+00
1.181200000000000028e+00	9.794281268084121805e+00
1.184800000000000075e+00	9.209445605121000966e+00
1.188399999999999901e+00	8.536204258456789873e+00
1.191999999999999948e+00	8.351847941525521790e+00
1.195599999999999996e+00	9.403631173984626557e+00
1.199200000000000044e+00	9.968380710218189833e+00
1.202800000000000091e+00	1.188677673221229902e+01
1.206399999999999917e+00	1.108163423660884561e+01
1.209999999999999964e+00	1.190160564131176990e+01
1.213600000000000012e+00	1.306546173147311229e+01
1.217200000000000060e+00	1.181384494954174436e+01
1.220800000000000107e+00	1.171798269043055107e+01
1.224399999999999933e+00	1.140822118118606276e+01
1.228099999999999969e+00	1.211881948795863906e+01
1.231700000000000017e+00	1.254302093927440254e+01
1.235300000000000065e+00	1.181466652091499547e+01
1.238899999999999890e+00	1.093389963414662169e+01
1.242499999999999938e+00	1.208695502623122842e+01
1.246099999999999985e+00	1.224690457229090512e+01
1.249700000000000033e+00	1.199019146256706847e+01
1.253300000000000081e+00	1.212364260617617795e+01
1.256899999999999906e+00	1.301521073331276845e+01
1.260499999999999954e+00	1.234983759258754432e+01
1.264100000000000001e+00	1.388151699462961020e+01
1.267700000000000049e+00	1.294218210305549199e+01
1.271300000000000097e+00	1.237181730997650320e+01
1.274899999999999922e+00	1.335996277841334567e+01
1.278599999999999959e+00	1.266556308075435844e+01
1.282200000000000006e+00	1.392324844208097545e+01
1.285800000000000054e+00	1.345270630845703508e+01
1.289400000000000102e+00	1.324224600490378556e+01
1.292999999999999927e+00	1.330392429958814304e+01
1.296599999999999975e+00	1.352216453165841870e+01
1.300200000000000022e+00	1.449300331171328082e+01
1.303800000000000070e+00	1.460078558451593267e+01
1.307399999999999896e+00	1.530796209483381354e+01
1.310999999999999943e+00	1.479001732502799982e+01
1.314599999999999991e+00	1.338420677807574855e+01
1.318200000000000038e+00	1.416710784952240054e+01
1.321800000000000086e+00	1.399258941490225183e+01
1.325499999999999901e+00	1.215181207723548695e+01
1.329099999999999948e+00	1.377350682351399058e+01
1.332699999999999996e+00	1.291699940015731052e+01
1.336300000000000043e+00	1.282896884609293053e+01
1.339900000000000091e+00	1.401479618162449015e+01
1.343499999999999917e+00	1.408356256437181564e+01
1.347099999999999964e+00	1.497642853371423577e+01
1.350700000000000012e+00	1.416319584823184741e+01
1.354300000000000059e+00	1.363066365250384848e+01
1.357900000000000107e+00	1.444503422404693893e+01
1.361499999999999932e+00	1.460374389470760370e+01
1.365099999999999980e+00	1.353706549006047943e+01
1.368700000000000028e+00	1.329500542699580024e+01
1.372300000000000075e+00	1.231948121676974139e+01
1.375999999999999890e+00	1.410528854544945609e+01
1.379599999999999937e+00	1.229341018439328970e+01
1.383199999999999985e+00	1.404953838053903681e+01
1.386800000000000033e+00	1.301788838600350573e+01
1.390400000000000080e+00	1.431876399299684977e+01
1.393999999999999906e+00	1.401173758007393744e+01
1.397599999999999953e+00	1.425175108006266633e+01
1.401200000000000001e+00	1.488857880213848617e+01
1.404800000000000049e+00	1.412467106783263304e+01
1.408400000000000096e+00	1.538277946031719168e+01
1.411999999999999922e+00	1.490529608666540007e+01
1.415599999999999969e+00	1.504797171154467428e+01
1.419200000000000017e+00	1.475790684313758483e+01
1.422800000000000065e+00	1.523094325000464266e+01
1.426500000000000101e+00	1.498484925586656935e+01
1.430099999999999927e+00	1.388735492510413572e+01
1.433699999999999974e+00	1.484531769301814386e+01
1.437300000000000022e+00	1.547816657394775142e+01
1.440900000000000070e+00	1.229686752695486440e+01
1.444499999999999895e+00	1.354715083295253386e+01
1.448099999999999943e+00	1.364822322548738143e+01
1.451699999999999990e+00	1.415262324099723656e+01
1.455300000000000038e+00	1.415512074336574955e+01
1.458900000000000086e+00	1.357657865479495207e+01
1.462499999999999911e+00	1.435563097829487944e+01
1.466099999999999959e+00	1.286550610928295058e+01
1.469700000000000006e+00	1.506544791795905702e+01
1.473300000000000054e+00	1.340291711797602936e+01
1.477000000000000091e+00	1.379245561787699259e+01
1.480599999999999916e+00	1.533739513643253183e+01
1.484199999999999964e+00	1.319030859435791569e+01
1.487800000000000011e+00	1.476915825543019523e+01
1.491400000000000059e+00	1.482269367804639515e+01
1.495000000000000107e+00	1.568402509365037290e+01
1.498599999999999932e+00	1.507303544265804796e+01
1.502199999999999980e+00	1.436175516329080359e+01
1.505800000000000027e+00	1.505922097687310668e+01
1.509400000000000075e+00	1.504022445919730444e+01
1.512999999999999901e+00	1.500783637021265271e+01
1.516599999999999948e+00	1.531830178896404426e+01
1.520199999999999996e+00	1.395665670822853244e+01
1.523800000000000043e+00	1.551665493138516716e+01
1.527500000000000080e+00	1.524645021068226924e+01
1.531099999999999905e+00	1.623686756621941996e+01
1.534699999999999953e+00	1.581611841945734298e+01
1.538300000000000001e+00	1.596629787120388499e+01
1.541900000000000048e+00	1.586172562730542879e+01
1.545500000000000096e+00	1.608594737156746035e+01
1.549099999999999921e+00	1.578691644813632777e+01
1.552699999999999969e+00	1.673137635835084680e+01
1.556300000000000017e+00	1.820780819120450644e+01
1.559900000000000064e+00	1.759544361147474589e+01
1.563499999999999890e+00	1.775226066220516685e+01
1.567099999999999937e+00	1.799034015940670628e+01
1.570699999999999985e+00	1.769645838541188709e+01
1.574300000000000033e+00	1.781339889978126934e+01
1.578000000000000069e+00	1.867063991290719471e+01
1.581599999999999895e+00	1.903177241614824311e+01
1.585199999999999942e+00	2.052973153414840013e+01
1.588799999999999990e+00	2.103244051982311902e+01
1.592400000000000038e+00	2.009024484131699850e+01
1.596000000000000085e+00	2.154264196583731561e+01
1.599599999999999911e+00	1.875399238641544741e+01
1.603199999999999958e+00	1.993802655153064407e+01
1.606800000000000006e+00	1.983807405296911597e+01
1.610400000000000054e+00	1.933455647819810963e+01
1.614000000000000101e+00	2.008949597365799633e+01
1.617599999999999927e+00	2.216054470756964889e+01
1.621199999999999974e+00	2.278965568804559183e+01
1.624800000000000022e+00	2.571157168100356927e+01
1.628500000000000059e+00	2.406787264691882200e+01
1.632100000000000106e+00	2.478303341639063717e+01
1.635699999999999932e+00	2.449013953720335479e+01
1.639299999999999979e+00	2.202056000739103681e+01
1.642900000000000027e+00	2.347534480754733011e+01
1.646500000000000075e+00	2.328194277500202247e+01
1.650099999999999900e+00	2.522397142517723267e+01
1.653699999999999948e+00	2.475854491306937177e+01
1.657299999999999995e+00	2.787964620782853942e+01
1.660900000000000043e+00	2.857099649330701041e+01
1.664500000000000091e+00	3.030171009863136078e+01
1.668099999999999916e+00	2.855710834459139846e+01
1.671699999999999964e+00	3.003004809031439848e+01
1.675400000000000000e+00	2.912730591974794336e+01
1.679000000000000048e+00	2.806032193427984467e+01
1.682600000000000096e+00	2.778909517683120356e+01
1.686199999999999921e+00	2.648820870352329848e+01
1.689799999999999969e+00	2.693194214459560953e+01
1.693400000000000016e+00	2.885439993683334592e+01
1.697000000000000064e+00	3.078366387011065797e+01
1.700599999999999890e+00	3.126578777765424633e+01
1.704199999999999937e+00	3.329605654873800802e+01
1.707799999999999985e+00	3.629820820467720210e+01
1.711400000000000032e+00	3.595390213796768819e+01
1.715000000000000080e+00	3.617016036825913261e+01
1.718599999999999905e+00	3.470695170486353476e+01
1.722199999999999953e+00	3.198154776961007073e+01
1.725899999999999990e+00	2.919922121802845538e+01
1.729500000000000037e+00	2.989337175085634968e+01
1.733100000000000085e+00	2.923750097744898468e+01
1.736699999999999910e+00	2.871222603543978025e+01
1.740299999999999958e+00	3.101911698320852295e+01
1.743900000000000006e+00	3.152552146893400220e+01
1.747500000000000053e+00	3.265408134323433842e+01
1.751100000000000101e+00	3.423344250281738255e+01
1.754699999999999926e+00	3.678600230159337059e+01
1.758299999999999974e+00	3.792585318606366940e+01
1.761900000000000022e+00	3.768581477709089000e+01
1.765500000000000069e+00	3.746451908850489332e+01
1.769099999999999895e+00	3.437145656209914790e+01
1.772699999999999942e+00	3.177114815048119567e+01
1.776399999999999979e+00	3.100091295637444588e+01
1.780000000000000027e+00	3.050778774200492549e+01
1.783600000000000074e+00	2.808535223769417755e+01
1.787199999999999900e+00	2.868895376959910948e+01
1.790799999999999947e+00	2.664157882587053194e+01
1.794399999999999995e+00	2.872716618416364298e+01
1.798000000000000043e+00	2.875042507483383503e+01
1.801600000000000090e+00	2.963772390929794298e+01
1.805199999999999916e+00	3.174675013671456725e+01
1.808799999999999963e+00	3.007128633910763327e+01
1.812400000000000011e+00	3.029909877796849216e+01
1.816000000000000059e+00	2.867502432914691113e+01
1.819600000000000106e+00	2.942035320461877035e+01
1.823199999999999932e+00	3.056130446536608147e+01
1.826899999999999968e+00	2.927144052298812227e+01
1.830500000000000016e+00	2.963051638484730788e+01
1.834100000000000064e+00	3.081797442622778149e+01
1.837699999999999889e+00	2.868555335637807957e+01
1.841299999999999937e+00	2.896079949224480288e+01
1.844899999999999984e+00	2.816720612611583618e+01
1.848500000000000032e+00	2.695881461901062437e+01
1.852100000000000080e+00	2.771632044408267603e+01
1.855699999999999905e+00	2.667762248625061261e+01
1.859299999999999953e+00	2.780859239527406501e+01
1.862900000000000000e+00	2.848090142551131976e+01
1.866500000000000048e+00	2.896937570476847768e+01
1.870100000000000096e+00	2.884133676868863461e+01
1.873699999999999921e+00	2.705601771758979623e+01
1.877399999999999958e+00	2.792783345818210350e+01
1.881000000000000005e+00	2.628836815212974898e+01
1.884600000000000053e+00	2.508391549543487287e+01
1.888200000000000101e+00	2.614455915666309238e+01
1.891799999999999926e+00	2.700537931004682335e+01
1.895399999999999974e+00	2.795790314129281384e+01
1.899000000000000021e+00	2.648209457285388524e+01
1.902600000000000069e+00	2.730848445260643942e+01
1.906199999999999894e+00	2.822842031275524022e+01
1.909799999999999942e+00	2.592588774794381123e+01
1.913399999999999990e+00	2.627743871261510122e+01
1.917000000000000037e+00	2.628568912529468449e+01
1.920600000000000085e+00	2.725558506396834701e+01
1.924199999999999910e+00	2.768944435578548280e+01
1.927899999999999947e+00	2.622445541690630222e+01
1.931499999999999995e+00	2.635483241281555777e+01
1.935100000000000042e+00	2.416425528898665220e+01
1.938700000000000090e+00	2.485902217641193701e+01
1.942299999999999915e+00	2.433168900120152855e+01
1.945899999999999963e+00	2.614697150872338227e+01
1.949500000000000011e+00	2.522502635506436874e+01
1.953100000000000058e+00	2.715100806853669368e+01
1.956700000000000106e+00	2.682882899835278323e+01
1.960299999999999931e+00	2.899209909514636507e+01
1.963899999999999979e+00	2.957645552791629484e+01
1.967500000000000027e+00	3.011703335964799066e+01
1.971100000000000074e+00	3.062716889277079702e+01
1.974699999999999900e+00	3.050062269677346904e+01
1.978399999999999936e+00	3.197969667263731708e+01
1.981999999999999984e+00	3.039256387351032629e+01
1.985600000000000032e+00	3.172205777997406173e+01
1.989200000000000079e+00	3.152047632828778845e+01
1.992799999999999905e+00	2.973103430013757986e+01
1.996399999999999952e+00	2.824464992870527169e+01
2.000000000000000000e+00	2.731060041873684696e+01
