2.000000000000000111e-01	-9.640079942940512625e-01
2.036000000000000032e-01	-1.590466446697136327e+00
2.071999999999999953e-01	-1.979302969448721861e-01
2.107999999999999874e-01	-2.008163911590792772e+00
2.144000000000000072e-01	-2.085612118044183116e+00
2.179999999999999993e-01	-1.542340860425914784e+00
2.215999999999999914e-01	-2.052334877804137925e+00
2.253000000000000003e-01	-3.201766211074017932e+00
2.288999999999999924e-01	-2.528211321625160046e+00
2.325000000000000122e-01	-1.864459345778439969e+00
2.361000000000000043e-01	-1.460699126746894505e+00
2.396999999999999964e-01	-4.089503497701498347e+00
2.432999999999999885e-01	-2.390459194361119089e+00
2.469000000000000083e-01	-2.122229859391670637e+00
2.505000000000000004e-01	-2.953438168108346584e+00
2.540999999999999925e-01	-1.109072087126635298e+00
2.576999999999999846e-01	-2.029002461445418959e+00
2.612999999999999767e-01	-1.625190105965605980e+00
2.649000000000000243e-01	-1.896070140073035981e+00
2.685000000000000164e-01	-1.645275581603243165e+00
2.721000000000000085e-01	9.596246239967929359e-01
2.757999999999999896e-01	-6.665482024039230957e-01
2.793999999999999817e-01	-3.490012931653778683e-01
2.829999999999999738e-01	-1.193091851534220371e+00
2.866000000000000214e-01	-6.921502140459333541e-01
2.902000000000000135e-01	7.580900512930975887e-01
2.938000000000000056e-01	-3.717223399853924470e-01
2.973999999999999977e-01	-2.283606045246220351e-01
3.009999999999999898e-01	6.034113897475668065e-01
3.045999999999999819e-01	-1.489474181850291012e-01
3.081999999999999740e-01	-5.442899560147118621e-02
3.118000000000000216e-01	6.247460453432893690e-01
3.154000000000000137e-01	-7.058532206425159883e-01
3.190000000000000058e-01	-4.623224697866357147e-01
3.225999999999999979e-01	-1.286299443262943765e+00
3.262999999999999790e-01	-6.162823047160166379e-01
3.299000000000000266e-01	-1.755407975624851513e+00
3.335000000000000187e-01	-1.891878141300577854e+00
3.371000000000000107e-01	-9.325287599599541011e-01
3.407000000000000028e-01	-7.369375060175915593e-01
3.442999999999999949e-01	-3.521532891256047293e+00
3.478999999999999870e-01	-1.674465293007902478e+00
3.514999999999999791e-01	-1.468886488052634665e+00
3.551000000000000267e-01	-2.485486690127002074e+00
3.587000000000000188e-01	-1.060905802198591541e+00
3.623000000000000109e-01	-3.045079091234748070e+00
3.659000000000000030e-01	-1.650363263322485619e+00
3.694999999999999951e-01	-1.161212727904131992e+00
3.730999999999999872e-01	-4.858417951040858718e-01
3.768000000000000238e-01	-1.977059477100389095e+00
3.804000000000000159e-01	2.789135629463594945e-01
3.840000000000000080e-01	-1.242299281138598666e+00
3.876000000000000001e-01	1.846847832631353103e-01
3.911999999999999922e-01	-3.739851011891790478e-01
3.947999999999999843e-01	-5.947359373428312557e-01
3.983999999999999764e-01	3.552626195302563961e-01
4.020000000000000240e-01	1.107825711443954697e+00
4.056000000000000161e-01	3.510887785989109944e-02
4.092000000000000082e-01	-5.408496031062055565e-01
4.128000000000000003e-01	1.210974313282459081e-02
4.163999999999999924e-01	1.360588530063961743e+00
4.199999999999999845e-01	7.668227449621886072e-01
4.235999999999999766e-01	8.212044645697990086e-01
4.273000000000000131e-01	-1.403344307714845252e-01
4.309000000000000052e-01	-5.846552831948054196e-01
4.344999999999999973e-01	1.914573294474463117e-01
4.380999999999999894e-01	-2.146452976572977844e-01
4.416999999999999815e-01	-1.043341082223918859e+00
4.452999999999999736e-01	-3.047760760527984392e-01
4.489000000000000212e-01	-9.165967392939506908e-01
4.525000000000000133e-01	-1.039719657020065080e+00
4.561000000000000054e-01	-2.436632587512452819e-01
4.596999999999999975e-01	-1.978525022848240500e+00
4.632999999999999896e-01	-9.822536112216422310e-01
4.668999999999999817e-01	-8.671157468664643098e-01
4.704999999999999738e-01	-1.690746799440570047e+00
4.741000000000000214e-01	-2.155805785627751270e-02
4.778000000000000025e-01	-1.833127521304056096e+00
4.813999999999999946e-01	-9.744281988867342648e-01
4.849999999999999867e-01	-9.731523837674638244e-01
4.885999999999999788e-01	-1.022738959943353843e+00
4.922000000000000264e-01	-1.276898603529057041e+00
4.958000000000000185e-01	-1.396845116907866613e-01
4.994000000000000106e-01	3.398279999049043099e-01
5.030000000000000027e-01	4.514716252506256744e-01
5.066000000000000503e-01	-1.115458815615650856e-01
5.101999999999999869e-01	9.969633582897571289e-01
5.138000000000000345e-01	1.090002858579627310e+00
5.173999999999999710e-01	2.979843543956678387e-01
5.210000000000000187e-01	-7.906108101333880755e-04
5.245999999999999552e-01	9.804146566445964828e-01
5.282999999999999918e-01	1.403787369533765261e+00
5.319000000000000394e-01	7.790948393582505238e-01
5.354999999999999760e-01	-1.432227076128990695e-01
5.391000000000000236e-01	2.041869340267077781e+00
5.426999999999999602e-01	8.898170101321899450e-01
5.463000000000000078e-01	3.980998253889624916e-01
5.499000000000000554e-01	8.683075012278351767e-02
5.534999999999999920e-01	1.555370821444118201e+00
5.571000000000000396e-01	-2.040197074415246170e-01
5.606999999999999762e-01	1.521519942049398111e+00
5.643000000000000238e-01	-3.035280948209972962e-01
5.678999999999999604e-01	7.920448547453486920e-01
5.715000000000000080e-01	5.383704652744203401e-02
5.752000000000000446e-01	-5.654841692525705010e-01
5.787999999999999812e-01	2.838903011953379796e-01
5.824000000000000288e-01	1.025096480052658521e-01
5.859999999999999654e-01	-5.699511349576725783e-01
5.896000000000000130e-01	-5.299317112439205779e-02
5.931999999999999496e-01	-3.986219218265474318e-01
5.967999999999999972e-01	7.429796639991830265e-01
6.004000000000000448e-01	-1.406313556727281089e+00
6.039999999999999813e-01	1.623987673822731459e+00
6.076000000000000290e-01	1.415481352981484420e-01
6.111999999999999655e-01	2.347753247104688024e-01
6.148000000000000131e-01	1.068680386097344392e+00
6.183999999999999497e-01	1.138727324275225161e+00
6.219999999999999973e-01	1.557102200242250545e+00
6.257000000000000339e-01	8.884581093911082528e-01
6.292999999999999705e-01	3.462296486358529268e-02
6.329000000000000181e-01	1.070977834178569843e+00
6.364999999999999547e-01	2.288655497458155441e+00
6.401000000000000023e-01	1.996206979076579069e+00
6.437000000000000499e-01	1.463006971464335670e+00
6.472999999999999865e-01	2.577794794838116132e+00
6.509000000000000341e-01	1.175553885646139829e+00
6.544999999999999707e-01	1.923541413758519614e+00
6.581000000000000183e-01	1.597683345785497755e+00
6.616999999999999549e-01	2.014850081976183205e+00
6.653000000000000025e-01	1.164095932668720579e+00
6.689000000000000501e-01	2.098805706812381544e+00
6.724999999999999867e-01	2.444999484734051265e+00
6.762000000000000233e-01	1.643121720417276777e+00
6.797999999999999599e-01	3.857727553687725353e-01
6.834000000000000075e-01	2.169964247810675317e+00
6.870000000000000551e-01	9.090108304941606487e-01
6.905999999999999917e-01	8.868768358066424495e-01
6.942000000000000393e-01	7.477500824247804712e-01
6.977999999999999758e-01	3.358981167804768742e-01
7.014000000000000234e-01	1.073453323685408023e+00
7.049999999999999600e-01	5.450692175663803818e-01
7.086000000000000076e-01	1.581924370916378386e+00
7.122000000000000552e-01	4.532703095191030762e-01
7.157999999999999918e-01	8.247296632142188388e-02
7.194000000000000394e-01	1.033853756142087077e+00
7.229999999999999760e-01	1.702130207442313470e+00
7.267000000000000126e-01	1.210668755078543768e+00
7.302999999999999492e-01	9.128255264504413491e-01
7.338999999999999968e-01	4.326576426000668940e-01
7.375000000000000444e-01	7.151565698609916311e-01
7.410999999999999810e-01	2.469038843863001098e+00
7.447000000000000286e-01	2.114832083044393407e+00
7.482999999999999652e-01	1.988499582305508939e+00
7.519000000000000128e-01	2.916388146072182330e+00
7.554999999999999494e-01	2.424072298343272980e+00
7.590999999999999970e-01	3.447456254352486482e+00
7.627000000000000446e-01	2.802979679628290199e+00
7.662999999999999812e-01	3.227007766248866538e+00
7.699000000000000288e-01	3.102420027327378982e+00
7.734999999999999654e-01	3.056651970647429550e+00
7.772000000000000020e-01	2.807379455850734562e+00
7.808000000000000496e-01	4.099491177001249653e+00
7.843999999999999861e-01	2.353549757980724078e+00
7.880000000000000338e-01	3.038852760746387993e+00
7.915999999999999703e-01	3.205692713297979335e+00
7.952000000000000179e-01	1.314910943876602900e+00
7.987999999999999545e-01	1.131807496267950963e+00
8.024000000000000021e-01	2.623038389508974610e+00
8.060000000000000497e-01	3.015271469801232840e+00
8.095999999999999863e-01	1.195425933786620654e+00
8.132000000000000339e-01	1.474478610042388560e+00
8.167999999999999705e-01	1.372206089875299462e+00
8.204000000000000181e-01	1.199974335265083347e+00
8.239999999999999547e-01	2.950959481728076650e+00
8.276999999999999913e-01	2.197089697757145910e+00
8.313000000000000389e-01	1.850604124012806384e+00
8.348999999999999755e-01	3.213417591181960020e+00
8.385000000000000231e-01	2.251944366893476435e+00
8.420999999999999597e-01	3.720003161826191729e+00
8.457000000000000073e-01	4.118325871994339415e+00
8.493000000000000549e-01	4.881484816832832863e+00
8.528999999999999915e-01	3.222081347231323889e+00
8.565000000000000391e-01	5.365562389287370948e+00
8.600999999999999757e-01	4.249427315906576297e+00
8.637000000000000233e-01	5.023839826150508614e+00
8.672999999999999599e-01	4.459112828481604396e+00
8.709000000000000075e-01	5.388795452666933272e+00
8.745000000000000551e-01	5.431855696108955911e+00
8.781999999999999806e-01	6.086716405394492213e+00
8.818000000000000282e-01	6.058825745589397016e+00
8.853999999999999648e-01	5.500884242813335767e+00
8.890000000000000124e-01	6.807306998199509351e+00
8.925999999999999490e-01	5.215511653998890829e+00
8.961999999999999966e-01	6.163422151298048490e+00
8.998000000000000442e-01	5.945883522288101020e+00
9.033999999999999808e-01	4.446870504864684825e+00
9.070000000000000284e-01	4.906766089702531808e+00
9.105999999999999650e-01	5.000627535395874013e+00
9.142000000000000126e-01	5.706732261303791631e+00
9.177999999999999492e-01	5.181093660642735799e+00
9.213999999999999968e-01	4.662858929882101933e+00
9.251000000000000334e-01	4.429640026786276330e+00
9.286999999999999700e-01	4.741762056264404279e+00
9.323000000000000176e-01	4.296408978996325345e+00
9.358999999999999542e-01	5.618717308440626113e+00
9.395000000000000018e-01	4.435888917752430771e+00
9.431000000000000494e-01	4.402592501845508544e+00
9.466999999999999860e-01	4.942925694112979329e+00
9.503000000000000336e-01	5.672698225718066034e+00
9.538999999999999702e-01	5.816162063679296779e+00
9.575000000000000178e-01	4.862765398081463353e+00
9.610999999999999543e-01	7.400036390041556444e+00
9.647000000000000020e-01	6.287873585692003608e+00
9.683000000000000496e-01	6.012734613999403344e+00
9.718999999999999861e-01	6.420016515715422756e+00
9.756000000000000227e-01	7.165646204631156202e+00
9.791999999999999593e-01	4.606227048164514670e+00
9.828000000000000069e-01	7.221724451127667699e+00
9.864000000000000545e-01	7.629389689902227545e+00
9.899999999999999911e-01	6.736913044909056403e+00
9.936000000000000387e-01	6.677881851171392213e+00
9.971999999999999753e-01	6.321847233554320766e+00
1.000799999999999912e+00	6.667575618988607289e+00
1.004399999999999959e+00	7.155320069014240225e+00
1.008000000000000007e+00	6.020622298303389464e+00
1.011600000000000055e+00	5.713833431989780109e+00
1.015200000000000102e+00	6.246363830031315345e+00
1.018799999999999928e+00	6.252737432819641228e+00
1.022399999999999975e+00	6.180839894223394637e+00
1.026100000000000012e+00	5.753856046728930806e+00
1.029700000000000060e+00	4.202263871749518209e+00
1.033300000000000107e+00	5.151039782292230917e+00
1.036899999999999933e+00	5.737131651015353384e+00
1.040499999999999980e+00	5.262794073675115314e+00
1.044100000000000028e+00	4.613322759724722388e+00
1.047700000000000076e+00	5.086448777943000543e+00
1.051299999999999901e+00	4.193601897439072523e+00
1.054899999999999949e+00	5.293690985253682868e+00
1.058499999999999996e+00	5.184891681834121080e+00
1.062100000000000044e+00	4.854987853676369092e+00
1.065700000000000092e+00	6.184581376437514599e+00
1.069299999999999917e+00	6.777460730577598014e+00
1.072899999999999965e+00	5.479052922695147210e+00
1.076600000000000001e+00	5.856408401268107689e+00
1.080200000000000049e+00	7.332393617246301787e+00
1.083800000000000097e+00	6.941223608710775927e+00
1.087399999999999922e+00	6.753161973378149163e+00
1.090999999999999970e+00	6.681404975993046946e+00
1.094600000000000017e+00	6.454877634839048639e+00
1.098200000000000065e+00	6.809113696510180169e+00
1.101799999999999891e+00	7.564231802613750055e+00
1.105399999999999938e+00	5.619754830507547538e+00
1.108999999999999986e+00	7.477063032667591536e+00
1.112600000000000033e+00	7.790103342139863329e+00
1.116200000000000081e+00	7.342720862859078323e+00
1.119799999999999907e+00	5.708132224819275180e+00
1.123399999999999954e+00	5.960566437652675909e+00
1.127099999999999991e+00	6.178977773806430207e+00
1.130700000000000038e+00	7.810521342070257056e+00
1.134300000000000086e+00	6.634550866463182928e+00
1.137899999999999912e+00	6.747270592318590943e+00
1.141499999999999959e+00	6.506855762984525171e+00
1.145100000000000007e+00	6.691230150345747418e+00
1.148700000000000054e+00	5.843243160910099654e+00
1.152300000000000102e+00	5.917453328669538770e+00
1.155899999999999928e+00	6.221361432944902070e+00
1.159499999999999975e+00	5.074767455646105319e+00
1.163100000000000023e+00	6.158620527302240077e+00
1.166700000000000070e+00	5.786992634625615750e+00
1.170299999999999896e+00	6.428786871916639001e+00
1.173899999999999944e+00	7.072849588221187922e+00
1.177599999999999980e+00	7.290134105184931101e+00
1.181200000000000028e+00	7.421404490413423538e+00
1.184800000000000075e+00	7.391368256101287670e+00
1.188399999999999901e+00	7.480975314525085906e+00
1.191999999999999948e+00	7.547489275587039970e+00
1.195599999999999996e+00	8.605839080815405495e+00
1.199200000000000044e+00	7.581989353753896488e+00
1.202800000000000091e+00	8.727377792474666052e+00
1.206399999999999917e+00	8.310324927379898696e+00
1.209999999999999964e+00	7.931240065248043258e+00
1.213600000000000012e+00	7.673975964486027479e+00
1.217200000000000060e+00	9.487271660732563561e+00
1.220800000000000107e+00	8.831089291211364767e+00
1.224399999999999933e+00	1.030114089263944344e+01
1.228099999999999969e+00	7.597102030143867424e+00
1.231700000000000017e+00	9.035010345070174864e+00
1.235300000000000065e+00	9.447028840954647677e+00
1.238899999999999890e+00	8.668819519667884776e+00
1.242499999999999938e+00	9.578314191688976464e+00
1.246099999999999985e+00	9.042316835669854669e+00
1.249700000000000033e+00	9.592271639470153488e+00
1.253300000000000081e+00	8.581903313736482630e+00
1.256899999999999906e+00	7.754276360311921579e+00
1.260499999999999954e+00	8.130375829799433518e+00
1.264100000000000001e+00	8.974726949995899261e+00
1.267700000000000049e+00	7.003391415398941611e+00
1.271300000000000097e+00	8.670504318670438693e+00
1.274899999999999922e+00	7.732419733633504322e+00
1.278599999999999959e+00	8.265999698699841858e+00
1.282200000000000006e+00	8.081290173446509684e+00
1.285800000000000054e+00	8.954062976031071486e+00
1.289400000000000102e+00	7.174829825104901637e+00
1.292999999999999927e+00	8.373898712904523478e+00
1.296599999999999975e+00	8.868676029937009986e+00
1.300200000000000022e+00	8.883269686811226862e+00
1.303800000000000070e+00	9.167032640433392388e+00
1.307399999999999896e+00	8.830035902190187969e+00
1.310999999999999943e+00	9.574548805799704354e+00
1.314599999999999991e+00	9.455084968057885675e+00
1.318200000000000038e+00	9.318627755443229077e+00
1.321800000000000086e+00	9.527949766864036718e+00
1.325499999999999901e+00	1.171652089978627131e+01
1.329099999999999948e+00	1.002789459959974216e+01
1.332699999999999996e+00	1.090011566964696144e+01
1.336300000000000043e+00	9.962615636575232969e+00
1.339900000000000091e+00	1.068002046809332839e+01
1.343499999999999917e+00	9.686856106983398718e+00
1.347099999999999964e+00	1.098069573630492179e+01
1.350700000000000012e+00	1.025867002074926937e+01
1.354300000000000059e+00	1.017235585547046206e+01
1.357900000000000107e+00	1.148361791198873583e+01
1.361499999999999932e+00	1.093015285351700072e+01
1.365099999999999980e+00	1.078402236141904780e+01
1.368700000000000028e+00	1.093024964080041705e+01
1.372300000000000075e+00	1.159601837408314573e+01
1.375999999999999890e+00	1.137012311620822658e+01
1.379599999999999937e+00	1.147938865645970274e+01
1.383199999999999985e+00	1.056764041853219105e+01
1.386800000000000033e+00	1.150863082832523787e+01
1.390400000000000080e+00	1.062843968733194622e+01
1.393999999999999906e+00	1.091107552577109807e+01
1.397599999999999953e+00	9.893036552130727301e+00
1.401200000000000001e+00	1.102404271125300639e+01
1.404800000000000049e+00	1.003988820186789432e+01
1.408400000000000096e+00	1.151557150180023825e+01
1.411999999999999922e+00	1.011483715957814589e+01
1.415599999999999969e+00	1.079084332541439473e+01
1.419200000000000017e+00	9.847200017441203101e+00
1.422800000000000065e+00	1.067930402470458873e+01
1.426500000000000101e+00	1.105365582947906589e+01
1.430099999999999927e+00	1.067679949640118231e+01
1.433699999999999974e+00	1.215006952434285736e+01
1.437300000000000022e+00	1.167840605455955938e+01
1.440900000000000070e+00	1.028413881210013514e+01
1.444499999999999895e+00	1.273288797351768942e+01
1.448099999999999943e+00	1.021819643247343734e+01
1.451699999999999990e+00	1.083901123384700682e+01
1.455300000000000038e+00	1.205376904109446379e+01
1.458900000000000086e+00	1.310650694001970251e+01
1.462499999999999911e+00	1.153068454361144823e+01
1.466099999999999959e+00	1.296975175466714525e+01
1.469700000000000006e+00	1.190451305757287770e+01
1.473300000000000054e+00	1.212462634793480021e+01
1.477000000000000091e+00	1.144943894033219678e+01
1.480599999999999916e+00	1.190881057887618333e+01
1.484199999999999964e+00	1.259813371803008231e+01
1.487800000000000011e+00	1.170701590580535267e+01
1.491400000000000059e+00	1.259031023353407974e+01
1.495000000000000107e+00	1.216640096054243259e+01
1.498599999999999932e+00	1.311069083977204741e+01
1.502199999999999980e+00	1.231782501050909850e+01
1.505800000000000027e+00	1.385513526073523316e+01
1.509400000000000075e+00	1.190313597978754423e+01
1.512999999999999901e+00	1.232505515328408663e+01
1.516599999999999948e+00	1.298483889198805841e+01
1.520199999999999996e+00	1.372611088076860320e+01
1.523800000000000043e+00	1.415810854625969206e+01
1.527500000000000080e+00	1.307071642068370565e+01
1.531099999999999905e+00	1.347266401357603982e+01
1.534699999999999953e+00	1.263677809060063950e+01
1.538300000000000001e+00	1.244281544891245161e+01
1.541900000000000048e+00	1.387378067391054159e+01
1.545500000000000096e+00	1.422515258980249619e+01
1.549099999999999921e+00	1.308236472364189673e+01
1.552699999999999969e+00	1.367569443943481389e+01
1.556300000000000017e+00	1.365240751011355158e+01
1.559900000000000064e+00	1.327840357301980134e+01
1.563499999999999890e+00	1.431807526300317157e+01
1.567099999999999937e+00	1.333901567701040491e+01
1.570699999999999985e+00	1.452031202656989173e+01
1.574300000000000033e+00	1.440659505981372668e+01
1.578000000000000069e+00	1.609490835608883685e+01
1.581599999999999895e+00	1.495006634489393882e+01
1.585199999999999942e+00	1.515724853493423652e+01
1.588799999999999990e+00	1.401807827622985236e+01
1.592400000000000038e+00	1.519343064339333438e+01
1.596000000000000085e+00	1.545650198287098931e+01
1.599599999999999911e+00	1.571445058926532212e+01
1.603199999999999958e+00	1.621172490206286199e+01
1.606800000000000006e+00	1.611324090075553528e+01
1.610400000000000054e+00	1.610215245450229915e+01
1.614000000000000101e+00	1.779087625470045708e+01
1.617599999999999927e+00	1.654214141462863807e+01
1.621199999999999974e+00	1.739456732023973018e+01
1.624800000000000022e+00	1.719312708717478344e+01
1.628500000000000059e+00	1.836062119010707860e+01
1.632100000000000106e+00	1.813839969703820998e+01
1.635699999999999932e+00	1.824538748716069492e+01
1.639299999999999979e+00	1.766256688190595980e+01
1.642900000000000027e+00	1.849233077278791981e+01
1.646500000000000075e+00	1.768373558094481623e+01
1.650099999999999900e+00	1.855933916880919909e+01
1.653699999999999948e+00	1.787088558094821167e+01
1.657299999999999995e+00	1.852314599499555570e+01
1.660900000000000043e+00	1.805895735615457198e+01
1.664500000000000091e+00	1.749864985394304284e+01
1.668099999999999916e+00	1.666979723870551666e+01
1.671699999999999964e+00	1.660113907090084950e+01
1.675400000000000000e+00	1.799352152216764011e+01
1.679000000000000048e+00	1.746861888319334710e+01
1.682600000000000096e+00	1.792907077231210167e+01
1.686199999999999921e+00	1.904487348634035726e+01
1.689799999999999969e+00	1.977276755375541484e+01
1.693400000000000016e+00	1.878596674295321023e+01
1.697000000000000064e+00	1.964247658350736003e+01
1.700599999999999890e+00	2.094607225616847757e+01
1.704199999999999937e+00	2.095402598673031136e+01
1.707799999999999985e+00	2.015075250671732121e+01
1.711400000000000032e+00	2.004887303972795820e+01
1.715000000000000080e+00	2.139065806848206819e+01
1.718599999999999905e+00	2.174034873498725418e+01
1.722199999999999953e+00	2.068036527761984189e+01
1.725899999999999990e+00	2.052061720512085685e+01
1.729500000000000037e+00	2.065114948379919113e+01
1.733100000000000085e+00	2.103848598565406292e+01
1.736699999999999910e+00	2.048020954579576980e+01
1.740299999999999958e+00	2.054701750916361647e+01
1.743900000000000006e+00	2.137256350700715757e+01
1.747500000000000053e+00	2.091891407440389372e+01
1.751100000000000101e+00	2.140783952863093731e+01
1.754699999999999926e+00	1.999338403775843176e+01
1.758299999999999974e+00	2.010451736374459841e+01
1.761900000000000022e+00	2.103569649018875864e+01
1.765500000000000069e+00	1.976110149994955023e+01
1.769099999999999895e+00	1.927859846899152885e+01
1.772699999999999942e+00	1.977880212142513017e+01
1.776399999999999979e+00	2.066629317857209358e+01
1.780000000000000027e+00	2.166326344278146010e+01
1.783600000000000074e+00	2.071945418641019998e+01
1.787199999999999900e+00	2.155676651304606750e+01
1.790799999999999947e+00	2.314897268595088775e+01
1.794399999999999995e+00	2.198342118930014522e+01
1.798000000000000043e+00	2.197021289429410729e+01
1.801600000000000090e+00	2.068897756957770895e+01
1.805199999999999916e+00	2.209306480868164968e+01
1.808799999999999963e+00	2.044549327283825590e+01
1.812400000000000011e+00	2.273800239272072332e+01
1.816000000000000059e+00	2.463557234138990282e+01
1.819600000000000106e+00	2.493648224168289573e+01
1.823199999999999932e+00	2.382019805802113765e+01
1.826899999999999968e+00	2.393908480293312735e+01
1.830500000000000016e+00	2.275683991777618331e+01
1.834100000000000064e+00	2.325572161801730076e+01
1.837699999999999889e+00	2.239537254956262302e+01
1.841299999999999937e+00	2.340434271050026283e+01
1.844899999999999984e+00	2.480203931745089108e+01
1.848500000000000032e+00	2.331272494937257633e+01
1.852100000000000080e+00	2.312408660921908066e+01
1.855699999999999905e+00	2.182146379926117774e+01
1.859299999999999953e+00	2.000899267638927626e+01
1.862900000000000000e+00	1.921268336357578477e+01
1.866500000000000048e+00	1.845054159488055490e+01
1.870100000000000096e+00	1.881220653611610061e+01
1.873699999999999921e+00	1.920932220579507188e+01
1.877399999999999958e+00	2.021286027555707676e+01
1.881000000000000005e+00	2.095459531375923845e+01
1.884600000000000053e+00	2.246642427786547103e+01
1.888200000000000101e+00	2.360180144127997082e+01
1.891799999999999926e+00	2.393432214019432891e+01
1.895399999999999974e+00	2.417550327969686208e+01
1.899000000000000021e+00	2.453056126050456243e+01
1.902600000000000069e+00	2.430993326295732970e+01
1.906199999999999894e+00	2.416952364415611143e+01
1.909799999999999942e+00	2.157463895531531151e+01
1.913399999999999990e+00	2.035073057664684271e+01
1.917000000000000037e+00	1.878623320056329149e+01
1.920600000000000085e+00	1.976383233860372002e+01
1.924199999999999910e+00	1.952860787941718002e+01
1.927899999999999947e+00	1.860678284499600821e+01
1.931499999999999995e+00	1.788033039801970148e+01
1.935100000000000042e+00	1.938538019981996996e+01
1.938700000000000090e+00	1.979304758664339658e+01
1.942299999999999915e+00	2.050643781202498417e+01
1.945899999999999963e+00	1.982796687341835096e+01
1.949500000000000011e+00	2.011479509120730214e+01
1.953100000000000058e+00	2.130323064321250115e+01
1.956700000000000106e+00	2.145796677412870324e+01
1.960299999999999931e+00	2.202181612569937386e+01
1.963899999999999979e+00	2.181161329114077319e+01
1.967500000000000027e+00	2.118186305025215432e+01
1.971100000000000074e+00	2.224556241371531584e+01
1.974699999999999900e+00	2.337197152626352548e+01
1.978399999999999936e+00	2.425827338797961730e+01
1.981999999999999984e+00	2.584238368290004928e+01
1.985600000000000032e+00	2.669006240689084564e+01
1.989200000000000079e+00	2.772056635075752240e+01
1.992799999999999905e+00	2.899782119127994662e+01
1.996399999999999952e+00	3.042969369882986541e+01
2.000000000000000000e+00	3.175225457039134369e+01
