2.000000000000000111e-01	1.336799620405452194e+00
2.036000000000000032e-01	1.356475513796140175e+00
2.071999999999999953e-01	1.507813173257326778e+00
2.107999999999999874e-01	1.576882764323463526e+00
2.144000000000000072e-01	1.001241737066966619e+00
2.179999999999999993e-01	2.583341717509565871e+00
2.215999999999999914e-01	2.190027178613592085e+00
2.253000000000000003e-01	2.842474628489873645e+00
2.288999999999999924e-01	2.993208623564501458e+00
2.325000000000000122e-01	3.630593967899268470e+00
2.361000000000000043e-01	3.117283037236976639e+00
2.396999999999999964e-01	3.400391542903172581e+00
2.432999999999999885e-01	4.063986218739406908e+00
2.469000000000000083e-01	2.654181761440569609e+00
2.505000000000000004e-01	2.946432197086074734e+00
2.540999999999999925e-01	1.755295167220859653e+00
2.576999999999999846e-01	1.904223616214694381e+00
2.612999999999999767e-01	5.536130669742782562e-01
2.649000000000000243e-01	2.328204693093276045e+00
2.685000000000000164e-01	9.922288871353444062e-01
2.721000000000000085e-01	3.529750838441071181e+00
2.757999999999999896e-01	2.712808105440513984e+00
2.793999999999999817e-01	1.772406936147914447e+00
2.829999999999999738e-01	1.951308155519662080e+00
2.866000000000000214e-01	3.902190265356988874e+00
2.902000000000000135e-01	4.866813978339398439e+00
2.938000000000000056e-01	4.865926169908886934e+00
2.973999999999999977e-01	4.463381060918264254e+00
3.009999999999999898e-01	5.637871973522862845e+00
3.045999999999999819e-01	2.310121105560926758e+00
3.081999999999999740e-01	3.599207289635492302e+00
3.118000000000000216e-01	3.172826401355099080e+00
3.154000000000000137e-01	2.775453942815761188e+00
3.190000000000000058e-01	2.978964306240704296e+00
3.225999999999999979e-01	3.369411425231209734e+00
3.262999999999999790e-01	9.337173419132807073e-01
3.299000000000000266e-01	1.384391017038911986e+00
3.335000000000000187e-01	1.939577034612599782e+00
3.371000000000000107e-01	4.312431446967180948e-01
3.407000000000000028e-01	1.186997943676571188e+00
3.442999999999999949e-01	2.205439349486931988e+00
3.478999999999999870e-01	3.576660005525854835e+00
3.514999999999999791e-01	2.695265098222572320e+00
3.551000000000000267e-01	4.554502210753908820e+00
3.587000000000000188e-01	3.844147459463781225e+00
3.623000000000000109e-01	4.139413891776822396e+00
3.659000000000000030e-01	3.645073339003304991e+00
3.694999999999999951e-01	3.953930738640329956e+00
3.730999999999999872e-01	4.336324147845402877e+00
3.768000000000000238e-01	2.625138667066003517e+00
3.804000000000000159e-01	3.401023208000110820e+00
3.840000000000000080e-01	2.766066585364280961e+00
3.876000000000000001e-01	2.462294421959285273e+00
3.911999999999999922e-01	1.493281044065636554e+00
3.947999999999999843e-01	2.069860702728243407e+00
3.983999999999999764e-01	3.851114902030368548e+00
4.020000000000000240e-01	2.613276288812478310e+00
4.056000000000000161e-01	2.958512362060026213e+00
4.092000000000000082e-01	3.109002279086692244e+00
4.128000000000000003e-01	3.317146709279616523e+00
4.163999999999999924e-01	2.405609235687848013e+00
4.199999999999999845e-01	4.195732821687407466e+00
4.235999999999999766e-01	3.225693073958307622e+00
4.273000000000000131e-01	3.689807716437045748e+00
4.309000000000000052e-01	4.080640353920125918e+00
4.344999999999999973e-01	3.846921083492411686e+00
4.380999999999999894e-01	4.919353532699032527e+00
4.416999999999999815e-01	1.591781535826897853e+00
4.452999999999999736e-01	1.279140753239067951e+00
4.489000000000000212e-01	1.619909690333517283e+00
4.525000000000000133e-01	1.912962440861204261e+00
4.561000000000000054e-01	5.292672189035856345e-01
4.596999999999999975e-01	4.122151523706428788e-01
4.632999999999999896e-01	9.607967367296434968e-01
4.668999999999999817e-01	1.146430562247119367e+00
4.704999999999999738e-01	-1.327037026525778318e-01
4.741000000000000214e-01	1.219105307135151417e+00
4.778000000000000025e-01	1.925637128301529444e+00
4.813999999999999946e-01	2.407563742139866569e+00
4.849999999999999867e-01	1.664209261360412029e+00
4.885999999999999788e-01	2.684982641583823160e+00
4.922000000000000264e-01	1.495720897081498135e+00
4.958000000000000185e-01	2.520280531813571034e+00
4.994000000000000106e-01	2.901803868951403409e+00
5.030000000000000027e-01	4.997573037211131552e-01
5.066000000000000503e-01	9.781337034741159897e-01
5.101999999999999869e-01	2.043098959862353681e+00
5.138000000000000345e-01	1.096379621818238892e+00
5.173999999999999710e-01	-9.455293094588376190e-01
5.210000000000000187e-01	-4.557129498541205859e-01
5.245999999999999552e-01	-1.099592647347122698e+00
5.282999999999999918e-01	-2.538894309219883461e-01
5.319000000000000394e-01	-1.334794546797391401e+00
5.354999999999999760e-01	-8.038131138190518499e-03
5.391000000000000236e-01	-1.069686482592713261e+00
5.426999999999999602e-01	1.259915404504415637e+00
5.463000000000000078e-01	2.830661075226526435e+00
5.499000000000000554e-01	-8.310376376722183878e-02
5.534999999999999920e-01	2.490692409252858397e+00
5.571000000000000396e-01	3.111938876709979596e+00
5.606999999999999762e-01	2.989808038387289812e+00
5.643000000000000238e-01	2.963025041972517926e+00
5.678999999999999604e-01	3.383425442674483641e+00
5.715000000000000080e-01	2.268803781347579207e+00
5.752000000000000446e-01	1.726892086370060753e+00
5.787999999999999812e-01	2.108605582267473633e+00
5.824000000000000288e-01	1.090643964683897682e+00
5.859999999999999654e-01	-1.721118649421248259e-01
5.896000000000000130e-01	1.532918252223546496e+00
5.931999999999999496e-01	2.667270679652953280e+00
5.967999999999999972e-01	1.821881735544471859e+00
6.004000000000000448e-01	2.122326186694571071e+00
6.039999999999999813e-01	1.303546990287624885e+00
6.076000000000000290e-01	4.144811623393200861e+00
6.111999999999999655e-01	3.364365119866530307e+00
6.148000000000000131e-01	4.946515645590263688e+00
6.183999999999999497e-01	4.682130699582613964e+00
6.219999999999999973e-01	4.273117087828357086e+00
6.257000000000000339e-01	4.899533779091314933e+00
6.292999999999999705e-01	4.722525336951615138e+00
6.329000000000000181e-01	4.341518777872739321e+00
6.364999999999999547e-01	4.787896640791895031e+00
6.401000000000000023e-01	2.893708489561150898e+00
6.437000000000000499e-01	3.503590978458042127e+00
6.472999999999999865e-01	4.513746664141999432e+00
6.509000000000000341e-01	2.102020996951444509e+00
6.544999999999999707e-01	1.751013006735959054e+00
6.581000000000000183e-01	2.760601773385025659e+00
6.616999999999999549e-01	4.307924984645433497e+00
6.653000000000000025e-01	4.511683228159402148e+00
6.689000000000000501e-01	5.043771411507589342e+00
6.724999999999999867e-01	6.778468427127750218e+00
6.762000000000000233e-01	5.996076074196229122e+00
6.797999999999999599e-01	5.449496248273979049e+00
6.834000000000000075e-01	4.956896873733536601e+00
6.870000000000000551e-01	6.247288088848509169e+00
6.905999999999999917e-01	4.996048620853248856e+00
6.942000000000000393e-01	7.454917927026218472e+00
6.977999999999999758e-01	7.845745181309302652e+00
7.014000000000000234e-01	7.911296466653038095e+00
7.049999999999999600e-01	5.745397644398363646e+00
7.086000000000000076e-01	5.686908115665353591e+00
7.122000000000000552e-01	5.573627409920602460e+00
7.157999999999999918e-01	5.290306573838108761e+00
7.194000000000000394e-01	4.237883198363601167e+00
7.229999999999999760e-01	5.402914335491515452e+00
7.267000000000000126e-01	6.516300510243023147e+00
7.302999999999999492e-01	6.431758534615887868e+00
7.338999999999999968e-01	6.201156089341193223e+00
7.375000000000000444e-01	7.232696215738373624e+00
7.410999999999999810e-01	8.218099422933821785e+00
7.447000000000000286e-01	7.006457677804797335e+00
7.482999999999999652e-01	7.520266803375275977e+00
7.519000000000000128e-01	7.721637146152533049e+00
7.554999999999999494e-01	9.583112650400183341e+00
7.590999999999999970e-01	8.360742876342207808e+00
7.627000000000000446e-01	9.241275244838899283e+00
7.662999999999999812e-01	6.038205531106709323e+00
7.699000000000000288e-01	9.824865032813317356e+00
7.734999999999999654e-01	7.671161888910839721e+00
7.772000000000000020e-01	6.372466622792057223e+00
7.808000000000000496e-01	5.863649078452332297e+00
7.843999999999999861e-01	6.732409263593101656e+00
7.880000000000000338e-01	7.446518704033206149e+00
7.915999999999999703e-01	7.896156965568967401e+00
7.952000000000000179e-01	6.072444142566334691e+00
7.987999999999999545e-01	6.248513436755486872e+00
8.024000000000000021e-01	6.872875327210533847e+00
8.060000000000000497e-01	6.779384786867729495e+00
8.095999999999999863e-01	9.152952027323049577e+00
8.132000000000000339e-01	7.104464586436654905e+00
8.167999999999999705e-01	8.614365028827467796e+00
8.204000000000000181e-01	6.876522091075933929e+00
8.239999999999999547e-01	7.993680734492145668e+00
8.276999999999999913e-01	8.344226218347191804e+00
8.313000000000000389e-01	5.293501231822596687e+00
8.348999999999999755e-01	5.866061100162652586e+00
8.385000000000000231e-01	6.580188578932173904e+00
8.420999999999999597e-01	6.479868752590889791e+00
8.457000000000000073e-01	7.065043632076074331e+00
8.493000000000000549e-01	6.467832458862330824e+00
8.528999999999999915e-01	6.323216509631224724e+00
8.565000000000000391e-01	6.947747255182498805e+00
8.600999999999999757e-01	7.167615866761156695e+00
8.637000000000000233e-01	7.329691634167987857e+00
8.672999999999999599e-01	6.600508709906451443e+00
8.709000000000000075e-01	7.648682657474867419e+00
8.745000000000000551e-01	6.988377067035953516e+00
8.781999999999999806e-01	7.922469096745935246e+00
8.818000000000000282e-01	7.393619728229263721e+00
8.853999999999999648e-01	6.769841866638397043e+00
8.890000000000000124e-01	7.532973173286466206e+00
8.925999999999999490e-01	6.009427314541402332e+00
8.961999999999999966e-01	7.862879736749967208e+00
8.998000000000000442e-01	7.221585584277356418e+00
9.033999999999999808e-01	8.372931845653273086e+00
9.070000000000000284e-01	7.455048322668986316e+00
9.105999999999999650e-01	6.184906775988734395e+00
9.142000000000000126e-01	7.286184250708563681e+00
9.177999999999999492e-01	6.832417269696636986e+00
9.213999999999999968e-01	5.961049346872441035e+00
9.251000000000000334e-01	6.610631180500624815e+00
9.286999999999999700e-01	7.285480551374998726e+00
9.323000000000000176e-01	5.451695314605618847e+00
9.358999999999999542e-01	8.416358042091356850e+00
9.395000000000000018e-01	6.984952375998442875e+00
9.431000000000000494e-01	6.037290709498806862e+00
9.466999999999999860e-01	8.014345121546629258e+00
9.503000000000000336e-01	8.039595549409176201e+00
9.538999999999999702e-01	1.050339549245189374e+01
9.575000000000000178e-01	1.020765921375713958e+01
9.610999999999999543e-01	7.030557163478120764e+00
9.647000000000000020e-01	8.071232298376520120e+00
9.683000000000000496e-01	7.152604542465626380e+00
9.718999999999999861e-01	9.811824601441145433e+00
9.756000000000000227e-01	6.967420546907115764e+00
9.791999999999999593e-01	7.550068534705002499e+00
9.828000000000000069e-01	7.592539273561137669e+00
9.864000000000000545e-01	6.793437099978722138e+00
9.899999999999999911e-01	8.216685555302237987e+00
9.936000000000000387e-01	7.288515076796805658e+00
9.971999999999999753e-01	6.784603340185677567e+00
1.000799999999999912e+00	6.667603807831564033e+00
1.004399999999999959e+00	8.744736339126603752e+00
1.008000000000000007e+00	8.939882914928915625e+00
1.011600000000000055e+00	7.757634014519961596e+00
1.015200000000000102e+00	7.755117822015231255e+00
1.018799999999999928e+00	9.194794998144654841e+00
1.022399999999999975e+00	8.961166354007481516e+00
1.026100000000000012e+00	8.365273123169842506e+00
1.029700000000000060e+00	8.326510275404800154e+00
1.033300000000000107e+00	7.746467700281177926e+00
1.036899999999999933e+00	8.225189257633470419e+00
1.040499999999999980e+00	8.530307864715878097e+00
1.044100000000000028e+00	7.495846534640273617e+00
1.047700000000000076e+00	8.553879825346690779e+00
1.051299999999999901e+00	8.585765701957193130e+00
1.054899999999999949e+00	7.564906918427238836e+00
1.058499999999999996e+00	8.961416987545677060e+00
1.062100000000000044e+00	8.592291942035608088e+00
1.065700000000000092e+00	9.238148127329861126e+00
1.069299999999999917e+00	9.219130936452486935e+00
1.072899999999999965e+00	9.514912050182918080e+00
1.076600000000000001e+00	8.541416341564858072e+00
1.080200000000000049e+00	9.097463425115163815e+00
1.083800000000000097e+00	9.570081107759193628e+00
1.087399999999999922e+00	9.736488241764703844e+00
1.090999999999999970e+00	9.615655292704355261e+00
1.094600000000000017e+00	8.557310224702906254e+00
1.098200000000000065e+00	9.675415015966487786e+00
1.101799999999999891e+00	9.897641871542344205e+00
1.105399999999999938e+00	1.129782358424932909e+01
1.108999999999999986e+00	1.029705853150581163e+01
1.112600000000000033e+00	1.115869337769529324e+01
1.116200000000000081e+00	9.108899249271278364e+00
1.119799999999999907e+00	9.123414109398854777e+00
1.123399999999999954e+00	8.406935626274432138e+00
1.127099999999999991e+00	8.644205207477883235e+00
1.130700000000000038e+00	9.708169102415519447e+00
1.134300000000000086e+00	7.920581108659567882e+00
1.137899999999999912e+00	8.980665722856175037e+00
1.141499999999999959e+00	9.241514509556086665e+00
1.145100000000000007e+00	9.514559700435492928e+00
1.148700000000000054e+00	1.132183337639982668e+01
1.152300000000000102e+00	1.089260539568060082e+01
1.155899999999999928e+00	1.112879056007725609e+01
1.159499999999999975e+00	1.144654468746329279e+01
1.163100000000000023e+00	1.052238429520731167e+01
1.166700000000000070e+00	1.184917831360756857e+01
1.170299999999999896e+00	1.107768838523501032e+01
1.173899999999999944e+00	9.089411453078618308e+00
1.177599999999999980e+00	9.778998051481307741e+00
1.181200000000000028e+00	8.148828578065872463e+00
1.184800000000000075e+00	1.010129049674169366e+01
1.188399999999999901e+00	9.465959037940422149e+00
1.191999999999999948e+00	1.038369128431221533e+01
1.195599999999999996e+00	9.774324903735781334e+00
1.199200000000000044e+00	1.035387252992904727e+01
1.202800000000000091e+00	1.206974580854919665e+01
1.206399999999999917e+00	1.199453258471465311e+01
1.209999999999999964e+00	1.001846867251055606e+01
1.213600000000000012e+00	1.049642465777687406e+01
1.217200000000000060e+00	1.266231230425863252e+01
1.220800000000000107e+00	1.186943187648620324e+01
1.224399999999999933e+00	1.159729542218553533e+01
1.228099999999999969e+00	1.351072123410047787e+01
1.231700000000000017e+00	1.300465047042811584e+01
1.235300000000000065e+00	1.173414402987699212e+01
1.238899999999999890e+00	1.306106161811785249e+01
1.242499999999999938e+00	1.382380912326006595e+01
1.246099999999999985e+00	1.184204203694772062e+01
1.249700000000000033e+00	1.316985839091763211e+01
1.253300000000000081e+00	1.283005361828029933e+01
1.256899999999999906e+00	1.307214623818168064e+01
1.260499999999999954e+00	1.362974093840514378e+01
1.264100000000000001e+00	1.271347359145804923e+01
1.267700000000000049e+00	1.263319129162004195e+01
1.271300000000000097e+00	1.505881246853854805e+01
1.274899999999999922e+00	1.549243922851260713e+01
1.278599999999999959e+00	1.317286205471708982e+01
1.282200000000000006e+00	1.398042060640793416e+01
1.285800000000000054e+00	1.290541284469098571e+01
1.289400000000000102e+00	1.501511639142973564e+01
1.292999999999999927e+00	1.330828704672765994e+01
1.296599999999999975e+00	1.534338125225307081e+01
1.300200000000000022e+00	1.335248707699359194e+01
1.303800000000000070e+00	1.401922953943040540e+01
1.307399999999999896e+00	1.470941507929027203e+01
1.310999999999999943e+00	1.299003179779184869e+01
1.314599999999999991e+00	1.376634187007961074e+01
1.318200000000000038e+00	1.345096714888796541e+01
1.321800000000000086e+00	1.439369439668365658e+01
1.325499999999999901e+00	1.372273589354880308e+01
1.329099999999999948e+00	1.311328650588451161e+01
1.332699999999999996e+00	1.402664582470494814e+01
1.336300000000000043e+00	1.435923683527253836e+01
1.339900000000000091e+00	1.343594826620780047e+01
1.343499999999999917e+00	1.392593597193734212e+01
1.347099999999999964e+00	1.370341758303950463e+01
1.350700000000000012e+00	1.398851983635011109e+01
1.354300000000000059e+00	1.429535187124509577e+01
1.357900000000000107e+00	1.626483223418723867e+01
1.361499999999999932e+00	1.460209630258895430e+01
1.365099999999999980e+00	1.418265254074090009e+01
1.368700000000000028e+00	1.399408696809676478e+01
1.372300000000000075e+00	1.442256520720668966e+01
1.375999999999999890e+00	1.341087930778246928e+01
1.379599999999999937e+00	1.371616181762650299e+01
1.383199999999999985e+00	1.322450958209419269e+01
1.386800000000000033e+00	1.323591042016541053e+01
1.390400000000000080e+00	1.342988893293178521e+01
1.393999999999999906e+00	1.237310961381576213e+01
1.397599999999999953e+00	1.388892927906624486e+01
1.401200000000000001e+00	1.369213008710657853e+01
1.404800000000000049e+00	1.577183184592166398e+01
1.408400000000000096e+00	1.530751626557443856e+01
1.411999999999999922e+00	1.650559497307521539e+01
1.415599999999999969e+00	1.592797312926389885e+01
1.419200000000000017e+00	1.343339749208510625e+01
1.422800000000000065e+00	1.428085287896018230e+01
1.426500000000000101e+00	1.467149974151350023e+01
1.430099999999999927e+00	1.391356519767575328e+01
1.433699999999999974e+00	1.462422514255548833e+01
1.437300000000000022e+00	1.420451434722905226e+01
1.440900000000000070e+00	1.367382070350394230e+01
1.444499999999999895e+00	1.360434623317113711e+01
1.448099999999999943e+00	1.552695169239726170e+01
1.451699999999999990e+00	1.474417680903986394e+01
1.455300000000000038e+00	1.571327849509140684e+01
1.458900000000000086e+00	1.609767132231417008e+01
1.462499999999999911e+00	1.539094855009028961e+01
1.466099999999999959e+00	1.616810444588234219e+01
1.469700000000000006e+00	1.311602178907707383e+01
1.473300000000000054e+00	1.363502791937989223e+01
1.477000000000000091e+00	1.419579541595811101e+01
1.480599999999999916e+00	1.525203670422725821e+01
1.484199999999999964e+00	1.374487358140365068e+01
1.487800000000000011e+00	1.485005120209849316e+01
1.491400000000000059e+00	1.435603232840495203e+01
1.495000000000000107e+00	1.496764875891107138e+01
1.498599999999999932e+00	1.624604786900347975e+01
1.502199999999999980e+00	1.736110632681229404e+01
1.505800000000000027e+00	1.666767248484685737e+01
1.509400000000000075e+00	1.568605313939643686e+01
1.512999999999999901e+00	1.698661710685299653e+01
1.516599999999999948e+00	1.685022515537228216e+01
1.520199999999999996e+00	1.813706838516418074e+01
1.523800000000000043e+00	1.521246089824712300e+01
1.527500000000000080e+00	1.684984722323678596e+01
1.531099999999999905e+00	1.491354375526316645e+01
1.534699999999999953e+00	1.586478718559945733e+01
1.538300000000000001e+00	1.723422149160460037e+01
1.541900000000000048e+00	1.538968159436008598e+01
1.545500000000000096e+00	1.777028221888525650e+01
1.549099999999999921e+00	1.836128713954449765e+01
1.552699999999999969e+00	1.783052505052149783e+01
1.556300000000000017e+00	1.756687540153504656e+01
1.559900000000000064e+00	1.686581222341686370e+01
1.563499999999999890e+00	1.741359191784970761e+01
1.567099999999999937e+00	1.732030343016532470e+01
1.570699999999999985e+00	1.894739324718708673e+01
1.574300000000000033e+00	1.901205671430981425e+01
1.578000000000000069e+00	1.851534768001032205e+01
1.581599999999999895e+00	1.893281205472159812e+01
1.585199999999999942e+00	1.953400148856276175e+01
1.588799999999999990e+00	1.914207481285127699e+01
1.592400000000000038e+00	2.021680518379310243e+01
1.596000000000000085e+00	1.903252922654418811e+01
1.599599999999999911e+00	2.181893031235282621e+01
1.603199999999999958e+00	2.034849055320890088e+01
1.606800000000000006e+00	1.785011861367877373e+01
1.610400000000000054e+00	1.899846827849524900e+01
1.614000000000000101e+00	2.137616805732798397e+01
1.617599999999999927e+00	2.065023069754999341e+01
1.621199999999999974e+00	2.142833643581296954e+01
1.624800000000000022e+00	2.204008096539384454e+01
1.628500000000000059e+00	2.177048461659435219e+01
1.632100000000000106e+00	2.341320490442006275e+01
1.635699999999999932e+00	2.519758449732341177e+01
1.639299999999999979e+00	2.292943926332150184e+01
1.642900000000000027e+00	2.551108692990674953e+01
1.646500000000000075e+00	2.519547831524060655e+01
1.650099999999999900e+00	2.751643007819419040e+01
1.653699999999999948e+00	2.761081799189017616e+01
1.657299999999999995e+00	2.914020425026553340e+01
1.660900000000000043e+00	2.708471591422986435e+01
1.664500000000000091e+00	2.740045560397074098e+01
1.668099999999999916e+00	2.557878907848682815e+01
1.671699999999999964e+00	2.685662285003720839e+01
1.675400000000000000e+00	2.568997204855883254e+01
1.679000000000000048e+00	2.595324626398919321e+01
1.682600000000000096e+00	2.606340689592473581e+01
1.686199999999999921e+00	2.634795634029507383e+01
1.689799999999999969e+00	2.834890337316305420e+01
1.693400000000000016e+00	3.096705757127624992e+01
1.697000000000000064e+00	3.189742645016423950e+01
1.700599999999999890e+00	3.148003068529696336e+01
1.704199999999999937e+00	3.257874146937591320e+01
1.707799999999999985e+00	3.041634867081349825e+01
1.711400000000000032e+00	3.077108012710024099e+01
1.715000000000000080e+00	2.974923851722068235e+01
1.718599999999999905e+00	3.193478983609510635e+01
1.722199999999999953e+00	3.210645528573147089e+01
1.725899999999999990e+00	3.374545259035560463e+01
1.729500000000000037e+00	3.429154779838162881e+01
1.733100000000000085e+00	3.619380191841337790e+01
1.736699999999999910e+00	3.747342601518852234e+01
1.740299999999999958e+00	3.824726962517160445e+01
1.743900000000000006e+00	3.563308969641597912e+01
1.747500000000000053e+00	3.638699902419364207e+01
1.751100000000000101e+00	3.510405277967333859e+01
1.754699999999999926e+00	3.270726703472401908e+01
1.758299999999999974e+00	3.096798783946173828e+01
1.761900000000000022e+00	3.092300358491571899e+01
1.765500000000000069e+00	3.010302107241905745e+01
1.769099999999999895e+00	2.929229072784772114e+01
1.772699999999999942e+00	3.073912037743834702e+01
1.776399999999999979e+00	2.975593490475795733e+01
1.780000000000000027e+00	3.014805248783901703e+01
1.783600000000000074e+00	3.042309897248841466e+01
1.787199999999999900e+00	2.912633683458827960e+01
1.790799999999999947e+00	2.825288985638508876e+01
1.794399999999999995e+00	2.856432555487065628e+01
1.798000000000000043e+00	3.033869917164552987e+01
1.801600000000000090e+00	3.217946800039856470e+01
1.805199999999999916e+00	3.056440121470966531e+01
1.808799999999999963e+00	3.092991456306354792e+01
1.812400000000000011e+00	3.148583056020150295e+01
1.816000000000000059e+00	3.239190846561188408e+01
1.819600000000000106e+00	2.990184592318017565e+01
1.823199999999999932e+00	2.947323023363523475e+01
1.826899999999999968e+00	3.017047153571166973e+01
1.830500000000000016e+00	2.782418383806790985e+01
1.834100000000000064e+00	2.785092709380646525e+01
1.837699999999999889e+00	2.751516155466536517e+01
1.841299999999999937e+00	2.640699245572742981e+01
1.844899999999999984e+00	2.525306358710658117e+01
1.848500000000000032e+00	2.494734991250186695e+01
1.852100000000000080e+00	2.660773577158032666e+01
1.855699999999999905e+00	2.666066160387023842e+01
1.859299999999999953e+00	2.487037139843304701e+01
1.862900000000000000e+00	2.594973415770031622e+01
1.866500000000000048e+00	2.730896508290206626e+01
1.870100000000000096e+00	2.819453509379978229e+01
1.873699999999999921e+00	3.006930660826735036e+01
1.877399999999999958e+00	2.834005261286786137e+01
1.881000000000000005e+00	2.998652979704966270e+01
1.884600000000000053e+00	3.045690906740458814e+01
1.888200000000000101e+00	2.926920653829893126e+01
1.891799999999999926e+00	2.897581794455426163e+01
1.895399999999999974e+00	2.771780458640482081e+01
1.899000000000000021e+00	2.986875436113687954e+01
1.902600000000000069e+00	2.686401534120146195e+01
1.906199999999999894e+00	2.712626737392472975e+01
1.909799999999999942e+00	2.785353923882427551e+01
1.913399999999999990e+00	2.963164277618201581e+01
1.917000000000000037e+00	3.003548294492449600e+01
1.920600000000000085e+00	2.986037777856747510e+01
1.924199999999999910e+00	2.925248767671525840e+01
1.927899999999999947e+00	2.912723246065136706e+01
1.931499999999999995e+00	3.000264563690154063e+01
1.935100000000000042e+00	2.870245509514489157e+01
1.938700000000000090e+00	2.862222470857343382e+01
1.942299999999999915e+00	2.537623442474578894e+01
1.945899999999999963e+00	2.732168161740003853e+01
1.949500000000000011e+00	2.715784664773854473e+01
1.953100000000000058e+00	2.868953130172831223e+01
1.956700000000000106e+00	2.721579447566987042e+01
1.960299999999999931e+00	2.806132246613437076e+01
1.963899999999999979e+00	2.650672859491901079e+01
1.967500000000000027e+00	2.758924846063623804e+01
1.971100000000000074e+00	2.778016446979748011e+01
1.974699999999999900e+00	2.748020264940080182e+01
1.978399999999999936e+00	2.880642625355298492e+01
1.981999999999999984e+00	2.685174690427384547e+01
1.985600000000000032e+00	2.808453018602318352e+01
1.989200000000000079e+00	2.964460474121285927e+01
1.992799999999999905e+00	2.918090844368326842e+01
1.996399999999999952e+00	2.878734909048011659e+01
2.000000000000000000e+00	2.881201030977170774e+01
