2.000000000000000111e-01	4.453991901118964369e-02
2.036000000000000032e-01	5.416899313968001062e-01
2.071999999999999953e-01	-5.696675729789477116e-02
2.107999999999999874e-01	-2.787337712786784882e-01
2.144000000000000072e-01	1.134492112664586827e-03
2.179999999999999993e-01	-4.525912101219397021e-01
2.215999999999999914e-01	-4.075129318358355901e-01
2.253000000000000003e-01	-4.279344107776534845e-01
2.288999999999999924e-01	-6.024194731669505476e-01
2.325000000000000122e-01	-1.634386784146959481e+00
2.361000000000000043e-01	-1.209648381955796159e+00
2.396999999999999964e-01	-9.735083952599254964e-01
2.432999999999999885e-01	-7.432274169413453091e-01
2.469000000000000083e-01	-1.038531125220219398e+00
2.505000000000000004e-01	-9.842670217381797038e-01
2.540999999999999925e-01	-7.078935370060593923e-01
2.576999999999999846e-01	-4.190306407613096362e-01
2.612999999999999767e-01	-7.210102380217267015e-01
2.649000000000000243e-01	-6.371831139650985243e-02
2.685000000000000164e-01	3.843555710780753865e-01
2.721000000000000085e-01	6.384814218584441287e-03
2.757999999999999896e-01	3.981373163425661610e-01
2.793999999999999817e-01	9.862859526094207574e-01
2.829999999999999738e-01	5.761794837127339752e-01
2.866000000000000214e-01	9.052405709876851780e-01
2.902000000000000135e-01	1.211286313507518919e+00
2.938000000000000056e-01	1.146452785577608102e+00
2.973999999999999977e-01	1.176933872083645305e+00
3.009999999999999898e-01	9.721775013661428932e-01
3.045999999999999819e-01	1.162422861690899367e+00
3.081999999999999740e-01	1.090849899592836847e+00
3.118000000000000216e-01	7.567999512321379463e-01
3.154000000000000137e-01	9.289027616326890335e-01
3.190000000000000058e-01	5.181178091156588561e-01
3.225999999999999979e-01	2.552788775003351357e-02
3.262999999999999790e-01	-8.709550711916283494e-02
3.299000000000000266e-01	-3.561304951168589028e-01
3.335000000000000187e-01	-5.898044551670287294e-01
3.371000000000000107e-01	-1.292147963829858304e-01
3.407000000000000028e-01	-5.538288467875538412e-01
3.442999999999999949e-01	-6.912653293728143744e-01
3.478999999999999870e-01	-7.216508754849559892e-01
3.514999999999999791e-01	-1.282701043826853349e+00
3.551000000000000267e-01	-9.114268284329829495e-01
3.587000000000000188e-01	-9.067420005348770795e-01
3.623000000000000109e-01	-6.531926434336796650e-01
3.659000000000000030e-01	-7.941815722253808829e-01
3.694999999999999951e-01	-9.179062794719271556e-01
3.730999999999999872e-01	-3.926779339095017862e-01
3.768000000000000238e-01	-5.904930723420115379e-01
3.804000000000000159e-01	2.418851291188547914e-02
3.840000000000000080e-01	-6.378757373850907353e-03
3.876000000000000001e-01	3.354225350962343755e-01
3.911999999999999922e-01	7.680765638129632977e-01
3.947999999999999843e-01	8.674994568021350272e-01
3.983999999999999764e-01	1.182088047405123410e+00
4.020000000000000240e-01	1.581549607718325978e+00
4.056000000000000161e-01	1.915109859492800881e+00
4.092000000000000082e-01	1.457114468022504550e+00
4.128000000000000003e-01	1.893535819737467873e+00
4.163999999999999924e-01	2.145828962343664603e+00
4.199999999999999845e-01	1.732305604592881298e+00
4.235999999999999766e-01	2.440515259243853485e+00
4.273000000000000131e-01	1.192322405933740725e+00
4.309000000000000052e-01	1.021283687818284713e+00
4.344999999999999973e-01	1.055878322001169600e+00
4.380999999999999894e-01	8.265866094060165814e-01
4.416999999999999815e-01	6.964135161396102225e-01
4.452999999999999736e-01	3.355971138655121644e-01
4.489000000000000212e-01	2.825642499627022963e-01
4.525000000000000133e-01	1.317905645690679028e-01
4.561000000000000054e-01	3.377388596686721201e-01
4.596999999999999975e-01	-3.155337087557402720e-01
4.632999999999999896e-01	-4.298952058950177846e-01
4.668999999999999817e-01	-7.094191262480701310e-01
4.704999999999999738e-01	-7.775280980521649399e-01
4.741000000000000214e-01	-2.813880339731867353e-01
4.778000000000000025e-01	-4.109272002669961399e-02
4.813999999999999946e-01	-3.675332511408846425e-01
4.849999999999999867e-01	-1.880687059073823664e-01
4.885999999999999788e-01	4.077793503080556770e-01
4.922000000000000264e-01	5.120941119816577736e-01
4.958000000000000185e-01	4.409996721411580389e-01
4.994000000000000106e-01	9.274593404168447464e-01
5.030000000000000027e-01	1.061940217245088913e+00
5.066000000000000503e-01	1.122557771768739165e+00
5.101999999999999869e-01	1.363715045164954232e+00
5.138000000000000345e-01	9.702333998461798448e-01
5.173999999999999710e-01	1.743147221642312505e+00
5.210000000000000187e-01	1.964560546773959970e+00
5.245999999999999552e-01	1.698438177095085599e+00
5.282999999999999918e-01	1.619109963073819491e+00
5.319000000000000394e-01	1.930314739017326975e+00
5.354999999999999760e-01	2.093807893912423168e+00
5.391000000000000236e-01	1.538649381784604531e+00
5.426999999999999602e-01	1.751657972489952808e+00
5.463000000000000078e-01	1.653742671519776275e+00
5.499000000000000554e-01	1.755503300174163561e+00
5.534999999999999920e-01	1.670064987432430259e+00
5.571000000000000396e-01	1.011096365226084703e+00
5.606999999999999762e-01	1.596227496025498294e+00
5.643000000000000238e-01	1.168119690297105162e+00
5.678999999999999604e-01	7.977340063850497653e-01
5.715000000000000080e-01	1.064263315836479817e+00
5.752000000000000446e-01	1.275949499044190638e+00
5.787999999999999812e-01	8.373210849588746951e-01
5.824000000000000288e-01	7.874214304044633295e-01
5.859999999999999654e-01	8.630179015808210341e-01
5.896000000000000130e-01	2.751308999879236716e-01
5.931999999999999496e-01	1.441980799714126515e+00
5.967999999999999972e-01	9.230064430773762263e-01
6.004000000000000448e-01	7.456198414271714148e-01
6.039999999999999813e-01	9.031365191914435542e-01
6.076000000000000290e-01	1.223381066946797269e+00
6.111999999999999655e-01	1.522375467530798998e+00
6.148000000000000131e-01	2.001848165394230605e+00
6.183999999999999497e-01	1.696820474418105462e+00
6.219999999999999973e-01	1.831709938982087005e+00
6.257000000000000339e-01	2.228849122040410080e+00
6.292999999999999705e-01	2.127657665853580848e+00
6.329000000000000181e-01	2.871884460400528916e+00
6.364999999999999547e-01	2.266279233530681836e+00
6.401000000000000023e-01	3.115050108195196898e+00
6.437000000000000499e-01	2.775151011349207941e+00
6.472999999999999865e-01	3.169667830098063188e+00
6.509000000000000341e-01	3.241713468891029404e+00
6.544999999999999707e-01	3.009093873646820683e+00
6.581000000000000183e-01	2.905198131528484495e+00
6.616999999999999549e-01	2.858618928656133207e+00
6.653000000000000025e-01	2.957158679084823660e+00
6.689000000000000501e-01	3.023008494367922516e+00
6.724999999999999867e-01	2.640769722208010428e+00
6.762000000000000233e-01	2.500868049368142998e+00
6.797999999999999599e-01	2.327272506988094403e+00
6.834000000000000075e-01	2.780254580655494134e+00
6.870000000000000551e-01	1.941215745633474654e+00
6.905999999999999917e-01	2.442615703169318309e+00
6.942000000000000393e-01	2.111582125577045499e+00
6.977999999999999758e-01	1.851245302497905643e+00
7.014000000000000234e-01	1.812844641476798024e+00
7.049999999999999600e-01	1.637336426640403353e+00
7.086000000000000076e-01	1.695328091755115230e+00
7.122000000000000552e-01	1.545433988658861946e+00
7.157999999999999918e-01	1.349675499258019329e+00
7.194000000000000394e-01	1.623550615598706948e+00
7.229999999999999760e-01	1.408169228639842396e+00
7.267000000000000126e-01	1.618139531713998380e+00
7.302999999999999492e-01	1.821684880003157092e+00
7.338999999999999968e-01	2.428296791177403602e+00
7.375000000000000444e-01	2.966360174264105254e+00
7.410999999999999810e-01	2.460835798010371889e+00
7.447000000000000286e-01	2.188658007923987014e+00
7.482999999999999652e-01	3.192985647145013317e+00
7.519000000000000128e-01	3.469437566468232426e+00
7.554999999999999494e-01	3.326060499879688326e+00
7.590999999999999970e-01	3.450138552393982927e+00
7.627000000000000446e-01	3.803915304631158456e+00
7.662999999999999812e-01	4.138125053707866208e+00
7.699000000000000288e-01	3.761217471990975003e+00
7.734999999999999654e-01	4.039935432952237448e+00
7.772000000000000020e-01	4.070096556796561238e+00
7.808000000000000496e-01	3.865852139739787585e+00
7.843999999999999861e-01	3.828178754833672315e+00
7.880000000000000338e-01	3.608175012847242513e+00
7.915999999999999703e-01	3.532188203310205665e+00
7.952000000000000179e-01	3.393671433727958764e+00
7.987999999999999545e-01	3.528690893911891724e+00
8.024000000000000021e-01	2.884700848279007968e+00
8.060000000000000497e-01	3.244906814866094003e+00
8.095999999999999863e-01	2.537950739203330475e+00
8.132000000000000339e-01	2.531051656137447647e+00
8.167999999999999705e-01	2.480243319286837611e+00
8.204000000000000181e-01	2.734431083634868198e+00
8.239999999999999547e-01	3.024031481244621844e+00
8.276999999999999913e-01	2.964759974705974521e+00
8.313000000000000389e-01	3.050844299876049881e+00
8.348999999999999755e-01	3.250152576471180055e+00
8.385000000000000231e-01	3.828578842838414431e+00
8.420999999999999597e-01	3.289827589230980731e+00
8.457000000000000073e-01	4.037286619115482367e+00
8.493000000000000549e-01	3.741484991614207001e+00
8.528999999999999915e-01	4.693647772880776614e+00
8.565000000000000391e-01	4.929224015088530031e+00
8.600999999999999757e-01	4.769487253787809244e+00
8.637000000000000233e-01	5.358112936651663105e+00
8.672999999999999599e-01	5.788946086707708716e+00
8.709000000000000075e-01	5.367609667142487773e+00
8.745000000000000551e-01	6.008500517549179243e+00
8.781999999999999806e-01	6.085149456382750621e+00
8.818000000000000282e-01	6.327180740475082388e+00
8.853999999999999648e-01	6.185033124260800541e+00
8.890000000000000124e-01	6.725007979011870418e+00
8.925999999999999490e-01	6.344955681564758088e+00
8.961999999999999966e-01	6.734788644885272291e+00
8.998000000000000442e-01	6.235218264895347140e+00
9.033999999999999808e-01	6.613760836160317957e+00
9.070000000000000284e-01	5.853259253705695109e+00
9.105999999999999650e-01	5.974989241938200912e+00
9.142000000000000126e-01	5.509090116246440516e+00
9.177999999999999492e-01	5.658819949383095960e+00
9.213999999999999968e-01	5.076586225660256524e+00
9.251000000000000334e-01	5.469819857569136801e+00
9.286999999999999700e-01	4.752404616104977109e+00
9.323000000000000176e-01	5.740065321397378462e+00
9.358999999999999542e-01	4.969382523831442633e+00
9.395000000000000018e-01	5.169059517619308153e+00
9.431000000000000494e-01	4.838269349760045301e+00
9.466999999999999860e-01	5.109994206959843410e+00
9.503000000000000336e-01	5.640529707316012775e+00
9.538999999999999702e-01	6.135506558382306075e+00
9.575000000000000178e-01	6.157471409869581080e+00
9.610999999999999543e-01	6.856220649166813175e+00
9.647000000000000020e-01	6.445135816162135711e+00
9.683000000000000496e-01	6.624807224845596032e+00
9.718999999999999861e-01	7.364633195521517628e+00
9.756000000000000227e-01	7.158087409822911695e+00
9.791999999999999593e-01	7.229955993370309919e+00
9.828000000000000069e-01	7.147216694086943711e+00
9.864000000000000545e-01	7.533920794172701108e+00
9.899999999999999911e-01	7.016190578667240274e+00
9.936000000000000387e-01	7.444852776760781055e+00
9.971999999999999753e-01	7.327200128010985303e+00
1.000799999999999912e+00	6.988423463181860029e+00
1.004399999999999959e+00	7.452895668757049563e+00
1.008000000000000007e+00	7.405376579138003734e+00
1.011600000000000055e+00	6.907596531459252454e+00
1.015200000000000102e+00	6.725586462513538422e+00
1.018799999999999928e+00	7.063388090085946480e+00
1.022399999999999975e+00	6.402718865901495526e+00
1.026100000000000012e+00	6.054380556429067362e+00
1.029700000000000060e+00	6.031609895262848298e+00
1.033300000000000107e+00	5.818734171530261179e+00
1.036899999999999933e+00	6.152704741052051673e+00
1.040499999999999980e+00	6.207256329048803423e+00
1.044100000000000028e+00	5.597148388014804077e+00
1.047700000000000076e+00	5.484536625493974249e+00
1.051299999999999901e+00	5.710780558688987263e+00
1.054899999999999949e+00	6.292040171098954637e+00
1.058499999999999996e+00	6.055637622702777279e+00
1.062100000000000044e+00	6.634059416649337848e+00
1.065700000000000092e+00	6.432586032196538461e+00
1.069299999999999917e+00	6.848608896812672597e+00
1.072899999999999965e+00	7.164920943199275527e+00
1.076600000000000001e+00	7.727982469585618297e+00
1.080200000000000049e+00	7.325696656211824198e+00
1.083800000000000097e+00	7.288317872580440060e+00
1.087399999999999922e+00	7.956510224568699385e+00
1.090999999999999970e+00	8.129062083615263390e+00
1.094600000000000017e+00	7.742794594319963863e+00
1.098200000000000065e+00	8.266208510927700814e+00
1.101799999999999891e+00	7.639393847031841212e+00
1.105399999999999938e+00	7.891715101927004206e+00
1.108999999999999986e+00	7.746544342582353693e+00
1.112600000000000033e+00	7.992636695805552804e+00
1.116200000000000081e+00	7.545710793162417218e+00
1.119799999999999907e+00	7.597788358752318949e+00
1.123399999999999954e+00	7.817216226962323766e+00
1.127099999999999991e+00	7.246037239676061503e+00
1.130700000000000038e+00	7.459699432886691461e+00
1.134300000000000086e+00	7.125701865220924525e+00
1.137899999999999912e+00	7.344551571300141468e+00
1.141499999999999959e+00	7.458906868738122142e+00
1.145100000000000007e+00	7.764190675589883739e+00
1.148700000000000054e+00	7.587623572440978847e+00
1.152300000000000102e+00	7.371639596360404667e+00
1.155899999999999928e+00	7.181131906839880230e+00
1.159499999999999975e+00	7.310465496335132762e+00
1.163100000000000023e+00	7.330906987680718245e+00
1.166700000000000070e+00	7.266049652767561540e+00
1.170299999999999896e+00	7.663105160842746066e+00
1.173899999999999944e+00	7.706345361347259448e+00
1.177599999999999980e+00	7.868656496597639993e+00
1.181200000000000028e+00	8.241856005546470243e+00
1.184800000000000075e+00	8.157076347963407414e+00
1.188399999999999901e+00	7.685663259844259798e+00
1.191999999999999948e+00	8.276921426388067715e+00
1.195599999999999996e+00	8.369297072922790903e+00
1.199200000000000044e+00	7.960847836192604277e+00
1.202800000000000091e+00	8.462428418115226947e+00
1.206399999999999917e+00	9.052359737022815267e+00
1.209999999999999964e+00	9.341587189840590000e+00
1.213600000000000012e+00	9.341972589263988880e+00
1.217200000000000060e+00	9.891506455253930241e+00
1.220800000000000107e+00	9.790115584368900059e+00
1.224399999999999933e+00	1.006098348082019989e+01
1.228099999999999969e+00	9.793337841992769910e+00
1.231700000000000017e+00	9.909467742209992380e+00
1.235300000000000065e+00	9.949289775621076970e+00
1.238899999999999890e+00	9.704122076177233325e+00
1.242499999999999938e+00	1.009267108509346400e+01
1.246099999999999985e+00	9.857904718255698029e+00
1.249700000000000033e+00	1.002599563788971615e+01
1.253300000000000081e+00	1.004626386564561713e+01
1.256899999999999906e+00	1.005944100274174069e+01
1.260499999999999954e+00	9.674707915886520126e+00
1.264100000000000001e+00	9.312172578468242534e+00
1.267700000000000049e+00	9.215539114721702063e+00
1.271300000000000097e+00	9.283728038849757169e+00
1.274899999999999922e+00	9.338795945865619785e+00
1.278599999999999959e+00	9.661288887529217106e+00
1.282200000000000006e+00	9.235152544096848715e+00
1.285800000000000054e+00	9.684475188728328021e+00
1.289400000000000102e+00	9.366828570775467711e+00
1.292999999999999927e+00	9.443724404686587803e+00
1.296599999999999975e+00	9.630365376884181927e+00
1.300200000000000022e+00	9.401814962637550011e+00
1.303800000000000070e+00	9.421102922016059367e+00
1.307399999999999896e+00	1.050901929658338574e+01
1.310999999999999943e+00	1.029858378225528526e+01
1.314599999999999991e+00	1.049294830743382789e+01
1.318200000000000038e+00	1.022074920887933835e+01
1.321800000000000086e+00	1.114281614517981822e+01
1.325499999999999901e+00	1.105331884592781044e+01
1.329099999999999948e+00	1.157118494405040110e+01
1.332699999999999996e+00	1.161360071198831534e+01
1.336300000000000043e+00	1.165783043875097391e+01
1.339900000000000091e+00	1.182391137043051188e+01
1.343499999999999917e+00	1.153223843146112593e+01
1.347099999999999964e+00	1.258493792972344494e+01
1.350700000000000012e+00	1.221360452791609319e+01
1.354300000000000059e+00	1.260472729154232141e+01
1.357900000000000107e+00	1.254923326166016828e+01
1.361499999999999932e+00	1.234267002063496577e+01
1.365099999999999980e+00	1.248881761190314599e+01
1.368700000000000028e+00	1.151103326914678426e+01
1.372300000000000075e+00	1.188687896099107100e+01
1.375999999999999890e+00	1.184524086541924248e+01
1.379599999999999937e+00	1.162383752977621398e+01
1.383199999999999985e+00	1.187602039330309722e+01
1.386800000000000033e+00	1.185796881330100305e+01
1.390400000000000080e+00	1.165337858051968034e+01
1.393999999999999906e+00	1.192776399777270235e+01
1.397599999999999953e+00	1.143716915896700037e+01
1.401200000000000001e+00	1.150614721441374577e+01
1.404800000000000049e+00	1.206151209211754782e+01
1.408400000000000096e+00	1.141612155338387602e+01
1.411999999999999922e+00	1.113356532226846518e+01
1.415599999999999969e+00	1.131133589763621927e+01
1.419200000000000017e+00	1.172712348787661618e+01
1.422800000000000065e+00	1.158834345747050421e+01
1.426500000000000101e+00	1.151995398321728459e+01
1.430099999999999927e+00	1.195495383670530387e+01
1.433699999999999974e+00	1.221072164176239028e+01
1.437300000000000022e+00	1.243228686579580078e+01
1.440900000000000070e+00	1.210570037792865961e+01
1.444499999999999895e+00	1.260064143328750497e+01
1.448099999999999943e+00	1.223410513810984845e+01
1.451699999999999990e+00	1.230404132400590989e+01
1.455300000000000038e+00	1.244116948515054766e+01
1.458900000000000086e+00	1.299246976819445365e+01
1.462499999999999911e+00	1.327069691551639785e+01
1.466099999999999959e+00	1.302661034027933162e+01
1.469700000000000006e+00	1.313362750171849136e+01
1.473300000000000054e+00	1.308974333230224119e+01
1.477000000000000091e+00	1.298483809516174325e+01
1.480599999999999916e+00	1.312516329066593457e+01
1.484199999999999964e+00	1.357548088666952601e+01
1.487800000000000011e+00	1.429409588327445846e+01
1.491400000000000059e+00	1.367396584162093198e+01
1.495000000000000107e+00	1.409464113186558265e+01
1.498599999999999932e+00	1.362360635776733808e+01
1.502199999999999980e+00	1.395623580792695329e+01
1.505800000000000027e+00	1.464166033920573540e+01
1.509400000000000075e+00	1.338535077686664643e+01
1.512999999999999901e+00	1.384563700489287719e+01
1.516599999999999948e+00	1.380603468899148822e+01
1.520199999999999996e+00	1.426813987489727431e+01
1.523800000000000043e+00	1.401402735713010017e+01
1.527500000000000080e+00	1.362793436567983463e+01
1.531099999999999905e+00	1.423881827708941294e+01
1.534699999999999953e+00	1.394534490790037395e+01
1.538300000000000001e+00	1.412193405950717384e+01
1.541900000000000048e+00	1.441352059106334949e+01
1.545500000000000096e+00	1.489432747942284330e+01
1.549099999999999921e+00	1.517577062526420484e+01
1.552699999999999969e+00	1.467678349284307338e+01
1.556300000000000017e+00	1.470387446494289740e+01
1.559900000000000064e+00	1.471257308111609063e+01
1.563499999999999890e+00	1.501448492628112952e+01
1.567099999999999937e+00	1.490350878261195788e+01
1.570699999999999985e+00	1.437234349449000348e+01
1.574300000000000033e+00	1.467388402933550751e+01
1.578000000000000069e+00	1.525826006954393854e+01
1.581599999999999895e+00	1.524098004696263153e+01
1.585199999999999942e+00	1.518706266034439345e+01
1.588799999999999990e+00	1.535264091981915335e+01
1.592400000000000038e+00	1.584189447768345893e+01
1.596000000000000085e+00	1.646981176301274630e+01
1.599599999999999911e+00	1.614797582070590209e+01
1.603199999999999958e+00	1.715562862597375116e+01
1.606800000000000006e+00	1.687366573713702067e+01
1.610400000000000054e+00	1.729641051782165917e+01
1.614000000000000101e+00	1.729784990217147822e+01
1.617599999999999927e+00	1.777555272072125803e+01
1.621199999999999974e+00	1.890130266226778133e+01
1.624800000000000022e+00	1.864444840052945906e+01
1.628500000000000059e+00	1.933305157573438748e+01
1.632100000000000106e+00	1.913009494526247778e+01
1.635699999999999932e+00	1.939970965637008504e+01
1.639299999999999979e+00	1.923346910010814526e+01
1.642900000000000027e+00	1.955768227772486512e+01
1.646500000000000075e+00	1.925571438792446699e+01
1.650099999999999900e+00	1.894232694292078634e+01
1.653699999999999948e+00	1.925718220130821123e+01
1.657299999999999995e+00	1.924877756115688499e+01
1.660900000000000043e+00	1.912991895932576369e+01
1.664500000000000091e+00	1.990459095922975408e+01
1.668099999999999916e+00	2.022735869155289734e+01
1.671699999999999964e+00	1.997439578058585852e+01
1.675400000000000000e+00	2.013274566840824065e+01
1.679000000000000048e+00	1.995319190125493236e+01
1.682600000000000096e+00	2.002097748395445720e+01
1.686199999999999921e+00	2.012523623858091071e+01
1.689799999999999969e+00	2.007335227559966384e+01
1.693400000000000016e+00	2.114177961967592267e+01
1.697000000000000064e+00	2.108961027010233025e+01
1.700599999999999890e+00	2.178461250074117217e+01
1.704199999999999937e+00	2.169475158080896549e+01
1.707799999999999985e+00	2.242971907002348431e+01
1.711400000000000032e+00	2.190481247906883411e+01
1.715000000000000080e+00	2.270375045531342550e+01
1.718599999999999905e+00	2.226604231685967150e+01
1.722199999999999953e+00	2.248165770157476473e+01
1.725899999999999990e+00	2.192211461177354437e+01
1.729500000000000037e+00	2.206795601082496106e+01
1.733100000000000085e+00	2.188197494432760948e+01
1.736699999999999910e+00	2.199415685996486047e+01
1.740299999999999958e+00	2.245840789413633587e+01
1.743900000000000006e+00	2.206887397636400294e+01
1.747500000000000053e+00	2.170717174829939111e+01
1.751100000000000101e+00	2.238534972143126112e+01
1.754699999999999926e+00	2.173932599197054216e+01
1.758299999999999974e+00	2.139621188010129416e+01
1.761900000000000022e+00	2.082933331314281844e+01
1.765500000000000069e+00	2.004256731700049698e+01
1.769099999999999895e+00	1.990520818099597022e+01
1.772699999999999942e+00	1.992544046382308665e+01
1.776399999999999979e+00	1.988167501957649463e+01
1.780000000000000027e+00	2.038005789250216537e+01
1.783600000000000074e+00	2.086169743462438575e+01
1.787199999999999900e+00	2.136985203854478499e+01
1.790799999999999947e+00	2.211505917935185295e+01
1.794399999999999995e+00	2.271680446336618786e+01
1.798000000000000043e+00	2.280780563325206600e+01
1.801600000000000090e+00	2.290464275683224926e+01
1.805199999999999916e+00	2.389250299262559096e+01
1.808799999999999963e+00	2.383558256784808904e+01
1.812400000000000011e+00	2.471010526327233947e+01
1.816000000000000059e+00	2.494006304269210972e+01
1.819600000000000106e+00	2.463468603940208013e+01
1.823199999999999932e+00	2.445620199068883238e+01
1.826899999999999968e+00	2.453411487352848752e+01
1.830500000000000016e+00	2.316941760775693382e+01
1.834100000000000064e+00	2.292349636415834269e+01
1.837699999999999889e+00	2.253648479633994839e+01
1.841299999999999937e+00	2.268749260351902919e+01
1.844899999999999984e+00	2.361584397416519110e+01
1.848500000000000032e+00	2.358212398939805610e+01
1.852100000000000080e+00	2.325877766330216545e+01
1.855699999999999905e+00	2.247919381796165084e+01
1.859299999999999953e+00	2.117461224127139729e+01
1.862900000000000000e+00	2.074631787258046955e+01
1.866500000000000048e+00	2.034144042315852019e+01
1.870100000000000096e+00	2.019305819554619319e+01
1.873699999999999921e+00	2.103631938106590127e+01
1.877399999999999958e+00	2.157712092832009887e+01
1.881000000000000005e+00	2.196269389565677344e+01
1.884600000000000053e+00	2.176133804066186528e+01
1.888200000000000101e+00	2.159803752278375555e+01
1.891799999999999926e+00	2.144632918510293962e+01
1.895399999999999974e+00	2.184102799690059271e+01
1.899000000000000021e+00	2.206141072755159982e+01
1.902600000000000069e+00	2.269268621363708149e+01
1.906199999999999894e+00	2.274629769936630197e+01
1.909799999999999942e+00	2.341446810297480852e+01
1.913399999999999990e+00	2.290377715656066471e+01
1.917000000000000037e+00	2.201600778420658244e+01
1.920600000000000085e+00	2.100457091801016674e+01
1.924199999999999910e+00	2.008848913909572786e+01
1.927899999999999947e+00	1.992023782022313583e+01
1.931499999999999995e+00	1.978868467220484462e+01
1.935100000000000042e+00	1.996417285782546713e+01
1.938700000000000090e+00	2.035443647662151534e+01
1.942299999999999915e+00	2.015352428612679603e+01
1.945899999999999963e+00	2.109480958210302504e+01
1.949500000000000011e+00	2.144141658092490843e+01
1.953100000000000058e+00	2.188542545410309614e+01
1.956700000000000106e+00	2.268540629377070417e+01
1.960299999999999931e+00	2.454250364221489633e+01
1.963899999999999979e+00	2.537089210967008057e+01
1.967500000000000027e+00	2.616904048947866102e+01
1.971100000000000074e+00	2.642122697073127213e+01
1.974699999999999900e+00	2.695994686117549577e+01
1.978399999999999936e+00	2.589284028400574300e+01
1.981999999999999984e+00	2.557741376036551983e+01
1.985600000000000032e+00	2.542223456502856394e+01
1.989200000000000079e+00	2.521376508752404888e+01
1.992799999999999905e+00	2.540690690464253976e+01
1.996399999999999952e+00	2.649029220197808243e+01
2.000000000000000000e+00	2.834075755457526569e+01
