2.000000000000000111e-01	8.376342429002625600e-01
2.036000000000000032e-01	1.240276314986396677e+00
2.071999999999999953e-01	1.642386201733385898e+00
2.107999999999999874e-01	-9.043386185011548228e-03
2.144000000000000072e-01	7.041778138686580757e-01
2.179999999999999993e-01	2.762229249105601525e+00
2.215999999999999914e-01	3.569375279935349976e+00
2.253000000000000003e-01	5.059820821366313837e+00
2.288999999999999924e-01	5.126851659596634470e+00
2.325000000000000122e-01	2.841375618460816543e+00
2.361000000000000043e-01	3.801545888592758438e+00
2.396999999999999964e-01	3.665500587776675090e+00
2.432999999999999885e-01	3.460493612653797513e+00
2.469000000000000083e-01	2.043324347410461428e+00
2.505000000000000004e-01	2.676273012147166508e+00
2.540999999999999925e-01	8.271997595910003387e-01
2.576999999999999846e-01	-4.646109346714608623e-01
2.612999999999999767e-01	8.760256430238919645e-01
2.649000000000000243e-01	3.352701940197534647e+00
2.685000000000000164e-01	1.687381609052295506e+00
2.721000000000000085e-01	2.581213162992630927e+00
2.757999999999999896e-01	1.950377269346399878e+00
2.793999999999999817e-01	2.087410418533594658e+00
2.829999999999999738e-01	3.012215769232787999e+00
2.866000000000000214e-01	3.090477041615567799e+00
2.902000000000000135e-01	4.073779435044578179e+00
2.938000000000000056e-01	3.595846240641299207e+00
2.973999999999999977e-01	4.392395188691224917e+00
3.009999999999999898e-01	3.721068883391045468e+00
3.045999999999999819e-01	3.973852990635298177e+00
3.081999999999999740e-01	4.657862149731553103e+00
3.118000000000000216e-01	2.124852439257888026e+00
3.154000000000000137e-01	4.039872128034520671e+00
3.190000000000000058e-01	2.701362932493972302e+00
3.225999999999999979e-01	2.310262723740973190e+00
3.262999999999999790e-01	2.167762774427366423e-01
3.299000000000000266e-01	2.945299551032087848e+00
3.335000000000000187e-01	2.171248556702074950e+00
3.371000000000000107e-01	2.752502721424977317e+00
3.407000000000000028e-01	9.717821269100997972e-01
3.442999999999999949e-01	3.841014521033462081e+00
3.478999999999999870e-01	2.845950412322205914e+00
3.514999999999999791e-01	2.634110381699568570e+00
3.551000000000000267e-01	4.962516467258851982e+00
3.587000000000000188e-01	6.084190144068414519e+00
3.623000000000000109e-01	5.198144872612635581e+00
3.659000000000000030e-01	2.854408398884388465e+00
3.694999999999999951e-01	4.669942036198447610e+00
3.730999999999999872e-01	1.933445131822246088e+00
3.768000000000000238e-01	4.004448459798006787e+00
3.804000000000000159e-01	2.252475163294267890e+00
3.840000000000000080e-01	3.646826588851069140e+00
3.876000000000000001e-01	2.376856651725696601e+00
3.911999999999999922e-01	1.867903646092337500e+00
3.947999999999999843e-01	2.313937320701155542e+00
3.983999999999999764e-01	1.176731657025513744e+00
4.020000000000000240e-01	1.298655345675591599e+00
4.056000000000000161e-01	2.081777635456333542e+00
4.092000000000000082e-01	3.190475561083673917e+00
4.128000000000000003e-01	3.553998271804783560e+00
4.163999999999999924e-01	4.296353871932991453e+00
4.199999999999999845e-01	3.422089971124264274e+00
4.235999999999999766e-01	4.006991637021185326e+00
4.273000000000000131e-01	5.313422669274302734e+00
4.309000000000000052e-01	4.386796433353543634e+00
4.344999999999999973e-01	3.314894669495802582e+00
4.380999999999999894e-01	3.379428865985274477e+00
4.416999999999999815e-01	2.706946148293722043e+00
4.452999999999999736e-01	1.138972747895089510e+00
4.489000000000000212e-01	2.404487791186060264e+00
4.525000000000000133e-01	2.429505287617997222e+00
4.561000000000000054e-01	3.426457530616662250e-01
4.596999999999999975e-01	5.675733869225506600e-01
4.632999999999999896e-01	2.623985152323135672e+00
4.668999999999999817e-01	1.397167078026567255e+00
4.704999999999999738e-01	5.198047899876531708e-02
4.741000000000000214e-01	2.603518962870033260e+00
4.778000000000000025e-01	2.027814516511711851e+00
4.813999999999999946e-01	5.788487795304166905e-01
4.849999999999999867e-01	2.562550314644473026e+00
4.885999999999999788e-01	3.286397432804851526e+00
4.922000000000000264e-01	3.896008194138661729e+00
4.958000000000000185e-01	1.972077112751725592e+00
4.994000000000000106e-01	7.290331716655211736e-01
5.030000000000000027e-01	2.494983394164200341e+00
5.066000000000000503e-01	1.861974081078022314e+00
5.101999999999999869e-01	5.984308385208207959e-01
5.138000000000000345e-01	1.143762569603392398e+00
5.173999999999999710e-01	-1.028290078068488933e-01
5.210000000000000187e-01	-4.103103316263890799e-01
5.245999999999999552e-01	-1.061373911608840537e+00
5.282999999999999918e-01	5.238396558540148185e-02
5.319000000000000394e-01	-1.108704536455636047e+00
5.354999999999999760e-01	-3.402488317966653186e-01
5.391000000000000236e-01	3.533856293901237455e-01
5.426999999999999602e-01	1.922659901597268739e+00
5.463000000000000078e-01	5.488629412867727098e-01
5.499000000000000554e-01	1.325698215852586070e+00
5.534999999999999920e-01	2.737069975483132467e+00
5.571000000000000396e-01	3.181244470755804521e+00
5.606999999999999762e-01	2.506004789328716953e+00
5.643000000000000238e-01	3.184009522055759600e+00
5.678999999999999604e-01	2.035806581270819038e+00
5.715000000000000080e-01	1.582083395424227046e+00
5.752000000000000446e-01	3.463056190699144388e+00
5.787999999999999812e-01	2.689346164466224209e+00
5.824000000000000288e-01	9.955694467958839944e-01
5.859999999999999654e-01	5.664675299906907213e-01
5.896000000000000130e-01	-5.335534771404270016e-01
5.931999999999999496e-01	1.227941879417009607e+00
5.967999999999999972e-01	1.516949970262085223e+00
6.004000000000000448e-01	2.683303254145767980e+00
6.039999999999999813e-01	3.251708409315596793e+00
6.076000000000000290e-01	3.213186148959463306e+00
6.111999999999999655e-01	2.976486128631886885e+00
6.148000000000000131e-01	4.462564683479035565e+00
6.183999999999999497e-01	4.445540094650665353e+00
6.219999999999999973e-01	4.010812854198112731e+00
6.257000000000000339e-01	4.720147839168086890e+00
6.292999999999999705e-01	5.444844844460307698e+00
6.329000000000000181e-01	3.843860406545672959e+00
6.364999999999999547e-01	2.925238017761416565e+00
6.401000000000000023e-01	2.453584513106777720e+00
6.437000000000000499e-01	4.869865039954923702e+00
6.472999999999999865e-01	4.348209783260803540e+00
6.509000000000000341e-01	3.763461967595432611e+00
6.544999999999999707e-01	3.118534049028833799e+00
6.581000000000000183e-01	4.399366394742047603e+00
6.616999999999999549e-01	3.108309524519103029e+00
6.653000000000000025e-01	4.142186268623789580e+00
6.689000000000000501e-01	4.592472454957196248e+00
6.724999999999999867e-01	4.898173639595674089e+00
6.762000000000000233e-01	5.355243694093277718e+00
6.797999999999999599e-01	5.774741579495229260e+00
6.834000000000000075e-01	6.113037508086249794e+00
6.870000000000000551e-01	5.588262480241805719e+00
6.905999999999999917e-01	5.312724439021835110e+00
6.942000000000000393e-01	5.847568732830856320e+00
6.977999999999999758e-01	5.335172572662219892e+00
7.014000000000000234e-01	6.019589022027997061e+00
7.049999999999999600e-01	6.793982527796643467e+00
7.086000000000000076e-01	4.367380533116094199e+00
7.122000000000000552e-01	5.630733684561310959e+00
7.157999999999999918e-01	4.175019686985121936e+00
7.194000000000000394e-01	3.979558990204921542e+00
7.229999999999999760e-01	4.570982224839072572e+00
7.267000000000000126e-01	4.596127508928699257e+00
7.302999999999999492e-01	5.368903707402273184e+00
7.338999999999999968e-01	7.894866969607569729e+00
7.375000000000000444e-01	5.712834755122523589e+00
7.410999999999999810e-01	7.598727079894735503e+00
7.447000000000000286e-01	8.129059167382795437e+00
7.482999999999999652e-01	8.267681129962834774e+00
7.519000000000000128e-01	9.939941071864353717e+00
7.554999999999999494e-01	8.168746603300935050e+00
7.590999999999999970e-01	7.502386547686055174e+00
7.627000000000000446e-01	7.248885971713290743e+00
7.662999999999999812e-01	7.113549371953798328e+00
7.699000000000000288e-01	7.342581691498706320e+00
7.734999999999999654e-01	6.537791347643336692e+00
7.772000000000000020e-01	7.512133565695148896e+00
7.808000000000000496e-01	7.282856080895788509e+00
7.843999999999999861e-01	6.349708153244187692e+00
7.880000000000000338e-01	7.209272945953156153e+00
7.915999999999999703e-01	7.014095946409856452e+00
7.952000000000000179e-01	6.457519730270509406e+00
7.987999999999999545e-01	7.590543881040876073e+00
8.024000000000000021e-01	7.296347564769050109e+00
8.060000000000000497e-01	7.303984270199755713e+00
8.095999999999999863e-01	8.287123773314663211e+00
8.132000000000000339e-01	8.526560647687917438e+00
8.167999999999999705e-01	6.271966921838625808e+00
8.204000000000000181e-01	7.777458104374878722e+00
8.239999999999999547e-01	7.604739828276819047e+00
8.276999999999999913e-01	7.195470620124579497e+00
8.313000000000000389e-01	7.556992827786929823e+00
8.348999999999999755e-01	5.852165429088978854e+00
8.385000000000000231e-01	6.940412315313603031e+00
8.420999999999999597e-01	7.585802020364436515e+00
8.457000000000000073e-01	6.608843263911125199e+00
8.493000000000000549e-01	6.758863358693739443e+00
8.528999999999999915e-01	6.808925222209953887e+00
8.565000000000000391e-01	5.864726725542570129e+00
8.600999999999999757e-01	6.549625216058084121e+00
8.637000000000000233e-01	8.343379442117250022e+00
8.672999999999999599e-01	6.534054150188879362e+00
8.709000000000000075e-01	8.279679246707452478e+00
8.745000000000000551e-01	7.289525809738166551e+00
8.781999999999999806e-01	8.174942121549889862e+00
8.818000000000000282e-01	6.838399488325723752e+00
8.853999999999999648e-01	6.629635683332531393e+00
8.890000000000000124e-01	8.273980303311148532e+00
8.925999999999999490e-01	6.701465331026078331e+00
8.961999999999999966e-01	6.560984255823226086e+00
8.998000000000000442e-01	5.752560057194735954e+00
9.033999999999999808e-01	6.835651615167027018e+00
9.070000000000000284e-01	6.652710474475582281e+00
9.105999999999999650e-01	7.443883424443603403e+00
9.142000000000000126e-01	6.845630018509989867e+00
9.177999999999999492e-01	7.282802596905961323e+00
9.213999999999999968e-01	5.243640178819870101e+00
9.251000000000000334e-01	6.015180459593103990e+00
9.286999999999999700e-01	8.056877286572527552e+00
9.323000000000000176e-01	7.741967121460154644e+00
9.358999999999999542e-01	9.659837139631836322e+00
9.395000000000000018e-01	1.024793520835551064e+01
9.431000000000000494e-01	7.730212306921587562e+00
9.466999999999999860e-01	7.719612438032093849e+00
9.503000000000000336e-01	8.002041598040730008e+00
9.538999999999999702e-01	7.577282913356415683e+00
9.575000000000000178e-01	8.295534543703114494e+00
9.610999999999999543e-01	8.220654769044738686e+00
9.647000000000000020e-01	8.406025308991964096e+00
9.683000000000000496e-01	7.521931263874891194e+00
9.718999999999999861e-01	7.264523857277228380e+00
9.756000000000000227e-01	6.833517378379085017e+00
9.791999999999999593e-01	7.170443360743821160e+00
9.828000000000000069e-01	5.901178770827308462e+00
9.864000000000000545e-01	7.087523258151535721e+00
9.899999999999999911e-01	7.565634384334982698e+00
9.936000000000000387e-01	8.213354379293098972e+00
9.971999999999999753e-01	6.331650173457439301e+00
1.000799999999999912e+00	6.866495957449042287e+00
1.004399999999999959e+00	7.204493269450683357e+00
1.008000000000000007e+00	6.816535937342005802e+00
1.011600000000000055e+00	8.803417618760438046e+00
1.015200000000000102e+00	7.860275200727332212e+00
1.018799999999999928e+00	8.479011409934779309e+00
1.022399999999999975e+00	7.729389390220432254e+00
1.026100000000000012e+00	8.924646368288517095e+00
1.029700000000000060e+00	9.253388403052701605e+00
1.033300000000000107e+00	7.707449059700859806e+00
1.036899999999999933e+00	7.946596966327600597e+00
1.040499999999999980e+00	8.809851498434138506e+00
1.044100000000000028e+00	7.843255189652178494e+00
1.047700000000000076e+00	8.148555754070947899e+00
1.051299999999999901e+00	8.595423144488293588e+00
1.054899999999999949e+00	7.799287205224632480e+00
1.058499999999999996e+00	7.564085536777132468e+00
1.062100000000000044e+00	7.228204741919046938e+00
1.065700000000000092e+00	7.736535364624935518e+00
1.069299999999999917e+00	7.546346653958063477e+00
1.072899999999999965e+00	7.887613702376289559e+00
1.076600000000000001e+00	9.737469052150185433e+00
1.080200000000000049e+00	1.048868908721967230e+01
1.083800000000000097e+00	9.186957718148708096e+00
1.087399999999999922e+00	8.904222177049989639e+00
1.090999999999999970e+00	1.021068318979465950e+01
1.094600000000000017e+00	8.174679957575753164e+00
1.098200000000000065e+00	1.000181247263010675e+01
1.101799999999999891e+00	8.789728540450923333e+00
1.105399999999999938e+00	1.047601622798910448e+01
1.108999999999999986e+00	9.188694713602313158e+00
1.112600000000000033e+00	1.086583101208196567e+01
1.116200000000000081e+00	9.205851731249284242e+00
1.119799999999999907e+00	9.681667066882239325e+00
1.123399999999999954e+00	9.477557771858432289e+00
1.127099999999999991e+00	9.769211471793958879e+00
1.130700000000000038e+00	8.253646054449284009e+00
1.134300000000000086e+00	7.502412754153433561e+00
1.137899999999999912e+00	9.392976190195680530e+00
1.141499999999999959e+00	7.667073894060346895e+00
1.145100000000000007e+00	9.192793662697312129e+00
1.148700000000000054e+00	1.122683621629146522e+01
1.152300000000000102e+00	1.173670307505419252e+01
1.155899999999999928e+00	1.114542825991761710e+01
1.159499999999999975e+00	9.829529241051712773e+00
1.163100000000000023e+00	1.253554473309932860e+01
1.166700000000000070e+00	1.135406182560453026e+01
1.170299999999999896e+00	1.076343617142480191e+01
1.173899999999999944e+00	9.939210979888242647e+00
1.177599999999999980e+00	9.641508363192436093e+00
1.181200000000000028e+00	1.095839366284666028e+01
1.184800000000000075e+00	9.637383436013353233e+00
1.188399999999999901e+00	9.886216357816095979e+00
1.191999999999999948e+00	1.002420413839769253e+01
1.195599999999999996e+00	1.015841048932137980e+01
1.199200000000000044e+00	1.122488600979796125e+01
1.202800000000000091e+00	1.131518106605997076e+01
1.206399999999999917e+00	1.016368325790028493e+01
1.209999999999999964e+00	9.712734921093840512e+00
1.213600000000000012e+00	1.187609562036651312e+01
1.217200000000000060e+00	1.214571804736323202e+01
1.220800000000000107e+00	1.154990124342496927e+01
1.224399999999999933e+00	1.244976762689449856e+01
1.228099999999999969e+00	1.161639796883501674e+01
1.231700000000000017e+00	1.215088951911126003e+01
1.235300000000000065e+00	1.151765273654726585e+01
1.238899999999999890e+00	1.025656160237695147e+01
1.242499999999999938e+00	1.231495563057131193e+01
1.246099999999999985e+00	1.289035413048555867e+01
1.249700000000000033e+00	1.113569554885599899e+01
1.253300000000000081e+00	1.051377448565505190e+01
1.256899999999999906e+00	1.196170710465435860e+01
1.260499999999999954e+00	1.186424291323039526e+01
1.264100000000000001e+00	1.260623709621858168e+01
1.267700000000000049e+00	1.363300284460071410e+01
1.271300000000000097e+00	1.494841705057219450e+01
1.274899999999999922e+00	1.393732031567386187e+01
1.278599999999999959e+00	1.376789158477305186e+01
1.282200000000000006e+00	1.342691435738618821e+01
1.285800000000000054e+00	1.314082922442020518e+01
1.289400000000000102e+00	1.356559432343444982e+01
1.292999999999999927e+00	1.573145888773230716e+01
1.296599999999999975e+00	1.512384719367886277e+01
1.300200000000000022e+00	1.508375703535740442e+01
1.303800000000000070e+00	1.560880217655218871e+01
1.307399999999999896e+00	1.502089068684287021e+01
1.310999999999999943e+00	1.503059104420945680e+01
1.314599999999999991e+00	1.383267012498424187e+01
1.318200000000000038e+00	1.338808605938351448e+01
1.321800000000000086e+00	1.421879311782740452e+01
1.325499999999999901e+00	1.346530254723310094e+01
1.329099999999999948e+00	1.346957190058446052e+01
1.332699999999999996e+00	1.448333373833784954e+01
1.336300000000000043e+00	1.455148668002318857e+01
1.339900000000000091e+00	1.321822274099426409e+01
1.343499999999999917e+00	1.608504492158312971e+01
1.347099999999999964e+00	1.503790668486333537e+01
1.350700000000000012e+00	1.452363835544096560e+01
1.354300000000000059e+00	1.270514069859864570e+01
1.357900000000000107e+00	1.400870939978684859e+01
1.361499999999999932e+00	1.569443933222737542e+01
1.365099999999999980e+00	1.353797375636106537e+01
1.368700000000000028e+00	1.327783075065307372e+01
1.372300000000000075e+00	1.331737865070062909e+01
1.375999999999999890e+00	1.390090945911653897e+01
1.379599999999999937e+00	1.308061328410097346e+01
1.383199999999999985e+00	1.513195348306053845e+01
1.386800000000000033e+00	1.579852611888234648e+01
1.390400000000000080e+00	1.438128344258409008e+01
1.393999999999999906e+00	1.371582620463260227e+01
1.397599999999999953e+00	1.251629257965559994e+01
1.401200000000000001e+00	1.394942266887212412e+01
1.404800000000000049e+00	1.392635458690378059e+01
1.408400000000000096e+00	1.518918912304237701e+01
1.411999999999999922e+00	1.563787061024471114e+01
1.415599999999999969e+00	1.698809198978414869e+01
1.419200000000000017e+00	1.506036501833068897e+01
1.422800000000000065e+00	1.514374736205327920e+01
1.426500000000000101e+00	1.479284836685042848e+01
1.430099999999999927e+00	1.428909114902005228e+01
1.433699999999999974e+00	1.482537165032806392e+01
1.437300000000000022e+00	1.312904485798124199e+01
1.440900000000000070e+00	1.206830697987860113e+01
1.444499999999999895e+00	1.310548389787627244e+01
1.448099999999999943e+00	1.372823093925490845e+01
1.451699999999999990e+00	1.270773790127569214e+01
1.455300000000000038e+00	1.144672841589477308e+01
1.458900000000000086e+00	1.374037259247845633e+01
1.462499999999999911e+00	1.387516078417652388e+01
1.466099999999999959e+00	1.441954655759107595e+01
1.469700000000000006e+00	1.515393726225034143e+01
1.473300000000000054e+00	1.451962685408944509e+01
1.477000000000000091e+00	1.596860292823338767e+01
1.480599999999999916e+00	1.347761666005874481e+01
1.484199999999999964e+00	1.538724700930146660e+01
1.487800000000000011e+00	1.442469796731739962e+01
1.491400000000000059e+00	1.489341420497092017e+01
1.495000000000000107e+00	1.504670798155703082e+01
1.498599999999999932e+00	1.656627960824514645e+01
1.502199999999999980e+00	1.518793035383487577e+01
1.505800000000000027e+00	1.634541698276185429e+01
1.509400000000000075e+00	1.563071522845068273e+01
1.512999999999999901e+00	1.560046649638627336e+01
1.516599999999999948e+00	1.585187467915941895e+01
1.520199999999999996e+00	1.665105766963137768e+01
1.523800000000000043e+00	1.557389035623408979e+01
1.527500000000000080e+00	1.571258941008131238e+01
1.531099999999999905e+00	1.458896797460063688e+01
1.534699999999999953e+00	1.507680676127307606e+01
1.538300000000000001e+00	1.700622430282074760e+01
1.541900000000000048e+00	1.726778145016713495e+01
1.545500000000000096e+00	1.669115920973091605e+01
1.549099999999999921e+00	1.670625264384821307e+01
1.552699999999999969e+00	1.602413788754688539e+01
1.556300000000000017e+00	1.675271578104349501e+01
1.559900000000000064e+00	1.694552119141642521e+01
1.563499999999999890e+00	1.826953788390278177e+01
1.567099999999999937e+00	1.713950865873738394e+01
1.570699999999999985e+00	1.725749680854265478e+01
1.574300000000000033e+00	1.725673673303644406e+01
1.578000000000000069e+00	1.748124134811449792e+01
1.581599999999999895e+00	1.804666956028123792e+01
1.585199999999999942e+00	2.148283072833373097e+01
1.588799999999999990e+00	2.008367058189785581e+01
1.592400000000000038e+00	1.916455968335464277e+01
1.596000000000000085e+00	2.183112999246977992e+01
1.599599999999999911e+00	2.125573602838784026e+01
1.603199999999999958e+00	2.019918361724103661e+01
1.606800000000000006e+00	1.926563760790319435e+01
1.610400000000000054e+00	2.099817343862289221e+01
1.614000000000000101e+00	2.241827005957628316e+01
1.617599999999999927e+00	2.220944148064864265e+01
1.621199999999999974e+00	2.265154953478845101e+01
1.624800000000000022e+00	2.480861157069440992e+01
1.628500000000000059e+00	2.410048784076539263e+01
1.632100000000000106e+00	2.306982728885314415e+01
1.635699999999999932e+00	2.246441209418938456e+01
1.639299999999999979e+00	2.262104453552550964e+01
1.642900000000000027e+00	2.401176175392437173e+01
1.646500000000000075e+00	2.418561056722516511e+01
1.650099999999999900e+00	2.602498539570026281e+01
1.653699999999999948e+00	2.815764449252794321e+01
1.657299999999999995e+00	2.880610938182298142e+01
1.660900000000000043e+00	2.739214077561272376e+01
1.664500000000000091e+00	2.707338365866537444e+01
1.668099999999999916e+00	2.731927504039757792e+01
1.671699999999999964e+00	2.712076974858207024e+01
1.675400000000000000e+00	2.548170081237569917e+01
1.679000000000000048e+00	2.701007412126131157e+01
1.682600000000000096e+00	2.661568164462419972e+01
1.686199999999999921e+00	2.700013654264058971e+01
1.689799999999999969e+00	2.990009503912355271e+01
1.693400000000000016e+00	3.074262311933824776e+01
1.697000000000000064e+00	3.208867927443447599e+01
1.700599999999999890e+00	3.232972285842534177e+01
1.704199999999999937e+00	3.248075037976979473e+01
1.707799999999999985e+00	3.382331180722511021e+01
1.711400000000000032e+00	3.310864665821339514e+01
1.715000000000000080e+00	3.594005796173015455e+01
1.718599999999999905e+00	3.949601699736324179e+01
1.722199999999999953e+00	4.103195003071404301e+01
1.725899999999999990e+00	4.183677255572534648e+01
1.729500000000000037e+00	4.244419472746511701e+01
1.733100000000000085e+00	4.161258481018686695e+01
1.736699999999999910e+00	3.761926916832593548e+01
1.740299999999999958e+00	3.513497007949101913e+01
1.743900000000000006e+00	3.237314440483984157e+01
1.747500000000000053e+00	3.263828740854661703e+01
1.751100000000000101e+00	3.358414005297349547e+01
1.754699999999999926e+00	3.591357656887773686e+01
1.758299999999999974e+00	3.599119226071162814e+01
1.761900000000000022e+00	3.685803767389759855e+01
1.765500000000000069e+00	3.529366193033531118e+01
1.769099999999999895e+00	3.366873543500600618e+01
1.772699999999999942e+00	3.152550573510773191e+01
1.776399999999999979e+00	2.838063695451849711e+01
1.780000000000000027e+00	2.611560108080979958e+01
1.783600000000000074e+00	2.825047029043605917e+01
1.787199999999999900e+00	2.759332702096580903e+01
1.790799999999999947e+00	2.807186734153815522e+01
1.794399999999999995e+00	2.889230917858169789e+01
1.798000000000000043e+00	2.817827076202443237e+01
1.801600000000000090e+00	3.046772853483673416e+01
1.805199999999999916e+00	3.122612845898468947e+01
1.808799999999999963e+00	3.096811433352150544e+01
1.812400000000000011e+00	2.988033459125752600e+01
1.816000000000000059e+00	2.958030696582149233e+01
1.819600000000000106e+00	2.699155146491300883e+01
1.823199999999999932e+00	2.739706290032331637e+01
1.826899999999999968e+00	2.956781640096177455e+01
1.830500000000000016e+00	2.886605468775711358e+01
1.834100000000000064e+00	2.984160849313448338e+01
1.837699999999999889e+00	3.010510904984515790e+01
1.841299999999999937e+00	3.073909329765534437e+01
1.844899999999999984e+00	2.742417333209877128e+01
1.848500000000000032e+00	2.834685075843528423e+01
1.852100000000000080e+00	2.607617482906456274e+01
1.855699999999999905e+00	2.872689829368881220e+01
1.859299999999999953e+00	2.827835211756169898e+01
1.862900000000000000e+00	3.085950343538279128e+01
1.866500000000000048e+00	3.151790557758533140e+01
1.870100000000000096e+00	2.911810720437531685e+01
1.873699999999999921e+00	2.980672127416278627e+01
1.877399999999999958e+00	2.951794067137531741e+01
1.881000000000000005e+00	2.819474949220679960e+01
1.884600000000000053e+00	2.942145136103041736e+01
1.888200000000000101e+00	2.697468736629284436e+01
1.891799999999999926e+00	2.762647292025477341e+01
1.895399999999999974e+00	2.941557410553475904e+01
1.899000000000000021e+00	2.977603276861995596e+01
1.902600000000000069e+00	3.022123344018335800e+01
1.906199999999999894e+00	3.142583645696101513e+01
1.909799999999999942e+00	3.042051956724792561e+01
1.913399999999999990e+00	2.930447804332184703e+01
1.917000000000000037e+00	2.848026468870658690e+01
1.920600000000000085e+00	2.728414737822478386e+01
1.924199999999999910e+00	2.886289493517459448e+01
1.927899999999999947e+00	2.745365158602114874e+01
1.931499999999999995e+00	2.610243016676566441e+01
1.935100000000000042e+00	2.811172238470092566e+01
1.938700000000000090e+00	2.844246228532688292e+01
1.942299999999999915e+00	2.762414253920033502e+01
1.945899999999999963e+00	2.925089205057577857e+01
1.949500000000000011e+00	2.923691015422146222e+01
1.953100000000000058e+00	2.782278161617443146e+01
1.956700000000000106e+00	2.751397594105303313e+01
1.960299999999999931e+00	2.787298990922132802e+01
1.963899999999999979e+00	2.702756864781210666e+01
1.967500000000000027e+00	2.638529503310459745e+01
1.971100000000000074e+00	2.595730564755100644e+01
1.974699999999999900e+00	2.779244126740333343e+01
1.978399999999999936e+00	2.624583785352218968e+01
1.981999999999999984e+00	2.837853614446255790e+01
1.985600000000000032e+00	2.909417362191306822e+01
1.989200000000000079e+00	2.847548485017852116e+01
1.992799999999999905e+00	2.898162300265112989e+01
1.996399999999999952e+00	2.711273732269591719e+01
2.000000000000000000e+00	2.467248251666092074e+01
