2.000000000000000111e-01	5.309035668052581869e-01
2.036000000000000032e-01	3.918632861238888210e-01
2.071999999999999953e-01	-2.346918900531863583e-01
2.107999999999999874e-01	-6.037738933000396102e-01
2.144000000000000072e-01	-6.684162678473514196e-01
2.179999999999999993e-01	-8.616617175701546394e-02
2.215999999999999914e-01	-5.397819197902824495e-01
2.253000000000000003e-01	-5.327498705571344084e-01
2.288999999999999924e-01	1.134408846380471125e+00
2.325000000000000122e-01	-8.540745102896476482e-01
2.361000000000000043e-01	-2.112338984573320921e-01
2.396999999999999964e-01	-1.491567969535215310e+00
2.432999999999999885e-01	-9.556774336479898491e-01
2.469000000000000083e-01	3.726107461656860131e-01
2.505000000000000004e-01	-1.478472010763077549e+00
2.540999999999999925e-01	9.356775191263873026e-01
2.576999999999999846e-01	2.069270414840977956e-01
2.612999999999999767e-01	9.347425660697250560e-01
2.649000000000000243e-01	8.320655621094662502e-01
2.685000000000000164e-01	-1.193725096057638213e+00
2.721000000000000085e-01	9.239482253770525677e-01
2.757999999999999896e-01	6.090972256138051932e-01
2.793999999999999817e-01	-1.049338584984148004e-01
2.829999999999999738e-01	2.140415618253068253e+00
2.866000000000000214e-01	2.033312916956548921e+00
2.902000000000000135e-01	2.422428568039417751e+00
2.938000000000000056e-01	2.044851000593842727e+00
2.973999999999999977e-01	1.960445694341737877e+00
3.009999999999999898e-01	1.854220828123885667e+00
3.045999999999999819e-01	1.951095130801781874e+00
3.081999999999999740e-01	2.055519808769493473e+00
3.118000000000000216e-01	2.029752793739142191e+00
3.154000000000000137e-01	2.134714431420617231e+00
3.190000000000000058e-01	-3.283567989488754835e-01
3.225999999999999979e-01	2.206640753301257085e+00
3.262999999999999790e-01	1.425881449620099772e+00
3.299000000000000266e-01	6.028622611697060929e-01
3.335000000000000187e-01	-1.331491612208446362e-02
3.371000000000000107e-01	-1.592243765443278614e-01
3.407000000000000028e-01	4.378909549651034405e-01
3.442999999999999949e-01	-2.160216360786504364e-01
3.478999999999999870e-01	2.241157973247731583e-01
3.514999999999999791e-01	-4.455005336829398477e-01
3.551000000000000267e-01	-7.097379895974476050e-01
3.587000000000000188e-01	-4.065726010070044305e-01
3.623000000000000109e-01	-1.188276695017497220e-01
3.659000000000000030e-01	-2.208546226345086128e-01
3.694999999999999951e-01	-1.922540674116908432e+00
3.730999999999999872e-01	3.782050308466404775e-01
3.768000000000000238e-01	1.603525947158410458e+00
3.804000000000000159e-01	1.741121956340937915e+00
3.840000000000000080e-01	7.536390120979838958e-01
3.876000000000000001e-01	1.476278674774629707e+00
3.911999999999999922e-01	-9.454667259119198253e-02
3.947999999999999843e-01	4.450593422071202898e-01
3.983999999999999764e-01	8.218807127520015854e-01
4.020000000000000240e-01	2.519635822947295267e+00
4.056000000000000161e-01	2.112593533572015403e+00
4.092000000000000082e-01	1.646275147545845474e+00
4.128000000000000003e-01	3.243768779384417655e+00
4.163999999999999924e-01	2.462772512982415840e+00
4.199999999999999845e-01	1.285383234034572331e+00
4.235999999999999766e-01	1.682140008159804578e+00
4.273000000000000131e-01	3.862360827998472246e+00
4.309000000000000052e-01	6.634453173725957109e-01
4.344999999999999973e-01	1.880702815646410286e+00
4.380999999999999894e-01	6.780799919731441694e-01
4.416999999999999815e-01	2.347598236499516045e+00
4.452999999999999736e-01	1.664396343574312820e-01
4.489000000000000212e-01	4.463665822574599540e-01
4.525000000000000133e-01	8.890765546506017580e-01
4.561000000000000054e-01	3.203646988644235361e-01
4.596999999999999975e-01	5.875209345403601402e-01
4.632999999999999896e-01	1.501981299466043640e-01
4.668999999999999817e-01	1.731177478296092698e+00
4.704999999999999738e-01	-3.486744004152182441e-01
4.741000000000000214e-01	-3.209649045183790017e-01
4.778000000000000025e-01	-1.498785276117804433e+00
4.813999999999999946e-01	4.269570686812437788e-01
4.849999999999999867e-01	-4.315174177701922020e-01
4.885999999999999788e-01	3.893394508762046402e-01
4.922000000000000264e-01	2.602985216824908576e+00
4.958000000000000185e-01	1.868579762940652866e+00
4.994000000000000106e-01	1.697169195342721260e+00
5.030000000000000027e-01	8.197055997676433448e-01
5.066000000000000503e-01	2.481289873350140507e+00
5.101999999999999869e-01	2.982251220843627593e+00
5.138000000000000345e-01	3.057623359459220147e+00
5.173999999999999710e-01	2.844439196225471811e+00
5.210000000000000187e-01	2.128441505423313451e+00
5.245999999999999552e-01	9.367299071808135036e-01
5.282999999999999918e-01	3.897940553503193684e+00
5.319000000000000394e-01	3.815622964645673854e+00
5.354999999999999760e-01	2.811405822802694576e+00
5.391000000000000236e-01	2.491657154660606555e+00
5.426999999999999602e-01	2.717249096936606101e+00
5.463000000000000078e-01	1.600465285419858663e+00
5.499000000000000554e-01	2.064924074407930021e+00
5.534999999999999920e-01	2.658697371656611352e+00
5.571000000000000396e-01	1.202116863509988365e+00
5.606999999999999762e-01	1.513087970660793591e+00
5.643000000000000238e-01	8.385502410708048915e-01
5.678999999999999604e-01	2.327109860064739078e+00
5.715000000000000080e-01	1.888394899584020514e+00
5.752000000000000446e-01	7.839243785480771720e-01
5.787999999999999812e-01	6.178500171213725523e-01
5.824000000000000288e-01	1.993679914643426976e+00
5.859999999999999654e-01	1.327355329462592826e+00
5.896000000000000130e-01	1.385295137398097509e+00
5.931999999999999496e-01	4.314278003390263905e-01
5.967999999999999972e-01	2.545479390351402138e+00
6.004000000000000448e-01	1.506872507207216660e+00
6.039999999999999813e-01	1.194414431875968852e+00
6.076000000000000290e-01	1.898524077989976799e+00
6.111999999999999655e-01	1.969116635932927739e+00
6.148000000000000131e-01	1.747398581880610813e+00
6.183999999999999497e-01	2.267831179826942822e+00
6.219999999999999973e-01	2.825336804242927879e+00
6.257000000000000339e-01	3.229786276995373129e+00
6.292999999999999705e-01	2.495212649810569783e+00
6.329000000000000181e-01	3.161896057166180718e+00
6.364999999999999547e-01	3.219048125936136984e+00
6.401000000000000023e-01	4.060324933236691969e+00
6.437000000000000499e-01	4.241308849314330942e+00
6.472999999999999865e-01	2.830225424960800762e+00
6.509000000000000341e-01	3.648906328785738395e+00
6.544999999999999707e-01	3.124233328084363048e+00
6.581000000000000183e-01	3.851495012442395449e+00
6.616999999999999549e-01	2.917793878024077525e+00
6.653000000000000025e-01	2.952758405755961046e+00
6.689000000000000501e-01	2.223232362209241142e+00
6.724999999999999867e-01	2.403054967328377423e+00
6.762000000000000233e-01	2.646949422005986818e+00
6.797999999999999599e-01	3.405114421671874947e+00
6.834000000000000075e-01	3.138824200331222336e+00
6.870000000000000551e-01	2.772173536546140404e+00
6.905999999999999917e-01	3.854572688343950837e+00
6.942000000000000393e-01	3.359798505613138975e+00
6.977999999999999758e-01	3.543232952501116806e+00
7.014000000000000234e-01	2.795935883906625286e+00
7.049999999999999600e-01	2.758747363756377080e+00
7.086000000000000076e-01	2.345085122511306963e+00
7.122000000000000552e-01	1.226626268358058214e+00
7.157999999999999918e-01	2.234593287236380732e+00
7.194000000000000394e-01	1.135380035132905530e+00
7.229999999999999760e-01	1.575687974932545199e+00
7.267000000000000126e-01	1.163780303893147572e+00
7.302999999999999492e-01	1.963905997676970383e+00
7.338999999999999968e-01	1.240781299460627540e+00
7.375000000000000444e-01	2.423668882358623211e+00
7.410999999999999810e-01	2.770203108356831034e+00
7.447000000000000286e-01	4.500301169591804040e+00
7.482999999999999652e-01	3.182331947520553150e+00
7.519000000000000128e-01	3.858373195343788531e+00
7.554999999999999494e-01	4.571021348976270104e+00
7.590999999999999970e-01	4.650028290855757973e+00
7.627000000000000446e-01	3.595796467889950332e+00
7.662999999999999812e-01	4.441305267660829337e+00
7.699000000000000288e-01	5.160067814578219725e+00
7.734999999999999654e-01	3.893318311031308099e+00
7.772000000000000020e-01	4.756950252525200540e+00
7.808000000000000496e-01	4.747781330683782386e+00
7.843999999999999861e-01	3.413445051799018692e+00
7.880000000000000338e-01	4.989989928467210234e+00
7.915999999999999703e-01	4.044550353081309169e+00
7.952000000000000179e-01	4.547753390986672528e+00
7.987999999999999545e-01	4.625911626922862396e+00
8.024000000000000021e-01	3.371011837558233637e+00
8.060000000000000497e-01	4.284386410916364518e+00
8.095999999999999863e-01	3.832197877452876433e+00
8.132000000000000339e-01	3.937301333971297890e+00
8.167999999999999705e-01	2.364144002571173520e+00
8.204000000000000181e-01	3.571709984188532694e+00
8.239999999999999547e-01	3.918914165486727885e+00
8.276999999999999913e-01	5.260252951278572731e+00
8.313000000000000389e-01	4.999530657312952542e+00
8.348999999999999755e-01	4.468949143434434390e+00
8.385000000000000231e-01	4.327039816427349805e+00
8.420999999999999597e-01	4.285108749466778555e+00
8.457000000000000073e-01	4.187401289590383158e+00
8.493000000000000549e-01	4.657560931784402669e+00
8.528999999999999915e-01	5.856409121676414919e+00
8.565000000000000391e-01	4.952535668041853079e+00
8.600999999999999757e-01	6.593542485334799252e+00
8.637000000000000233e-01	6.062324874058491631e+00
8.672999999999999599e-01	6.189563518741723946e+00
8.709000000000000075e-01	6.810639947806366834e+00
8.745000000000000551e-01	6.530889393278273225e+00
8.781999999999999806e-01	7.658631058189507179e+00
8.818000000000000282e-01	6.372094144884699496e+00
8.853999999999999648e-01	7.553089659112054655e+00
8.890000000000000124e-01	8.191319221602249456e+00
8.925999999999999490e-01	6.859666519162757048e+00
8.961999999999999966e-01	7.369834834509108923e+00
8.998000000000000442e-01	6.838160658514638612e+00
9.033999999999999808e-01	6.754373952572071182e+00
9.070000000000000284e-01	7.226647934313276345e+00
9.105999999999999650e-01	7.393156080819903053e+00
9.142000000000000126e-01	5.678583242446767265e+00
9.177999999999999492e-01	7.310223488792313873e+00
9.213999999999999968e-01	4.640226237704212053e+00
9.251000000000000334e-01	5.314246615335535218e+00
9.286999999999999700e-01	6.288798496752647793e+00
9.323000000000000176e-01	6.377744338694444792e+00
9.358999999999999542e-01	5.039325806418724518e+00
9.395000000000000018e-01	6.883026977068296581e+00
9.431000000000000494e-01	5.636917938252037352e+00
9.466999999999999860e-01	5.996331136458949551e+00
9.503000000000000336e-01	6.914317992724654971e+00
9.538999999999999702e-01	5.019484542519128567e+00
9.575000000000000178e-01	7.366856867827657140e+00
9.610999999999999543e-01	6.936310643868646153e+00
9.647000000000000020e-01	6.608836130830741951e+00
9.683000000000000496e-01	6.609354268472237059e+00
9.718999999999999861e-01	8.356997989427624063e+00
9.756000000000000227e-01	8.134677270408655403e+00
9.791999999999999593e-01	8.583009137446055092e+00
9.828000000000000069e-01	7.736446643324152994e+00
9.864000000000000545e-01	8.328437956813605325e+00
9.899999999999999911e-01	9.025915119148656629e+00
9.936000000000000387e-01	7.958301961047566486e+00
9.971999999999999753e-01	8.761123494910195930e+00
1.000799999999999912e+00	8.245831431059873040e+00
1.004399999999999959e+00	8.679753347746776981e+00
1.008000000000000007e+00	7.585939819873190437e+00
1.011600000000000055e+00	7.402127491044582897e+00
1.015200000000000102e+00	7.677854420786621503e+00
1.018799999999999928e+00	5.929032785520176319e+00
1.022399999999999975e+00	6.808525910911875201e+00
1.026100000000000012e+00	7.369347740342161224e+00
1.029700000000000060e+00	5.973625311554791040e+00
1.033300000000000107e+00	6.953516984768870479e+00
1.036899999999999933e+00	6.619103298599480212e+00
1.040499999999999980e+00	7.477085803073678427e+00
1.044100000000000028e+00	6.061683254764117734e+00
1.047700000000000076e+00	7.750644626018097227e+00
1.051299999999999901e+00	7.079362090195931323e+00
1.054899999999999949e+00	7.454771973289741283e+00
1.058499999999999996e+00	5.799509253800358088e+00
1.062100000000000044e+00	7.372769777751352116e+00
1.065700000000000092e+00	7.964114597141250584e+00
1.069299999999999917e+00	7.424722858199927167e+00
1.072899999999999965e+00	7.656673543209102206e+00
1.076600000000000001e+00	7.408321386200222847e+00
1.080200000000000049e+00	8.317198479088277807e+00
1.083800000000000097e+00	7.151547265827414179e+00
1.087399999999999922e+00	7.591222158890211347e+00
1.090999999999999970e+00	8.153555323648335573e+00
1.094600000000000017e+00	8.593303916169157119e+00
1.098200000000000065e+00	7.751816793379675552e+00
1.101799999999999891e+00	8.344707702964079488e+00
1.105399999999999938e+00	8.052356758102998668e+00
1.108999999999999986e+00	7.534929234413705323e+00
1.112600000000000033e+00	8.768487862669200439e+00
1.116200000000000081e+00	8.921399056161595453e+00
1.119799999999999907e+00	8.501867308007984292e+00
1.123399999999999954e+00	7.775536353245945165e+00
1.127099999999999991e+00	7.580670840360117069e+00
1.130700000000000038e+00	8.145086662983443304e+00
1.134300000000000086e+00	9.614869091410874091e+00
1.137899999999999912e+00	8.300637874827375029e+00
1.141499999999999959e+00	8.184100575265203403e+00
1.145100000000000007e+00	8.136542484108876039e+00
1.148700000000000054e+00	9.406767995708452901e+00
1.152300000000000102e+00	8.295746857216865777e+00
1.155899999999999928e+00	8.108122922294757728e+00
1.159499999999999975e+00	7.759641854116184234e+00
1.163100000000000023e+00	7.529266904657684556e+00
1.166700000000000070e+00	6.319978989316268780e+00
1.170299999999999896e+00	8.683237821354682140e+00
1.173899999999999944e+00	8.224151669121972930e+00
1.177599999999999980e+00	7.575884520478198603e+00
1.181200000000000028e+00	8.989731619413660724e+00
1.184800000000000075e+00	7.571967484829519535e+00
1.188399999999999901e+00	7.085381798248110208e+00
1.191999999999999948e+00	7.993454847080839087e+00
1.195599999999999996e+00	9.105385890301764817e+00
1.199200000000000044e+00	8.599268199474824570e+00
1.202800000000000091e+00	9.306916945856777090e+00
1.206399999999999917e+00	1.065161700855696481e+01
1.209999999999999964e+00	9.375531742586943551e+00
1.213600000000000012e+00	8.186305937714919878e+00
1.217200000000000060e+00	1.091985949958679747e+01
1.220800000000000107e+00	1.067248820055874425e+01
1.224399999999999933e+00	1.108442791442478281e+01
1.228099999999999969e+00	1.054535824422338131e+01
1.231700000000000017e+00	1.058544360452489563e+01
1.235300000000000065e+00	1.040547545221220993e+01
1.238899999999999890e+00	1.019275104138055532e+01
1.242499999999999938e+00	1.094217997905137096e+01
1.246099999999999985e+00	9.910363400792512323e+00
1.249700000000000033e+00	1.062088798612735552e+01
1.253300000000000081e+00	1.096470285617324691e+01
1.256899999999999906e+00	1.030784240763668258e+01
1.260499999999999954e+00	8.814118598780254388e+00
1.264100000000000001e+00	9.945492969023483454e+00
1.267700000000000049e+00	1.064199207306657691e+01
1.271300000000000097e+00	9.713427990084127828e+00
1.274899999999999922e+00	9.672898377869721287e+00
1.278599999999999959e+00	8.737025545125142401e+00
1.282200000000000006e+00	8.168996725452586816e+00
1.285800000000000054e+00	8.678914771582357801e+00
1.289400000000000102e+00	1.072659908706028631e+01
1.292999999999999927e+00	1.011629134659700746e+01
1.296599999999999975e+00	9.426939601769420918e+00
1.300200000000000022e+00	1.043201444879706585e+01
1.303800000000000070e+00	8.845582619292910564e+00
1.307399999999999896e+00	1.150122101905577665e+01
1.310999999999999943e+00	8.295270518147551897e+00
1.314599999999999991e+00	1.022267709231144650e+01
1.318200000000000038e+00	1.188665275323389636e+01
1.321800000000000086e+00	1.179987675785311829e+01
1.325499999999999901e+00	1.346740502070502998e+01
1.329099999999999948e+00	1.075374250176263047e+01
1.332699999999999996e+00	1.165641060390033523e+01
1.336300000000000043e+00	1.188979159708419608e+01
1.339900000000000091e+00	1.199736983097824883e+01
1.343499999999999917e+00	1.241791043071914658e+01
1.347099999999999964e+00	1.376829175518542314e+01
1.350700000000000012e+00	1.183396101314474613e+01
1.354300000000000059e+00	1.316914698655080862e+01
1.357900000000000107e+00	1.228529787520117011e+01
1.361499999999999932e+00	1.241013765008088754e+01
1.365099999999999980e+00	1.169474234602016161e+01
1.368700000000000028e+00	1.281963451640578278e+01
1.372300000000000075e+00	1.307253437046449740e+01
1.375999999999999890e+00	1.224610347848742009e+01
1.379599999999999937e+00	1.156820228088809444e+01
1.383199999999999985e+00	1.214381819556286501e+01
1.386800000000000033e+00	1.371549152720988651e+01
1.390400000000000080e+00	1.222445073369227231e+01
1.393999999999999906e+00	1.179909005322596371e+01
1.397599999999999953e+00	1.262236107198898871e+01
1.401200000000000001e+00	1.200666131634322831e+01
1.404800000000000049e+00	1.282590402610764357e+01
1.408400000000000096e+00	1.291359294584027673e+01
1.411999999999999922e+00	1.189607535150034501e+01
1.415599999999999969e+00	1.080873356566867294e+01
1.419200000000000017e+00	1.153164548111337062e+01
1.422800000000000065e+00	1.272979053566111496e+01
1.426500000000000101e+00	1.267047819995525870e+01
1.430099999999999927e+00	1.304410317918527795e+01
1.433699999999999974e+00	1.208997718011763745e+01
1.437300000000000022e+00	1.239287799458809403e+01
1.440900000000000070e+00	1.310231074524014971e+01
1.444499999999999895e+00	1.314848691947204351e+01
1.448099999999999943e+00	1.304133715175241370e+01
1.451699999999999990e+00	1.280853724891175993e+01
1.455300000000000038e+00	1.366346338339952382e+01
1.458900000000000086e+00	1.320185440265897014e+01
1.462499999999999911e+00	1.430398679396622796e+01
1.466099999999999959e+00	1.276456116113712724e+01
1.469700000000000006e+00	1.244128532050889469e+01
1.473300000000000054e+00	1.252279818131554734e+01
1.477000000000000091e+00	1.325878797532666553e+01
1.480599999999999916e+00	1.251897644871467108e+01
1.484199999999999964e+00	1.535852031339889656e+01
1.487800000000000011e+00	1.614705542193093635e+01
1.491400000000000059e+00	1.443076630156167894e+01
1.495000000000000107e+00	1.415552496723417875e+01
1.498599999999999932e+00	1.417506940412159899e+01
1.502199999999999980e+00	1.389821510112607328e+01
1.505800000000000027e+00	1.405471159386246782e+01
1.509400000000000075e+00	1.376923064911303740e+01
1.512999999999999901e+00	1.434116262508575268e+01
1.516599999999999948e+00	1.415554470985261304e+01
1.520199999999999996e+00	1.421472406679908218e+01
1.523800000000000043e+00	1.512096398303914491e+01
1.527500000000000080e+00	1.348875950689102865e+01
1.531099999999999905e+00	1.475702627298568537e+01
1.534699999999999953e+00	1.529385100076189552e+01
1.538300000000000001e+00	1.731959768986080661e+01
1.541900000000000048e+00	1.440183251708177892e+01
1.545500000000000096e+00	1.543131751822558684e+01
1.549099999999999921e+00	1.483812863676010529e+01
1.552699999999999969e+00	1.587052714655873054e+01
1.556300000000000017e+00	1.615060083288785364e+01
1.559900000000000064e+00	1.495512122439723157e+01
1.563499999999999890e+00	1.554476984664031036e+01
1.567099999999999937e+00	1.686181989413187310e+01
1.570699999999999985e+00	1.593874438749938349e+01
1.574300000000000033e+00	1.605224157204382962e+01
1.578000000000000069e+00	1.505096655141879047e+01
1.581599999999999895e+00	1.585471805671481249e+01
1.585199999999999942e+00	1.560645712961037290e+01
1.588799999999999990e+00	1.572460183373740783e+01
1.592400000000000038e+00	1.577004396720043111e+01
1.596000000000000085e+00	1.658896009174602781e+01
1.599599999999999911e+00	1.686923800571282328e+01
1.603199999999999958e+00	1.688336146620993716e+01
1.606800000000000006e+00	1.787180858085391222e+01
1.610400000000000054e+00	1.730968869928919673e+01
1.614000000000000101e+00	1.786243674693488970e+01
1.617599999999999927e+00	1.679363531257209274e+01
1.621199999999999974e+00	1.774131765763958057e+01
1.624800000000000022e+00	1.943812334648714923e+01
1.628500000000000059e+00	2.040939676719091977e+01
1.632100000000000106e+00	2.006879793779447141e+01
1.635699999999999932e+00	1.963717744540721810e+01
1.639299999999999979e+00	1.979618888277624222e+01
1.642900000000000027e+00	2.045311632624238385e+01
1.646500000000000075e+00	1.870338826240465480e+01
1.650099999999999900e+00	1.961894930360744738e+01
1.653699999999999948e+00	1.949849531848930440e+01
1.657299999999999995e+00	1.947187108575664638e+01
1.660900000000000043e+00	2.110482658901859310e+01
1.664500000000000091e+00	2.016183665803367120e+01
1.668099999999999916e+00	2.077357258861069411e+01
1.671699999999999964e+00	2.297282845132206930e+01
1.675400000000000000e+00	2.233450988807305038e+01
1.679000000000000048e+00	1.948136586716769969e+01
1.682600000000000096e+00	2.107673623528097551e+01
1.686199999999999921e+00	2.009714019814595787e+01
1.689799999999999969e+00	2.032410599695967335e+01
1.693400000000000016e+00	2.074956142305680373e+01
1.697000000000000064e+00	2.159965568784378220e+01
1.700599999999999890e+00	2.264245830237989310e+01
1.704199999999999937e+00	2.360671932023552344e+01
1.707799999999999985e+00	2.137881158548518457e+01
1.711400000000000032e+00	2.305876307597195307e+01
1.715000000000000080e+00	2.360663214548456068e+01
1.718599999999999905e+00	2.312764327744367066e+01
1.722199999999999953e+00	2.359270887708530040e+01
1.725899999999999990e+00	2.439396280438278097e+01
1.729500000000000037e+00	2.372005375418643780e+01
1.733100000000000085e+00	2.121599832557286902e+01
1.736699999999999910e+00	2.100152926145506882e+01
1.740299999999999958e+00	2.212029074091874037e+01
1.743900000000000006e+00	2.305631520629970055e+01
1.747500000000000053e+00	2.353165186406705089e+01
1.751100000000000101e+00	2.268985635305454096e+01
1.754699999999999926e+00	2.323366914003636907e+01
1.758299999999999974e+00	2.160446101786975248e+01
1.761900000000000022e+00	2.157612278304146258e+01
1.765500000000000069e+00	1.977122442382801282e+01
1.769099999999999895e+00	2.006677632473808615e+01
1.772699999999999942e+00	1.873004797377701536e+01
1.776399999999999979e+00	2.267589075440844226e+01
1.780000000000000027e+00	2.072485420920556010e+01
1.783600000000000074e+00	2.195314297572113560e+01
1.787199999999999900e+00	2.137829406069928595e+01
1.790799999999999947e+00	2.227615536939555696e+01
1.794399999999999995e+00	2.246202460518924937e+01
1.798000000000000043e+00	2.314051174712572845e+01
1.801600000000000090e+00	2.333251498020410253e+01
1.805199999999999916e+00	2.315038307122921424e+01
1.808799999999999963e+00	2.461030692988453694e+01
1.812400000000000011e+00	2.671590846233682015e+01
1.816000000000000059e+00	2.522179558373569463e+01
1.819600000000000106e+00	2.484944836850244698e+01
1.823199999999999932e+00	2.510526387386281399e+01
1.826899999999999968e+00	2.551989291518199821e+01
1.830500000000000016e+00	2.356795707248694072e+01
1.834100000000000064e+00	2.274408736561210276e+01
1.837699999999999889e+00	2.328382563412564110e+01
1.841299999999999937e+00	2.344458298101859839e+01
1.844899999999999984e+00	2.399949511583858097e+01
1.848500000000000032e+00	2.506590928493142556e+01
1.852100000000000080e+00	2.418804490036107779e+01
1.855699999999999905e+00	2.161921265263618608e+01
1.859299999999999953e+00	2.266588585679811629e+01
1.862900000000000000e+00	2.106786449191689670e+01
1.866500000000000048e+00	1.911079183999968478e+01
1.870100000000000096e+00	2.017391118983890408e+01
1.873699999999999921e+00	2.072153309818154909e+01
1.877399999999999958e+00	2.337328655437165281e+01
1.881000000000000005e+00	2.205202546247761575e+01
1.884600000000000053e+00	2.170676645481426448e+01
1.888200000000000101e+00	2.182822066216996859e+01
1.891799999999999926e+00	2.138103687309529022e+01
1.895399999999999974e+00	2.253353639138104114e+01
1.899000000000000021e+00	2.161418238087880894e+01
1.902600000000000069e+00	2.278496711751089521e+01
1.906199999999999894e+00	2.402702390714056335e+01
1.909799999999999942e+00	2.510839170073242599e+01
1.913399999999999990e+00	2.501281639631177711e+01
1.917000000000000037e+00	2.271101841980618019e+01
1.920600000000000085e+00	2.261456483940522233e+01
1.924199999999999910e+00	2.042681217569861118e+01
1.927899999999999947e+00	1.909872302512158271e+01
1.931499999999999995e+00	1.985544871391465094e+01
1.935100000000000042e+00	2.033061987722683028e+01
1.938700000000000090e+00	2.082852903723520654e+01
1.942299999999999915e+00	2.072538047731492128e+01
1.945899999999999963e+00	2.175370079854213756e+01
1.949500000000000011e+00	2.507044438419130472e+01
1.953100000000000058e+00	2.313046937844003992e+01
1.956700000000000106e+00	2.406381796580872034e+01
1.960299999999999931e+00	2.389242286220120803e+01
1.963899999999999979e+00	2.582111178464619883e+01
1.967500000000000027e+00	2.658428422745695840e+01
1.971100000000000074e+00	2.569228515474584285e+01
1.974699999999999900e+00	2.674513236418052387e+01
1.978399999999999936e+00	2.707100499894629309e+01
1.981999999999999984e+00	2.610132367214897187e+01
1.985600000000000032e+00	2.569694007650975820e+01
1.989200000000000079e+00	2.531155623700429658e+01
1.992799999999999905e+00	2.636833436832934296e+01
1.996399999999999952e+00	2.597871053613184955e+01
2.000000000000000000e+00	2.720313780538437953e+01
