2.000000000000000111e-01	-9.225766524245073708e-01
2.036000000000000032e-01	-8.660999565725598925e-01
2.071999999999999953e-01	-1.448356898146857752e+00
2.107999999999999874e-01	-1.513301480000579957e+00
2.144000000000000072e-01	-1.508165188953064506e+00
2.179999999999999993e-01	-1.387546241782667389e+00
2.215999999999999914e-01	-1.794390185269839844e+00
2.253000000000000003e-01	-1.631903377836659619e+00
2.288999999999999924e-01	-2.452348342055739039e+00
2.325000000000000122e-01	-2.503458302293750659e+00
2.361000000000000043e-01	-2.901003667039649514e+00
2.396999999999999964e-01	-1.889025402176841562e+00
2.432999999999999885e-01	-2.168812299647745689e+00
2.469000000000000083e-01	-1.748241287669694444e+00
2.505000000000000004e-01	-2.155118744543411680e+00
2.540999999999999925e-01	-1.571478693826477535e+00
2.576999999999999846e-01	-1.472407889282048465e+00
2.612999999999999767e-01	-1.013112165129397946e+00
2.649000000000000243e-01	-3.552081394240038659e-01
2.685000000000000164e-01	-1.291254782032567938e+00
2.721000000000000085e-01	-7.130785935344967630e-01
2.757999999999999896e-01	-3.209795647200847091e-01
2.793999999999999817e-01	-2.531505128460176390e-01
2.829999999999999738e-01	4.209241146889663998e-01
2.866000000000000214e-01	1.496043737605466939e-01
2.902000000000000135e-01	-2.103531342917293601e-01
2.938000000000000056e-01	-9.586847025053940596e-02
2.973999999999999977e-01	1.597326110403267663e-01
3.009999999999999898e-01	1.394287277891709254e+00
3.045999999999999819e-01	1.135570430673965570e-01
3.081999999999999740e-01	2.152230102260744848e-01
3.118000000000000216e-01	-6.537705738403760680e-01
3.154000000000000137e-01	-1.156009891486240448e+00
3.190000000000000058e-01	-1.529773868821020510e-01
3.225999999999999979e-01	-1.207461881392908332e+00
3.262999999999999790e-01	-8.647492687803279843e-01
3.299000000000000266e-01	-1.326406676941214169e+00
3.335000000000000187e-01	-1.451438893667019947e+00
3.371000000000000107e-01	-6.848483416469406393e-01
3.407000000000000028e-01	-1.611266645917683427e+00
3.442999999999999949e-01	-1.706741627591710442e+00
3.478999999999999870e-01	-1.669922965141651394e+00
3.514999999999999791e-01	-2.633442143891412179e+00
3.551000000000000267e-01	-2.448365045418820607e+00
3.587000000000000188e-01	-1.348278879317088785e+00
3.623000000000000109e-01	-1.918601161893144891e+00
3.659000000000000030e-01	-1.756138572640038031e+00
3.694999999999999951e-01	-2.367737068969996805e+00
3.730999999999999872e-01	-5.542137101380673059e-01
3.768000000000000238e-01	-1.341890746359235109e+00
3.804000000000000159e-01	-1.007571885015198454e+00
3.840000000000000080e-01	-1.317154290681970652e+00
3.876000000000000001e-01	1.750667203651204984e-01
3.911999999999999922e-01	6.023332135545146349e-01
3.947999999999999843e-01	-4.048016540167451160e-01
3.983999999999999764e-01	7.637838938697049107e-01
4.020000000000000240e-01	9.568559218949977963e-01
4.056000000000000161e-01	1.268777952465470982e+00
4.092000000000000082e-01	8.614094838697057277e-01
4.128000000000000003e-01	4.810946054322827736e-01
4.163999999999999924e-01	1.393516425783419388e+00
4.199999999999999845e-01	7.556878763777984398e-01
4.235999999999999766e-01	6.914625501002160668e-01
4.273000000000000131e-01	-1.888920080027910176e-01
4.309000000000000052e-01	2.000716797544591086e-01
4.344999999999999973e-01	5.481588357206806927e-02
4.380999999999999894e-01	-5.239786947788624971e-01
4.416999999999999815e-01	-9.639043750272066058e-01
4.452999999999999736e-01	-6.236681037229838687e-01
4.489000000000000212e-01	-5.853084534113708326e-01
4.525000000000000133e-01	-7.097574240672239743e-01
4.561000000000000054e-01	-9.139503230279023560e-01
4.596999999999999975e-01	-3.016938045615307207e-01
4.632999999999999896e-01	-1.182270577501055797e+00
4.668999999999999817e-01	-2.829256730884601723e-01
4.704999999999999738e-01	-7.345318579393576019e-01
4.741000000000000214e-01	-1.905609896967527916e+00
4.778000000000000025e-01	-5.691804009310337253e-01
4.813999999999999946e-01	-4.664631052740544348e-01
4.849999999999999867e-01	-7.105386496398442553e-01
4.885999999999999788e-01	-6.690269527119906412e-01
4.922000000000000264e-01	-2.336739910354281857e-01
4.958000000000000185e-01	1.928251889311061174e-01
4.994000000000000106e-01	1.052537928186082494e-01
5.030000000000000027e-01	4.979923629099270999e-01
5.066000000000000503e-01	-1.577050606541363642e-01
5.101999999999999869e-01	6.723526574714561166e-01
5.138000000000000345e-01	1.021087676488964480e+00
5.173999999999999710e-01	1.695847573635004046e+00
5.210000000000000187e-01	7.387629928167696036e-01
5.245999999999999552e-01	2.066264844933614064e+00
5.282999999999999918e-01	1.834443669960697854e+00
5.319000000000000394e-01	7.731175805672980683e-01
5.354999999999999760e-01	1.302368471744438816e+00
5.391000000000000236e-01	6.156229792414384949e-01
5.426999999999999602e-01	1.929555649049966015e-01
5.463000000000000078e-01	8.571618328384320584e-01
5.499000000000000554e-01	1.073020061472597764e+00
5.534999999999999920e-01	1.398438651388227205e+00
5.571000000000000396e-01	8.898771359863359987e-01
5.606999999999999762e-01	-2.299387417571918668e-01
5.643000000000000238e-01	-1.879066565906648834e-01
5.678999999999999604e-01	8.086273066610907279e-01
5.715000000000000080e-01	3.429370498003159184e-01
5.752000000000000446e-01	1.000928619784353879e+00
5.787999999999999812e-01	1.159444224480893904e-01
5.824000000000000288e-01	1.366983405034767785e+00
5.859999999999999654e-01	5.938169703630530316e-02
5.896000000000000130e-01	-2.732518489358745639e-01
5.931999999999999496e-01	-2.296101761632450278e-01
5.967999999999999972e-01	-9.092321866902237648e-01
6.004000000000000448e-01	1.006504948400171573e+00
6.039999999999999813e-01	-7.471666621013568488e-01
6.076000000000000290e-01	1.547325382731953969e+00
6.111999999999999655e-01	3.310449269429013852e-01
6.148000000000000131e-01	1.363189113020722987e+00
6.183999999999999497e-01	7.975873441518015472e-01
6.219999999999999973e-01	1.369321038788935851e+00
6.257000000000000339e-01	2.008383017311339280e+00
6.292999999999999705e-01	1.905675854030209670e+00
6.329000000000000181e-01	1.825528276692657048e+00
6.364999999999999547e-01	9.052745960581068951e-01
6.401000000000000023e-01	2.632215419675159929e+00
6.437000000000000499e-01	2.417796015451628477e+00
6.472999999999999865e-01	1.637957664492733834e+00
6.509000000000000341e-01	3.120127775027764283e+00
6.544999999999999707e-01	2.339810817532278264e+00
6.581000000000000183e-01	2.041998144266704784e+00
6.616999999999999549e-01	1.960900562755524934e+00
6.653000000000000025e-01	3.013332417404069652e+00
6.689000000000000501e-01	2.201212155470281928e+00
6.724999999999999867e-01	2.452612978663005538e+00
6.762000000000000233e-01	1.802417520994107125e+00
6.797999999999999599e-01	2.566643069130328136e+00
6.834000000000000075e-01	1.309958773984484459e+00
6.870000000000000551e-01	1.867797541257031124e+00
6.905999999999999917e-01	1.548511372891366644e+00
6.942000000000000393e-01	1.101500859987051717e+00
6.977999999999999758e-01	7.777014937940796013e-01
7.014000000000000234e-01	7.953281379884451496e-01
7.049999999999999600e-01	4.300590067177540998e-01
7.086000000000000076e-01	9.483718255187632007e-01
7.122000000000000552e-01	6.090335629772336556e-01
7.157999999999999918e-01	5.661723905885041042e-01
7.194000000000000394e-01	1.075466715007431073e+00
7.229999999999999760e-01	7.213115974225208227e-01
7.267000000000000126e-01	2.094148247143153174e+00
7.302999999999999492e-01	1.385715363749500550e+00
7.338999999999999968e-01	1.020429880755288288e+00
7.375000000000000444e-01	9.345781381301682122e-01
7.410999999999999810e-01	9.781770731153749399e-01
7.447000000000000286e-01	1.015312567011251721e+00
7.482999999999999652e-01	2.345633685830160076e+00
7.519000000000000128e-01	2.375062130387835424e+00
7.554999999999999494e-01	2.240235019072168487e+00
7.590999999999999970e-01	1.563746714445807040e+00
7.627000000000000446e-01	2.504189792440033369e+00
7.662999999999999812e-01	3.408059616860036556e+00
7.699000000000000288e-01	2.963863263566095529e+00
7.734999999999999654e-01	2.811752788350798227e+00
7.772000000000000020e-01	3.509508693028633886e+00
7.808000000000000496e-01	2.987286610475771376e+00
7.843999999999999861e-01	3.330349863573990987e+00
7.880000000000000338e-01	2.033325894647778576e+00
7.915999999999999703e-01	2.623275762599432070e+00
7.952000000000000179e-01	3.631674039994338798e+00
7.987999999999999545e-01	2.398631589652526319e+00
8.024000000000000021e-01	2.843034114692828851e+00
8.060000000000000497e-01	2.296146515419958511e+00
8.095999999999999863e-01	1.608182930672354738e+00
8.132000000000000339e-01	5.945831291188924395e-01
8.167999999999999705e-01	2.576162783074331220e+00
8.204000000000000181e-01	1.569790433697759946e+00
8.239999999999999547e-01	1.849510692367424491e+00
8.276999999999999913e-01	2.297168209725286125e+00
8.313000000000000389e-01	2.997880300669197418e+00
8.348999999999999755e-01	2.564316171135513578e+00
8.385000000000000231e-01	3.218662551051725274e+00
8.420999999999999597e-01	1.825829010570091615e+00
8.457000000000000073e-01	3.408871691250777936e+00
8.493000000000000549e-01	3.816337094969739052e+00
8.528999999999999915e-01	3.864637434202344846e+00
8.565000000000000391e-01	3.378392039363785404e+00
8.600999999999999757e-01	5.128242816458639552e+00
8.637000000000000233e-01	4.470588520117998677e+00
8.672999999999999599e-01	5.167855272139627587e+00
8.709000000000000075e-01	5.605916235664525793e+00
8.745000000000000551e-01	4.420162766172984092e+00
8.781999999999999806e-01	4.913428890746517119e+00
8.818000000000000282e-01	5.609827011300559718e+00
8.853999999999999648e-01	6.149032442419517963e+00
8.890000000000000124e-01	4.847263631950472274e+00
8.925999999999999490e-01	6.520003305615454714e+00
8.961999999999999966e-01	4.998587569649707518e+00
8.998000000000000442e-01	6.183410496508551013e+00
9.033999999999999808e-01	5.609743346306565570e+00
9.070000000000000284e-01	6.167326253545346582e+00
9.105999999999999650e-01	5.004124177111521021e+00
9.142000000000000126e-01	5.577503136929060190e+00
9.177999999999999492e-01	5.167521922234458387e+00
9.213999999999999968e-01	4.103345447631415510e+00
9.251000000000000334e-01	5.067968120553572930e+00
9.286999999999999700e-01	4.979482751824662046e+00
9.323000000000000176e-01	4.034261448940912764e+00
9.358999999999999542e-01	3.978624323024095855e+00
9.395000000000000018e-01	3.727847718353219264e+00
9.431000000000000494e-01	5.392878783636357198e+00
9.466999999999999860e-01	4.736997898497801174e+00
9.503000000000000336e-01	4.808287291984418843e+00
9.538999999999999702e-01	6.050818507331620744e+00
9.575000000000000178e-01	4.912314469694886832e+00
9.610999999999999543e-01	5.642432489173843990e+00
9.647000000000000020e-01	5.987080102211521648e+00
9.683000000000000496e-01	6.235544753063414269e+00
9.718999999999999861e-01	6.807416942947442706e+00
9.756000000000000227e-01	5.645155410866846246e+00
9.791999999999999593e-01	6.703745868661897589e+00
9.828000000000000069e-01	6.988407755712894520e+00
9.864000000000000545e-01	6.860269281275041209e+00
9.899999999999999911e-01	7.567854770317627988e+00
9.936000000000000387e-01	5.522420650317485524e+00
9.971999999999999753e-01	7.781426531471488772e+00
1.000799999999999912e+00	7.511304301467154332e+00
1.004399999999999959e+00	6.705203784658534616e+00
1.008000000000000007e+00	5.857483050774344946e+00
1.011600000000000055e+00	5.933315767370197058e+00
1.015200000000000102e+00	5.434447618922295220e+00
1.018799999999999928e+00	5.583231779148662532e+00
1.022399999999999975e+00	5.520972063460733992e+00
1.026100000000000012e+00	5.370148457851387391e+00
1.029700000000000060e+00	6.117250883867776601e+00
1.033300000000000107e+00	4.786880846307933979e+00
1.036899999999999933e+00	5.520203814056804603e+00
1.040499999999999980e+00	5.897136217631071986e+00
1.044100000000000028e+00	4.567461698332594189e+00
1.047700000000000076e+00	5.343335480921961533e+00
1.051299999999999901e+00	5.132222290180536994e+00
1.054899999999999949e+00	5.550911323195433233e+00
1.058499999999999996e+00	5.505894587257603945e+00
1.062100000000000044e+00	4.708825285633100322e+00
1.065700000000000092e+00	4.991780265800625394e+00
1.069299999999999917e+00	5.326177126464693323e+00
1.072899999999999965e+00	6.255349429976993392e+00
1.076600000000000001e+00	5.223310871452434334e+00
1.080200000000000049e+00	6.468146540029588110e+00
1.083800000000000097e+00	6.779304570909694405e+00
1.087399999999999922e+00	6.425486351092057902e+00
1.090999999999999970e+00	6.800315265683192223e+00
1.094600000000000017e+00	8.067892526709570689e+00
1.098200000000000065e+00	6.970603604070120696e+00
1.101799999999999891e+00	6.844812744542180916e+00
1.105399999999999938e+00	7.020473497166885402e+00
1.108999999999999986e+00	7.299301995524643871e+00
1.112600000000000033e+00	6.309385330314126961e+00
1.116200000000000081e+00	7.037420610078548577e+00
1.119799999999999907e+00	6.334248861089953664e+00
1.123399999999999954e+00	6.504153550937399331e+00
1.127099999999999991e+00	7.082560286953620832e+00
1.130700000000000038e+00	7.349857690338757799e+00
1.134300000000000086e+00	6.761681827158358971e+00
1.137899999999999912e+00	6.570142309323728114e+00
1.141499999999999959e+00	7.196848318279366552e+00
1.145100000000000007e+00	6.512170568428301110e+00
1.148700000000000054e+00	6.569582067104629886e+00
1.152300000000000102e+00	5.854734628212366232e+00
1.155899999999999928e+00	6.569444491601949210e+00
1.159499999999999975e+00	5.658217644053897821e+00
1.163100000000000023e+00	8.147883929591618113e+00
1.166700000000000070e+00	5.591487920581734272e+00
1.170299999999999896e+00	7.020594890693554468e+00
1.173899999999999944e+00	6.189526689879727428e+00
1.177599999999999980e+00	6.329160133681996037e+00
1.181200000000000028e+00	6.818778223319394094e+00
1.184800000000000075e+00	7.151023189963012783e+00
1.188399999999999901e+00	7.002152824492668515e+00
1.191999999999999948e+00	8.533308511854823308e+00
1.195599999999999996e+00	7.755209712514659515e+00
1.199200000000000044e+00	7.595832280279570803e+00
1.202800000000000091e+00	8.016290317837128754e+00
1.206399999999999917e+00	6.682895188715948898e+00
1.209999999999999964e+00	8.415823918520084490e+00
1.213600000000000012e+00	7.996655383943924278e+00
1.217200000000000060e+00	7.422495801685075278e+00
1.220800000000000107e+00	9.402535450560106867e+00
1.224399999999999933e+00	8.368970129171275474e+00
1.228099999999999969e+00	9.293211537312457082e+00
1.231700000000000017e+00	9.449779836914082409e+00
1.235300000000000065e+00	8.874676402343677495e+00
1.238899999999999890e+00	1.031870006075548751e+01
1.242499999999999938e+00	9.063541186501094415e+00
1.246099999999999985e+00	9.476421638863362418e+00
1.249700000000000033e+00	8.598322918019656314e+00
1.253300000000000081e+00	9.027544284701429333e+00
1.256899999999999906e+00	8.861215377636691315e+00
1.260499999999999954e+00	9.065860853849011747e+00
1.264100000000000001e+00	8.321096606319395406e+00
1.267700000000000049e+00	8.790880440134603901e+00
1.271300000000000097e+00	8.211640360854913112e+00
1.274899999999999922e+00	8.595134341583509752e+00
1.278599999999999959e+00	7.605482471481278317e+00
1.282200000000000006e+00	8.234822547254733394e+00
1.285800000000000054e+00	8.471574007168928944e+00
1.289400000000000102e+00	7.965496651293112684e+00
1.292999999999999927e+00	9.447098178911819133e+00
1.296599999999999975e+00	9.389705747316346773e+00
1.300200000000000022e+00	9.202814047637192019e+00
1.303800000000000070e+00	9.707837271939290247e+00
1.307399999999999896e+00	8.762705042160767732e+00
1.310999999999999943e+00	9.339061420316561168e+00
1.314599999999999991e+00	1.063629947952998123e+01
1.318200000000000038e+00	9.827223131780954191e+00
1.321800000000000086e+00	1.089345580523942303e+01
1.325499999999999901e+00	1.010851484169460157e+01
1.329099999999999948e+00	1.058299612011400725e+01
1.332699999999999996e+00	1.127880257225885430e+01
1.336300000000000043e+00	1.051507544290985052e+01
1.339900000000000091e+00	1.130510082159007901e+01
1.343499999999999917e+00	1.132221111654318513e+01
1.347099999999999964e+00	1.079494912322711997e+01
1.350700000000000012e+00	1.120591981378746205e+01
1.354300000000000059e+00	1.093011434798354564e+01
1.357900000000000107e+00	1.199230078567241975e+01
1.361499999999999932e+00	1.069938541610344629e+01
1.365099999999999980e+00	1.044841099935213080e+01
1.368700000000000028e+00	1.133403350266319798e+01
1.372300000000000075e+00	1.018346335540592484e+01
1.375999999999999890e+00	1.188955361169332647e+01
1.379599999999999937e+00	1.173783865335921028e+01
1.383199999999999985e+00	1.109170471148294013e+01
1.386800000000000033e+00	1.148604832149468535e+01
1.390400000000000080e+00	1.088973609377878127e+01
1.393999999999999906e+00	1.097247602422338275e+01
1.397599999999999953e+00	1.097834120218386467e+01
1.401200000000000001e+00	1.126499768802023027e+01
1.404800000000000049e+00	1.021679163748935437e+01
1.408400000000000096e+00	1.042720544463685606e+01
1.411999999999999922e+00	1.174017204230815281e+01
1.415599999999999969e+00	1.012334548906623510e+01
1.419200000000000017e+00	1.061302683310301553e+01
1.422800000000000065e+00	1.048906296484494582e+01
1.426500000000000101e+00	1.061453018181501307e+01
1.430099999999999927e+00	1.113636472612587269e+01
1.433699999999999974e+00	1.114926761429416402e+01
1.437300000000000022e+00	1.183104572522292841e+01
1.440900000000000070e+00	1.035512614506253293e+01
1.444499999999999895e+00	1.180799569892260159e+01
1.448099999999999943e+00	1.154957664723973387e+01
1.451699999999999990e+00	1.039398281820882808e+01
1.455300000000000038e+00	1.144769154138658251e+01
1.458900000000000086e+00	1.194324906026533029e+01
1.462499999999999911e+00	1.265107374237966376e+01
1.466099999999999959e+00	1.314899754974906898e+01
1.469700000000000006e+00	1.218118686526138639e+01
1.473300000000000054e+00	1.262519279496422264e+01
1.477000000000000091e+00	1.252999550399256634e+01
1.480599999999999916e+00	1.366073972038732620e+01
1.484199999999999964e+00	1.302714061831667181e+01
1.487800000000000011e+00	1.298748697694673382e+01
1.491400000000000059e+00	1.289196976317219523e+01
1.495000000000000107e+00	1.327186295997481658e+01
1.498599999999999932e+00	1.236776655411530967e+01
1.502199999999999980e+00	1.259002178634172608e+01
1.505800000000000027e+00	1.249713780956773412e+01
1.509400000000000075e+00	1.271916662438685819e+01
1.512999999999999901e+00	1.311573943256671804e+01
1.516599999999999948e+00	1.316478141041621797e+01
1.520199999999999996e+00	1.407343159734004701e+01
1.523800000000000043e+00	1.354609491277040156e+01
1.527500000000000080e+00	1.310416824868584840e+01
1.531099999999999905e+00	1.368604764719736444e+01
1.534699999999999953e+00	1.380704733131972795e+01
1.538300000000000001e+00	1.331187719597573427e+01
1.541900000000000048e+00	1.315237595723854191e+01
1.545500000000000096e+00	1.296041095766780415e+01
1.549099999999999921e+00	1.292367439274331176e+01
1.552699999999999969e+00	1.378006875081492844e+01
1.556300000000000017e+00	1.372330219824515041e+01
1.559900000000000064e+00	1.367892316021710641e+01
1.563499999999999890e+00	1.328390422671018278e+01
1.567099999999999937e+00	1.428377299356493779e+01
1.570699999999999985e+00	1.517767322002895902e+01
1.574300000000000033e+00	1.484266157762547422e+01
1.578000000000000069e+00	1.479509832951991299e+01
1.581599999999999895e+00	1.464118294363132833e+01
1.585199999999999942e+00	1.418401108498748897e+01
1.588799999999999990e+00	1.420297673237972624e+01
1.592400000000000038e+00	1.473498820327786696e+01
1.596000000000000085e+00	1.483742644359818641e+01
1.599599999999999911e+00	1.480530116723616985e+01
1.603199999999999958e+00	1.491320588643300660e+01
1.606800000000000006e+00	1.501701719879234709e+01
1.610400000000000054e+00	1.669569273220372807e+01
1.614000000000000101e+00	1.574845906182478750e+01
1.617599999999999927e+00	1.605373635280036382e+01
1.621199999999999974e+00	1.726425322724957567e+01
1.624800000000000022e+00	1.659039645452282130e+01
1.628500000000000059e+00	1.767510893965534891e+01
1.632100000000000106e+00	1.762066099549732812e+01
1.635699999999999932e+00	1.916476433727386564e+01
1.639299999999999979e+00	1.965269857636430828e+01
1.642900000000000027e+00	1.918872707553330770e+01
1.646500000000000075e+00	1.851233839211717580e+01
1.650099999999999900e+00	1.891334378386484261e+01
1.653699999999999948e+00	1.854340023617143629e+01
1.657299999999999995e+00	1.788914617190268785e+01
1.660900000000000043e+00	1.828044463256455643e+01
1.664500000000000091e+00	1.807676514582519189e+01
1.668099999999999916e+00	1.871781718406120376e+01
1.671699999999999964e+00	1.844157025176338394e+01
1.675400000000000000e+00	1.863481060737669637e+01
1.679000000000000048e+00	1.874436074968921773e+01
1.682600000000000096e+00	1.882663097418243936e+01
1.686199999999999921e+00	1.981734058799151299e+01
1.689799999999999969e+00	1.966252505832778752e+01
1.693400000000000016e+00	2.006548259422395475e+01
1.697000000000000064e+00	2.050421713653284073e+01
1.700599999999999890e+00	2.012364128611068281e+01
1.704199999999999937e+00	2.061869093290879107e+01
1.707799999999999985e+00	2.020126300900202310e+01
1.711400000000000032e+00	1.992590437607630349e+01
1.715000000000000080e+00	2.045661932260962601e+01
1.718599999999999905e+00	2.042034247920466683e+01
1.722199999999999953e+00	2.067348938464340691e+01
1.725899999999999990e+00	2.125343672202935963e+01
1.729500000000000037e+00	2.094784874477876357e+01
1.733100000000000085e+00	2.133930414398335529e+01
1.736699999999999910e+00	2.133485677185318963e+01
1.740299999999999958e+00	2.139397128372227641e+01
1.743900000000000006e+00	2.180757970855417582e+01
1.747500000000000053e+00	2.134637455001278283e+01
1.751100000000000101e+00	2.014884373189129363e+01
1.754699999999999926e+00	2.203428920630823384e+01
1.758299999999999974e+00	2.078162758414443800e+01
1.761900000000000022e+00	2.089901360195382551e+01
1.765500000000000069e+00	2.137487882708231268e+01
1.769099999999999895e+00	1.890802331731272901e+01
1.772699999999999942e+00	1.977896255051226504e+01
1.776399999999999979e+00	1.971590451537064936e+01
1.780000000000000027e+00	2.026318992081527171e+01
1.783600000000000074e+00	2.052512230596600418e+01
1.787199999999999900e+00	2.150981787793176636e+01
1.790799999999999947e+00	1.996883792118235945e+01
1.794399999999999995e+00	2.146785079302494026e+01
1.798000000000000043e+00	2.299903930074252401e+01
1.801600000000000090e+00	2.279252615543547833e+01
1.805199999999999916e+00	2.406839840789840679e+01
1.808799999999999963e+00	2.385162582682896470e+01
1.812400000000000011e+00	2.516254328524260231e+01
1.816000000000000059e+00	2.488956874004504982e+01
1.819600000000000106e+00	2.344332666678183585e+01
1.823199999999999932e+00	2.390777197680439059e+01
1.826899999999999968e+00	2.296628752206317614e+01
1.830500000000000016e+00	2.119614464995504477e+01
1.834100000000000064e+00	2.137257284407957769e+01
1.837699999999999889e+00	2.087155306676125477e+01
1.841299999999999937e+00	2.144899510952153321e+01
1.844899999999999984e+00	2.164389594458492283e+01
1.848500000000000032e+00	2.158011353860041837e+01
1.852100000000000080e+00	2.211843935024338847e+01
1.855699999999999905e+00	2.323375910711389025e+01
1.859299999999999953e+00	2.193876721715705713e+01
1.862900000000000000e+00	2.163145240979455153e+01
1.866500000000000048e+00	2.097339013409887443e+01
1.870100000000000096e+00	2.071260098109251757e+01
1.873699999999999921e+00	2.024459170724460932e+01
1.877399999999999958e+00	1.958039557424636001e+01
1.881000000000000005e+00	1.789133369248302685e+01
1.884600000000000053e+00	1.872763234477353222e+01
1.888200000000000101e+00	1.785318644282750711e+01
1.891799999999999926e+00	2.047230000749633660e+01
1.895399999999999974e+00	2.027412366898012763e+01
1.899000000000000021e+00	2.058403400564603913e+01
1.902600000000000069e+00	2.088798142884743214e+01
1.906199999999999894e+00	2.195497604946046977e+01
1.909799999999999942e+00	2.105175214576783205e+01
1.913399999999999990e+00	2.091410001443452416e+01
1.917000000000000037e+00	2.034692297105000236e+01
1.920600000000000085e+00	2.056824207449923847e+01
1.924199999999999910e+00	1.808949556407992532e+01
1.927899999999999947e+00	1.784856790750730227e+01
1.931499999999999995e+00	1.766948716069417458e+01
1.935100000000000042e+00	1.896863395327333635e+01
1.938700000000000090e+00	1.926558593653554752e+01
1.942299999999999915e+00	1.956145441435269916e+01
1.945899999999999963e+00	2.183122124389990404e+01
1.949500000000000011e+00	2.212736401420517396e+01
1.953100000000000058e+00	2.307358721369019250e+01
1.956700000000000106e+00	2.289991020346704076e+01
1.960299999999999931e+00	2.222350193209022606e+01
1.963899999999999979e+00	2.220491651937298982e+01
1.967500000000000027e+00	2.075735843383287715e+01
1.971100000000000074e+00	2.080529626656361586e+01
1.974699999999999900e+00	2.336186452227069665e+01
1.978399999999999936e+00	2.443207759745658336e+01
1.981999999999999984e+00	2.645468528600926206e+01
1.985600000000000032e+00	2.955627862429846431e+01
1.989200000000000079e+00	3.128452346883354096e+01
1.992799999999999905e+00	3.212674109028286296e+01
1.996399999999999952e+00	3.313247494155493911e+01
2.000000000000000000e+00	3.090145748675566040e+01
