2.000000000000000111e-01	-2.650906027420470323e+00
2.036000000000000032e-01	-2.245589488007552870e+00
2.071999999999999953e-01	-1.938795347765486232e+00
2.107999999999999874e-01	-1.479063680094808042e+00
2.144000000000000072e-01	-1.679649860196992028e+00
2.179999999999999993e-01	-1.000029898509941617e+00
2.215999999999999914e-01	-1.696474833719266329e+00
2.253000000000000003e-01	-1.484886702304984984e+00
2.288999999999999924e-01	-1.525428167297901982e+00
2.325000000000000122e-01	-1.692563294240636562e+00
2.361000000000000043e-01	-1.693351978484168185e+00
2.396999999999999964e-01	-2.479559041089779203e+00
2.432999999999999885e-01	-2.265896993981331153e+00
2.469000000000000083e-01	-2.877267279140999001e+00
2.505000000000000004e-01	-2.467833693210880419e+00
2.540999999999999925e-01	-2.934071485798170009e+00
2.576999999999999846e-01	-2.546905005285163615e+00
2.612999999999999767e-01	-2.327918642720489206e+00
2.649000000000000243e-01	-1.773597145158691379e+00
2.685000000000000164e-01	-1.354272774233830745e+00
2.721000000000000085e-01	-2.134570500264305615e+00
2.757999999999999896e-01	-1.429824615509707852e+00
2.793999999999999817e-01	-8.481126127465274944e-01
2.829999999999999738e-01	-1.013146232026872706e+00
2.866000000000000214e-01	-1.582859712592611601e+00
2.902000000000000135e-01	-1.060903367596453872e+00
2.938000000000000056e-01	-6.993748070668941441e-01
2.973999999999999977e-01	-1.349539148840672276e+00
3.009999999999999898e-01	-1.484020674592967381e+00
3.045999999999999819e-01	-2.043644820139870255e+00
3.081999999999999740e-01	-1.798114220547004871e+00
3.118000000000000216e-01	-2.771286456897603667e+00
3.154000000000000137e-01	-2.100239299200760801e+00
3.190000000000000058e-01	-2.022553320766321772e+00
3.225999999999999979e-01	-2.150580805215984714e+00
3.262999999999999790e-01	-1.279825929750549651e+00
3.299000000000000266e-01	-1.026607308154966702e+00
3.335000000000000187e-01	-1.246973678934188534e+00
3.371000000000000107e-01	-4.959519712060660446e-01
3.407000000000000028e-01	-2.929822231894360085e-01
3.442999999999999949e-01	-3.696521378404928893e-01
3.478999999999999870e-01	6.795401459181765746e-02
3.514999999999999791e-01	4.862825607630038016e-01
3.551000000000000267e-01	-1.387674572165481512e-01
3.587000000000000188e-01	-6.137358633132472541e-01
3.623000000000000109e-01	-6.627639218486323092e-01
3.659000000000000030e-01	-1.012150508349506151e+00
3.694999999999999951e-01	-7.765335179942370880e-01
3.730999999999999872e-01	-6.552855069006231492e-01
3.768000000000000238e-01	-1.066604281782340014e+00
3.804000000000000159e-01	-8.495241790047636243e-01
3.840000000000000080e-01	-4.635639984977247274e-01
3.876000000000000001e-01	-3.032931792319438213e-01
3.911999999999999922e-01	3.772611306483529825e-01
3.947999999999999843e-01	5.221087118530868265e-01
3.983999999999999764e-01	8.359984935688264951e-01
4.020000000000000240e-01	6.231225068688350799e-01
4.056000000000000161e-01	1.359701976473265850e+00
4.092000000000000082e-01	1.634682317123660189e+00
4.128000000000000003e-01	1.423986789382506446e+00
4.163999999999999924e-01	1.569800387977855705e+00
4.199999999999999845e-01	1.340741409117415461e+00
4.235999999999999766e-01	7.463448136817111278e-01
4.273000000000000131e-01	2.455286825472807744e-01
4.309000000000000052e-01	-1.980316522231156395e-01
4.344999999999999973e-01	-3.453901474933556148e-01
4.380999999999999894e-01	-5.168875003845685434e-01
4.416999999999999815e-01	-7.319885200517108892e-01
4.452999999999999736e-01	-4.436702325348572118e-01
4.489000000000000212e-01	-1.056665729076446958e-01
4.525000000000000133e-01	5.654644655101419282e-02
4.561000000000000054e-01	4.253685819117179467e-01
4.596999999999999975e-01	7.460535279750987181e-01
4.632999999999999896e-01	8.724065363076812796e-01
4.668999999999999817e-01	1.318448208847645020e+00
4.704999999999999738e-01	1.764787206898182248e+00
4.741000000000000214e-01	1.152169239556312119e+00
4.778000000000000025e-01	1.744812739223811082e+00
4.813999999999999946e-01	1.242187318197546242e+00
4.849999999999999867e-01	9.180851327768825287e-01
4.885999999999999788e-01	9.013132370935335036e-01
4.922000000000000264e-01	4.782153233902139422e-01
4.958000000000000185e-01	6.168736623567292465e-01
4.994000000000000106e-01	3.502369655266328596e-01
5.030000000000000027e-01	-4.581438569021674401e-02
5.066000000000000503e-01	4.966982941936505802e-01
5.101999999999999869e-01	4.368594925596375189e-02
5.138000000000000345e-01	8.109703666146492740e-01
5.173999999999999710e-01	9.947763975221238786e-01
5.210000000000000187e-01	1.836949737809780547e+00
5.245999999999999552e-01	1.590845378771482910e+00
5.282999999999999918e-01	1.561533904111001458e+00
5.319000000000000394e-01	1.861284624363624296e+00
5.354999999999999760e-01	1.729380579355479952e+00
5.391000000000000236e-01	2.008122407539162602e+00
5.426999999999999602e-01	1.516168863148952717e+00
5.463000000000000078e-01	1.431023874113455552e+00
5.499000000000000554e-01	1.974994172081318666e+00
5.534999999999999920e-01	1.375396413155530295e+00
5.571000000000000396e-01	1.750134042592161210e+00
5.606999999999999762e-01	1.676599964576087398e+00
5.643000000000000238e-01	1.634943346931543307e+00
5.678999999999999604e-01	1.498525771858553624e+00
5.715000000000000080e-01	1.209250050827190393e+00
5.752000000000000446e-01	1.160701649273121694e+00
5.787999999999999812e-01	1.752903679790351665e+00
5.824000000000000288e-01	1.436982134892138996e+00
5.859999999999999654e-01	2.059857269741547814e+00
5.896000000000000130e-01	2.219651464900152860e+00
5.931999999999999496e-01	2.033589755294515022e+00
5.967999999999999972e-01	2.114771653409966756e+00
6.004000000000000448e-01	2.210094873977871188e+00
6.039999999999999813e-01	1.963630190543756093e+00
6.076000000000000290e-01	2.507612779757177890e+00
6.111999999999999655e-01	2.034666808805841942e+00
6.148000000000000131e-01	1.478066660494267381e+00
6.183999999999999497e-01	1.983231806290107979e+00
6.219999999999999973e-01	1.199728128010658645e+00
6.257000000000000339e-01	1.108389903724688708e+00
6.292999999999999705e-01	1.558796763068956537e+00
6.329000000000000181e-01	1.416790670653413020e+00
6.364999999999999547e-01	1.210182443406302877e+00
6.401000000000000023e-01	1.963156371733203454e+00
6.437000000000000499e-01	2.113595322522008768e+00
6.472999999999999865e-01	3.083732413653641480e+00
6.509000000000000341e-01	3.448162468962880034e+00
6.544999999999999707e-01	2.817393536136988619e+00
6.581000000000000183e-01	3.214599291451670116e+00
6.616999999999999549e-01	3.654874137719215099e+00
6.653000000000000025e-01	3.416803974822968382e+00
6.689000000000000501e-01	3.718489056153421846e+00
6.724999999999999867e-01	3.406897381485053167e+00
6.762000000000000233e-01	3.040054949889902769e+00
6.797999999999999599e-01	2.686143107946422859e+00
6.834000000000000075e-01	2.348074776389096119e+00
6.870000000000000551e-01	2.260620334510915264e+00
6.905999999999999917e-01	2.304956821615300022e+00
6.942000000000000393e-01	1.916122880263957828e+00
6.977999999999999758e-01	2.872475944148710880e+00
7.014000000000000234e-01	2.584102460312764915e+00
7.049999999999999600e-01	2.673356415965228994e+00
7.086000000000000076e-01	2.893487041485500733e+00
7.122000000000000552e-01	2.895060695151174368e+00
7.157999999999999918e-01	3.306948271521261251e+00
7.194000000000000394e-01	3.121268541092922622e+00
7.229999999999999760e-01	2.908744941638349957e+00
7.267000000000000126e-01	3.388426018757405789e+00
7.302999999999999492e-01	3.660694639079425272e+00
7.338999999999999968e-01	3.463009283493800439e+00
7.375000000000000444e-01	2.768390023238582298e+00
7.410999999999999810e-01	2.638677611004702328e+00
7.447000000000000286e-01	2.818944108227774414e+00
7.482999999999999652e-01	3.534903841866799734e+00
7.519000000000000128e-01	3.303071516315656986e+00
7.554999999999999494e-01	3.396427767399092801e+00
7.590999999999999970e-01	4.111013781439672776e+00
7.627000000000000446e-01	4.010894733702343729e+00
7.662999999999999812e-01	4.352271434630699432e+00
7.699000000000000288e-01	5.206948124288645730e+00
7.734999999999999654e-01	4.894941433691300858e+00
7.772000000000000020e-01	5.095970788451256617e+00
7.808000000000000496e-01	4.761051296067130956e+00
7.843999999999999861e-01	4.788193966464199036e+00
7.880000000000000338e-01	4.850160480686366071e+00
7.915999999999999703e-01	5.003022394375936877e+00
7.952000000000000179e-01	5.275302465408882036e+00
7.987999999999999545e-01	4.773439668495423227e+00
8.024000000000000021e-01	5.187306144019636633e+00
8.060000000000000497e-01	4.608924291219315350e+00
8.095999999999999863e-01	4.467655111268326706e+00
8.132000000000000339e-01	4.510761509134616709e+00
8.167999999999999705e-01	5.080061098889729010e+00
8.204000000000000181e-01	5.758855507274532215e+00
8.239999999999999547e-01	5.807880004852952638e+00
8.276999999999999913e-01	5.806250531375823698e+00
8.313000000000000389e-01	6.735541081029736254e+00
8.348999999999999755e-01	6.391756365044733990e+00
8.385000000000000231e-01	5.718562266669379390e+00
8.420999999999999597e-01	6.006634521635516144e+00
8.457000000000000073e-01	5.920681193506466045e+00
8.493000000000000549e-01	5.753223450041358156e+00
8.528999999999999915e-01	5.080109909355924103e+00
8.565000000000000391e-01	5.543737888527942914e+00
8.600999999999999757e-01	5.192443489555508052e+00
8.637000000000000233e-01	5.292915608516961967e+00
8.672999999999999599e-01	4.653069341790484259e+00
8.709000000000000075e-01	4.239479809017314693e+00
8.745000000000000551e-01	4.440135408803246975e+00
8.781999999999999806e-01	4.053148868774679947e+00
8.818000000000000282e-01	4.113283213215142453e+00
8.853999999999999648e-01	4.264256145288578992e+00
8.890000000000000124e-01	4.650121976337850072e+00
8.925999999999999490e-01	4.907870738547408074e+00
8.961999999999999966e-01	5.020426507735338717e+00
8.998000000000000442e-01	5.347159437681402672e+00
9.033999999999999808e-01	5.685297982725462163e+00
9.070000000000000284e-01	5.759579105272384147e+00
9.105999999999999650e-01	5.945464613936292331e+00
9.142000000000000126e-01	5.369077668358888999e+00
9.177999999999999492e-01	5.967940772905643954e+00
9.213999999999999968e-01	6.014751349291431737e+00
9.251000000000000334e-01	6.186629535835186822e+00
9.286999999999999700e-01	5.513086496692657157e+00
9.323000000000000176e-01	5.540023195753491336e+00
9.358999999999999542e-01	5.525963766812252764e+00
9.395000000000000018e-01	5.839550822655944273e+00
9.431000000000000494e-01	5.375576906641807540e+00
9.466999999999999860e-01	5.833123540342062263e+00
9.503000000000000336e-01	5.280046964107171448e+00
9.538999999999999702e-01	5.896215238955708315e+00
9.575000000000000178e-01	5.950608121251709903e+00
9.610999999999999543e-01	6.296522552469238754e+00
9.647000000000000020e-01	6.531285766269784077e+00
9.683000000000000496e-01	6.643325491202250355e+00
9.718999999999999861e-01	6.862929605592916538e+00
9.756000000000000227e-01	7.073650106834186602e+00
9.791999999999999593e-01	7.158691587993296856e+00
9.828000000000000069e-01	6.848254167357216815e+00
9.864000000000000545e-01	7.264819805312030532e+00
9.899999999999999911e-01	6.819597571270830549e+00
9.936000000000000387e-01	6.911105269302236564e+00
9.971999999999999753e-01	7.062188175569538373e+00
1.000799999999999912e+00	7.569965945942690233e+00
1.004399999999999959e+00	6.900909952960977201e+00
1.008000000000000007e+00	7.431169032582841005e+00
1.011600000000000055e+00	7.766563243536658057e+00
1.015200000000000102e+00	7.310600780603629723e+00
1.018799999999999928e+00	7.652381670256856339e+00
1.022399999999999975e+00	7.450739041018835884e+00
1.026100000000000012e+00	8.071459390951194024e+00
1.029700000000000060e+00	8.489181072563704689e+00
1.033300000000000107e+00	7.990611293707837959e+00
1.036899999999999933e+00	7.901202984362738491e+00
1.040499999999999980e+00	7.821778465788168155e+00
1.044100000000000028e+00	7.789902213578645096e+00
1.047700000000000076e+00	7.655290932870314258e+00
1.051299999999999901e+00	7.144649887535003963e+00
1.054899999999999949e+00	7.284337881415635430e+00
1.058499999999999996e+00	6.809491045914361607e+00
1.062100000000000044e+00	7.523210992024301547e+00
1.065700000000000092e+00	7.842589721628205446e+00
1.069299999999999917e+00	7.637292867555014020e+00
1.072899999999999965e+00	7.030566148712908969e+00
1.076600000000000001e+00	7.790046156903539298e+00
1.080200000000000049e+00	8.274853257986542587e+00
1.083800000000000097e+00	8.186218779105356447e+00
1.087399999999999922e+00	8.912119302449523772e+00
1.090999999999999970e+00	1.007611997049130537e+01
1.094600000000000017e+00	1.116185582549089972e+01
1.098200000000000065e+00	1.163609688508400808e+01
1.101799999999999891e+00	1.188959107037587515e+01
1.105399999999999938e+00	1.122971346274939641e+01
1.108999999999999986e+00	1.080567869510150558e+01
1.112600000000000033e+00	1.017740416140436999e+01
1.116200000000000081e+00	9.632632882410948838e+00
1.119799999999999907e+00	9.554195700287563042e+00
1.123399999999999954e+00	8.873064763795046161e+00
1.127099999999999991e+00	8.825479339973050230e+00
1.130700000000000038e+00	8.100100166288319414e+00
1.134300000000000086e+00	8.701745195594160265e+00
1.137899999999999912e+00	8.544331695358726719e+00
1.141499999999999959e+00	9.402573016603700040e+00
1.145100000000000007e+00	9.728986025527087023e+00
1.148700000000000054e+00	1.080837245569578364e+01
1.152300000000000102e+00	1.211905863670308570e+01
1.155899999999999928e+00	1.291228380695656774e+01
1.159499999999999975e+00	1.381432047036306265e+01
1.163100000000000023e+00	1.426409272857014798e+01
1.166700000000000070e+00	1.339062754041034253e+01
1.170299999999999896e+00	1.261284192918756553e+01
1.173899999999999944e+00	1.132293419043028493e+01
1.177599999999999980e+00	1.146103611994006677e+01
1.181200000000000028e+00	1.123904371312771389e+01
1.184800000000000075e+00	1.146517344048353593e+01
1.188399999999999901e+00	1.150241336412453919e+01
1.191999999999999948e+00	1.200397718816713066e+01
1.195599999999999996e+00	1.241443539829148790e+01
1.199200000000000044e+00	1.268805842889641156e+01
1.202800000000000091e+00	1.295036878158192373e+01
1.206399999999999917e+00	1.327064166196005246e+01
1.209999999999999964e+00	1.368060685699205514e+01
1.213600000000000012e+00	1.331849558036605785e+01
1.217200000000000060e+00	1.368543383090011467e+01
1.220800000000000107e+00	1.383871077439489738e+01
1.224399999999999933e+00	1.370627529296275959e+01
1.228099999999999969e+00	1.334390361906321409e+01
1.231700000000000017e+00	1.374815893491634355e+01
1.235300000000000065e+00	1.355065995259548650e+01
1.238899999999999890e+00	1.366399338954938436e+01
1.242499999999999938e+00	1.347091963245770607e+01
1.246099999999999985e+00	1.349275924590430087e+01
1.249700000000000033e+00	1.345039870789678282e+01
1.253300000000000081e+00	1.410628021506128604e+01
1.256899999999999906e+00	1.381945042131916424e+01
1.260499999999999954e+00	1.370406924168657170e+01
1.264100000000000001e+00	1.351046585411628342e+01
1.267700000000000049e+00	1.360548755145659960e+01
1.271300000000000097e+00	1.306329575263512233e+01
1.274899999999999922e+00	1.346882503596754965e+01
1.278599999999999959e+00	1.393434899097163537e+01
1.282200000000000006e+00	1.361441194014298617e+01
1.285800000000000054e+00	1.348493226234781694e+01
1.289400000000000102e+00	1.329458778358766580e+01
1.292999999999999927e+00	1.426991863405221572e+01
1.296599999999999975e+00	1.407504423415346828e+01
1.300200000000000022e+00	1.442114462347400305e+01
1.303800000000000070e+00	1.451425777651946980e+01
1.307399999999999896e+00	1.445254464375652859e+01
1.310999999999999943e+00	1.445446063045126905e+01
1.314599999999999991e+00	1.494246523973002638e+01
1.318200000000000038e+00	1.526418049009046563e+01
1.321800000000000086e+00	1.527932131888814915e+01
1.325499999999999901e+00	1.569119171147967506e+01
1.329099999999999948e+00	1.549122030880331202e+01
1.332699999999999996e+00	1.618930522577381481e+01
1.336300000000000043e+00	1.654677797735767797e+01
1.339900000000000091e+00	1.670261561364707603e+01
1.343499999999999917e+00	1.723789505527267352e+01
1.347099999999999964e+00	1.716787040686641319e+01
1.350700000000000012e+00	1.733149019078486575e+01
1.354300000000000059e+00	1.791559803972345577e+01
1.357900000000000107e+00	1.773775977484875810e+01
1.361499999999999932e+00	1.725839193455547260e+01
1.365099999999999980e+00	1.746467907277387255e+01
1.368700000000000028e+00	1.782839501036824004e+01
1.372300000000000075e+00	1.811239224567403028e+01
1.375999999999999890e+00	1.852523125337541288e+01
1.379599999999999937e+00	1.869101308692571806e+01
1.383199999999999985e+00	1.891413555761138099e+01
1.386800000000000033e+00	1.951692259912485028e+01
1.390400000000000080e+00	1.957759124892772107e+01
1.393999999999999906e+00	1.975987886175329677e+01
1.397599999999999953e+00	1.982513221805487547e+01
1.401200000000000001e+00	2.060531553977912367e+01
1.404800000000000049e+00	2.119817612504313331e+01
1.408400000000000096e+00	2.074991121251027693e+01
1.411999999999999922e+00	2.145532176798686308e+01
1.415599999999999969e+00	2.167737913046657994e+01
1.419200000000000017e+00	2.147800838098876852e+01
1.422800000000000065e+00	2.115864585062908887e+01
1.426500000000000101e+00	2.042604352288731206e+01
1.430099999999999927e+00	2.020274998482042861e+01
1.433699999999999974e+00	2.058216996524482312e+01
1.437300000000000022e+00	2.077450090496955681e+01
1.440900000000000070e+00	2.041679256752248861e+01
1.444499999999999895e+00	2.061170653930849639e+01
1.448099999999999943e+00	2.052404767482718384e+01
1.451699999999999990e+00	2.042501378466352691e+01
1.455300000000000038e+00	2.130573907572653525e+01
1.458900000000000086e+00	2.160256184363052512e+01
1.462499999999999911e+00	2.173657709826134266e+01
1.466099999999999959e+00	2.271422609326880959e+01
1.469700000000000006e+00	2.353521245182727739e+01
1.473300000000000054e+00	2.396572861259594589e+01
1.477000000000000091e+00	2.475667045400349764e+01
1.480599999999999916e+00	2.457129045408406043e+01
1.484199999999999964e+00	2.433640321507834514e+01
1.487800000000000011e+00	2.400077434186271930e+01
1.491400000000000059e+00	2.471750514289286471e+01
1.495000000000000107e+00	2.482442237505614813e+01
1.498599999999999932e+00	2.479350781087941158e+01
1.502199999999999980e+00	2.546368910865255231e+01
1.505800000000000027e+00	2.594057460143249827e+01
1.509400000000000075e+00	2.697380311993982005e+01
1.512999999999999901e+00	2.654192847933230581e+01
1.516599999999999948e+00	2.660547294627609816e+01
1.520199999999999996e+00	2.713752101212321577e+01
1.523800000000000043e+00	2.737164303899754003e+01
1.527500000000000080e+00	2.761670092275386068e+01
1.531099999999999905e+00	2.781034573074260052e+01
1.534699999999999953e+00	2.815839873374337898e+01
1.538300000000000001e+00	2.768335756207073928e+01
1.541900000000000048e+00	2.918394920347484245e+01
1.545500000000000096e+00	2.881059566555107310e+01
1.549099999999999921e+00	2.910184400358495438e+01
1.552699999999999969e+00	2.892353565257346659e+01
1.556300000000000017e+00	2.877178208558269290e+01
1.559900000000000064e+00	2.821032188977169497e+01
1.563499999999999890e+00	2.796237638369037981e+01
1.567099999999999937e+00	2.860071994508967919e+01
1.570699999999999985e+00	2.915553230614491298e+01
1.574300000000000033e+00	3.074105847310823236e+01
1.578000000000000069e+00	3.143757567816897236e+01
1.581599999999999895e+00	3.190162053057471425e+01
1.585199999999999942e+00	3.163268666254530714e+01
1.588799999999999990e+00	3.157757146399873349e+01
1.592400000000000038e+00	3.178312013976143291e+01
1.596000000000000085e+00	3.153802189550366109e+01
1.599599999999999911e+00	3.197797163764134609e+01
1.603199999999999958e+00	3.287026128769829114e+01
1.606800000000000006e+00	3.398759310736750194e+01
1.610400000000000054e+00	3.498993871931043742e+01
1.614000000000000101e+00	3.514151915059591857e+01
1.617599999999999927e+00	3.509883332176809745e+01
1.621199999999999974e+00	3.562761129169528829e+01
1.624800000000000022e+00	3.472093660202315846e+01
1.628500000000000059e+00	3.573944537522683618e+01
1.632100000000000106e+00	3.577510674571047389e+01
1.635699999999999932e+00	3.524912915971222560e+01
1.639299999999999979e+00	3.612555072391621991e+01
1.642900000000000027e+00	3.597042719871643612e+01
1.646500000000000075e+00	3.688914379043732339e+01
1.650099999999999900e+00	3.648926718608246489e+01
1.653699999999999948e+00	3.764908885588319976e+01
1.657299999999999995e+00	3.920053688755994159e+01
1.660900000000000043e+00	4.149390357408929475e+01
1.664500000000000091e+00	4.335633911170749144e+01
1.668099999999999916e+00	4.450487786659690670e+01
1.671699999999999964e+00	4.525283393467127269e+01
1.675400000000000000e+00	4.515746734225661640e+01
1.679000000000000048e+00	4.440608624732658427e+01
1.682600000000000096e+00	4.252203648789187440e+01
1.686199999999999921e+00	4.131367418281126902e+01
1.689799999999999969e+00	4.022270349169792070e+01
1.693400000000000016e+00	4.045644353355697120e+01
1.697000000000000064e+00	4.079592911238345465e+01
1.700599999999999890e+00	4.265480247452403262e+01
1.704199999999999937e+00	4.630940850143191057e+01
1.707799999999999985e+00	5.002710138823189112e+01
1.711400000000000032e+00	5.328414732582992031e+01
1.715000000000000080e+00	5.501022007530641389e+01
1.718599999999999905e+00	5.308746952100457861e+01
1.722199999999999953e+00	4.965098650199072239e+01
1.725899999999999990e+00	4.611200795791901896e+01
1.729500000000000037e+00	4.294795311956705319e+01
1.733100000000000085e+00	4.221387627771276385e+01
1.736699999999999910e+00	4.120437496532650101e+01
1.740299999999999958e+00	4.267787788464001153e+01
1.743900000000000006e+00	4.387312941923568133e+01
1.747500000000000053e+00	4.530671536394487475e+01
1.751100000000000101e+00	4.620840002743018005e+01
1.754699999999999926e+00	4.726899739967312541e+01
1.758299999999999974e+00	4.720203063307760516e+01
1.761900000000000022e+00	4.734634837390390061e+01
1.765500000000000069e+00	4.714392207023846737e+01
1.769099999999999895e+00	4.663005911637260681e+01
1.772699999999999942e+00	4.679418298273569832e+01
1.776399999999999979e+00	4.615804593955929391e+01
1.780000000000000027e+00	4.542162337178394438e+01
1.783600000000000074e+00	4.531518849156650219e+01
1.787199999999999900e+00	4.605730320888572038e+01
1.790799999999999947e+00	4.740743507046756378e+01
1.794399999999999995e+00	4.850342461924674353e+01
1.798000000000000043e+00	5.063763520100973636e+01
1.801600000000000090e+00	5.251049499483314520e+01
1.805199999999999916e+00	5.427942533882502829e+01
1.808799999999999963e+00	5.545066808238715339e+01
1.812400000000000011e+00	5.631252590633658173e+01
1.816000000000000059e+00	5.646484173600095602e+01
1.819600000000000106e+00	5.689533593495215058e+01
1.823199999999999932e+00	5.581305106493255153e+01
1.826899999999999968e+00	5.470411841298155053e+01
1.830500000000000016e+00	5.310543920538086837e+01
1.834100000000000064e+00	5.183589803697164911e+01
1.837699999999999889e+00	5.087065211979135171e+01
1.841299999999999937e+00	5.023253997026177586e+01
1.844899999999999984e+00	4.991599706720433716e+01
1.848500000000000032e+00	5.050358520296436637e+01
1.852100000000000080e+00	5.043636001566935079e+01
1.855699999999999905e+00	5.121332903450085894e+01
1.859299999999999953e+00	5.141937365184123365e+01
1.862900000000000000e+00	5.177385705522939219e+01
1.866500000000000048e+00	5.132550805346439660e+01
1.870100000000000096e+00	4.967184976290384668e+01
1.873699999999999921e+00	4.823431997392511761e+01
1.877399999999999958e+00	4.636171214326952850e+01
1.881000000000000005e+00	4.544404299465148256e+01
1.884600000000000053e+00	4.451337930941593868e+01
1.888200000000000101e+00	4.532482663355251162e+01
1.891799999999999926e+00	4.552047798801309142e+01
1.895399999999999974e+00	4.585822012722094598e+01
1.899000000000000021e+00	4.631897933705204196e+01
1.902600000000000069e+00	4.640807310710319200e+01
1.906199999999999894e+00	4.753407471674453433e+01
1.909799999999999942e+00	4.877106138571216576e+01
1.913399999999999990e+00	4.897091849764557736e+01
1.917000000000000037e+00	5.034529786818934127e+01
1.920600000000000085e+00	5.051540556483548983e+01
1.924199999999999910e+00	5.061317510195473801e+01
1.927899999999999947e+00	4.963054555654214539e+01
1.931499999999999995e+00	4.893730423255026096e+01
1.935100000000000042e+00	4.677335471310757242e+01
1.938700000000000090e+00	4.394318359534216967e+01
1.942299999999999915e+00	4.112170204434754339e+01
1.945899999999999963e+00	3.739880117167996332e+01
1.949500000000000011e+00	3.594208493818447181e+01
1.953100000000000058e+00	3.491580183818226857e+01
1.956700000000000106e+00	3.633570947591407219e+01
1.960299999999999931e+00	3.921693587157045613e+01
1.963899999999999979e+00	4.256204647029630905e+01
1.967500000000000027e+00	4.487616960481619088e+01
1.971100000000000074e+00	4.461773100461014963e+01
1.974699999999999900e+00	4.262291572902175574e+01
1.978399999999999936e+00	3.860874134082300912e+01
1.981999999999999984e+00	3.376366101545253429e+01
1.985600000000000032e+00	2.923557615389193742e+01
1.989200000000000079e+00	2.460464862090942972e+01
1.992799999999999905e+00	2.251665277078202720e+01
1.996399999999999952e+00	2.331142645817931580e+01
2.000000000000000000e+00	2.758185160984706741e+01
