2.000000000000000111e-01	-2.362944220197623402e+00
2.036000000000000032e-01	-2.088584832950179493e+00
2.071999999999999953e-01	-1.195527732520119013e+00
2.107999999999999874e-01	-8.254725075243518617e-01
2.144000000000000072e-01	-1.126502760229431299e+00
2.179999999999999993e-01	-1.529777518353814925e+00
2.215999999999999914e-01	-1.604818436289015882e+00
2.253000000000000003e-01	-1.330525022848263905e+00
2.288999999999999924e-01	-1.117974573705713182e+00
2.325000000000000122e-01	-1.745481942745449100e+00
2.361000000000000043e-01	-1.783407287957347487e+00
2.396999999999999964e-01	-1.759796263857853482e+00
2.432999999999999885e-01	-2.195588417845100615e+00
2.469000000000000083e-01	-1.911050550015578997e+00
2.505000000000000004e-01	-2.600994075617459877e+00
2.540999999999999925e-01	-2.587389339723227266e+00
2.576999999999999846e-01	-2.467205504019546858e+00
2.612999999999999767e-01	-2.195137595261873908e+00
2.649000000000000243e-01	-1.950096171744763796e+00
2.685000000000000164e-01	-2.461666878079117993e+00
2.721000000000000085e-01	-5.497372467418619735e-01
2.757999999999999896e-01	-7.768592314513307340e-01
2.793999999999999817e-01	-1.192783652280966056e+00
2.829999999999999738e-01	-2.034840948100987479e+00
2.866000000000000214e-01	-1.206628385030197537e+00
2.902000000000000135e-01	-4.569319448212042500e-01
2.938000000000000056e-01	-1.099635350726497540e+00
2.973999999999999977e-01	-1.837017825300722329e+00
3.009999999999999898e-01	-2.905493419761166596e+00
3.045999999999999819e-01	-1.433188607051555596e+00
3.081999999999999740e-01	-2.318790049359827243e+00
3.118000000000000216e-01	-2.299369166983782797e+00
3.154000000000000137e-01	-2.177526346648022582e+00
3.190000000000000058e-01	-1.563915444189940329e+00
3.225999999999999979e-01	-2.146870609402989682e+00
3.262999999999999790e-01	-1.240723735104430681e+00
3.299000000000000266e-01	-1.148089739976367207e+00
3.335000000000000187e-01	-9.551587255105391527e-01
3.371000000000000107e-01	-8.226670060990115552e-01
3.407000000000000028e-01	1.646177649083945260e-01
3.442999999999999949e-01	1.631266388834938796e-01
3.478999999999999870e-01	-6.833553913073542319e-01
3.514999999999999791e-01	6.329611771439066503e-01
3.551000000000000267e-01	-5.081124324102659351e-01
3.587000000000000188e-01	-8.408915858808980737e-01
3.623000000000000109e-01	-6.753680008680484903e-03
3.659000000000000030e-01	-6.249663882174434359e-01
3.694999999999999951e-01	-1.080355300917841266e+00
3.730999999999999872e-01	-1.266082629380332891e+00
3.768000000000000238e-01	-6.815026290072635495e-01
3.804000000000000159e-01	-1.087894425650191010e-01
3.840000000000000080e-01	-1.296251357239934787e+00
3.876000000000000001e-01	4.338766997863016117e-01
3.911999999999999922e-01	3.922469608907777072e-01
3.947999999999999843e-01	9.065758361102795870e-01
3.983999999999999764e-01	2.809630711777714174e-01
4.020000000000000240e-01	7.701451180913699845e-01
4.056000000000000161e-01	1.119336855376975581e+00
4.092000000000000082e-01	1.234182283215399245e+00
4.128000000000000003e-01	1.287791010747274312e+00
4.163999999999999924e-01	1.584223104898958567e+00
4.199999999999999845e-01	1.319172211218658575e+00
4.235999999999999766e-01	7.087635888903510706e-01
4.273000000000000131e-01	1.322117884735903637e+00
4.309000000000000052e-01	-1.636683450674938922e-01
4.344999999999999973e-01	4.416276863933219499e-01
4.380999999999999894e-01	-2.013590038277525696e-01
4.416999999999999815e-01	4.378713477144768884e-02
4.452999999999999736e-01	3.778508164017080340e-01
4.489000000000000212e-01	1.778258822922135218e-01
4.525000000000000133e-01	1.129120527027544840e+00
4.561000000000000054e-01	1.147857127790518961e+00
4.596999999999999975e-01	7.698008093788896167e-01
4.632999999999999896e-01	5.585971841809778127e-01
4.668999999999999817e-01	1.253935171110750701e+00
4.704999999999999738e-01	2.031987212087422279e+00
4.741000000000000214e-01	2.231184271750890513e+00
4.778000000000000025e-01	1.726127894781827488e+00
4.813999999999999946e-01	1.551315098737061193e+00
4.849999999999999867e-01	1.874946431680272863e+00
4.885999999999999788e-01	1.023206137142240735e+00
4.922000000000000264e-01	6.127242420666267897e-01
4.958000000000000185e-01	1.051296881714286258e+00
4.994000000000000106e-01	9.462812870349042171e-01
5.030000000000000027e-01	3.510716040531478566e-01
5.066000000000000503e-01	1.281218085998595990e+00
5.101999999999999869e-01	5.281436167191997377e-01
5.138000000000000345e-01	5.594324934391825543e-01
5.173999999999999710e-01	4.958545450785837305e-01
5.210000000000000187e-01	1.648441073503472243e+00
5.245999999999999552e-01	1.846114362210992788e+00
5.282999999999999918e-01	2.825910333633844473e+00
5.319000000000000394e-01	1.910900947123046256e+00
5.354999999999999760e-01	1.909005249339728483e+00
5.391000000000000236e-01	1.665731919499006786e+00
5.426999999999999602e-01	2.219623294683024994e+00
5.463000000000000078e-01	1.205156006060945195e+00
5.499000000000000554e-01	1.738878090027015544e+00
5.534999999999999920e-01	1.304984797717925415e+00
5.571000000000000396e-01	1.308202248856432659e+00
5.606999999999999762e-01	1.655113523137876408e+00
5.643000000000000238e-01	1.761580374730156384e+00
5.678999999999999604e-01	1.546042749952131423e+00
5.715000000000000080e-01	1.985549406842340936e+00
5.752000000000000446e-01	1.488722646814759187e+00
5.787999999999999812e-01	1.951125592290312794e+00
5.824000000000000288e-01	2.057760984708037810e+00
5.859999999999999654e-01	2.370442410557056512e+00
5.896000000000000130e-01	2.109376187938215352e+00
5.931999999999999496e-01	2.544384736561452698e+00
5.967999999999999972e-01	2.745514443131306326e+00
6.004000000000000448e-01	3.910395359903700463e+00
6.039999999999999813e-01	2.402607737795231735e+00
6.076000000000000290e-01	2.171353967885666592e+00
6.111999999999999655e-01	2.112401082413696507e+00
6.148000000000000131e-01	2.005510573159075882e+00
6.183999999999999497e-01	1.360837316249541518e+00
6.219999999999999973e-01	1.899675508515465516e+00
6.257000000000000339e-01	2.709553684077142144e+00
6.292999999999999705e-01	1.745093602268950050e+00
6.329000000000000181e-01	2.107688920432730484e+00
6.364999999999999547e-01	1.656573037134405846e+00
6.401000000000000023e-01	1.919186599065527243e+00
6.437000000000000499e-01	2.821634333130468963e+00
6.472999999999999865e-01	2.713177008948805202e+00
6.509000000000000341e-01	3.639471124615083486e+00
6.544999999999999707e-01	3.852538248023009260e+00
6.581000000000000183e-01	3.640100395622869467e+00
6.616999999999999549e-01	3.893543910712001566e+00
6.653000000000000025e-01	3.785553190009712132e+00
6.689000000000000501e-01	3.673675812632994475e+00
6.724999999999999867e-01	2.843826322935632867e+00
6.762000000000000233e-01	3.227027769878892727e+00
6.797999999999999599e-01	3.239404174441226747e+00
6.834000000000000075e-01	3.441670828386728331e+00
6.870000000000000551e-01	2.093123576457982082e+00
6.905999999999999917e-01	2.750811918879789708e+00
6.942000000000000393e-01	2.626366859007853272e+00
6.977999999999999758e-01	3.352872115763850136e+00
7.014000000000000234e-01	2.384205015969580010e+00
7.049999999999999600e-01	2.285158969672709262e+00
7.086000000000000076e-01	2.572843594929320687e+00
7.122000000000000552e-01	2.961881769806810283e+00
7.157999999999999918e-01	2.799645563580475560e+00
7.194000000000000394e-01	3.697121669864835702e+00
7.229999999999999760e-01	3.582969451332972621e+00
7.267000000000000126e-01	3.281566909340564830e+00
7.302999999999999492e-01	3.406818161551508073e+00
7.338999999999999968e-01	3.291255557536762133e+00
7.375000000000000444e-01	3.298833894226091079e+00
7.410999999999999810e-01	3.693101990252344091e+00
7.447000000000000286e-01	3.094081095921044966e+00
7.482999999999999652e-01	3.001524935648068659e+00
7.519000000000000128e-01	4.270746269138284923e+00
7.554999999999999494e-01	4.271182917508954624e+00
7.590999999999999970e-01	4.297821929733725455e+00
7.627000000000000446e-01	4.042403402605275531e+00
7.662999999999999812e-01	5.182709776680491487e+00
7.699000000000000288e-01	3.148174163317049690e+00
7.734999999999999654e-01	5.227631151980405733e+00
7.772000000000000020e-01	5.229789235097607403e+00
7.808000000000000496e-01	5.558540685941948389e+00
7.843999999999999861e-01	5.406424156341682163e+00
7.880000000000000338e-01	5.726378653134371000e+00
7.915999999999999703e-01	4.683041173381034206e+00
7.952000000000000179e-01	5.605168869335270365e+00
7.987999999999999545e-01	5.863898956979197052e+00
8.024000000000000021e-01	4.755741263305763411e+00
8.060000000000000497e-01	4.978116487171126536e+00
8.095999999999999863e-01	4.210775984222236090e+00
8.132000000000000339e-01	4.233430881389811162e+00
8.167999999999999705e-01	5.517082758145931187e+00
8.204000000000000181e-01	6.084072062757318378e+00
8.239999999999999547e-01	5.379643766806561089e+00
8.276999999999999913e-01	5.117735018061233987e+00
8.313000000000000389e-01	5.241764193874475453e+00
8.348999999999999755e-01	7.001461887911599291e+00
8.385000000000000231e-01	6.927056281717500319e+00
8.420999999999999597e-01	5.982811816588329279e+00
8.457000000000000073e-01	5.994641533598818128e+00
8.493000000000000549e-01	5.491766234207268838e+00
8.528999999999999915e-01	6.246864809246432060e+00
8.565000000000000391e-01	5.168428577805568302e+00
8.600999999999999757e-01	5.942481026966978774e+00
8.637000000000000233e-01	4.207511522901197232e+00
8.672999999999999599e-01	4.263875097175954032e+00
8.709000000000000075e-01	5.150680685157784211e+00
8.745000000000000551e-01	3.891317427449821231e+00
8.781999999999999806e-01	5.340310148192750184e+00
8.818000000000000282e-01	3.959600453864013048e+00
8.853999999999999648e-01	4.113563998267023791e+00
8.890000000000000124e-01	4.863081657674118929e+00
8.925999999999999490e-01	4.604548734482651895e+00
8.961999999999999966e-01	5.724673982730301702e+00
8.998000000000000442e-01	4.983858870812387210e+00
9.033999999999999808e-01	5.561997658244546727e+00
9.070000000000000284e-01	6.280944170275758687e+00
9.105999999999999650e-01	5.896629452515581349e+00
9.142000000000000126e-01	5.787386321119050159e+00
9.177999999999999492e-01	6.112145469454024038e+00
9.213999999999999968e-01	6.302712196577433090e+00
9.251000000000000334e-01	5.982236051163730473e+00
9.286999999999999700e-01	6.044111958566499965e+00
9.323000000000000176e-01	5.770532776043967083e+00
9.358999999999999542e-01	5.845283458944334321e+00
9.395000000000000018e-01	5.618646027624627948e+00
9.431000000000000494e-01	6.114500473492968879e+00
9.466999999999999860e-01	5.858170761904435864e+00
9.503000000000000336e-01	5.769005347434256414e+00
9.538999999999999702e-01	6.122521401308037348e+00
9.575000000000000178e-01	6.231139500164592171e+00
9.610999999999999543e-01	5.644643505593514909e+00
9.647000000000000020e-01	7.055975916270497805e+00
9.683000000000000496e-01	6.620645229587587721e+00
9.718999999999999861e-01	6.929472743941381907e+00
9.756000000000000227e-01	7.070541747267478527e+00
9.791999999999999593e-01	6.899155651565953562e+00
9.828000000000000069e-01	6.432028890256813902e+00
9.864000000000000545e-01	6.881602120461556282e+00
9.899999999999999911e-01	7.703234345982633791e+00
9.936000000000000387e-01	8.028435978103372506e+00
9.971999999999999753e-01	6.244285806875454981e+00
1.000799999999999912e+00	6.317934148189666033e+00
1.004399999999999959e+00	7.511713664970072202e+00
1.008000000000000007e+00	6.618644820125436645e+00
1.011600000000000055e+00	7.829297189434260673e+00
1.015200000000000102e+00	7.963274588187386982e+00
1.018799999999999928e+00	8.875522477248535935e+00
1.022399999999999975e+00	8.829223475959073753e+00
1.026100000000000012e+00	8.752022830820624932e+00
1.029700000000000060e+00	8.119351842141828257e+00
1.033300000000000107e+00	9.381590182499628838e+00
1.036899999999999933e+00	7.893646282886353838e+00
1.040499999999999980e+00	8.606278117514406745e+00
1.044100000000000028e+00	8.214216479500256796e+00
1.047700000000000076e+00	7.516789735351812496e+00
1.051299999999999901e+00	6.457872777571105338e+00
1.054899999999999949e+00	8.041523848407335251e+00
1.058499999999999996e+00	7.650258108440994853e+00
1.062100000000000044e+00	7.267047916231788030e+00
1.065700000000000092e+00	8.018201465278675499e+00
1.069299999999999917e+00	8.244827129130122501e+00
1.072899999999999965e+00	8.096560923291518108e+00
1.076600000000000001e+00	7.702147205899813720e+00
1.080200000000000049e+00	8.145937906949855645e+00
1.083800000000000097e+00	8.252802605632171051e+00
1.087399999999999922e+00	9.117228922985011863e+00
1.090999999999999970e+00	1.005057580056083921e+01
1.094600000000000017e+00	1.190908194873336967e+01
1.098200000000000065e+00	1.124445882588017298e+01
1.101799999999999891e+00	1.201200449753438804e+01
1.105399999999999938e+00	1.221052139384625512e+01
1.108999999999999986e+00	1.143333757113884452e+01
1.112600000000000033e+00	1.189311124723168689e+01
1.116200000000000081e+00	1.030948872080181111e+01
1.119799999999999907e+00	8.755137306223495841e+00
1.123399999999999954e+00	9.536181262765625277e+00
1.127099999999999991e+00	9.198761805593539620e+00
1.130700000000000038e+00	1.005944199142585127e+01
1.134300000000000086e+00	8.769446494533616132e+00
1.137899999999999912e+00	9.013946109986461508e+00
1.141499999999999959e+00	9.336448006258120103e+00
1.145100000000000007e+00	9.594846623818854781e+00
1.148700000000000054e+00	1.107261915440850863e+01
1.152300000000000102e+00	1.248297390198214529e+01
1.155899999999999928e+00	1.402570324340623031e+01
1.159499999999999975e+00	1.401430929280385662e+01
1.163100000000000023e+00	1.339320336177019399e+01
1.166700000000000070e+00	1.264281070280477159e+01
1.170299999999999896e+00	1.299862028498396072e+01
1.173899999999999944e+00	1.150479356339299741e+01
1.177599999999999980e+00	1.187439636881672911e+01
1.181200000000000028e+00	1.064316584907613183e+01
1.184800000000000075e+00	1.065893243903929033e+01
1.188399999999999901e+00	1.209077208431526884e+01
1.191999999999999948e+00	1.269419831100584162e+01
1.195599999999999996e+00	1.242466448384542232e+01
1.199200000000000044e+00	1.267365132604333056e+01
1.202800000000000091e+00	1.283967842134365078e+01
1.206399999999999917e+00	1.280990835479689061e+01
1.209999999999999964e+00	1.414489187185087360e+01
1.213600000000000012e+00	1.372944157922838748e+01
1.217200000000000060e+00	1.420061855188672872e+01
1.220800000000000107e+00	1.348591718762371450e+01
1.224399999999999933e+00	1.399435981777912730e+01
1.228099999999999969e+00	1.386537390681102799e+01
1.231700000000000017e+00	1.336824535989934404e+01
1.235300000000000065e+00	1.269320575063020407e+01
1.238899999999999890e+00	1.302942689141931432e+01
1.242499999999999938e+00	1.394307481096521073e+01
1.246099999999999985e+00	1.433175187906482861e+01
1.249700000000000033e+00	1.414532139871609395e+01
1.253300000000000081e+00	1.374305294141284506e+01
1.256899999999999906e+00	1.354923301794657320e+01
1.260499999999999954e+00	1.385740795796312064e+01
1.264100000000000001e+00	1.345842807972498711e+01
1.267700000000000049e+00	1.327362704518006531e+01
1.271300000000000097e+00	1.309807758996342208e+01
1.274899999999999922e+00	1.350241040209293075e+01
1.278599999999999959e+00	1.312926317231133133e+01
1.282200000000000006e+00	1.408267945629222950e+01
1.285800000000000054e+00	1.430295624929926568e+01
1.289400000000000102e+00	1.396741952200251546e+01
1.292999999999999927e+00	1.444256865958656810e+01
1.296599999999999975e+00	1.491415551236020320e+01
1.300200000000000022e+00	1.411888514012059836e+01
1.303800000000000070e+00	1.487273632702605042e+01
1.307399999999999896e+00	1.415799492440299723e+01
1.310999999999999943e+00	1.538085454862085122e+01
1.314599999999999991e+00	1.451927027189937114e+01
1.318200000000000038e+00	1.580575026557969665e+01
1.321800000000000086e+00	1.582893753424082739e+01
1.325499999999999901e+00	1.534874955016629805e+01
1.329099999999999948e+00	1.588568698566431259e+01
1.332699999999999996e+00	1.719868500969252167e+01
1.336300000000000043e+00	1.687524350340818913e+01
1.339900000000000091e+00	1.764509906469266198e+01
1.343499999999999917e+00	1.675728613212534412e+01
1.347099999999999964e+00	1.761526307710273542e+01
1.350700000000000012e+00	1.710691527295736591e+01
1.354300000000000059e+00	1.741116978571885454e+01
1.357900000000000107e+00	1.718794565343045022e+01
1.361499999999999932e+00	1.792895766948092628e+01
1.365099999999999980e+00	1.762293152077217684e+01
1.368700000000000028e+00	1.791648342768045055e+01
1.372300000000000075e+00	1.882740666146055730e+01
1.375999999999999890e+00	1.849482740100511435e+01
1.379599999999999937e+00	1.843003686897733218e+01
1.383199999999999985e+00	1.928942314859106943e+01
1.386800000000000033e+00	1.974332329143027209e+01
1.390400000000000080e+00	1.970051688731397732e+01
1.393999999999999906e+00	1.942525866688487923e+01
1.397599999999999953e+00	1.969275668358459797e+01
1.401200000000000001e+00	2.164058326130169974e+01
1.404800000000000049e+00	2.090776821050623013e+01
1.408400000000000096e+00	2.069413277514198057e+01
1.411999999999999922e+00	2.291544148631149369e+01
1.415599999999999969e+00	2.207939463228856880e+01
1.419200000000000017e+00	2.256446104010026943e+01
1.422800000000000065e+00	2.093312215980199653e+01
1.426500000000000101e+00	2.099443175642433701e+01
1.430099999999999927e+00	1.968755202818679706e+01
1.433699999999999974e+00	1.992953905969186934e+01
1.437300000000000022e+00	2.098536332190217379e+01
1.440900000000000070e+00	2.041476106420027392e+01
1.444499999999999895e+00	2.086863297649588134e+01
1.448099999999999943e+00	2.073666113054013849e+01
1.451699999999999990e+00	2.142677592504082185e+01
1.455300000000000038e+00	2.139391475531909492e+01
1.458900000000000086e+00	2.094176959226296120e+01
1.462499999999999911e+00	2.272163568293709801e+01
1.466099999999999959e+00	2.376161591737748680e+01
1.469700000000000006e+00	2.341250220134450899e+01
1.473300000000000054e+00	2.403502098872447590e+01
1.477000000000000091e+00	2.448712523248638107e+01
1.480599999999999916e+00	2.406085590003654673e+01
1.484199999999999964e+00	2.431526233594842168e+01
1.487800000000000011e+00	2.354678827242565831e+01
1.491400000000000059e+00	2.431081258689977176e+01
1.495000000000000107e+00	2.478545916789993697e+01
1.498599999999999932e+00	2.525906516922609413e+01
1.502199999999999980e+00	2.633730327550658501e+01
1.505800000000000027e+00	2.674188763795577728e+01
1.509400000000000075e+00	2.683073521040541110e+01
1.512999999999999901e+00	2.756033093451949156e+01
1.516599999999999948e+00	2.752588356448225682e+01
1.520199999999999996e+00	2.752524917079575673e+01
1.523800000000000043e+00	2.767832639981369525e+01
1.527500000000000080e+00	2.771057292133401262e+01
1.531099999999999905e+00	2.783251704628368017e+01
1.534699999999999953e+00	2.787482645718121788e+01
1.538300000000000001e+00	2.875907030836167166e+01
1.541900000000000048e+00	2.882038942833678519e+01
1.545500000000000096e+00	2.939966377588781299e+01
1.549099999999999921e+00	3.023186139205263956e+01
1.552699999999999969e+00	2.914522242280404640e+01
1.556300000000000017e+00	2.926378435613193574e+01
1.559900000000000064e+00	2.786240735121197076e+01
1.563499999999999890e+00	2.850887775911060018e+01
1.567099999999999937e+00	2.847120343235989637e+01
1.570699999999999985e+00	2.996007277552513415e+01
1.574300000000000033e+00	3.158214745940920665e+01
1.578000000000000069e+00	3.134023792029522326e+01
1.581599999999999895e+00	3.221300931737403062e+01
1.585199999999999942e+00	3.107876332240534012e+01
1.588799999999999990e+00	3.181749054634138218e+01
1.592400000000000038e+00	3.120567403020888264e+01
1.596000000000000085e+00	3.132740520768322767e+01
1.599599999999999911e+00	3.314639336853375085e+01
1.603199999999999958e+00	3.252471684116850525e+01
1.606800000000000006e+00	3.485093848645104231e+01
1.610400000000000054e+00	3.603753921915647851e+01
1.614000000000000101e+00	3.453448763354423789e+01
1.617599999999999927e+00	3.573166430791986414e+01
1.621199999999999974e+00	3.555555501299537013e+01
1.624800000000000022e+00	3.496062484121080161e+01
1.628500000000000059e+00	3.532111726824245324e+01
1.632100000000000106e+00	3.606072100473684827e+01
1.635699999999999932e+00	3.711900460871131457e+01
1.639299999999999979e+00	3.516544467183615552e+01
1.642900000000000027e+00	3.623335606557034794e+01
1.646500000000000075e+00	3.570682054024222651e+01
1.650099999999999900e+00	3.695098189970989466e+01
1.653699999999999948e+00	3.717539929963209744e+01
1.657299999999999995e+00	3.911372728988552439e+01
1.660900000000000043e+00	4.248958916330190760e+01
1.664500000000000091e+00	4.310804416389463967e+01
1.668099999999999916e+00	4.575478434889405577e+01
1.671699999999999964e+00	4.588542197199193140e+01
1.675400000000000000e+00	4.550102722229600971e+01
1.679000000000000048e+00	4.402156207801486687e+01
1.682600000000000096e+00	4.288855563294047357e+01
1.686199999999999921e+00	4.145799474824912778e+01
1.689799999999999969e+00	4.127857945290306674e+01
1.693400000000000016e+00	4.025920300341318381e+01
1.697000000000000064e+00	4.087441572603003692e+01
1.700599999999999890e+00	4.308351820286211620e+01
1.704199999999999937e+00	4.622597212708011938e+01
1.707799999999999985e+00	5.082233008701107480e+01
1.711400000000000032e+00	5.395610936451471673e+01
1.715000000000000080e+00	5.501520883179133392e+01
1.718599999999999905e+00	5.317445937884246376e+01
1.722199999999999953e+00	5.034204038345709620e+01
1.725899999999999990e+00	4.620099213467163679e+01
1.729500000000000037e+00	4.388434394920091819e+01
1.733100000000000085e+00	4.203686866840072156e+01
1.736699999999999910e+00	4.160942880528014598e+01
1.740299999999999958e+00	4.344305404546726379e+01
1.743900000000000006e+00	4.383970546169820182e+01
1.747500000000000053e+00	4.602555021747949837e+01
1.751100000000000101e+00	4.633587193696999407e+01
1.754699999999999926e+00	4.668539164051141199e+01
1.758299999999999974e+00	4.826105005539965731e+01
1.761900000000000022e+00	4.742786661613169485e+01
1.765500000000000069e+00	4.712114428886458484e+01
1.769099999999999895e+00	4.676342121923531181e+01
1.772699999999999942e+00	4.665642615676397753e+01
1.776399999999999979e+00	4.633851626590307404e+01
1.780000000000000027e+00	4.624371389653815356e+01
1.783600000000000074e+00	4.634984084054759279e+01
1.787199999999999900e+00	4.673163243372409426e+01
1.790799999999999947e+00	4.645584941688375835e+01
1.794399999999999995e+00	4.784244339490214060e+01
1.798000000000000043e+00	5.055417862382362415e+01
1.801600000000000090e+00	5.304508027010688664e+01
1.805199999999999916e+00	5.537852833346263282e+01
1.808799999999999963e+00	5.547104082719954476e+01
1.812400000000000011e+00	5.597334901111159411e+01
1.816000000000000059e+00	5.742325312809643378e+01
1.819600000000000106e+00	5.590606852285284845e+01
1.823199999999999932e+00	5.593844525222269937e+01
1.826899999999999968e+00	5.457913122506168691e+01
1.830500000000000016e+00	5.303080029107519522e+01
1.834100000000000064e+00	5.240605506557951543e+01
1.837699999999999889e+00	5.068731245401530572e+01
1.841299999999999937e+00	4.990105811535988067e+01
1.844899999999999984e+00	4.974510088276303321e+01
1.848500000000000032e+00	5.039837497482191964e+01
1.852100000000000080e+00	5.098703116017766490e+01
1.855699999999999905e+00	5.098084181753636557e+01
1.859299999999999953e+00	5.224340918373823683e+01
1.862900000000000000e+00	5.291241776771851590e+01
1.866500000000000048e+00	5.131953968249089115e+01
1.870100000000000096e+00	5.107166045105268637e+01
1.873699999999999921e+00	4.824638331943499736e+01
1.877399999999999958e+00	4.666556103278212220e+01
1.881000000000000005e+00	4.509616689738815865e+01
1.884600000000000053e+00	4.583539067464064232e+01
1.888200000000000101e+00	4.416718493917829136e+01
1.891799999999999926e+00	4.618282088343505620e+01
1.895399999999999974e+00	4.567489622721352305e+01
1.899000000000000021e+00	4.604867325105895759e+01
1.902600000000000069e+00	4.763346928382303247e+01
1.906199999999999894e+00	4.773851958771725634e+01
1.909799999999999942e+00	4.738712514567081513e+01
1.913399999999999990e+00	4.918061792109742925e+01
1.917000000000000037e+00	4.990231639337038416e+01
1.920600000000000085e+00	5.173077130737462426e+01
1.924199999999999910e+00	5.120008402222542543e+01
1.927899999999999947e+00	4.986118206978509448e+01
1.931499999999999995e+00	4.865441404268199932e+01
1.935100000000000042e+00	4.664678113145101435e+01
1.938700000000000090e+00	4.470510251073882557e+01
1.942299999999999915e+00	4.080121608467590733e+01
1.945899999999999963e+00	3.792297660730994124e+01
1.949500000000000011e+00	3.571628289021348479e+01
1.953100000000000058e+00	3.567816005625007847e+01
1.956700000000000106e+00	3.547623075037158458e+01
1.960299999999999931e+00	3.904310853191042696e+01
1.963899999999999979e+00	4.310758548999486095e+01
1.967500000000000027e+00	4.476017847612661171e+01
1.971100000000000074e+00	4.469085499752639379e+01
1.974699999999999900e+00	4.267725974413377088e+01
1.978399999999999936e+00	3.924321310470458712e+01
1.981999999999999984e+00	3.405845219005706070e+01
1.985600000000000032e+00	2.849476307420832555e+01
1.989200000000000079e+00	2.536202204375149094e+01
1.992799999999999905e+00	2.425620618637455550e+01
1.996399999999999952e+00	2.394163512092120882e+01
2.000000000000000000e+00	2.708730553658944729e+01
