2.000000000000000111e-01	-1.789645996858917565e+00
2.036000000000000032e-01	-2.597085066002958520e+00
2.071999999999999953e-01	-1.777586271217131308e+00
2.107999999999999874e-01	-2.780462140462762743e+00
2.144000000000000072e-01	-2.565247828258285345e+00
2.179999999999999993e-01	-2.374652541927682048e+00
2.215999999999999914e-01	-1.894678994526376670e+00
2.253000000000000003e-01	-4.393260919671575060e+00
2.288999999999999924e-01	-2.952617779626285355e+00
2.325000000000000122e-01	-3.025736990046277608e+00
2.361000000000000043e-01	-3.069039730814827838e+00
2.396999999999999964e-01	-3.471609746043879507e+00
2.432999999999999885e-01	-2.724919432927843665e+00
2.469000000000000083e-01	-1.726952609946438510e+00
2.505000000000000004e-01	-3.585557373762146227e+00
2.540999999999999925e-01	-3.726091601941825981e+00
2.576999999999999846e-01	-4.238214732783949223e+00
2.612999999999999767e-01	-1.892590369240164661e+00
2.649000000000000243e-01	-2.298553893130128145e+00
2.685000000000000164e-01	-1.105670406834802222e+00
2.721000000000000085e-01	-2.646938440738821008e+00
2.757999999999999896e-01	-1.369645561836465353e+00
2.793999999999999817e-01	-1.831525312649081361e+00
2.829999999999999738e-01	-1.197720010699014237e+00
2.866000000000000214e-01	7.059973058084256792e-03
2.902000000000000135e-01	8.101831620722075300e-01
2.938000000000000056e-01	4.347425583043986741e-01
2.973999999999999977e-01	-1.958365140601001642e+00
3.009999999999999898e-01	-7.902297739648497243e-01
3.045999999999999819e-01	-4.603836955572495615e-01
3.081999999999999740e-01	6.509018944691362663e-01
3.118000000000000216e-01	1.552857422089661821e-01
3.154000000000000137e-01	-5.055161590255898840e-01
3.190000000000000058e-01	-1.124316999029332020e+00
3.225999999999999979e-01	-1.953359989085023951e+00
3.262999999999999790e-01	-1.948879692868546787e+00
3.299000000000000266e-01	-9.500647680455291955e-01
3.335000000000000187e-01	-2.599475428478861705e+00
3.371000000000000107e-01	-1.740445449443643211e+00
3.407000000000000028e-01	-2.409413511645206007e+00
3.442999999999999949e-01	-1.150903820786171483e+00
3.478999999999999870e-01	-1.688670165980889371e+00
3.514999999999999791e-01	-3.229341694797271067e+00
3.551000000000000267e-01	-2.673236208827166394e+00
3.587000000000000188e-01	-2.359463722290907839e+00
3.623000000000000109e-01	-3.499387926333068943e+00
3.659000000000000030e-01	-2.603761267592872297e+00
3.694999999999999951e-01	-1.276216939047870813e+00
3.730999999999999872e-01	-8.202165140532766685e-01
3.768000000000000238e-01	-1.733281758162261044e+00
3.804000000000000159e-01	-1.741246137356338153e+00
3.840000000000000080e-01	-1.013534391919159949e+00
3.876000000000000001e-01	-1.344066478082832639e+00
3.911999999999999922e-01	-3.529746682287966397e-01
3.947999999999999843e-01	-3.213478225018393530e-01
3.983999999999999764e-01	2.958831948911100351e-01
4.020000000000000240e-01	-8.092802011396449391e-02
4.056000000000000161e-01	-2.011654151360353637e-01
4.092000000000000082e-01	-3.061570102884957345e-01
4.128000000000000003e-01	9.544961282600115116e-01
4.163999999999999924e-01	9.111549810263731564e-01
4.199999999999999845e-01	1.123020369273939334e+00
4.235999999999999766e-01	3.017456838247654094e-01
4.273000000000000131e-01	-4.367449185895403985e-01
4.309000000000000052e-01	8.977602275430018874e-01
4.344999999999999973e-01	-1.574223560606416994e+00
4.380999999999999894e-01	-6.715815183697384505e-01
4.416999999999999815e-01	-1.380570918471365482e+00
4.452999999999999736e-01	-4.171027515135672381e-02
4.489000000000000212e-01	-1.805042220898056549e+00
4.525000000000000133e-01	-1.129004270451828162e+00
4.561000000000000054e-01	-1.530517672146425312e+00
4.596999999999999975e-01	-1.840168600890247586e+00
4.632999999999999896e-01	-1.369250500931588288e+00
4.668999999999999817e-01	-3.359833585192535388e+00
4.704999999999999738e-01	-1.066048316645713090e+00
4.741000000000000214e-01	-3.180355807230644150e+00
4.778000000000000025e-01	-1.556300834731168869e+00
4.813999999999999946e-01	-4.531600600914569288e-01
4.849999999999999867e-01	-1.335215261833996081e+00
4.885999999999999788e-01	-1.613133069844132628e+00
4.922000000000000264e-01	-1.645003092142871548e+00
4.958000000000000185e-01	-1.870230155679886153e-01
4.994000000000000106e-01	-1.268850482101203880e+00
5.030000000000000027e-01	1.689548589066116602e-01
5.066000000000000503e-01	7.674653444359549326e-01
5.101999999999999869e-01	7.180180341846529313e-01
5.138000000000000345e-01	1.905322574191772311e-01
5.173999999999999710e-01	-8.858308916846645564e-01
5.210000000000000187e-01	1.770343587008519348e-01
5.245999999999999552e-01	4.896648851340577036e-01
5.282999999999999918e-01	5.807163851669255861e-01
5.319000000000000394e-01	-7.900987556192740069e-02
5.354999999999999760e-01	-5.413598965311543498e-01
5.391000000000000236e-01	1.115878315855497238e+00
5.426999999999999602e-01	-3.315935480091169452e-01
5.463000000000000078e-01	1.059197029502139120e+00
5.499000000000000554e-01	2.840151385045630583e-01
5.534999999999999920e-01	5.123048039538204979e-01
5.571000000000000396e-01	6.215331737760451114e-01
5.606999999999999762e-01	-5.305062421267492390e-02
5.643000000000000238e-01	-3.190208945203485413e-01
5.678999999999999604e-01	-6.075395036890329781e-01
5.715000000000000080e-01	-4.628406347948188504e-02
5.752000000000000446e-01	-1.436601059577427009e-01
5.787999999999999812e-01	4.978173605082263364e-01
5.824000000000000288e-01	-1.821678865575509398e+00
5.859999999999999654e-01	7.119248710809018554e-01
5.896000000000000130e-01	-2.920247045936819053e-01
5.931999999999999496e-01	-1.072799005626625668e+00
5.967999999999999972e-01	-2.219107042630469984e+00
6.004000000000000448e-01	-6.135100302605853706e-01
6.039999999999999813e-01	-3.701955064027778741e-01
6.076000000000000290e-01	1.406335664390796492e+00
6.111999999999999655e-01	4.734290451035267910e-01
6.148000000000000131e-01	5.063972738600501788e-01
6.183999999999999497e-01	1.745830496215368788e+00
6.219999999999999973e-01	1.220489411360794918e+00
6.257000000000000339e-01	4.623522598252248761e-01
6.292999999999999705e-01	8.896256472395092096e-01
6.329000000000000181e-01	2.682192089750159991e-01
6.364999999999999547e-01	1.190566165674419086e+00
6.401000000000000023e-01	2.057482534248787687e+00
6.437000000000000499e-01	1.707457750907669158e+00
6.472999999999999865e-01	1.719782998952695374e+00
6.509000000000000341e-01	1.871602104358082164e+00
6.544999999999999707e-01	2.400899640045757621e+00
6.581000000000000183e-01	1.097049771470377078e+00
6.616999999999999549e-01	1.768787885179957886e+00
6.653000000000000025e-01	1.092440178917986504e+00
6.689000000000000501e-01	1.592634250817322572e+00
6.724999999999999867e-01	8.665141792542525589e-01
6.762000000000000233e-01	1.262454504132777267e+00
6.797999999999999599e-01	9.775260576112301258e-01
6.834000000000000075e-01	1.804579757456861611e+00
6.870000000000000551e-01	1.597204690504055780e+00
6.905999999999999917e-01	8.820316219471211472e-01
6.942000000000000393e-01	1.041951856642617247e-01
6.977999999999999758e-01	8.779170356653895890e-01
7.014000000000000234e-01	-2.180293822254926739e-01
7.049999999999999600e-01	1.077647602694081330e+00
7.086000000000000076e-01	-9.087257699938431355e-01
7.122000000000000552e-01	1.792779566286536452e-01
7.157999999999999918e-01	2.856747642642329943e-01
7.194000000000000394e-01	3.714602651231597163e-01
7.229999999999999760e-01	2.106510492108407906e+00
7.267000000000000126e-01	6.722011575128550298e-02
7.302999999999999492e-01	-8.632001384498505514e-02
7.338999999999999968e-01	7.463436147914171981e-01
7.375000000000000444e-01	1.956159765186672450e+00
7.410999999999999810e-01	2.475686796810989687e+00
7.447000000000000286e-01	1.852813970606512317e+00
7.482999999999999652e-01	1.510375292026492566e+00
7.519000000000000128e-01	1.178464837106017349e+00
7.554999999999999494e-01	2.840594246369803066e+00
7.590999999999999970e-01	3.626945452615835119e+00
7.627000000000000446e-01	2.665011324704118945e+00
7.662999999999999812e-01	2.897623587267174283e+00
7.699000000000000288e-01	3.126682277720404635e+00
7.734999999999999654e-01	1.803288746670917320e+00
7.772000000000000020e-01	2.925537750195728925e+00
7.808000000000000496e-01	6.975920686373622281e-01
7.843999999999999861e-01	2.213458190150169536e+00
7.880000000000000338e-01	2.476851349153407877e+00
7.915999999999999703e-01	2.763768524274182958e+00
7.952000000000000179e-01	2.141676519735544737e+00
7.987999999999999545e-01	1.833750072653179686e+00
8.024000000000000021e-01	3.488868391706369643e+00
8.060000000000000497e-01	1.111997764179771142e+00
8.095999999999999863e-01	1.229373856771802220e+00
8.132000000000000339e-01	1.704618059396238117e+00
8.167999999999999705e-01	1.750624952357342945e+00
8.204000000000000181e-01	3.452179035436970800e-01
8.239999999999999547e-01	2.189794947305550021e+00
8.276999999999999913e-01	1.813196426617897039e+00
8.313000000000000389e-01	2.987481523528628280e+00
8.348999999999999755e-01	3.307755284229486836e+00
8.385000000000000231e-01	2.924552978988138818e+00
8.420999999999999597e-01	3.975429146847363704e+00
8.457000000000000073e-01	3.079302614702871477e+00
8.493000000000000549e-01	4.011336854099396554e+00
8.528999999999999915e-01	3.822396890734576669e+00
8.565000000000000391e-01	5.222160242312444467e+00
8.600999999999999757e-01	4.240964849885889620e+00
8.637000000000000233e-01	3.940420411145246327e+00
8.672999999999999599e-01	4.848458837940421873e+00
8.709000000000000075e-01	5.710450115428136186e+00
8.745000000000000551e-01	5.713458359261992747e+00
8.781999999999999806e-01	5.109527927211325427e+00
8.818000000000000282e-01	5.621158261649383370e+00
8.853999999999999648e-01	5.452340016362656527e+00
8.890000000000000124e-01	5.586805640537475526e+00
8.925999999999999490e-01	4.967472044624377858e+00
8.961999999999999966e-01	5.563762722206332612e+00
8.998000000000000442e-01	4.504287841512420343e+00
9.033999999999999808e-01	5.117559381677292407e+00
9.070000000000000284e-01	4.459441726895199132e+00
9.105999999999999650e-01	3.940172932847702647e+00
9.142000000000000126e-01	4.397774578449965333e+00
9.177999999999999492e-01	4.005988873856314747e+00
9.213999999999999968e-01	4.437395153125269331e+00
9.251000000000000334e-01	2.700217001222508184e+00
9.286999999999999700e-01	4.604591038554220361e+00
9.323000000000000176e-01	4.986364556224492262e+00
9.358999999999999542e-01	2.389619611145377576e+00
9.395000000000000018e-01	4.214385120937096829e+00
9.431000000000000494e-01	5.314332750763503199e+00
9.466999999999999860e-01	3.331278627368421841e+00
9.503000000000000336e-01	5.932613016077960211e+00
9.538999999999999702e-01	5.541614460930409436e+00
9.575000000000000178e-01	3.558623614524506706e+00
9.610999999999999543e-01	6.399034824123549292e+00
9.647000000000000020e-01	3.949600452028645847e+00
9.683000000000000496e-01	5.451261178608584501e+00
9.718999999999999861e-01	6.167391375769590844e+00
9.756000000000000227e-01	6.588983632374319832e+00
9.791999999999999593e-01	6.225864578335087884e+00
9.828000000000000069e-01	6.128219245745150978e+00
9.864000000000000545e-01	6.442475929395572898e+00
9.899999999999999911e-01	7.783678279151074797e+00
9.936000000000000387e-01	6.056773748170840577e+00
9.971999999999999753e-01	6.278068839788216948e+00
1.000799999999999912e+00	6.389501267429477771e+00
1.004399999999999959e+00	6.291684514698246744e+00
1.008000000000000007e+00	5.075692715969329250e+00
1.011600000000000055e+00	5.026160357094209274e+00
1.015200000000000102e+00	4.372512169623218981e+00
1.018799999999999928e+00	5.346363573295755955e+00
1.022399999999999975e+00	4.929909471633779461e+00
1.026100000000000012e+00	5.149340375856681362e+00
1.029700000000000060e+00	5.119900709440249997e+00
1.033300000000000107e+00	5.084908351957641237e+00
1.036899999999999933e+00	5.011916788828820302e+00
1.040499999999999980e+00	4.799996607130631254e+00
1.044100000000000028e+00	3.252988880203700361e+00
1.047700000000000076e+00	3.805476029555392881e+00
1.051299999999999901e+00	4.323231747527638724e+00
1.054899999999999949e+00	3.923053111197936094e+00
1.058499999999999996e+00	6.100659637886556297e+00
1.062100000000000044e+00	3.571413221337510269e+00
1.065700000000000092e+00	4.096086977446172561e+00
1.069299999999999917e+00	5.758774556724435278e+00
1.072899999999999965e+00	5.087555325000507445e+00
1.076600000000000001e+00	5.869051963261529892e+00
1.080200000000000049e+00	5.581626894101755276e+00
1.083800000000000097e+00	5.598066278626500747e+00
1.087399999999999922e+00	5.419268336991273749e+00
1.090999999999999970e+00	7.913672741157427915e+00
1.094600000000000017e+00	7.604034277550240084e+00
1.098200000000000065e+00	7.513890351773429011e+00
1.101799999999999891e+00	6.013459489319671114e+00
1.105399999999999938e+00	7.466243637278218159e+00
1.108999999999999986e+00	6.786830341403787159e+00
1.112600000000000033e+00	6.240181103633601012e+00
1.116200000000000081e+00	6.070063270059412375e+00
1.119799999999999907e+00	5.573914304315090718e+00
1.123399999999999954e+00	6.135328605094244381e+00
1.127099999999999991e+00	6.081879908318093442e+00
1.130700000000000038e+00	4.999197289611148953e+00
1.134300000000000086e+00	6.125817096585633337e+00
1.137899999999999912e+00	6.056388702912810729e+00
1.141499999999999959e+00	5.781056806450044938e+00
1.145100000000000007e+00	6.371608658062621444e+00
1.148700000000000054e+00	6.192042575866872234e+00
1.152300000000000102e+00	4.809180338550399725e+00
1.155899999999999928e+00	7.375527177566680415e+00
1.159499999999999975e+00	6.953726714181197366e+00
1.163100000000000023e+00	3.747606540626802207e+00
1.166700000000000070e+00	6.868484671922040263e+00
1.170299999999999896e+00	6.687822248675049153e+00
1.173899999999999944e+00	6.700101354873896575e+00
1.177599999999999980e+00	7.341690686809013933e+00
1.181200000000000028e+00	6.562797242613592985e+00
1.184800000000000075e+00	6.432741463493075962e+00
1.188399999999999901e+00	5.848925433888391368e+00
1.191999999999999948e+00	7.074921337585593051e+00
1.195599999999999996e+00	6.535184694284932760e+00
1.199200000000000044e+00	6.453246596850569006e+00
1.202800000000000091e+00	7.085166800055299419e+00
1.206399999999999917e+00	8.338030260107220926e+00
1.209999999999999964e+00	7.608670136189243038e+00
1.213600000000000012e+00	7.646562640636600960e+00
1.217200000000000060e+00	8.410049034553647829e+00
1.220800000000000107e+00	8.091797789783033323e+00
1.224399999999999933e+00	8.929467544239816590e+00
1.228099999999999969e+00	8.015300283057504416e+00
1.231700000000000017e+00	8.788010213765312884e+00
1.235300000000000065e+00	8.196219743787757750e+00
1.238899999999999890e+00	8.142501481836934119e+00
1.242499999999999938e+00	1.031296450301930179e+01
1.246099999999999985e+00	7.668307389762657245e+00
1.249700000000000033e+00	9.012639081075521474e+00
1.253300000000000081e+00	8.884558067840700346e+00
1.256899999999999906e+00	8.425041950444125405e+00
1.260499999999999954e+00	9.134397079462161173e+00
1.264100000000000001e+00	7.276899985526299020e+00
1.267700000000000049e+00	8.633373661596978721e+00
1.271300000000000097e+00	6.451816418790306429e+00
1.274899999999999922e+00	8.347197748826612695e+00
1.278599999999999959e+00	8.583648260971695976e+00
1.282200000000000006e+00	7.645292038113636224e+00
1.285800000000000054e+00	8.364351589794944530e+00
1.289400000000000102e+00	7.386955272579796450e+00
1.292999999999999927e+00	8.477493110594654269e+00
1.296599999999999975e+00	7.490357333698666409e+00
1.300200000000000022e+00	8.681632782252187042e+00
1.303800000000000070e+00	9.717532608921981563e+00
1.307399999999999896e+00	8.852509018600231983e+00
1.310999999999999943e+00	9.524664161812122387e+00
1.314599999999999991e+00	1.010841666546314244e+01
1.318200000000000038e+00	9.520116784398943821e+00
1.321800000000000086e+00	9.666790206394544782e+00
1.325499999999999901e+00	1.103255121650781945e+01
1.329099999999999948e+00	9.105865142570559456e+00
1.332699999999999996e+00	1.136090406296105826e+01
1.336300000000000043e+00	1.030448782553956377e+01
1.339900000000000091e+00	9.807856826466407441e+00
1.343499999999999917e+00	9.640736906992053434e+00
1.347099999999999964e+00	1.117593758313002894e+01
1.350700000000000012e+00	8.054538613065375330e+00
1.354300000000000059e+00	1.105637658124581613e+01
1.357900000000000107e+00	1.160286476620280638e+01
1.361499999999999932e+00	1.059325999904964810e+01
1.365099999999999980e+00	1.100673524145853399e+01
1.368700000000000028e+00	1.080615622036273038e+01
1.372300000000000075e+00	1.058967153223686175e+01
1.375999999999999890e+00	1.103482732802176081e+01
1.379599999999999937e+00	9.593318333468857873e+00
1.383199999999999985e+00	1.070438169309618992e+01
1.386800000000000033e+00	1.074568262169692190e+01
1.390400000000000080e+00	9.914518593562350546e+00
1.393999999999999906e+00	9.615646471760335601e+00
1.397599999999999953e+00	1.003192467193218640e+01
1.401200000000000001e+00	1.059947633013705115e+01
1.404800000000000049e+00	1.095718870362772890e+01
1.408400000000000096e+00	9.040095365909746050e+00
1.411999999999999922e+00	1.101572052273905022e+01
1.415599999999999969e+00	1.053289841438040320e+01
1.419200000000000017e+00	1.010191284854967186e+01
1.422800000000000065e+00	1.116431435816276974e+01
1.426500000000000101e+00	1.052767813837850142e+01
1.430099999999999927e+00	1.097398547065426477e+01
1.433699999999999974e+00	1.086126093886096200e+01
1.437300000000000022e+00	1.046406482445689434e+01
1.440900000000000070e+00	1.063748504217626412e+01
1.444499999999999895e+00	1.189686725108722065e+01
1.448099999999999943e+00	1.069183991875227591e+01
1.451699999999999990e+00	1.087937016358178965e+01
1.455300000000000038e+00	1.159398866476191792e+01
1.458900000000000086e+00	1.189481261849301674e+01
1.462499999999999911e+00	1.140023603083059101e+01
1.466099999999999959e+00	1.180661208685340036e+01
1.469700000000000006e+00	1.193174634613534479e+01
1.473300000000000054e+00	1.238395100446710018e+01
1.477000000000000091e+00	1.147296938968794500e+01
1.480599999999999916e+00	1.246719093160199243e+01
1.484199999999999964e+00	1.264221017429714067e+01
1.487800000000000011e+00	1.193980620874011400e+01
1.491400000000000059e+00	1.313332854089789947e+01
1.495000000000000107e+00	1.275267103142140179e+01
1.498599999999999932e+00	1.318315183595379914e+01
1.502199999999999980e+00	1.260555672385751969e+01
1.505800000000000027e+00	1.215435711404729702e+01
1.509400000000000075e+00	1.301970956969026716e+01
1.512999999999999901e+00	1.403819137881436951e+01
1.516599999999999948e+00	1.194068370104024268e+01
1.520199999999999996e+00	1.299468539825917901e+01
1.523800000000000043e+00	1.196913684612731821e+01
1.527500000000000080e+00	1.289448562078518457e+01
1.531099999999999905e+00	1.257768677268474633e+01
1.534699999999999953e+00	1.421828877066872288e+01
1.538300000000000001e+00	1.460045579139622518e+01
1.541900000000000048e+00	1.283029469403003731e+01
1.545500000000000096e+00	1.302093283899163723e+01
1.549099999999999921e+00	1.358207410434703277e+01
1.552699999999999969e+00	1.336126361483594138e+01
1.556300000000000017e+00	1.324677775775090893e+01
1.559900000000000064e+00	1.325890290375718017e+01
1.563499999999999890e+00	1.382263550139309594e+01
1.567099999999999937e+00	1.527190904087386158e+01
1.570699999999999985e+00	1.463226533710714783e+01
1.574300000000000033e+00	1.667653897957730891e+01
1.578000000000000069e+00	1.329959241189913755e+01
1.581599999999999895e+00	1.644143099281565412e+01
1.585199999999999942e+00	1.517559648674582462e+01
1.588799999999999990e+00	1.408695339779994882e+01
1.592400000000000038e+00	1.508293103937689494e+01
1.596000000000000085e+00	1.346543020924707079e+01
1.599599999999999911e+00	1.514483920248408921e+01
1.603199999999999958e+00	1.511826342109988808e+01
1.606800000000000006e+00	1.672943632068464481e+01
1.610400000000000054e+00	1.560886078603164506e+01
1.614000000000000101e+00	1.574674279974243341e+01
1.617599999999999927e+00	1.644661514728708340e+01
1.621199999999999974e+00	1.880072855043441393e+01
1.624800000000000022e+00	1.690671216374189001e+01
1.628500000000000059e+00	1.941617199787157233e+01
1.632100000000000106e+00	1.838578978276174425e+01
1.635699999999999932e+00	1.799396664123248968e+01
1.639299999999999979e+00	1.729198530367890996e+01
1.642900000000000027e+00	1.677206740889441861e+01
1.646500000000000075e+00	1.703687416860680059e+01
1.650099999999999900e+00	1.754413575726464458e+01
1.653699999999999948e+00	1.635209099783737940e+01
1.657299999999999995e+00	1.549464551117395672e+01
1.660900000000000043e+00	1.834158287889240313e+01
1.664500000000000091e+00	1.667626237358561525e+01
1.668099999999999916e+00	1.744682476908958790e+01
1.671699999999999964e+00	1.763478741286331797e+01
1.675400000000000000e+00	1.687252730734482853e+01
1.679000000000000048e+00	1.690514298025502526e+01
1.682600000000000096e+00	1.833513252734778121e+01
1.686199999999999921e+00	1.881560091191369111e+01
1.689799999999999969e+00	1.804097106484788782e+01
1.693400000000000016e+00	1.646685567583662646e+01
1.697000000000000064e+00	1.793863408279492688e+01
1.700599999999999890e+00	1.884187403484897061e+01
1.704199999999999937e+00	1.774563671002413656e+01
1.707799999999999985e+00	1.884756572341495939e+01
1.711400000000000032e+00	1.950480260719400860e+01
1.715000000000000080e+00	1.928406613002202263e+01
1.718599999999999905e+00	1.967798439645619624e+01
1.722199999999999953e+00	2.083330055534451475e+01
1.725899999999999990e+00	1.818749055988982732e+01
1.729500000000000037e+00	1.919139009530988815e+01
1.733100000000000085e+00	1.848195783257827074e+01
1.736699999999999910e+00	2.038410654186011683e+01
1.740299999999999958e+00	2.082466213424036994e+01
1.743900000000000006e+00	2.140909932378326275e+01
1.747500000000000053e+00	2.064794487000442658e+01
1.751100000000000101e+00	2.126213193328376150e+01
1.754699999999999926e+00	2.087981430436697394e+01
1.758299999999999974e+00	1.972377893865757414e+01
1.761900000000000022e+00	1.816205310250122551e+01
1.765500000000000069e+00	1.833527937329114366e+01
1.769099999999999895e+00	1.726323851995995895e+01
1.772699999999999942e+00	1.782029873865803182e+01
1.776399999999999979e+00	1.863275789391301629e+01
1.780000000000000027e+00	1.867031808296051310e+01
1.783600000000000074e+00	1.985498664145178438e+01
1.787199999999999900e+00	1.977034722764794594e+01
1.790799999999999947e+00	2.063953149543778665e+01
1.794399999999999995e+00	2.106558258770523295e+01
1.798000000000000043e+00	2.216225810493950732e+01
1.801600000000000090e+00	2.166666145262044907e+01
1.805199999999999916e+00	2.350285054464987766e+01
1.808799999999999963e+00	2.292675187698346662e+01
1.812400000000000011e+00	2.230228581562273149e+01
1.816000000000000059e+00	2.485473555637793552e+01
1.819600000000000106e+00	2.624006781486398410e+01
1.823199999999999932e+00	2.553403487813984896e+01
1.826899999999999968e+00	2.373381672761976802e+01
1.830500000000000016e+00	2.349849623924515285e+01
1.834100000000000064e+00	2.035517490076684410e+01
1.837699999999999889e+00	2.155616122688816816e+01
1.841299999999999937e+00	2.273244855373899398e+01
1.844899999999999984e+00	2.182827776334015724e+01
1.848500000000000032e+00	2.385089103708323677e+01
1.852100000000000080e+00	2.378757198627848624e+01
1.855699999999999905e+00	2.074771956837938802e+01
1.859299999999999953e+00	2.081261492884991782e+01
1.862900000000000000e+00	2.064789651527830472e+01
1.866500000000000048e+00	1.888426179878898026e+01
1.870100000000000096e+00	1.950645655068886697e+01
1.873699999999999921e+00	2.120030191024903843e+01
1.877399999999999958e+00	2.031154056184810131e+01
1.881000000000000005e+00	2.142318332740464726e+01
1.884600000000000053e+00	1.954753907475136998e+01
1.888200000000000101e+00	1.915230873861403893e+01
1.891799999999999926e+00	1.988978225133601541e+01
1.895399999999999974e+00	2.068798691199515716e+01
1.899000000000000021e+00	2.031883008988501160e+01
1.902600000000000069e+00	1.951744759014026442e+01
1.906199999999999894e+00	1.963491544315356307e+01
1.909799999999999942e+00	1.900045272885651571e+01
1.913399999999999990e+00	1.970735453453837849e+01
1.917000000000000037e+00	2.066280689820657201e+01
1.920600000000000085e+00	1.950933431614678071e+01
1.924199999999999910e+00	1.926785097409180025e+01
1.927899999999999947e+00	1.826919752935663865e+01
1.931499999999999995e+00	1.810244003823463288e+01
1.935100000000000042e+00	1.830765495714487301e+01
1.938700000000000090e+00	1.797601791335878829e+01
1.942299999999999915e+00	1.680508760894295861e+01
1.945899999999999963e+00	1.760509483467704683e+01
1.949500000000000011e+00	1.813029806519649156e+01
1.953100000000000058e+00	1.851005521197520309e+01
1.956700000000000106e+00	1.926517404595432481e+01
1.960299999999999931e+00	2.115770680584207142e+01
1.963899999999999979e+00	2.189962827439050841e+01
1.967500000000000027e+00	2.276253454664919929e+01
1.971100000000000074e+00	2.341284212282612032e+01
1.974699999999999900e+00	2.300841851518463699e+01
1.978399999999999936e+00	2.349912140914690539e+01
1.981999999999999984e+00	2.562203909050659689e+01
1.985600000000000032e+00	2.429849868323920603e+01
1.989200000000000079e+00	2.578994502997126048e+01
1.992799999999999905e+00	2.526542489346590514e+01
1.996399999999999952e+00	2.723351140525716474e+01
2.000000000000000000e+00	2.575728806040887520e+01
