2.000000000000000111e-01	-1.962508538278515902e+00
2.036000000000000032e-01	-1.692412094618287455e+00
2.071999999999999953e-01	-2.182660575978641937e+00
2.107999999999999874e-01	-1.347534088509444894e+00
2.144000000000000072e-01	-2.831549840945993601e+00
2.179999999999999993e-01	-1.741169808821320553e+00
2.215999999999999914e-01	-1.721947060413337560e+00
2.253000000000000003e-01	-2.240774553273730874e+00
2.288999999999999924e-01	-2.273982847311847966e+00
2.325000000000000122e-01	-2.164658207431541470e+00
2.361000000000000043e-01	-2.232172191565497066e+00
2.396999999999999964e-01	-3.795152095387278823e+00
2.432999999999999885e-01	-2.360812110510793982e+00
2.469000000000000083e-01	-2.269950332203077625e+00
2.505000000000000004e-01	-4.339617189353487170e+00
2.540999999999999925e-01	-2.503210202979928134e+00
2.576999999999999846e-01	-1.248091521108476432e+00
2.612999999999999767e-01	6.214106837020771934e-02
2.649000000000000243e-01	-3.022562783849284784e+00
2.685000000000000164e-01	4.663649944634040700e-01
2.721000000000000085e-01	4.629813395602886406e-01
2.757999999999999896e-01	-5.984481148371189052e-01
2.793999999999999817e-01	4.475098625122395646e-01
2.829999999999999738e-01	-1.639378609803718856e-01
2.866000000000000214e-01	2.415778991870012327e-01
2.902000000000000135e-01	-1.332533495069785356e+00
2.938000000000000056e-01	2.063037838842926019e-01
2.973999999999999977e-01	-1.070477013928402332e+00
3.009999999999999898e-01	-9.008523992211323606e-01
3.045999999999999819e-01	-3.312816955199969771e-01
3.081999999999999740e-01	-1.854535661810308822e+00
3.118000000000000216e-01	1.381508304335012927e-01
3.154000000000000137e-01	6.996225267843043660e-01
3.190000000000000058e-01	-4.754130389721038519e-01
3.225999999999999979e-01	-7.457381720272714398e-01
3.262999999999999790e-01	-1.468295296772000214e+00
3.299000000000000266e-01	-1.367747629970059275e+00
3.335000000000000187e-01	-1.747678575782758426e+00
3.371000000000000107e-01	-2.123784913921721973e+00
3.407000000000000028e-01	-2.365245719116653156e+00
3.442999999999999949e-01	-1.474474405165537849e+00
3.478999999999999870e-01	-3.593941457469365108e+00
3.514999999999999791e-01	-2.126335549615064657e+00
3.551000000000000267e-01	-2.211608501527524417e-01
3.587000000000000188e-01	-1.235182402501356691e+00
3.623000000000000109e-01	-7.462051698385248066e-01
3.659000000000000030e-01	-1.842874731767245589e+00
3.694999999999999951e-01	-9.970374779656598907e-01
3.730999999999999872e-01	-5.589208418259339339e-01
3.768000000000000238e-01	-1.465151379359184158e-01
3.804000000000000159e-01	2.737049533968949344e-01
3.840000000000000080e-01	-1.767089615455559981e+00
3.876000000000000001e-01	-2.440617750825091470e-02
3.911999999999999922e-01	-1.321686740154655926e+00
3.947999999999999843e-01	-1.009363360266676279e-01
3.983999999999999764e-01	-2.566329452192019911e-01
4.020000000000000240e-01	1.161840265773560477e+00
4.056000000000000161e-01	1.118590275129198508e+00
4.092000000000000082e-01	1.672027142921288734e+00
4.128000000000000003e-01	1.944281716270431226e-01
4.163999999999999924e-01	1.262013886260310302e+00
4.199999999999999845e-01	2.798638239903375791e+00
4.235999999999999766e-01	1.413577472517896005e+00
4.273000000000000131e-01	1.665633560508564259e-01
4.309000000000000052e-01	1.550800279605998977e+00
4.344999999999999973e-01	1.735873809790478894e+00
4.380999999999999894e-01	-1.233016025992841769e+00
4.416999999999999815e-01	1.294418138393416129e+00
4.452999999999999736e-01	-1.008765312981096951e+00
4.489000000000000212e-01	4.516500178029763113e-01
4.525000000000000133e-01	-2.270482531551681227e+00
4.561000000000000054e-01	-1.569831090130635598e-01
4.596999999999999975e-01	3.669184337836013388e-01
4.632999999999999896e-01	-5.370712908885475478e-01
4.668999999999999817e-01	-4.012717777111332040e-01
4.704999999999999738e-01	-1.919287680522989925e+00
4.741000000000000214e-01	-2.119031135903376217e+00
4.778000000000000025e-01	-1.056136296256615204e+00
4.813999999999999946e-01	1.301090607345752881e+00
4.849999999999999867e-01	-1.828137865252657868e+00
4.885999999999999788e-01	-1.648249427221039731e+00
4.922000000000000264e-01	1.492007697517053089e+00
4.958000000000000185e-01	-9.886281488735990663e-01
4.994000000000000106e-01	2.048840518714508896e+00
5.030000000000000027e-01	3.926108028949826245e-01
5.066000000000000503e-01	9.273093188482764981e-01
5.101999999999999869e-01	-6.022705248515367593e-01
5.138000000000000345e-01	2.282146885502390088e+00
5.173999999999999710e-01	1.968552648257467119e+00
5.210000000000000187e-01	1.812518785279553235e+00
5.245999999999999552e-01	4.541746264771446828e-01
5.282999999999999918e-01	1.977072844145680852e+00
5.319000000000000394e-01	4.536369240143449666e-01
5.354999999999999760e-01	2.087467562146625877e+00
5.391000000000000236e-01	-5.874983294978530779e-01
5.426999999999999602e-01	2.254558200965281589e+00
5.463000000000000078e-01	4.344289078841307439e-01
5.499000000000000554e-01	-3.315143897137234896e-02
5.534999999999999920e-01	2.273038604414296948e+00
5.571000000000000396e-01	6.054161162059681356e-01
5.606999999999999762e-01	8.680629376248134577e-01
5.643000000000000238e-01	-7.954181690822093032e-01
5.678999999999999604e-01	2.403624316000384509e-01
5.715000000000000080e-01	1.393489915656639599e+00
5.752000000000000446e-01	8.166823131369544964e-01
5.787999999999999812e-01	-5.223467151980955014e-01
5.824000000000000288e-01	1.664548588389731520e-01
5.859999999999999654e-01	5.100638829705150812e-01
5.896000000000000130e-01	-3.997808876227721964e-01
5.931999999999999496e-01	-1.320703324576512738e+00
5.967999999999999972e-01	-1.467953338513283690e-01
6.004000000000000448e-01	1.495422938401547164e+00
6.039999999999999813e-01	1.910963559851186488e+00
6.076000000000000290e-01	-6.621719121350888582e-01
6.111999999999999655e-01	2.444787379930100979e+00
6.148000000000000131e-01	3.224897028228863177e-02
6.183999999999999497e-01	1.974161594727166014e+00
6.219999999999999973e-01	1.463902727088833178e+00
6.257000000000000339e-01	3.425346961451589678e+00
6.292999999999999705e-01	2.834765030742159020e+00
6.329000000000000181e-01	1.755020674688322346e-01
6.364999999999999547e-01	2.854558406300468754e+00
6.401000000000000023e-01	3.341602720975381136e+00
6.437000000000000499e-01	1.276690307019734849e+00
6.472999999999999865e-01	1.009335844862334408e+00
6.509000000000000341e-01	2.706833645704953106e+00
6.544999999999999707e-01	1.655570613157412607e+00
6.581000000000000183e-01	3.415459510297766066e+00
6.616999999999999549e-01	2.427297901800873348e+00
6.653000000000000025e-01	2.483859053863426425e+00
6.689000000000000501e-01	3.727945778057158321e+00
6.724999999999999867e-01	3.105411642684285489e+00
6.762000000000000233e-01	1.603153957213544700e+00
6.797999999999999599e-01	2.040017140566264819e-01
6.834000000000000075e-01	1.253276102453719121e+00
6.870000000000000551e-01	2.647506310141229058e+00
6.905999999999999917e-01	8.049060165691594992e-01
6.942000000000000393e-01	1.787313741426165503e+00
6.977999999999999758e-01	1.225085384404225763e+00
7.014000000000000234e-01	1.548269948100180482e+00
7.049999999999999600e-01	1.472494899328084861e+00
7.086000000000000076e-01	1.278698541012285306e+00
7.122000000000000552e-01	1.010315441440878370e+00
7.157999999999999918e-01	2.605261323439422849e+00
7.194000000000000394e-01	9.860314724144202125e-02
7.229999999999999760e-01	1.549410575920424860e+00
7.267000000000000126e-01	1.549669589154530902e+00
7.302999999999999492e-01	1.143038792516553492e+00
7.338999999999999968e-01	6.929733943062481583e-01
7.375000000000000444e-01	1.560654746794656322e+00
7.410999999999999810e-01	3.616832052518240914e+00
7.447000000000000286e-01	1.151290132227157592e+00
7.482999999999999652e-01	5.892376288532310546e-01
7.519000000000000128e-01	1.522690821631818681e+00
7.554999999999999494e-01	1.495504776227353005e+00
7.590999999999999970e-01	1.520752150721029983e+00
7.627000000000000446e-01	4.372715333229372447e+00
7.662999999999999812e-01	2.163401770721500750e+00
7.699000000000000288e-01	2.170218717749932136e+00
7.734999999999999654e-01	2.941980208152510823e+00
7.772000000000000020e-01	2.389760998953504245e+00
7.808000000000000496e-01	3.044903346059832039e+00
7.843999999999999861e-01	2.526641549635076700e+00
7.880000000000000338e-01	1.621462355808721334e+00
7.915999999999999703e-01	4.496979704814664913e+00
7.952000000000000179e-01	2.912203743136857703e+00
7.987999999999999545e-01	3.553993216272296696e+00
8.024000000000000021e-01	2.458976425749508810e+00
8.060000000000000497e-01	2.695822370930851086e+00
8.095999999999999863e-01	1.242206563760456239e+00
8.132000000000000339e-01	2.528164022369910668e+00
8.167999999999999705e-01	1.862745191357750407e+00
8.204000000000000181e-01	2.170426843212397650e+00
8.239999999999999547e-01	1.613149664148121776e+00
8.276999999999999913e-01	2.942352271782958439e+00
8.313000000000000389e-01	2.987888936019208685e+00
8.348999999999999755e-01	1.595354550494684220e+00
8.385000000000000231e-01	2.488810994615869632e+00
8.420999999999999597e-01	3.957843141752981353e+00
8.457000000000000073e-01	3.487393517588759817e+00
8.493000000000000549e-01	3.091647034039983755e+00
8.528999999999999915e-01	4.685988542027292425e+00
8.565000000000000391e-01	2.727143494593852857e+00
8.600999999999999757e-01	6.530684488491283801e+00
8.637000000000000233e-01	3.986656615855618924e+00
8.672999999999999599e-01	4.181740483531219965e+00
8.709000000000000075e-01	3.986980857633443787e+00
8.745000000000000551e-01	4.549658990271787218e+00
8.781999999999999806e-01	4.892718647391343545e+00
8.818000000000000282e-01	5.703007749474454435e+00
8.853999999999999648e-01	5.274248277341806457e+00
8.890000000000000124e-01	5.837872000292429142e+00
8.925999999999999490e-01	4.968635172644424891e+00
8.961999999999999966e-01	5.903673976811631086e+00
8.998000000000000442e-01	5.345914962431520756e+00
9.033999999999999808e-01	4.986353626239118597e+00
9.070000000000000284e-01	5.372517081847176357e+00
9.105999999999999650e-01	3.636572621159996466e+00
9.142000000000000126e-01	4.732996026044105520e+00
9.177999999999999492e-01	3.404970712738435434e+00
9.213999999999999968e-01	3.444354914092224718e+00
9.251000000000000334e-01	4.621397234234356333e+00
9.286999999999999700e-01	4.296124141931215057e+00
9.323000000000000176e-01	3.902101468255149364e+00
9.358999999999999542e-01	5.498742991175289418e+00
9.395000000000000018e-01	4.522539106802252462e+00
9.431000000000000494e-01	3.649754003809977387e+00
9.466999999999999860e-01	4.606698623485498523e+00
9.503000000000000336e-01	6.305250457223526617e+00
9.538999999999999702e-01	4.891680349321326560e+00
9.575000000000000178e-01	5.666769708513754722e+00
9.610999999999999543e-01	5.329049883133532894e+00
9.647000000000000020e-01	6.399398384367426473e+00
9.683000000000000496e-01	6.872730209032829052e+00
9.718999999999999861e-01	7.056119985463842781e+00
9.756000000000000227e-01	6.809470402673962752e+00
9.791999999999999593e-01	6.687900257059967046e+00
9.828000000000000069e-01	5.863720032871439614e+00
9.864000000000000545e-01	6.130518185987000379e+00
9.899999999999999911e-01	7.210384896125036747e+00
9.936000000000000387e-01	7.231860234509459140e+00
9.971999999999999753e-01	6.083019685572510937e+00
1.000799999999999912e+00	6.043161319354697802e+00
1.004399999999999959e+00	6.084020965507011880e+00
1.008000000000000007e+00	6.186236204429840235e+00
1.011600000000000055e+00	6.054032309416919944e+00
1.015200000000000102e+00	6.731943084510620956e+00
1.018799999999999928e+00	6.817789261245578381e+00
1.022399999999999975e+00	5.839285520414555286e+00
1.026100000000000012e+00	5.019858765914351650e+00
1.029700000000000060e+00	5.131709123491208224e+00
1.033300000000000107e+00	5.342828433122239318e+00
1.036899999999999933e+00	5.058139636460343702e+00
1.040499999999999980e+00	4.234597958286733466e+00
1.044100000000000028e+00	3.580241316117772854e+00
1.047700000000000076e+00	3.514556539065337049e+00
1.051299999999999901e+00	5.278129520398868735e+00
1.054899999999999949e+00	6.148013579905693859e+00
1.058499999999999996e+00	5.830759944654628768e+00
1.062100000000000044e+00	5.665010109438688879e+00
1.065700000000000092e+00	6.327759534514777684e+00
1.069299999999999917e+00	4.975026102764616986e+00
1.072899999999999965e+00	7.330008426874375260e+00
1.076600000000000001e+00	5.622919299440531482e+00
1.080200000000000049e+00	6.684993054408638002e+00
1.083800000000000097e+00	7.764788703388103563e+00
1.087399999999999922e+00	6.420731733246223705e+00
1.090999999999999970e+00	5.848758732474365729e+00
1.094600000000000017e+00	6.151683670000222648e+00
1.098200000000000065e+00	7.089126926355900693e+00
1.101799999999999891e+00	6.668964231809320964e+00
1.105399999999999938e+00	7.634874768172889681e+00
1.108999999999999986e+00	8.039193080125700774e+00
1.112600000000000033e+00	7.216338306718964368e+00
1.116200000000000081e+00	6.833182136160558251e+00
1.119799999999999907e+00	6.599037746396026805e+00
1.123399999999999954e+00	5.378135982125076708e+00
1.127099999999999991e+00	6.402980426290550753e+00
1.130700000000000038e+00	8.365708444154940082e+00
1.134300000000000086e+00	5.447657675009121903e+00
1.137899999999999912e+00	6.473019876227978031e+00
1.141499999999999959e+00	6.327326394324054526e+00
1.145100000000000007e+00	7.226564062796210663e+00
1.148700000000000054e+00	7.877582119667275506e+00
1.152300000000000102e+00	5.578905014232046433e+00
1.155899999999999928e+00	6.854104621121536844e+00
1.159499999999999975e+00	7.464519929752558625e+00
1.163100000000000023e+00	5.886182173881211455e+00
1.166700000000000070e+00	7.238054542723577178e+00
1.170299999999999896e+00	5.982007863979973195e+00
1.173899999999999944e+00	7.529784470789028461e+00
1.177599999999999980e+00	6.502485967588029325e+00
1.181200000000000028e+00	8.819744451575569855e+00
1.184800000000000075e+00	7.093406123266829510e+00
1.188399999999999901e+00	6.917511940071872090e+00
1.191999999999999948e+00	7.889604427042153922e+00
1.195599999999999996e+00	7.565627756561947415e+00
1.199200000000000044e+00	1.004318847403037829e+01
1.202800000000000091e+00	7.723586292038432610e+00
1.206399999999999917e+00	8.626265874727186755e+00
1.209999999999999964e+00	8.004869058918261615e+00
1.213600000000000012e+00	8.527498988186367868e+00
1.217200000000000060e+00	8.963106459732379960e+00
1.220800000000000107e+00	8.208547418575033561e+00
1.224399999999999933e+00	8.973877000731498299e+00
1.228099999999999969e+00	7.199436401971365029e+00
1.231700000000000017e+00	9.225129374682094152e+00
1.235300000000000065e+00	8.539543019640325028e+00
1.238899999999999890e+00	7.711525428244706326e+00
1.242499999999999938e+00	8.241012461201139061e+00
1.246099999999999985e+00	7.487301311926547243e+00
1.249700000000000033e+00	9.558972210408722248e+00
1.253300000000000081e+00	8.741876551145454144e+00
1.256899999999999906e+00	8.248485905667791940e+00
1.260499999999999954e+00	1.080248606609200834e+01
1.264100000000000001e+00	7.813263055577190919e+00
1.267700000000000049e+00	8.164819390793141451e+00
1.271300000000000097e+00	7.528746393584380137e+00
1.274899999999999922e+00	9.465210893296358563e+00
1.278599999999999959e+00	7.531881778530538085e+00
1.282200000000000006e+00	9.641356261936337546e+00
1.285800000000000054e+00	8.360975561673519962e+00
1.289400000000000102e+00	8.130094157727922877e+00
1.292999999999999927e+00	7.804516960882546428e+00
1.296599999999999975e+00	9.033415711067370069e+00
1.300200000000000022e+00	8.586560327614719768e+00
1.303800000000000070e+00	9.359688601297536437e+00
1.307399999999999896e+00	8.751378588787540380e+00
1.310999999999999943e+00	9.164012627603741024e+00
1.314599999999999991e+00	8.347581862785974138e+00
1.318200000000000038e+00	9.913098513229749997e+00
1.321800000000000086e+00	9.202772058858071702e+00
1.325499999999999901e+00	9.986263481483186766e+00
1.329099999999999948e+00	9.513259545467263933e+00
1.332699999999999996e+00	1.186475389727331731e+01
1.336300000000000043e+00	1.040698744518297225e+01
1.339900000000000091e+00	8.027759323423286020e+00
1.343499999999999917e+00	1.042137496560522791e+01
1.347099999999999964e+00	9.682328573543017569e+00
1.350700000000000012e+00	1.138080484086984079e+01
1.354300000000000059e+00	1.045265072656417971e+01
1.357900000000000107e+00	9.878765118474166940e+00
1.361499999999999932e+00	1.298788069916190580e+01
1.365099999999999980e+00	1.264298803822451234e+01
1.368700000000000028e+00	1.016169808644579398e+01
1.372300000000000075e+00	1.026794678704180086e+01
1.375999999999999890e+00	1.229804972279497655e+01
1.379599999999999937e+00	1.109986316938678108e+01
1.383199999999999985e+00	9.730053761808425961e+00
1.386800000000000033e+00	1.055549839546689128e+01
1.390400000000000080e+00	8.929607781718372550e+00
1.393999999999999906e+00	1.269563578249879399e+01
1.397599999999999953e+00	1.208413516238366192e+01
1.401200000000000001e+00	9.123120163870938271e+00
1.404800000000000049e+00	1.193389332526185953e+01
1.408400000000000096e+00	1.126269081549054185e+01
1.411999999999999922e+00	1.055734641563233289e+01
1.415599999999999969e+00	1.219665722346387149e+01
1.419200000000000017e+00	1.005349891776221405e+01
1.422800000000000065e+00	1.163704414798603004e+01
1.426500000000000101e+00	1.338739258182284075e+01
1.430099999999999927e+00	1.064642447957515436e+01
1.433699999999999974e+00	9.537653748787027652e+00
1.437300000000000022e+00	1.026488671628597338e+01
1.440900000000000070e+00	9.195161895372070404e+00
1.444499999999999895e+00	1.198023052291035917e+01
1.448099999999999943e+00	1.122258106395232247e+01
1.451699999999999990e+00	1.353205619927508252e+01
1.455300000000000038e+00	1.275251950535607293e+01
1.458900000000000086e+00	1.137461085157991825e+01
1.462499999999999911e+00	1.323576800511497353e+01
1.466099999999999959e+00	1.175834194206289141e+01
1.469700000000000006e+00	1.362048563381708632e+01
1.473300000000000054e+00	1.239262817550802609e+01
1.477000000000000091e+00	1.276874658663176199e+01
1.480599999999999916e+00	1.196420679768170459e+01
1.484199999999999964e+00	1.170383998428125594e+01
1.487800000000000011e+00	1.272606467607644909e+01
1.491400000000000059e+00	1.114706318885595415e+01
1.495000000000000107e+00	1.145508605946322866e+01
1.498599999999999932e+00	1.259074309323069407e+01
1.502199999999999980e+00	1.297980034818468376e+01
1.505800000000000027e+00	1.375026378148980655e+01
1.509400000000000075e+00	1.277910122630908241e+01
1.512999999999999901e+00	1.429350881141739471e+01
1.516599999999999948e+00	1.420731422539946998e+01
1.520199999999999996e+00	1.384548921887181372e+01
1.523800000000000043e+00	1.485394676721807095e+01
1.527500000000000080e+00	1.352529504890470413e+01
1.531099999999999905e+00	1.200858533984397170e+01
1.534699999999999953e+00	1.249023676960465323e+01
1.538300000000000001e+00	1.399707421928742868e+01
1.541900000000000048e+00	1.359067570345966303e+01
1.545500000000000096e+00	1.423983120951995573e+01
1.549099999999999921e+00	1.364124285247872947e+01
1.552699999999999969e+00	1.387151346844168387e+01
1.556300000000000017e+00	1.589642026376919581e+01
1.559900000000000064e+00	1.422073948325455106e+01
1.563499999999999890e+00	1.423512183658262487e+01
1.567099999999999937e+00	1.418680194436397812e+01
1.570699999999999985e+00	1.421720481194669006e+01
1.574300000000000033e+00	1.562035094663880130e+01
1.578000000000000069e+00	1.593498403733217295e+01
1.581599999999999895e+00	1.508028227646149588e+01
1.585199999999999942e+00	1.352624887280594557e+01
1.588799999999999990e+00	1.350807093442415052e+01
1.592400000000000038e+00	1.392315007349782441e+01
1.596000000000000085e+00	1.610075393767402119e+01
1.599599999999999911e+00	1.447269563365799527e+01
1.603199999999999958e+00	1.539946284962071488e+01
1.606800000000000006e+00	1.785966794576617644e+01
1.610400000000000054e+00	1.631319675912305911e+01
1.614000000000000101e+00	1.604680937901183313e+01
1.617599999999999927e+00	1.768236167754817956e+01
1.621199999999999974e+00	1.926020671937522266e+01
1.624800000000000022e+00	1.878920127267540252e+01
1.628500000000000059e+00	1.960179555728467093e+01
1.632100000000000106e+00	1.704109610733233637e+01
1.635699999999999932e+00	1.720045413257720313e+01
1.639299999999999979e+00	1.891019162131070885e+01
1.642900000000000027e+00	1.859510231055489271e+01
1.646500000000000075e+00	1.803494732447313709e+01
1.650099999999999900e+00	1.923496544359951699e+01
1.653699999999999948e+00	1.953675088672441262e+01
1.657299999999999995e+00	1.704589029577520520e+01
1.660900000000000043e+00	1.620679210693193895e+01
1.664500000000000091e+00	1.923750868537568692e+01
1.668099999999999916e+00	1.835433669766173992e+01
1.671699999999999964e+00	1.916448435877120104e+01
1.675400000000000000e+00	1.868118020730966578e+01
1.679000000000000048e+00	1.730400320731844133e+01
1.682600000000000096e+00	1.974671488936576580e+01
1.686199999999999921e+00	1.894546367748049676e+01
1.689799999999999969e+00	2.040108752860489361e+01
1.693400000000000016e+00	2.055786811912116008e+01
1.697000000000000064e+00	2.047958836473316424e+01
1.700599999999999890e+00	2.036991006158182671e+01
1.704199999999999937e+00	2.059040881513351806e+01
1.707799999999999985e+00	2.170299412103202386e+01
1.711400000000000032e+00	2.096450757118321562e+01
1.715000000000000080e+00	2.111850037109623912e+01
1.718599999999999905e+00	2.071341934465049306e+01
1.722199999999999953e+00	2.204936593132144296e+01
1.725899999999999990e+00	1.993933401887722567e+01
1.729500000000000037e+00	2.065636764423452831e+01
1.733100000000000085e+00	2.165593883200153158e+01
1.736699999999999910e+00	2.248059808732107001e+01
1.740299999999999958e+00	2.162919026675075429e+01
1.743900000000000006e+00	2.408707785158498282e+01
1.747500000000000053e+00	2.169430420562220974e+01
1.751100000000000101e+00	2.065547692645303002e+01
1.754699999999999926e+00	2.076648047414640530e+01
1.758299999999999974e+00	1.959326818885431010e+01
1.761900000000000022e+00	1.725642980366599133e+01
1.765500000000000069e+00	1.865199460838887546e+01
1.769099999999999895e+00	1.899218671122413227e+01
1.772699999999999942e+00	1.914516140869558924e+01
1.776399999999999979e+00	2.025635296861969792e+01
1.780000000000000027e+00	2.033366670659141207e+01
1.783600000000000074e+00	2.167440374087061983e+01
1.787199999999999900e+00	2.163363699883860036e+01
1.790799999999999947e+00	2.229893070733352900e+01
1.794399999999999995e+00	1.963141040573060181e+01
1.798000000000000043e+00	2.137012110662008624e+01
1.801600000000000090e+00	2.132614046448398781e+01
1.805199999999999916e+00	2.327886015650851093e+01
1.808799999999999963e+00	2.297657193912536400e+01
1.812400000000000011e+00	2.554476717903200722e+01
1.816000000000000059e+00	2.657589430244575013e+01
1.819600000000000106e+00	2.695946045457895224e+01
1.823199999999999932e+00	2.485378780304217372e+01
1.826899999999999968e+00	2.530202837928522897e+01
1.830500000000000016e+00	2.226418529972745119e+01
1.834100000000000064e+00	2.275085764179963732e+01
1.837699999999999889e+00	2.248833505061422855e+01
1.841299999999999937e+00	2.159346202309614782e+01
1.844899999999999984e+00	2.061485990870232499e+01
1.848500000000000032e+00	2.014524720931412105e+01
1.852100000000000080e+00	2.325830515355462680e+01
1.855699999999999905e+00	2.323202011989735993e+01
1.859299999999999953e+00	2.195558681211910823e+01
1.862900000000000000e+00	1.994499824668124077e+01
1.866500000000000048e+00	2.314592369946976191e+01
1.870100000000000096e+00	2.147364599583740841e+01
1.873699999999999921e+00	2.138760521069373866e+01
1.877399999999999958e+00	2.064889899646710347e+01
1.881000000000000005e+00	1.883776881942354109e+01
1.884600000000000053e+00	1.984696814572517098e+01
1.888200000000000101e+00	1.803057232078308658e+01
1.891799999999999926e+00	1.811021837752522146e+01
1.895399999999999974e+00	1.802211166867210324e+01
1.899000000000000021e+00	1.812607012468677681e+01
1.902600000000000069e+00	2.011446724431212374e+01
1.906199999999999894e+00	1.933320992183080023e+01
1.909799999999999942e+00	2.240700888438611216e+01
1.913399999999999990e+00	1.938755076250174270e+01
1.917000000000000037e+00	1.985718995241835927e+01
1.920600000000000085e+00	2.136116265248408297e+01
1.924199999999999910e+00	2.013412399653186569e+01
1.927899999999999947e+00	2.133745393333857621e+01
1.931499999999999995e+00	2.044776804431446138e+01
1.935100000000000042e+00	2.168258890925973859e+01
1.938700000000000090e+00	2.157194422214656981e+01
1.942299999999999915e+00	2.060756206159908999e+01
1.945899999999999963e+00	2.139743436699902190e+01
1.949500000000000011e+00	1.939183861656065844e+01
1.953100000000000058e+00	1.977355803173387017e+01
1.956700000000000106e+00	2.169763999596630910e+01
1.960299999999999931e+00	1.904315920564974718e+01
1.963899999999999979e+00	1.919102157285457011e+01
1.967500000000000027e+00	2.197052534665976253e+01
1.971100000000000074e+00	2.418763828403323757e+01
1.974699999999999900e+00	2.337708821697025741e+01
1.978399999999999936e+00	2.471141520400372116e+01
1.981999999999999984e+00	2.751311866017329066e+01
1.985600000000000032e+00	3.027558307330369303e+01
1.989200000000000079e+00	3.091699686465404184e+01
1.992799999999999905e+00	3.121364320805506054e+01
1.996399999999999952e+00	3.423511013523327051e+01
2.000000000000000000e+00	3.065956503844931547e+01
