2.000000000000000111e-01	-2.670301094164102995e+00
2.036000000000000032e-01	-2.489549782699611136e+00
2.071999999999999953e-01	-1.780529288596892634e+00
2.107999999999999874e-01	-1.429745697433844942e+00
2.144000000000000072e-01	-1.433131815533662090e+00
2.179999999999999993e-01	-1.369435375683209166e+00
2.215999999999999914e-01	-1.344639693449201978e+00
2.253000000000000003e-01	-1.199067260638984056e+00
2.288999999999999924e-01	-1.802757113711900283e+00
2.325000000000000122e-01	-1.336639416539873837e+00
2.361000000000000043e-01	-1.730520595888833224e+00
2.396999999999999964e-01	-2.225159000755818628e+00
2.432999999999999885e-01	-2.390218611882893196e+00
2.469000000000000083e-01	-2.723559911687512880e+00
2.505000000000000004e-01	-2.673648108524854461e+00
2.540999999999999925e-01	-3.030498387366255209e+00
2.576999999999999846e-01	-2.687491610661867369e+00
2.612999999999999767e-01	-2.379023115716324632e+00
2.649000000000000243e-01	-2.994556624869001649e+00
2.685000000000000164e-01	-1.807685857165296728e+00
2.721000000000000085e-01	-2.046271224839193437e+00
2.757999999999999896e-01	-8.457631209516617288e-01
2.793999999999999817e-01	-1.195274673414741695e+00
2.829999999999999738e-01	-8.178629700649011625e-01
2.866000000000000214e-01	-4.810220151045319081e-01
2.902000000000000135e-01	-1.105756485726748783e+00
2.938000000000000056e-01	-7.490200805258528938e-01
2.973999999999999977e-01	-1.000189043045809800e+00
3.009999999999999898e-01	-1.640023625648526551e+00
3.045999999999999819e-01	-1.879238102311530101e+00
3.081999999999999740e-01	-1.722146278283597010e+00
3.118000000000000216e-01	-2.325262229298532546e+00
3.154000000000000137e-01	-2.244788484826230945e+00
3.190000000000000058e-01	-2.292771006718546722e+00
3.225999999999999979e-01	-1.451855132676360016e+00
3.262999999999999790e-01	-1.525927009030306980e+00
3.299000000000000266e-01	-1.043097772042334004e+00
3.335000000000000187e-01	-1.153287431136747809e+00
3.371000000000000107e-01	-4.656422508318275311e-01
3.407000000000000028e-01	-7.458282734596712871e-01
3.442999999999999949e-01	-7.388492979143768125e-02
3.478999999999999870e-01	-2.103022489950242546e-01
3.514999999999999791e-01	-3.818399838450359240e-02
3.551000000000000267e-01	-5.211783282408459783e-01
3.587000000000000188e-01	-7.384393021792177159e-01
3.623000000000000109e-01	-8.314639244115945571e-01
3.659000000000000030e-01	-6.438291203737765978e-01
3.694999999999999951e-01	-1.108409039535150242e+00
3.730999999999999872e-01	-7.463272128967035624e-01
3.768000000000000238e-01	-1.029983073179206121e+00
3.804000000000000159e-01	-1.361048474372925643e+00
3.840000000000000080e-01	-5.004225799847337175e-01
3.876000000000000001e-01	-4.515301644927571800e-01
3.911999999999999922e-01	-3.456186559338536024e-01
3.947999999999999843e-01	-3.011132739524272073e-02
3.983999999999999764e-01	7.505691341428524233e-01
4.020000000000000240e-01	1.837505223636506368e+00
4.056000000000000161e-01	1.582127876360157614e+00
4.092000000000000082e-01	1.335210938065373831e+00
4.128000000000000003e-01	1.427154182793174186e+00
4.163999999999999924e-01	1.672645250232148051e+00
4.199999999999999845e-01	1.107222391056224664e+00
4.235999999999999766e-01	6.547312306081135569e-01
4.273000000000000131e-01	5.380625421031786093e-01
4.309000000000000052e-01	-7.082381485957358613e-01
4.344999999999999973e-01	-3.720692256258611996e-01
4.380999999999999894e-01	-3.021598690770066487e-01
4.416999999999999815e-01	-7.002431307350998058e-01
4.452999999999999736e-01	-2.550497484040625817e-02
4.489000000000000212e-01	5.029601623783184206e-01
4.525000000000000133e-01	-3.141646013863794717e-01
4.561000000000000054e-01	9.675596640473470567e-01
4.596999999999999975e-01	8.421358366900029147e-01
4.632999999999999896e-01	1.437122654387602561e+00
4.668999999999999817e-01	1.057159429155664965e+00
4.704999999999999738e-01	8.052967178145462590e-01
4.741000000000000214e-01	1.340044346488952431e+00
4.778000000000000025e-01	1.838886460322661343e+00
4.813999999999999946e-01	1.821420352061751569e+00
4.849999999999999867e-01	1.443344421752849494e+00
4.885999999999999788e-01	1.390846820361903546e+00
4.922000000000000264e-01	-9.037495088529134968e-03
4.958000000000000185e-01	6.310054193573385595e-01
4.994000000000000106e-01	7.255003720680379686e-01
5.030000000000000027e-01	5.304685281785757045e-01
5.066000000000000503e-01	8.812932873895409358e-01
5.101999999999999869e-01	1.025855903332764107e+00
5.138000000000000345e-01	1.078809219574116129e+00
5.173999999999999710e-01	1.558746598600831978e-01
5.210000000000000187e-01	1.451521533673045816e+00
5.245999999999999552e-01	1.530497917742551728e+00
5.282999999999999918e-01	1.785726090512123054e+00
5.319000000000000394e-01	1.555552140155531671e+00
5.354999999999999760e-01	1.672924006676873798e+00
5.391000000000000236e-01	1.901494299613173844e+00
5.426999999999999602e-01	1.459935230135528839e+00
5.463000000000000078e-01	1.294081882502935876e+00
5.499000000000000554e-01	1.608356046984873444e+00
5.534999999999999920e-01	1.406680725310916813e+00
5.571000000000000396e-01	9.805578241774075554e-01
5.606999999999999762e-01	7.124748572044812267e-01
5.643000000000000238e-01	1.196954656222886992e+00
5.678999999999999604e-01	5.047719547874435220e-01
5.715000000000000080e-01	2.020801002795305390e+00
5.752000000000000446e-01	1.324395049543885872e+00
5.787999999999999812e-01	1.889372112442434970e+00
5.824000000000000288e-01	1.865167504110595509e+00
5.859999999999999654e-01	1.656184131793679182e+00
5.896000000000000130e-01	2.646669997758733572e+00
5.931999999999999496e-01	2.553588079560531021e+00
5.967999999999999972e-01	2.738993034240547964e+00
6.004000000000000448e-01	1.965639302293482826e+00
6.039999999999999813e-01	2.404225123366865446e+00
6.076000000000000290e-01	2.766646615607216919e+00
6.111999999999999655e-01	1.848978222797749371e+00
6.148000000000000131e-01	1.062253423056905177e+00
6.183999999999999497e-01	1.068689016334356978e+00
6.219999999999999973e-01	1.765442791804643807e+00
6.257000000000000339e-01	1.576519029895944835e+00
6.292999999999999705e-01	1.055525384227040675e+00
6.329000000000000181e-01	1.289874529020983873e+00
6.364999999999999547e-01	1.902615007276716064e+00
6.401000000000000023e-01	1.827048156400045364e+00
6.437000000000000499e-01	3.321869116335220529e+00
6.472999999999999865e-01	2.942950489712123030e+00
6.509000000000000341e-01	3.012314328695238075e+00
6.544999999999999707e-01	3.550272493594583523e+00
6.581000000000000183e-01	3.423186989429836125e+00
6.616999999999999549e-01	2.975217848900941764e+00
6.653000000000000025e-01	3.904908813277974566e+00
6.689000000000000501e-01	3.502695621497961653e+00
6.724999999999999867e-01	2.170715711689700456e+00
6.762000000000000233e-01	3.373410855886163517e+00
6.797999999999999599e-01	2.643485867824876934e+00
6.834000000000000075e-01	2.167775046963685615e+00
6.870000000000000551e-01	2.695805423429602499e+00
6.905999999999999917e-01	2.507567186627607025e+00
6.942000000000000393e-01	2.441034822881506194e+00
6.977999999999999758e-01	2.733999238954061273e+00
7.014000000000000234e-01	2.513884124608122494e+00
7.049999999999999600e-01	3.264427630491122834e+00
7.086000000000000076e-01	2.987022402327929260e+00
7.122000000000000552e-01	3.601388202140606509e+00
7.157999999999999918e-01	3.644908214834174043e+00
7.194000000000000394e-01	2.310159804965295383e+00
7.229999999999999760e-01	3.338004304439786019e+00
7.267000000000000126e-01	3.977277586778793506e+00
7.302999999999999492e-01	3.480312387177390665e+00
7.338999999999999968e-01	3.402073715017279287e+00
7.375000000000000444e-01	3.220290341487630048e+00
7.410999999999999810e-01	2.753208291716406020e+00
7.447000000000000286e-01	2.375194598844139193e+00
7.482999999999999652e-01	2.455664361357685621e+00
7.519000000000000128e-01	2.563126754291148224e+00
7.554999999999999494e-01	3.768177944325131534e+00
7.590999999999999970e-01	3.649496446737866329e+00
7.627000000000000446e-01	3.902456318172047300e+00
7.662999999999999812e-01	5.281575334435721913e+00
7.699000000000000288e-01	5.042583543245494404e+00
7.734999999999999654e-01	5.009669893307483690e+00
7.772000000000000020e-01	5.684295509909383703e+00
7.808000000000000496e-01	5.234433311479184781e+00
7.843999999999999861e-01	4.393918449419669692e+00
7.880000000000000338e-01	5.307218863078581705e+00
7.915999999999999703e-01	5.509495398578398095e+00
7.952000000000000179e-01	5.023348562253619143e+00
7.987999999999999545e-01	5.064188570075989659e+00
8.024000000000000021e-01	4.769461568459542278e+00
8.060000000000000497e-01	5.488394665564733543e+00
8.095999999999999863e-01	4.880277065373483047e+00
8.132000000000000339e-01	4.871996362027904759e+00
8.167999999999999705e-01	4.826556131972473906e+00
8.204000000000000181e-01	5.382787538272935990e+00
8.239999999999999547e-01	5.693950789826965675e+00
8.276999999999999913e-01	6.028631863342705621e+00
8.313000000000000389e-01	6.456432961583296937e+00
8.348999999999999755e-01	5.163024294588827168e+00
8.385000000000000231e-01	6.170442775932365009e+00
8.420999999999999597e-01	5.925973443143014663e+00
8.457000000000000073e-01	6.478262240281636331e+00
8.493000000000000549e-01	5.956394583684550881e+00
8.528999999999999915e-01	5.650341022902288124e+00
8.565000000000000391e-01	4.958119547649960879e+00
8.600999999999999757e-01	4.474421489080174119e+00
8.637000000000000233e-01	4.372578337487903255e+00
8.672999999999999599e-01	4.865039525342604421e+00
8.709000000000000075e-01	5.152890105972150359e+00
8.745000000000000551e-01	4.918672886248110387e+00
8.781999999999999806e-01	4.378966580790448759e+00
8.818000000000000282e-01	4.616808226875943610e+00
8.853999999999999648e-01	3.700803071929505972e+00
8.890000000000000124e-01	4.404627456270717722e+00
8.925999999999999490e-01	4.975541948918749569e+00
8.961999999999999966e-01	4.766067238943308304e+00
8.998000000000000442e-01	5.548347966056752512e+00
9.033999999999999808e-01	5.585915001694156778e+00
9.070000000000000284e-01	6.497265217749550459e+00
9.105999999999999650e-01	5.917364098381374227e+00
9.142000000000000126e-01	5.898107803972383323e+00
9.177999999999999492e-01	5.162346130467984295e+00
9.213999999999999968e-01	5.750430745450603176e+00
9.251000000000000334e-01	6.204270414103238096e+00
9.286999999999999700e-01	5.543183774733893898e+00
9.323000000000000176e-01	6.769353810399797666e+00
9.358999999999999542e-01	6.451795017745002525e+00
9.395000000000000018e-01	5.769114949102912782e+00
9.431000000000000494e-01	5.594161289336234688e+00
9.466999999999999860e-01	5.739948788161454374e+00
9.503000000000000336e-01	5.271153045603590215e+00
9.538999999999999702e-01	5.706197369826242038e+00
9.575000000000000178e-01	6.772394176479171080e+00
9.610999999999999543e-01	6.089354479928058339e+00
9.647000000000000020e-01	5.968550213202657773e+00
9.683000000000000496e-01	5.974061397721399658e+00
9.718999999999999861e-01	7.248022988996915217e+00
9.756000000000000227e-01	7.037917939370830211e+00
9.791999999999999593e-01	7.280258158960924320e+00
9.828000000000000069e-01	7.638495735243798990e+00
9.864000000000000545e-01	7.471945433413448079e+00
9.899999999999999911e-01	6.834611780016754068e+00
9.936000000000000387e-01	7.080175549450852479e+00
9.971999999999999753e-01	6.515474065754898625e+00
1.000799999999999912e+00	7.007138642194202127e+00
1.004399999999999959e+00	7.327770697566371894e+00
1.008000000000000007e+00	7.701189409360599925e+00
1.011600000000000055e+00	7.060928618874797280e+00
1.015200000000000102e+00	7.543566033661231351e+00
1.018799999999999928e+00	7.908568282204272215e+00
1.022399999999999975e+00	8.125756777351872628e+00
1.026100000000000012e+00	7.931950680893704586e+00
1.029700000000000060e+00	8.407866113537941999e+00
1.033300000000000107e+00	7.963840646066244311e+00
1.036899999999999933e+00	8.503599085391932988e+00
1.040499999999999980e+00	7.921171090837155759e+00
1.044100000000000028e+00	8.126530085352815291e+00
1.047700000000000076e+00	7.000356523339247516e+00
1.051299999999999901e+00	7.994851896469041819e+00
1.054899999999999949e+00	7.012588398708635928e+00
1.058499999999999996e+00	6.912054714172728431e+00
1.062100000000000044e+00	7.720207557494624950e+00
1.065700000000000092e+00	7.436101054603852845e+00
1.069299999999999917e+00	6.881555362450399116e+00
1.072899999999999965e+00	7.820953134071377377e+00
1.076600000000000001e+00	7.853430761407984129e+00
1.080200000000000049e+00	7.238133866163479091e+00
1.083800000000000097e+00	8.085685597674483915e+00
1.087399999999999922e+00	8.905350446388748509e+00
1.090999999999999970e+00	9.687770784684886394e+00
1.094600000000000017e+00	1.055814836737406459e+01
1.098200000000000065e+00	1.068347765134312688e+01
1.101799999999999891e+00	1.135037873661514141e+01
1.105399999999999938e+00	1.123828636002030734e+01
1.108999999999999986e+00	1.004472190381527597e+01
1.112600000000000033e+00	1.068964453229786926e+01
1.116200000000000081e+00	8.950793808822979258e+00
1.119799999999999907e+00	9.159507878525317892e+00
1.123399999999999954e+00	8.042019561480602263e+00
1.127099999999999991e+00	8.666635764497941707e+00
1.130700000000000038e+00	9.223815716924592678e+00
1.134300000000000086e+00	8.864249322196572578e+00
1.137899999999999912e+00	8.227575759627537622e+00
1.141499999999999959e+00	9.416411415481059421e+00
1.145100000000000007e+00	1.040751822378605240e+01
1.148700000000000054e+00	1.047949492421704498e+01
1.152300000000000102e+00	1.234235730825876587e+01
1.155899999999999928e+00	1.325410058153193837e+01
1.159499999999999975e+00	1.354154624770299620e+01
1.163100000000000023e+00	1.356171016067514223e+01
1.166700000000000070e+00	1.244715692048826661e+01
1.170299999999999896e+00	1.245480593662284896e+01
1.173899999999999944e+00	1.146320941185706666e+01
1.177599999999999980e+00	1.165514022957513696e+01
1.181200000000000028e+00	1.098795974609082293e+01
1.184800000000000075e+00	1.117968315750090191e+01
1.188399999999999901e+00	1.213141208264944737e+01
1.191999999999999948e+00	1.241348329604982581e+01
1.195599999999999996e+00	1.231943582793739367e+01
1.199200000000000044e+00	1.288385181942146929e+01
1.202800000000000091e+00	1.280162491276620429e+01
1.206399999999999917e+00	1.292151439942663771e+01
1.209999999999999964e+00	1.292687813653443563e+01
1.213600000000000012e+00	1.316218935639628285e+01
1.217200000000000060e+00	1.328062428178888865e+01
1.220800000000000107e+00	1.390737212193392836e+01
1.224399999999999933e+00	1.349639909984802877e+01
1.228099999999999969e+00	1.359116742730141070e+01
1.231700000000000017e+00	1.378615585267782251e+01
1.235300000000000065e+00	1.404329432692677493e+01
1.238899999999999890e+00	1.417846315288966075e+01
1.242499999999999938e+00	1.459428649668521594e+01
1.246099999999999985e+00	1.424068961179588300e+01
1.249700000000000033e+00	1.450126846246248746e+01
1.253300000000000081e+00	1.422348224558711216e+01
1.256899999999999906e+00	1.427841989456014105e+01
1.260499999999999954e+00	1.400956713450718638e+01
1.264100000000000001e+00	1.359663525583024679e+01
1.267700000000000049e+00	1.348327175251398025e+01
1.271300000000000097e+00	1.353339058338104195e+01
1.274899999999999922e+00	1.325601191293229064e+01
1.278599999999999959e+00	1.337476530980174161e+01
1.282200000000000006e+00	1.351182030295536940e+01
1.285800000000000054e+00	1.393869498395899065e+01
1.289400000000000102e+00	1.384278705422638822e+01
1.292999999999999927e+00	1.385108564139583187e+01
1.296599999999999975e+00	1.397810308672129054e+01
1.300200000000000022e+00	1.441497590573305487e+01
1.303800000000000070e+00	1.445636088334423697e+01
1.307399999999999896e+00	1.481129804130162952e+01
1.310999999999999943e+00	1.578107630378991999e+01
1.314599999999999991e+00	1.548334882539747248e+01
1.318200000000000038e+00	1.542204724026412777e+01
1.321800000000000086e+00	1.534923154112074251e+01
1.325499999999999901e+00	1.483181335608031581e+01
1.329099999999999948e+00	1.556331716278996780e+01
1.332699999999999996e+00	1.660588762541406638e+01
1.336300000000000043e+00	1.649883636311750479e+01
1.339900000000000091e+00	1.666265321709645164e+01
1.343499999999999917e+00	1.677443963234815172e+01
1.347099999999999964e+00	1.699213585587699171e+01
1.350700000000000012e+00	1.704553823072803453e+01
1.354300000000000059e+00	1.775915207466357870e+01
1.357900000000000107e+00	1.872740848187979168e+01
1.361499999999999932e+00	1.746450806004284928e+01
1.365099999999999980e+00	1.784508076793423115e+01
1.368700000000000028e+00	1.833782959680883806e+01
1.372300000000000075e+00	1.854111205382561778e+01
1.375999999999999890e+00	1.901410590149158608e+01
1.379599999999999937e+00	1.948467176777710463e+01
1.383199999999999985e+00	1.940227684305076039e+01
1.386800000000000033e+00	1.978027500049618226e+01
1.390400000000000080e+00	1.897922187661941607e+01
1.393999999999999906e+00	2.069699668452656383e+01
1.397599999999999953e+00	1.972498211376075972e+01
1.401200000000000001e+00	2.044503285079765220e+01
1.404800000000000049e+00	2.107307050059471365e+01
1.408400000000000096e+00	2.171082597530648073e+01
1.411999999999999922e+00	2.130039239470699641e+01
1.415599999999999969e+00	2.125542543368032966e+01
1.419200000000000017e+00	2.110638122991730015e+01
1.422800000000000065e+00	2.033692892527928819e+01
1.426500000000000101e+00	2.105055397913762860e+01
1.430099999999999927e+00	2.023850631711836812e+01
1.433699999999999974e+00	1.941339082386715731e+01
1.437300000000000022e+00	2.042540054609423805e+01
1.440900000000000070e+00	2.039684912569205011e+01
1.444499999999999895e+00	2.102753364991858476e+01
1.448099999999999943e+00	2.028518214106009410e+01
1.451699999999999990e+00	2.015503885562265651e+01
1.455300000000000038e+00	2.061451665809480716e+01
1.458900000000000086e+00	2.151318338002215569e+01
1.462499999999999911e+00	2.181790987058715103e+01
1.466099999999999959e+00	2.245051092185443409e+01
1.469700000000000006e+00	2.228224938552894230e+01
1.473300000000000054e+00	2.327455174624954992e+01
1.477000000000000091e+00	2.350898288842056871e+01
1.480599999999999916e+00	2.382779475989950413e+01
1.484199999999999964e+00	2.405807998757022403e+01
1.487800000000000011e+00	2.410436466746152817e+01
1.491400000000000059e+00	2.474111657411610921e+01
1.495000000000000107e+00	2.561880322563740009e+01
1.498599999999999932e+00	2.558660823132645135e+01
1.502199999999999980e+00	2.608052527317054370e+01
1.505800000000000027e+00	2.580136132832297591e+01
1.509400000000000075e+00	2.745609898966909412e+01
1.512999999999999901e+00	2.667655123296271213e+01
1.516599999999999948e+00	2.674782221192200637e+01
1.520199999999999996e+00	2.781177731896671190e+01
1.523800000000000043e+00	2.771561754811356337e+01
1.527500000000000080e+00	2.841800656697417438e+01
1.531099999999999905e+00	2.864642366324902412e+01
1.534699999999999953e+00	2.855714498697172843e+01
1.538300000000000001e+00	2.862077158186304970e+01
1.541900000000000048e+00	2.863506690709056102e+01
1.545500000000000096e+00	2.768613609569042566e+01
1.549099999999999921e+00	2.834780990962939384e+01
1.552699999999999969e+00	2.769854452742935180e+01
1.556300000000000017e+00	2.784128050946963384e+01
1.559900000000000064e+00	2.822176167636435196e+01
1.563499999999999890e+00	2.942270055605321488e+01
1.567099999999999937e+00	3.005609120569746651e+01
1.570699999999999985e+00	3.047013738876166045e+01
1.574300000000000033e+00	3.104445235545317061e+01
1.578000000000000069e+00	3.204799180477612452e+01
1.581599999999999895e+00	3.182439545477952336e+01
1.585199999999999942e+00	3.219971737430678616e+01
1.588799999999999990e+00	3.191298306393174755e+01
1.592400000000000038e+00	3.253345507868606035e+01
1.596000000000000085e+00	3.201957491441986292e+01
1.599599999999999911e+00	3.229460757939027360e+01
1.603199999999999958e+00	3.181022458024070687e+01
1.606800000000000006e+00	3.306701861270251896e+01
1.610400000000000054e+00	3.384296932774976341e+01
1.614000000000000101e+00	3.482194170833308533e+01
1.617599999999999927e+00	3.614786887168307317e+01
1.621199999999999974e+00	3.732352571410452668e+01
1.624800000000000022e+00	3.772367040387579351e+01
1.628500000000000059e+00	3.763354718738597171e+01
1.632100000000000106e+00	3.784801745678174001e+01
1.635699999999999932e+00	3.765202554868582752e+01
1.639299999999999979e+00	3.782559016250809947e+01
1.642900000000000027e+00	3.781778697803828493e+01
1.646500000000000075e+00	3.805979618478049531e+01
1.650099999999999900e+00	3.986105724633688396e+01
1.653699999999999948e+00	4.113835217596095362e+01
1.657299999999999995e+00	4.293082283063157689e+01
1.660900000000000043e+00	4.652155831959647969e+01
1.664500000000000091e+00	4.798717043154676531e+01
1.668099999999999916e+00	4.906880492668125271e+01
1.671699999999999964e+00	4.923329602612355416e+01
1.675400000000000000e+00	4.896789866696474292e+01
1.679000000000000048e+00	4.707748347707012471e+01
1.682600000000000096e+00	4.486743179000492887e+01
1.686199999999999921e+00	4.385798640437252516e+01
1.689799999999999969e+00	4.361820392516162315e+01
1.693400000000000016e+00	4.336728503836432225e+01
1.697000000000000064e+00	4.501023946729017666e+01
1.700599999999999890e+00	4.603570009802339058e+01
1.704199999999999937e+00	4.813257928603207603e+01
1.707799999999999985e+00	5.029581392642920434e+01
1.711400000000000032e+00	5.143047451435619877e+01
1.715000000000000080e+00	5.162748308601466363e+01
1.718599999999999905e+00	5.223618070392882373e+01
1.722199999999999953e+00	5.166630733094066841e+01
1.725899999999999990e+00	5.233407154908169900e+01
1.729500000000000037e+00	5.080934195345965776e+01
1.733100000000000085e+00	4.932982636845883917e+01
1.736699999999999910e+00	4.817231012507949117e+01
1.740299999999999958e+00	4.836618214159756945e+01
1.743900000000000006e+00	4.856105283433727493e+01
1.747500000000000053e+00	4.860485497023735491e+01
1.751100000000000101e+00	5.109925400259061945e+01
1.754699999999999926e+00	5.269439774871890592e+01
1.758299999999999974e+00	5.398419337854399203e+01
1.761900000000000022e+00	5.352878829734040522e+01
1.765500000000000069e+00	5.104578425648477946e+01
1.769099999999999895e+00	4.958560963243712649e+01
1.772699999999999942e+00	4.881385976327254639e+01
1.776399999999999979e+00	5.120001037334314020e+01
1.780000000000000027e+00	5.646978337817499494e+01
1.783600000000000074e+00	6.330289683404851075e+01
1.787199999999999900e+00	6.817879372638998348e+01
1.790799999999999947e+00	7.061922764602641678e+01
1.794399999999999995e+00	6.937181992537585984e+01
1.798000000000000043e+00	6.497462679557969523e+01
1.801600000000000090e+00	5.924598508423594723e+01
1.805199999999999916e+00	5.538813648378910415e+01
1.808799999999999963e+00	5.219944093911159655e+01
1.812400000000000011e+00	5.211224438586372543e+01
1.816000000000000059e+00	5.308808620670626510e+01
1.819600000000000106e+00	5.421228567509035656e+01
1.823199999999999932e+00	5.587967974501867729e+01
1.826899999999999968e+00	5.769969685446407937e+01
1.830500000000000016e+00	5.866921379619650878e+01
1.834100000000000064e+00	5.838767021010498581e+01
1.837699999999999889e+00	5.603429837828314675e+01
1.841299999999999937e+00	5.297467207345792417e+01
1.844899999999999984e+00	4.926844137596142303e+01
1.848500000000000032e+00	4.618746741158772551e+01
1.852100000000000080e+00	4.662868640389205410e+01
1.855699999999999905e+00	4.755152758289506210e+01
1.859299999999999953e+00	4.960019732853864127e+01
1.862900000000000000e+00	5.130191965801189014e+01
1.866500000000000048e+00	5.215032318406804279e+01
1.870100000000000096e+00	5.173441286386444915e+01
1.873699999999999921e+00	5.138187058140139385e+01
1.877399999999999958e+00	4.957994235098124847e+01
1.881000000000000005e+00	5.024151779613148250e+01
1.884600000000000053e+00	5.162091217435749257e+01
1.888200000000000101e+00	5.383643774805118198e+01
1.891799999999999926e+00	5.534990649932570506e+01
1.895399999999999974e+00	5.676413918172715967e+01
1.899000000000000021e+00	5.753856280150438351e+01
1.902600000000000069e+00	5.702695865100783124e+01
1.906199999999999894e+00	5.617031755413773197e+01
1.909799999999999942e+00	5.445333826028713275e+01
1.913399999999999990e+00	5.493722393092665612e+01
1.917000000000000037e+00	5.401839351119145505e+01
1.920600000000000085e+00	5.291660581610619118e+01
1.924199999999999910e+00	5.173026547770746220e+01
1.927899999999999947e+00	4.992123371516736796e+01
1.931499999999999995e+00	4.834203173065574788e+01
1.935100000000000042e+00	4.553126582818761392e+01
1.938700000000000090e+00	4.234887464783221134e+01
1.942299999999999915e+00	3.818122693958481761e+01
1.945899999999999963e+00	3.455888498128548747e+01
1.949500000000000011e+00	3.298880798437282635e+01
1.953100000000000058e+00	3.172740045411671517e+01
1.956700000000000106e+00	3.487530051642382034e+01
1.960299999999999931e+00	3.987330935625649886e+01
1.963899999999999979e+00	4.566145529380657564e+01
1.967500000000000027e+00	5.014406356959182887e+01
1.971100000000000074e+00	5.151285477142037905e+01
1.974699999999999900e+00	4.854545269505232596e+01
1.978399999999999936e+00	4.259778191526085322e+01
1.981999999999999984e+00	3.504575328146234625e+01
1.985600000000000032e+00	2.811170314696495254e+01
1.989200000000000079e+00	2.342885051496528348e+01
1.992799999999999905e+00	2.099236375386547238e+01
1.996399999999999952e+00	2.367385253785980836e+01
2.000000000000000000e+00	3.352957730728519437e+01
