2.000000000000000111e-01	-2.745053140041679107e+00
2.036000000000000032e-01	-2.250031866533629188e+00
2.071999999999999953e-01	-2.022018235062835512e+00
2.107999999999999874e-01	-1.926565109649970298e+00
2.144000000000000072e-01	-1.603519942728186320e+00
2.179999999999999993e-01	-1.456525906369349865e+00
2.215999999999999914e-01	-1.413020906686608846e+00
2.253000000000000003e-01	-1.498645469423160348e+00
2.288999999999999924e-01	-1.424424843663663509e+00
2.325000000000000122e-01	-1.801948187786522659e+00
2.361000000000000043e-01	-2.224709023908904459e+00
2.396999999999999964e-01	-2.472035271709777327e+00
2.432999999999999885e-01	-2.718116028024533115e+00
2.469000000000000083e-01	-2.873001078830792476e+00
2.505000000000000004e-01	-2.710309934897484840e+00
2.540999999999999925e-01	-2.841115287644691456e+00
2.576999999999999846e-01	-2.745119247381131888e+00
2.612999999999999767e-01	-2.295907125048779918e+00
2.649000000000000243e-01	-2.363387252494812518e+00
2.685000000000000164e-01	-1.992502211113186483e+00
2.721000000000000085e-01	-1.848078673618096301e+00
2.757999999999999896e-01	-1.259908335109213295e+00
2.793999999999999817e-01	-1.381410522033955868e+00
2.829999999999999738e-01	-1.128913109038830465e+00
2.866000000000000214e-01	-1.311610907191107733e+00
2.902000000000000135e-01	-1.198262868271618764e+00
2.938000000000000056e-01	-1.447411585824563085e+00
2.973999999999999977e-01	-1.697112136019061079e+00
3.009999999999999898e-01	-1.859108832592852201e+00
3.045999999999999819e-01	-1.898386948019357812e+00
3.081999999999999740e-01	-2.281099332865021978e+00
3.118000000000000216e-01	-2.253107631006527001e+00
3.154000000000000137e-01	-2.176969415131338792e+00
3.190000000000000058e-01	-2.199481038878797090e+00
3.225999999999999979e-01	-2.026291309729202794e+00
3.262999999999999790e-01	-1.798701425270692100e+00
3.299000000000000266e-01	-1.543660449924119771e+00
3.335000000000000187e-01	-1.228377695480535881e+00
3.371000000000000107e-01	-8.893630769230528310e-01
3.407000000000000028e-01	-6.915298588021119297e-01
3.442999999999999949e-01	-6.535435612484533641e-01
3.478999999999999870e-01	-1.285792689033626313e-01
3.514999999999999791e-01	-4.496145584732931244e-01
3.551000000000000267e-01	-3.015757804478094162e-01
3.587000000000000188e-01	-6.668438877243069163e-01
3.623000000000000109e-01	-8.551828652010847742e-01
3.659000000000000030e-01	-7.881410203816991977e-01
3.694999999999999951e-01	-1.257286047345735236e+00
3.730999999999999872e-01	-1.347662669627977872e+00
3.768000000000000238e-01	-7.890764993124288473e-01
3.804000000000000159e-01	-1.059495239428842828e+00
3.840000000000000080e-01	-6.860906993984459135e-01
3.876000000000000001e-01	-4.390407727848392727e-01
3.911999999999999922e-01	2.270362831418167304e-01
3.947999999999999843e-01	2.688932329960023737e-01
3.983999999999999764e-01	6.493055357658571447e-01
4.020000000000000240e-01	1.157770682150266683e+00
4.056000000000000161e-01	1.344982630379327748e+00
4.092000000000000082e-01	1.295109675270216476e+00
4.128000000000000003e-01	1.202832630134980318e+00
4.163999999999999924e-01	1.098877142074929036e+00
4.199999999999999845e-01	9.361259319206456375e-01
4.235999999999999766e-01	7.224433223123758463e-01
4.273000000000000131e-01	-9.277696903850177201e-03
4.309000000000000052e-01	-6.277055833059949630e-02
4.344999999999999973e-01	-4.155327697041015789e-01
4.380999999999999894e-01	-3.752540457677392971e-01
4.416999999999999815e-01	-4.023435842431970499e-01
4.452999999999999736e-01	-3.383997705233219855e-01
4.489000000000000212e-01	-3.418076390447883917e-01
4.525000000000000133e-01	1.628995090801953899e-03
4.561000000000000054e-01	4.744828409032695316e-01
4.596999999999999975e-01	6.413918627270296380e-01
4.632999999999999896e-01	1.032519755144935880e+00
4.668999999999999817e-01	1.080605074982225133e+00
4.704999999999999738e-01	1.376046968066129139e+00
4.741000000000000214e-01	1.524457145053748963e+00
4.778000000000000025e-01	1.566396305288237700e+00
4.813999999999999946e-01	1.164445570879791170e+00
4.849999999999999867e-01	1.026273042570840399e+00
4.885999999999999788e-01	8.951028630518775842e-01
4.922000000000000264e-01	6.689579872594657584e-01
4.958000000000000185e-01	5.449874899349731461e-01
4.994000000000000106e-01	3.192946315788474654e-01
5.030000000000000027e-01	3.560039656610689551e-01
5.066000000000000503e-01	5.272127607134414751e-01
5.101999999999999869e-01	4.543622986692397170e-01
5.138000000000000345e-01	5.976271881424888299e-01
5.173999999999999710e-01	8.648005006244670057e-01
5.210000000000000187e-01	1.448552126907902027e+00
5.245999999999999552e-01	1.531881493161576291e+00
5.282999999999999918e-01	1.538857473413097754e+00
5.319000000000000394e-01	1.770148620592575606e+00
5.354999999999999760e-01	1.501942361028977935e+00
5.391000000000000236e-01	1.681580777920852476e+00
5.426999999999999602e-01	1.660235017999726725e+00
5.463000000000000078e-01	1.491632323261892878e+00
5.499000000000000554e-01	1.745727940513296605e+00
5.534999999999999920e-01	1.748556670732620777e+00
5.571000000000000396e-01	1.842636319648059295e+00
5.606999999999999762e-01	1.802933738339679515e+00
5.643000000000000238e-01	1.856634967879197129e+00
5.678999999999999604e-01	1.187657872038845763e+00
5.715000000000000080e-01	1.499635247052123477e+00
5.752000000000000446e-01	1.036659199274131860e+00
5.787999999999999812e-01	1.282372565011764109e+00
5.824000000000000288e-01	1.237923704637678535e+00
5.859999999999999654e-01	1.866030875443453585e+00
5.896000000000000130e-01	1.946753435193680604e+00
5.931999999999999496e-01	2.364371443659062155e+00
5.967999999999999972e-01	2.382387531872475428e+00
6.004000000000000448e-01	2.270448779286611707e+00
6.039999999999999813e-01	2.150626677615295357e+00
6.076000000000000290e-01	2.082755630022591120e+00
6.111999999999999655e-01	1.801724054439691081e+00
6.148000000000000131e-01	1.543306910642924690e+00
6.183999999999999497e-01	1.427297808397912204e+00
6.219999999999999973e-01	1.336482969024791689e+00
6.257000000000000339e-01	1.294468166089196348e+00
6.292999999999999705e-01	1.402142973870786902e+00
6.329000000000000181e-01	1.485613267751352717e+00
6.364999999999999547e-01	1.810386415687779138e+00
6.401000000000000023e-01	2.043858470668883598e+00
6.437000000000000499e-01	2.529296919443003944e+00
6.472999999999999865e-01	2.604330494087461645e+00
6.509000000000000341e-01	2.900989163799326143e+00
6.544999999999999707e-01	3.191535349653733089e+00
6.581000000000000183e-01	3.550740318610186907e+00
6.616999999999999549e-01	3.453858818444529355e+00
6.653000000000000025e-01	3.642470276394895290e+00
6.689000000000000501e-01	3.305229845868399075e+00
6.724999999999999867e-01	3.076694340271373118e+00
6.762000000000000233e-01	2.899147150447789034e+00
6.797999999999999599e-01	2.734705022064808588e+00
6.834000000000000075e-01	2.345668370491456045e+00
6.870000000000000551e-01	2.524930995691202718e+00
6.905999999999999917e-01	2.251916273860418816e+00
6.942000000000000393e-01	2.404030955514381951e+00
6.977999999999999758e-01	2.185298079077243383e+00
7.014000000000000234e-01	2.186032112460850829e+00
7.049999999999999600e-01	2.622826519053011562e+00
7.086000000000000076e-01	2.525088065724771624e+00
7.122000000000000552e-01	3.024410780863121762e+00
7.157999999999999918e-01	3.164681923783026818e+00
7.194000000000000394e-01	3.596933810140102050e+00
7.229999999999999760e-01	3.657835008724101389e+00
7.267000000000000126e-01	3.486573563612934024e+00
7.302999999999999492e-01	3.443792310117101518e+00
7.338999999999999968e-01	3.297992683565245109e+00
7.375000000000000444e-01	2.826456772018321573e+00
7.410999999999999810e-01	2.887557592999281830e+00
7.447000000000000286e-01	2.973907884064832086e+00
7.482999999999999652e-01	3.061567897460221399e+00
7.519000000000000128e-01	3.349081292134546306e+00
7.554999999999999494e-01	3.843030517255503486e+00
7.590999999999999970e-01	3.992728181939951604e+00
7.627000000000000446e-01	4.171320371187180243e+00
7.662999999999999812e-01	4.408464269402970537e+00
7.699000000000000288e-01	4.408955514703748690e+00
7.734999999999999654e-01	4.781933408960581389e+00
7.772000000000000020e-01	4.801094855961701491e+00
7.808000000000000496e-01	5.152671162342763012e+00
7.843999999999999861e-01	5.278018589087481338e+00
7.880000000000000338e-01	5.183114938147570072e+00
7.915999999999999703e-01	4.811056856833322293e+00
7.952000000000000179e-01	5.157477734584624329e+00
7.987999999999999545e-01	4.668506119163574830e+00
8.024000000000000021e-01	4.830600281817914343e+00
8.060000000000000497e-01	4.768817599804052065e+00
8.095999999999999863e-01	4.711545387007715746e+00
8.132000000000000339e-01	5.012259319863472840e+00
8.167999999999999705e-01	4.911769485705502980e+00
8.204000000000000181e-01	5.194600527092696041e+00
8.239999999999999547e-01	5.638922849878412080e+00
8.276999999999999913e-01	5.918580507475711627e+00
8.313000000000000389e-01	6.055045285688694712e+00
8.348999999999999755e-01	5.958908783488946703e+00
8.385000000000000231e-01	6.039159640988135180e+00
8.420999999999999597e-01	5.940681371488196305e+00
8.457000000000000073e-01	5.861391335440201189e+00
8.493000000000000549e-01	5.834366630517300756e+00
8.528999999999999915e-01	5.569365612570591040e+00
8.565000000000000391e-01	5.368472137079500328e+00
8.600999999999999757e-01	5.144300528885907831e+00
8.637000000000000233e-01	4.684367504158549522e+00
8.672999999999999599e-01	4.588188236742794857e+00
8.709000000000000075e-01	4.399198022450594436e+00
8.745000000000000551e-01	4.053563348856951798e+00
8.781999999999999806e-01	4.303998108163737513e+00
8.818000000000000282e-01	4.001438632468365064e+00
8.853999999999999648e-01	4.103484371680030662e+00
8.890000000000000124e-01	4.702671721366122881e+00
8.925999999999999490e-01	4.738259904390591082e+00
8.961999999999999966e-01	5.113666421218391989e+00
8.998000000000000442e-01	5.372038469788607884e+00
9.033999999999999808e-01	5.670187192253853148e+00
9.070000000000000284e-01	5.730799306426851203e+00
9.105999999999999650e-01	6.065215985539825105e+00
9.142000000000000126e-01	5.775739770627314584e+00
9.177999999999999492e-01	5.616027796303913355e+00
9.213999999999999968e-01	5.553889437292954590e+00
9.251000000000000334e-01	5.682657278402855283e+00
9.286999999999999700e-01	5.779997447395389898e+00
9.323000000000000176e-01	5.683635949868869552e+00
9.358999999999999542e-01	5.442571669138494883e+00
9.395000000000000018e-01	5.303997750949775991e+00
9.431000000000000494e-01	5.531491235327450795e+00
9.466999999999999860e-01	5.531460354357489173e+00
9.503000000000000336e-01	5.654310760172784889e+00
9.538999999999999702e-01	5.881112618417738247e+00
9.575000000000000178e-01	6.092956731755721833e+00
9.610999999999999543e-01	6.283597536521125626e+00
9.647000000000000020e-01	6.276401550330562351e+00
9.683000000000000496e-01	6.702786640502719884e+00
9.718999999999999861e-01	7.100650005679986165e+00
9.756000000000000227e-01	6.927861052775610595e+00
9.791999999999999593e-01	7.176506691582888564e+00
9.828000000000000069e-01	7.046951117568093004e+00
9.864000000000000545e-01	7.162177451708320319e+00
9.899999999999999911e-01	7.001389596611762300e+00
9.936000000000000387e-01	6.869289626137029536e+00
9.971999999999999753e-01	6.786880340546186829e+00
1.000799999999999912e+00	7.182094022947712375e+00
1.004399999999999959e+00	6.893306230661438327e+00
1.008000000000000007e+00	7.591892163191068299e+00
1.011600000000000055e+00	7.296843394936206373e+00
1.015200000000000102e+00	7.435994308043325063e+00
1.018799999999999928e+00	7.589782904749728054e+00
1.022399999999999975e+00	8.058071168414816299e+00
1.026100000000000012e+00	8.051327228029212080e+00
1.029700000000000060e+00	8.072380790646395354e+00
1.033300000000000107e+00	8.220858956617965063e+00
1.036899999999999933e+00	8.229101225543537623e+00
1.040499999999999980e+00	7.850795757358137728e+00
1.044100000000000028e+00	8.018979050965977962e+00
1.047700000000000076e+00	7.499697639636963231e+00
1.051299999999999901e+00	7.373209472350028548e+00
1.054899999999999949e+00	7.366130546364408005e+00
1.058499999999999996e+00	7.487224084273679026e+00
1.062100000000000044e+00	7.353388434107240634e+00
1.065700000000000092e+00	7.515763364430943838e+00
1.069299999999999917e+00	7.439008904350004059e+00
1.072899999999999965e+00	7.649030171668739442e+00
1.076600000000000001e+00	7.653226474204281260e+00
1.080200000000000049e+00	7.703680027096942773e+00
1.083800000000000097e+00	8.322342123511482725e+00
1.087399999999999922e+00	8.969980087187552797e+00
1.090999999999999970e+00	1.059858120316192398e+01
1.094600000000000017e+00	1.171324367547327938e+01
1.098200000000000065e+00	1.276265529612910221e+01
1.101799999999999891e+00	1.296159614452831299e+01
1.105399999999999938e+00	1.278860568470705950e+01
1.108999999999999986e+00	1.212679465731583228e+01
1.112600000000000033e+00	1.104870080492997531e+01
1.116200000000000081e+00	1.019920478206618064e+01
1.119799999999999907e+00	9.456347611548105547e+00
1.123399999999999954e+00	9.222254248902121532e+00
1.127099999999999991e+00	8.857850356936388891e+00
1.130700000000000038e+00	8.818552164775249835e+00
1.134300000000000086e+00	8.277852112006558016e+00
1.137899999999999912e+00	8.338225295925610681e+00
1.141499999999999959e+00	9.280367906763361319e+00
1.145100000000000007e+00	1.007992985558542998e+01
1.148700000000000054e+00	1.160594253937421882e+01
1.152300000000000102e+00	1.328922419712415603e+01
1.155899999999999928e+00	1.463277009430269437e+01
1.159499999999999975e+00	1.565786407190339879e+01
1.163100000000000023e+00	1.547284790300306234e+01
1.166700000000000070e+00	1.428279626425504212e+01
1.170299999999999896e+00	1.286550827012853482e+01
1.173899999999999944e+00	1.149943317861688286e+01
1.177599999999999980e+00	1.070118075865283913e+01
1.181200000000000028e+00	1.059590676128398812e+01
1.184800000000000075e+00	1.085253873920199652e+01
1.188399999999999901e+00	1.168273206686222920e+01
1.191999999999999948e+00	1.215357436951462056e+01
1.195599999999999996e+00	1.281185168502757854e+01
1.199200000000000044e+00	1.311282112848564552e+01
1.202800000000000091e+00	1.371023686048770607e+01
1.206399999999999917e+00	1.396711196339967032e+01
1.209999999999999964e+00	1.423351452721257182e+01
1.213600000000000012e+00	1.400029091955298277e+01
1.217200000000000060e+00	1.423256652946148115e+01
1.220800000000000107e+00	1.372904862375742852e+01
1.224399999999999933e+00	1.379419860595142566e+01
1.228099999999999969e+00	1.374145320668981896e+01
1.231700000000000017e+00	1.377866766887874839e+01
1.235300000000000065e+00	1.379027068627168084e+01
1.238899999999999890e+00	1.393008061104849915e+01
1.242499999999999938e+00	1.351864151161940875e+01
1.246099999999999985e+00	1.397146974734742741e+01
1.249700000000000033e+00	1.391118107107685198e+01
1.253300000000000081e+00	1.416811068597269063e+01
1.256899999999999906e+00	1.362277963900216982e+01
1.260499999999999954e+00	1.390819594797326353e+01
1.264100000000000001e+00	1.390299321177344360e+01
1.267700000000000049e+00	1.350069794370673648e+01
1.271300000000000097e+00	1.375681974693257281e+01
1.274899999999999922e+00	1.331704898958907890e+01
1.278599999999999959e+00	1.363076813559995770e+01
1.282200000000000006e+00	1.378915136218615345e+01
1.285800000000000054e+00	1.391781992209582874e+01
1.289400000000000102e+00	1.400246112823892020e+01
1.292999999999999927e+00	1.398187498817055818e+01
1.296599999999999975e+00	1.393285211175716931e+01
1.300200000000000022e+00	1.428148804601790722e+01
1.303800000000000070e+00	1.439673106083190213e+01
1.307399999999999896e+00	1.421397059484152869e+01
1.310999999999999943e+00	1.441091186670815638e+01
1.314599999999999991e+00	1.464260882680710019e+01
1.318200000000000038e+00	1.468443170397683240e+01
1.321800000000000086e+00	1.492029076853680891e+01
1.325499999999999901e+00	1.528647481258132679e+01
1.329099999999999948e+00	1.570589379205234160e+01
1.332699999999999996e+00	1.630195429666436269e+01
1.336300000000000043e+00	1.686198382491419423e+01
1.339900000000000091e+00	1.712574280099104485e+01
1.343499999999999917e+00	1.754160553170698478e+01
1.347099999999999964e+00	1.719772095448015392e+01
1.350700000000000012e+00	1.755732774207861979e+01
1.354300000000000059e+00	1.725678382944097322e+01
1.357900000000000107e+00	1.737377938157412061e+01
1.361499999999999932e+00	1.721603733106349665e+01
1.365099999999999980e+00	1.700879741394504663e+01
1.368700000000000028e+00	1.741591411189915561e+01
1.372300000000000075e+00	1.752949766808486487e+01
1.375999999999999890e+00	1.819306329080663076e+01
1.379599999999999937e+00	1.883966984096049302e+01
1.383199999999999985e+00	1.942928669331847757e+01
1.386800000000000033e+00	1.993057425483272027e+01
1.390400000000000080e+00	2.015987342083682421e+01
1.393999999999999906e+00	2.030801385220165400e+01
1.397599999999999953e+00	2.075760529834997214e+01
1.401200000000000001e+00	2.133712130843096233e+01
1.404800000000000049e+00	2.164939817958537915e+01
1.408400000000000096e+00	2.192429469177192658e+01
1.411999999999999922e+00	2.233058475534811649e+01
1.415599999999999969e+00	2.220183652149390596e+01
1.419200000000000017e+00	2.201116878613322925e+01
1.422800000000000065e+00	2.132180437973497078e+01
1.426500000000000101e+00	2.077466111913022218e+01
1.430099999999999927e+00	2.008852930774744650e+01
1.433699999999999974e+00	1.955489913953506331e+01
1.437300000000000022e+00	1.974296492239953338e+01
1.440900000000000070e+00	1.970943625744830285e+01
1.444499999999999895e+00	1.991733080868679906e+01
1.448099999999999943e+00	2.049525220858033592e+01
1.451699999999999990e+00	2.061883161884759730e+01
1.455300000000000038e+00	2.111440650696780352e+01
1.458900000000000086e+00	2.182429136706609540e+01
1.462499999999999911e+00	2.220419843517865388e+01
1.466099999999999959e+00	2.264001206398659960e+01
1.469700000000000006e+00	2.346158872464262402e+01
1.473300000000000054e+00	2.339008094291826723e+01
1.477000000000000091e+00	2.395151907450407691e+01
1.480599999999999916e+00	2.398232708915661959e+01
1.484199999999999964e+00	2.411278517611773964e+01
1.487800000000000011e+00	2.405353375443242570e+01
1.491400000000000059e+00	2.419374756173198548e+01
1.495000000000000107e+00	2.455901392976767994e+01
1.498599999999999932e+00	2.495360501414234022e+01
1.502199999999999980e+00	2.555967230496040443e+01
1.505800000000000027e+00	2.600963279912381054e+01
1.509400000000000075e+00	2.648134585405771091e+01
1.512999999999999901e+00	2.686803123808197213e+01
1.516599999999999948e+00	2.718944114221769226e+01
1.520199999999999996e+00	2.762223303451911249e+01
1.523800000000000043e+00	2.740676436268272198e+01
1.527500000000000080e+00	2.793888283063066780e+01
1.531099999999999905e+00	2.800376572440783463e+01
1.534699999999999953e+00	2.849270199755143551e+01
1.538300000000000001e+00	2.869925054576815171e+01
1.541900000000000048e+00	2.847125631339586960e+01
1.545500000000000096e+00	2.893413132015813005e+01
1.549099999999999921e+00	2.917926929790252899e+01
1.552699999999999969e+00	2.963847206287986680e+01
1.556300000000000017e+00	2.947940993926421172e+01
1.559900000000000064e+00	2.992087539908148486e+01
1.563499999999999890e+00	2.957310943904324319e+01
1.567099999999999937e+00	2.966748773458898114e+01
1.570699999999999985e+00	2.905212895644152837e+01
1.574300000000000033e+00	2.896466398783933016e+01
1.578000000000000069e+00	2.940088326337679447e+01
1.581599999999999895e+00	3.033375191166947715e+01
1.585199999999999942e+00	3.214275611992717785e+01
1.588799999999999990e+00	3.404174123043573275e+01
1.592400000000000038e+00	3.561624428220410721e+01
1.596000000000000085e+00	3.603423077131091645e+01
1.599599999999999911e+00	3.553037825103931624e+01
1.603199999999999958e+00	3.416761470643867682e+01
1.606800000000000006e+00	3.280833711110405204e+01
1.610400000000000054e+00	3.255534286015377177e+01
1.614000000000000101e+00	3.318884398366373745e+01
1.617599999999999927e+00	3.388175974509586297e+01
1.621199999999999974e+00	3.557070230171900249e+01
1.624800000000000022e+00	3.633761780215206016e+01
1.628500000000000059e+00	3.608454582886196960e+01
1.632100000000000106e+00	3.538868512663940891e+01
1.635699999999999932e+00	3.487424608214158894e+01
1.639299999999999979e+00	3.499510841917601311e+01
1.642900000000000027e+00	3.580199864470493765e+01
1.646500000000000075e+00	3.779598169693807108e+01
1.650099999999999900e+00	4.047790713736213064e+01
1.653699999999999948e+00	4.318878914823294934e+01
1.657299999999999995e+00	4.527717392421051557e+01
1.660900000000000043e+00	4.734098196425756555e+01
1.664500000000000091e+00	4.844811462570776683e+01
1.668099999999999916e+00	4.907878863528846836e+01
1.671699999999999964e+00	4.802142279900399302e+01
1.675400000000000000e+00	4.617904033805865538e+01
1.679000000000000048e+00	4.407118961722494532e+01
1.682600000000000096e+00	4.220245179194758123e+01
1.686199999999999921e+00	4.093242473795353931e+01
1.689799999999999969e+00	4.068468863672116953e+01
1.693400000000000016e+00	4.147596267759464439e+01
1.697000000000000064e+00	4.276253939753850375e+01
1.700599999999999890e+00	4.513499413974899710e+01
1.704199999999999937e+00	4.764872177260153308e+01
1.707799999999999985e+00	5.059864246615273231e+01
1.711400000000000032e+00	5.342591159374204324e+01
1.715000000000000080e+00	5.584521155611597720e+01
1.718599999999999905e+00	5.750995552913785502e+01
1.722199999999999953e+00	5.870962722681951362e+01
1.725899999999999990e+00	5.852390992921090174e+01
1.729500000000000037e+00	5.673476083088652189e+01
1.733100000000000085e+00	5.340248165749698472e+01
1.736699999999999910e+00	4.919577355405218810e+01
1.740299999999999958e+00	4.556304485602989018e+01
1.743900000000000006e+00	4.331590379936923085e+01
1.747500000000000053e+00	4.460280387345428466e+01
1.751100000000000101e+00	4.768210929116067831e+01
1.754699999999999926e+00	5.122175097752998596e+01
1.758299999999999974e+00	5.426768670298645958e+01
1.761900000000000022e+00	5.464547157452067694e+01
1.765500000000000069e+00	5.323294239170756015e+01
1.769099999999999895e+00	5.036411217332878465e+01
1.772699999999999942e+00	4.858406055792027445e+01
1.776399999999999979e+00	4.867211120893230003e+01
1.780000000000000027e+00	5.154022229879281980e+01
1.783600000000000074e+00	5.590707353380585687e+01
1.787199999999999900e+00	6.044274703850496877e+01
1.790799999999999947e+00	6.398830187546596449e+01
1.794399999999999995e+00	6.583705015487339551e+01
1.798000000000000043e+00	6.669380999876491956e+01
1.801600000000000090e+00	6.638804752697865297e+01
1.805199999999999916e+00	6.528755186742675676e+01
1.808799999999999963e+00	6.394434680018571981e+01
1.812400000000000011e+00	6.222956385385105449e+01
1.816000000000000059e+00	6.090791392625952483e+01
1.819600000000000106e+00	5.960697521220862427e+01
1.823199999999999932e+00	5.798241439503201633e+01
1.826899999999999968e+00	5.666658826592733078e+01
1.830500000000000016e+00	5.469001206762553835e+01
1.834100000000000064e+00	5.291941006826343141e+01
1.837699999999999889e+00	5.158412485498182320e+01
1.841299999999999937e+00	4.948504666346494218e+01
1.844899999999999984e+00	4.813112401186346290e+01
1.848500000000000032e+00	4.746470190394078514e+01
1.852100000000000080e+00	4.746428369358245192e+01
1.855699999999999905e+00	4.862829153193784038e+01
1.859299999999999953e+00	5.024393234588846724e+01
1.862900000000000000e+00	5.258263878075126030e+01
1.866500000000000048e+00	5.503773675445705749e+01
1.870100000000000096e+00	5.747706049962663855e+01
1.873699999999999921e+00	5.928760718271744423e+01
1.877399999999999958e+00	5.976254270228204746e+01
1.881000000000000005e+00	5.843191743512347358e+01
1.884600000000000053e+00	5.521278847337361384e+01
1.888200000000000101e+00	5.159854002871108491e+01
1.891799999999999926e+00	4.892543469646689402e+01
1.895399999999999974e+00	4.860235798934282059e+01
1.899000000000000021e+00	5.100271224449209484e+01
1.902600000000000069e+00	5.531420699357936854e+01
1.906199999999999894e+00	5.953286071377119981e+01
1.909799999999999942e+00	6.196920875914107540e+01
1.913399999999999990e+00	6.100292949827561984e+01
1.917000000000000037e+00	5.794767722003179244e+01
1.920600000000000085e+00	5.374518760950790153e+01
1.924199999999999910e+00	4.969820240018047741e+01
1.927899999999999947e+00	4.708695636526121575e+01
1.931499999999999995e+00	4.586916978517074028e+01
1.935100000000000042e+00	4.559328010335974568e+01
1.938700000000000090e+00	4.605260985162414045e+01
1.942299999999999915e+00	4.669607782299728882e+01
1.945899999999999963e+00	4.759391864892143786e+01
1.949500000000000011e+00	4.839461186714800789e+01
1.953100000000000058e+00	4.901517815682198176e+01
1.956700000000000106e+00	4.999080207202122494e+01
1.960299999999999931e+00	5.075178163775269269e+01
1.963899999999999979e+00	5.026909472312394200e+01
1.967500000000000027e+00	4.940525315318770794e+01
1.971100000000000074e+00	4.628079793875077286e+01
1.974699999999999900e+00	4.183933296610143771e+01
1.978399999999999936e+00	3.665305802904734378e+01
1.981999999999999984e+00	3.145596203077704800e+01
1.985600000000000032e+00	2.689394266860492166e+01
1.989200000000000079e+00	2.451352550445631806e+01
1.992799999999999905e+00	2.452596752341157682e+01
1.996399999999999952e+00	2.827119163567142479e+01
2.000000000000000000e+00	3.612933797107394440e+01
