2.000000000000000111e-01	-1.891703863756595716e+00
2.036000000000000032e-01	-2.289113264076106713e+00
2.071999999999999953e-01	-1.296716742022630431e+00
2.107999999999999874e-01	-9.631717817250415870e-01
2.144000000000000072e-01	-2.550889771886936774e+00
2.179999999999999993e-01	-8.771221924407955894e-01
2.215999999999999914e-01	-1.325757007008889321e+00
2.253000000000000003e-01	-1.139564089131523517e+00
2.288999999999999924e-01	-1.111899790545870070e+00
2.325000000000000122e-01	-1.842804671435026576e+00
2.361000000000000043e-01	-1.259663687177909441e+00
2.396999999999999964e-01	-2.717532975246697902e+00
2.432999999999999885e-01	-2.396172455649800082e+00
2.469000000000000083e-01	-3.544939810668728875e+00
2.505000000000000004e-01	-2.796858561860143588e+00
2.540999999999999925e-01	-2.053793812102288285e+00
2.576999999999999846e-01	-2.595252308123616292e+00
2.612999999999999767e-01	-3.175927575926928981e+00
2.649000000000000243e-01	-1.545116029826009818e+00
2.685000000000000164e-01	-1.737326784912543109e+00
2.721000000000000085e-01	-9.574362240438732963e-01
2.757999999999999896e-01	-1.857251247856061660e+00
2.793999999999999817e-01	-1.368664583356144382e+00
2.829999999999999738e-01	-8.260351868857940261e-02
2.866000000000000214e-01	-1.159241250960608927e+00
2.902000000000000135e-01	-7.523271091561878343e-01
2.938000000000000056e-01	-1.322347891343868209e+00
2.973999999999999977e-01	-1.368878779999317175e+00
3.009999999999999898e-01	-1.135829970879582262e+00
3.045999999999999819e-01	-1.404285986234107941e+00
3.081999999999999740e-01	-1.903862925584008048e+00
3.118000000000000216e-01	-2.212286672131129617e+00
3.154000000000000137e-01	-1.766972863038564601e+00
3.190000000000000058e-01	-1.097644362882450153e+00
3.225999999999999979e-01	-2.246150459003109834e+00
3.262999999999999790e-01	-1.365464417490192206e+00
3.299000000000000266e-01	-1.183329960120506064e+00
3.335000000000000187e-01	-1.271988191511846500e+00
3.371000000000000107e-01	-1.031817351645403225e+00
3.407000000000000028e-01	-5.341665502442592972e-01
3.442999999999999949e-01	1.601390249445678871e-01
3.478999999999999870e-01	-2.555196160370807879e-01
3.514999999999999791e-01	-6.594799652918457156e-01
3.551000000000000267e-01	-9.672357624072599469e-01
3.587000000000000188e-01	-3.957753400457133530e-01
3.623000000000000109e-01	-1.082753531557319793e+00
3.659000000000000030e-01	-9.904650740044391721e-01
3.694999999999999951e-01	-1.572471637496738017e+00
3.730999999999999872e-01	-1.297209831362827526e+00
3.768000000000000238e-01	-1.106810280470526431e+00
3.804000000000000159e-01	-9.726168123217588946e-01
3.840000000000000080e-01	-3.582397952949211151e-01
3.876000000000000001e-01	-2.899250911153727350e-01
3.911999999999999922e-01	9.602069940325501651e-01
3.947999999999999843e-01	2.576428240695327609e-01
3.983999999999999764e-01	6.746351293754001555e-01
4.020000000000000240e-01	1.023462950387145742e+00
4.056000000000000161e-01	1.835797761643783499e+00
4.092000000000000082e-01	1.219213425166364217e+00
4.128000000000000003e-01	1.565382320166098795e+00
4.163999999999999924e-01	1.371362463934024944e+00
4.199999999999999845e-01	1.143278406742981090e+00
4.235999999999999766e-01	6.030113978214866055e-01
4.273000000000000131e-01	6.797195225377042904e-01
4.309000000000000052e-01	-3.179475059182238494e-01
4.344999999999999973e-01	2.592230513948791115e-01
4.380999999999999894e-01	-8.668701005924412950e-01
4.416999999999999815e-01	-3.062320774912287713e-01
4.452999999999999736e-01	2.922262933393720008e-01
4.489000000000000212e-01	-2.145139130984236031e-01
4.525000000000000133e-01	-6.715028800617964255e-02
4.561000000000000054e-01	8.397703197075976345e-01
4.596999999999999975e-01	1.275443609753556640e+00
4.632999999999999896e-01	1.597105316874355641e+00
4.668999999999999817e-01	1.639192762871778619e+00
4.704999999999999738e-01	1.801527764971971868e+00
4.741000000000000214e-01	1.485838219046434761e+00
4.778000000000000025e-01	1.527015089111196877e+00
4.813999999999999946e-01	1.010887021841005318e+00
4.849999999999999867e-01	1.012029375331269243e+00
4.885999999999999788e-01	8.657943530071996463e-01
4.922000000000000264e-01	8.386819938180266609e-01
4.958000000000000185e-01	7.426278650539086534e-01
4.994000000000000106e-01	-2.141968982869874860e-01
5.030000000000000027e-01	3.712780701718290666e-01
5.066000000000000503e-01	8.967689786129545704e-01
5.101999999999999869e-01	9.706642650103189940e-01
5.138000000000000345e-01	6.335574721980916646e-01
5.173999999999999710e-01	1.214430721293144666e+00
5.210000000000000187e-01	1.261025197877301718e+00
5.245999999999999552e-01	1.829793553940000983e+00
5.282999999999999918e-01	1.894158223806959196e+00
5.319000000000000394e-01	1.864944943633846552e+00
5.354999999999999760e-01	1.972960426972958814e+00
5.391000000000000236e-01	2.416809235483297513e+00
5.426999999999999602e-01	1.367140759962010010e+00
5.463000000000000078e-01	1.779027469171046150e+00
5.499000000000000554e-01	2.166582809834659340e+00
5.534999999999999920e-01	1.731080448220030821e+00
5.571000000000000396e-01	1.782838447135792981e+00
5.606999999999999762e-01	1.277076620262648010e+00
5.643000000000000238e-01	1.701221041957233782e+00
5.678999999999999604e-01	1.829201519656568742e+00
5.715000000000000080e-01	1.199457037792289071e+00
5.752000000000000446e-01	1.632431424671290099e+00
5.787999999999999812e-01	1.170529337856752061e+00
5.824000000000000288e-01	1.713342097993948654e+00
5.859999999999999654e-01	2.125145480551278609e+00
5.896000000000000130e-01	1.961390408908464167e+00
5.931999999999999496e-01	2.093076319848824252e+00
5.967999999999999972e-01	1.826825613983736440e+00
6.004000000000000448e-01	2.959249317940876089e+00
6.039999999999999813e-01	2.248868023544313921e+00
6.076000000000000290e-01	2.567404639424934576e+00
6.111999999999999655e-01	1.866273466456660923e+00
6.148000000000000131e-01	1.720738695416679453e+00
6.183999999999999497e-01	1.973057653615155616e+00
6.219999999999999973e-01	1.733221872298430943e+00
6.257000000000000339e-01	1.796217274553270959e+00
6.292999999999999705e-01	2.306132065815591048e+00
6.329000000000000181e-01	1.648493177120452069e+00
6.364999999999999547e-01	2.172101615128887442e+00
6.401000000000000023e-01	1.958213889543199304e+00
6.437000000000000499e-01	2.534072300826561985e+00
6.472999999999999865e-01	2.563867518768502940e+00
6.509000000000000341e-01	2.323907149254062166e+00
6.544999999999999707e-01	2.730462592799187682e+00
6.581000000000000183e-01	3.154756143334528140e+00
6.616999999999999549e-01	3.544885187194998455e+00
6.653000000000000025e-01	3.736713775641243629e+00
6.689000000000000501e-01	3.475761499924590048e+00
6.724999999999999867e-01	3.058127419690186866e+00
6.762000000000000233e-01	3.459695934316047605e+00
6.797999999999999599e-01	3.076840158605739006e+00
6.834000000000000075e-01	2.247322398159758539e+00
6.870000000000000551e-01	2.636884465618702489e+00
6.905999999999999917e-01	2.064895036475854262e+00
6.942000000000000393e-01	2.373282854097353844e+00
6.977999999999999758e-01	1.841439308807906849e+00
7.014000000000000234e-01	1.996175711652301787e+00
7.049999999999999600e-01	2.369971429076000558e+00
7.086000000000000076e-01	3.099321965424559622e+00
7.122000000000000552e-01	2.372867187291548774e+00
7.157999999999999918e-01	3.433623828720431259e+00
7.194000000000000394e-01	3.760051018234733977e+00
7.229999999999999760e-01	3.698938352854299172e+00
7.267000000000000126e-01	4.051046092976045898e+00
7.302999999999999492e-01	3.320312486850495404e+00
7.338999999999999968e-01	3.498216647323747708e+00
7.375000000000000444e-01	3.716442506411099966e+00
7.410999999999999810e-01	2.510504841268573095e+00
7.447000000000000286e-01	3.546423351104053268e+00
7.482999999999999652e-01	3.312007119755394413e+00
7.519000000000000128e-01	3.498435751962343687e+00
7.554999999999999494e-01	4.030479880260040559e+00
7.590999999999999970e-01	3.697384515620312229e+00
7.627000000000000446e-01	4.232850895285764636e+00
7.662999999999999812e-01	5.131998035093866761e+00
7.699000000000000288e-01	4.959885359232805158e+00
7.734999999999999654e-01	4.225146334485915034e+00
7.772000000000000020e-01	5.330201136000637163e+00
7.808000000000000496e-01	4.522850286474107584e+00
7.843999999999999861e-01	5.702585631263040966e+00
7.880000000000000338e-01	5.415512912734213202e+00
7.915999999999999703e-01	5.464982557634274762e+00
7.952000000000000179e-01	5.016936760509500104e+00
7.987999999999999545e-01	4.918956332812436827e+00
8.024000000000000021e-01	5.029203081455059454e+00
8.060000000000000497e-01	4.808990147082980116e+00
8.095999999999999863e-01	5.202089721994134663e+00
8.132000000000000339e-01	4.309781153480000349e+00
8.167999999999999705e-01	4.925514139600311481e+00
8.204000000000000181e-01	4.325403130367289073e+00
8.239999999999999547e-01	5.659714559855445692e+00
8.276999999999999913e-01	5.602790871397599126e+00
8.313000000000000389e-01	6.130622556689630187e+00
8.348999999999999755e-01	6.345463719944589798e+00
8.385000000000000231e-01	6.430337612433218553e+00
8.420999999999999597e-01	5.789160619677652164e+00
8.457000000000000073e-01	5.839491572985355816e+00
8.493000000000000549e-01	5.502981150653360132e+00
8.528999999999999915e-01	5.983894824695365600e+00
8.565000000000000391e-01	5.050188244218917433e+00
8.600999999999999757e-01	5.311956938693048969e+00
8.637000000000000233e-01	4.785302525828729614e+00
8.672999999999999599e-01	5.298787172378716548e+00
8.709000000000000075e-01	4.773047720691205420e+00
8.745000000000000551e-01	4.939562996328598743e+00
8.781999999999999806e-01	4.307210323333193536e+00
8.818000000000000282e-01	4.600364633829941319e+00
8.853999999999999648e-01	4.282017851906279482e+00
8.890000000000000124e-01	4.400903666471715603e+00
8.925999999999999490e-01	4.587269742427173114e+00
8.961999999999999966e-01	5.812907792268204865e+00
8.998000000000000442e-01	6.037380338411560743e+00
9.033999999999999808e-01	5.529526766246141811e+00
9.070000000000000284e-01	5.469076999269755213e+00
9.105999999999999650e-01	6.076064080203742002e+00
9.142000000000000126e-01	5.793727242013886780e+00
9.177999999999999492e-01	6.026859594571138068e+00
9.213999999999999968e-01	6.533017292731629233e+00
9.251000000000000334e-01	5.839395805147150398e+00
9.286999999999999700e-01	5.336007447442816520e+00
9.323000000000000176e-01	5.362256715073319135e+00
9.358999999999999542e-01	4.817100371192467811e+00
9.395000000000000018e-01	5.128490158271038268e+00
9.431000000000000494e-01	5.688061743618525234e+00
9.466999999999999860e-01	5.461214034739183987e+00
9.503000000000000336e-01	6.596350044450879579e+00
9.538999999999999702e-01	6.370354816801942377e+00
9.575000000000000178e-01	6.089257729633636984e+00
9.610999999999999543e-01	7.093917970770920789e+00
9.647000000000000020e-01	6.494032633103768326e+00
9.683000000000000496e-01	5.788106181204375034e+00
9.718999999999999861e-01	7.147993677230984666e+00
9.756000000000000227e-01	7.583739655360398402e+00
9.791999999999999593e-01	6.792337702992485404e+00
9.828000000000000069e-01	6.535165225861469196e+00
9.864000000000000545e-01	7.311032945045614184e+00
9.899999999999999911e-01	7.030915142542827567e+00
9.936000000000000387e-01	6.603775193719235936e+00
9.971999999999999753e-01	7.375430436477410368e+00
1.000799999999999912e+00	6.782424311100536229e+00
1.004399999999999959e+00	7.176473584399084338e+00
1.008000000000000007e+00	7.595335498813445163e+00
1.011600000000000055e+00	7.675396644449522299e+00
1.015200000000000102e+00	8.298147276762890101e+00
1.018799999999999928e+00	7.159280631117894700e+00
1.022399999999999975e+00	7.790339644501389493e+00
1.026100000000000012e+00	7.821994741571997700e+00
1.029700000000000060e+00	8.290761131312972765e+00
1.033300000000000107e+00	8.107756482983074164e+00
1.036899999999999933e+00	7.820773448157147811e+00
1.040499999999999980e+00	8.009897278730486292e+00
1.044100000000000028e+00	7.315328667490275549e+00
1.047700000000000076e+00	7.668376699493747672e+00
1.051299999999999901e+00	7.976321145346279451e+00
1.054899999999999949e+00	7.418264388721772740e+00
1.058499999999999996e+00	7.198073380059236470e+00
1.062100000000000044e+00	7.493951958170323557e+00
1.065700000000000092e+00	7.825483820510661381e+00
1.069299999999999917e+00	7.872439558410341931e+00
1.072899999999999965e+00	7.268559502583479492e+00
1.076600000000000001e+00	8.024548743434149145e+00
1.080200000000000049e+00	7.479290580933130705e+00
1.083800000000000097e+00	7.904802683976732247e+00
1.087399999999999922e+00	9.393132655214813553e+00
1.090999999999999970e+00	1.027635211609504573e+01
1.094600000000000017e+00	1.150064212198526370e+01
1.098200000000000065e+00	1.194925243461241671e+01
1.101799999999999891e+00	1.264643608747383396e+01
1.105399999999999938e+00	1.278903249087473526e+01
1.108999999999999986e+00	1.219012160781710286e+01
1.112600000000000033e+00	1.119200831314400624e+01
1.116200000000000081e+00	9.947028933771232317e+00
1.119799999999999907e+00	9.462363718371344490e+00
1.123399999999999954e+00	8.815530952194208680e+00
1.127099999999999991e+00	9.456010207721963212e+00
1.130700000000000038e+00	8.271134549765779553e+00
1.134300000000000086e+00	8.135397181276985634e+00
1.137899999999999912e+00	8.206980730338285568e+00
1.141499999999999959e+00	9.050422578879743440e+00
1.145100000000000007e+00	1.055680484889425408e+01
1.148700000000000054e+00	1.136304775916024923e+01
1.152300000000000102e+00	1.272123638247649247e+01
1.155899999999999928e+00	1.424613186346910076e+01
1.159499999999999975e+00	1.509734883999696287e+01
1.163100000000000023e+00	1.435426259490526668e+01
1.166700000000000070e+00	1.432519367846637337e+01
1.170299999999999896e+00	1.272571500909210407e+01
1.173899999999999944e+00	1.149316810796564425e+01
1.177599999999999980e+00	1.143181384575227710e+01
1.181200000000000028e+00	1.106132771557713212e+01
1.184800000000000075e+00	1.126158660194911398e+01
1.188399999999999901e+00	1.234702141441243306e+01
1.191999999999999948e+00	1.290806043511650536e+01
1.195599999999999996e+00	1.292464713200165605e+01
1.199200000000000044e+00	1.302942825297792773e+01
1.202800000000000091e+00	1.408908468512416867e+01
1.206399999999999917e+00	1.402868175711897969e+01
1.209999999999999964e+00	1.437876992260231290e+01
1.213600000000000012e+00	1.389637563770744322e+01
1.217200000000000060e+00	1.454086821123932793e+01
1.220800000000000107e+00	1.370780731629983151e+01
1.224399999999999933e+00	1.484818337821526768e+01
1.228099999999999969e+00	1.425526628781569727e+01
1.231700000000000017e+00	1.296401797091156283e+01
1.235300000000000065e+00	1.389522537622865173e+01
1.238899999999999890e+00	1.368967244533746275e+01
1.242499999999999938e+00	1.438705924324443863e+01
1.246099999999999985e+00	1.363049063980579767e+01
1.249700000000000033e+00	1.378546497784895131e+01
1.253300000000000081e+00	1.414190856292800547e+01
1.256899999999999906e+00	1.374689541709242135e+01
1.260499999999999954e+00	1.430941090728801512e+01
1.264100000000000001e+00	1.478642517834824410e+01
1.267700000000000049e+00	1.442867237547004144e+01
1.271300000000000097e+00	1.384113497524801950e+01
1.274899999999999922e+00	1.445409324856281330e+01
1.278599999999999959e+00	1.413398241264140687e+01
1.282200000000000006e+00	1.464628124447750857e+01
1.285800000000000054e+00	1.383093695633667686e+01
1.289400000000000102e+00	1.423802134087811133e+01
1.292999999999999927e+00	1.403897609969118143e+01
1.296599999999999975e+00	1.377038222782926802e+01
1.300200000000000022e+00	1.503036401974781455e+01
1.303800000000000070e+00	1.459063804154896538e+01
1.307399999999999896e+00	1.511182979004925997e+01
1.310999999999999943e+00	1.522410316179939471e+01
1.314599999999999991e+00	1.537508654073995373e+01
1.318200000000000038e+00	1.478383158869781688e+01
1.321800000000000086e+00	1.580604451219257456e+01
1.325499999999999901e+00	1.516120431452457495e+01
1.329099999999999948e+00	1.570489772518944172e+01
1.332699999999999996e+00	1.631997860163119896e+01
1.336300000000000043e+00	1.722704539497069121e+01
1.339900000000000091e+00	1.742738113268913125e+01
1.343499999999999917e+00	1.694659867852260859e+01
1.347099999999999964e+00	1.717518147882791979e+01
1.350700000000000012e+00	1.741970356949619969e+01
1.354300000000000059e+00	1.708724105248965941e+01
1.357900000000000107e+00	1.726846595863895573e+01
1.361499999999999932e+00	1.750248905847599090e+01
1.365099999999999980e+00	1.781686866925903345e+01
1.368700000000000028e+00	1.895095670352753459e+01
1.372300000000000075e+00	1.802289090608332600e+01
1.375999999999999890e+00	1.822346902826549808e+01
1.379599999999999937e+00	1.894606752333963584e+01
1.383199999999999985e+00	1.935586336524564999e+01
1.386800000000000033e+00	1.971310420566197763e+01
1.390400000000000080e+00	1.967328675100488411e+01
1.393999999999999906e+00	2.044955299337915378e+01
1.397599999999999953e+00	2.022865552576767101e+01
1.401200000000000001e+00	2.108454281576266354e+01
1.404800000000000049e+00	2.186112956751548708e+01
1.408400000000000096e+00	2.197740401385154385e+01
1.411999999999999922e+00	2.191951029863500722e+01
1.415599999999999969e+00	2.224970834996670277e+01
1.419200000000000017e+00	2.222436395177842172e+01
1.422800000000000065e+00	2.135774098320392156e+01
1.426500000000000101e+00	2.074409696822019811e+01
1.430099999999999927e+00	2.022652122462835678e+01
1.433699999999999974e+00	2.000993396402378011e+01
1.437300000000000022e+00	2.024383989581941634e+01
1.440900000000000070e+00	2.003235454260318704e+01
1.444499999999999895e+00	2.083902937232672770e+01
1.448099999999999943e+00	2.049114010221134308e+01
1.451699999999999990e+00	2.031730991271495057e+01
1.455300000000000038e+00	2.093448913601407568e+01
1.458900000000000086e+00	2.100445148709329501e+01
1.462499999999999911e+00	2.212956034389251769e+01
1.466099999999999959e+00	2.240094456488114361e+01
1.469700000000000006e+00	2.325870827814448205e+01
1.473300000000000054e+00	2.370312829298496382e+01
1.477000000000000091e+00	2.385450805610041414e+01
1.480599999999999916e+00	2.457472994303514824e+01
1.484199999999999964e+00	2.470010334418610043e+01
1.487800000000000011e+00	2.408516230578750594e+01
1.491400000000000059e+00	2.473311948663238624e+01
1.495000000000000107e+00	2.601070594028334426e+01
1.498599999999999932e+00	2.584619747538405932e+01
1.502199999999999980e+00	2.576556861780964525e+01
1.505800000000000027e+00	2.618721218833019293e+01
1.509400000000000075e+00	2.582603378050927745e+01
1.512999999999999901e+00	2.639988991565443044e+01
1.516599999999999948e+00	2.737190221533795409e+01
1.520199999999999996e+00	2.686417840854955230e+01
1.523800000000000043e+00	2.655882938690854189e+01
1.527500000000000080e+00	2.726946419819207179e+01
1.531099999999999905e+00	2.703574519046514268e+01
1.534699999999999953e+00	2.705619803470950657e+01
1.538300000000000001e+00	2.710067751739003228e+01
1.541900000000000048e+00	2.747041215296840022e+01
1.545500000000000096e+00	2.877049530231519370e+01
1.549099999999999921e+00	2.877995492122505539e+01
1.552699999999999969e+00	2.933857281592414878e+01
1.556300000000000017e+00	2.877075642049074489e+01
1.559900000000000064e+00	2.945995394669197154e+01
1.563499999999999890e+00	2.919488684221524011e+01
1.567099999999999937e+00	2.989632895866821372e+01
1.570699999999999985e+00	3.015330078451719231e+01
1.574300000000000033e+00	3.006812749275600893e+01
1.578000000000000069e+00	3.098855289468177432e+01
1.581599999999999895e+00	3.018357658939723009e+01
1.585199999999999942e+00	2.996370723301996719e+01
1.588799999999999990e+00	3.098615053703078459e+01
1.592400000000000038e+00	3.119929202429316462e+01
1.596000000000000085e+00	3.160757338094111901e+01
1.599599999999999911e+00	3.299716101850482630e+01
1.603199999999999958e+00	3.308995356700970092e+01
1.606800000000000006e+00	3.416283072277539645e+01
1.610400000000000054e+00	3.477673883493928031e+01
1.614000000000000101e+00	3.591985525233354792e+01
1.617599999999999927e+00	3.529948132491315960e+01
1.621199999999999974e+00	3.596747786118508827e+01
1.624800000000000022e+00	3.640656107335350811e+01
1.628500000000000059e+00	3.591055553627479213e+01
1.632100000000000106e+00	3.564148471786371175e+01
1.635699999999999932e+00	3.588695773546840684e+01
1.639299999999999979e+00	3.401382522692396293e+01
1.642900000000000027e+00	3.558768405131831969e+01
1.646500000000000075e+00	3.513109510829612958e+01
1.650099999999999900e+00	3.723215018389467446e+01
1.653699999999999948e+00	3.901900779777287198e+01
1.657299999999999995e+00	4.309848594592799742e+01
1.660900000000000043e+00	4.674488471383556032e+01
1.664500000000000091e+00	4.996512208008854827e+01
1.668099999999999916e+00	5.229518203230807671e+01
1.671699999999999964e+00	5.152277861368629885e+01
1.675400000000000000e+00	4.935644172152080245e+01
1.679000000000000048e+00	4.679935445292128549e+01
1.682600000000000096e+00	4.275796519483774460e+01
1.686199999999999921e+00	3.900012812302188792e+01
1.689799999999999969e+00	3.848787256624622444e+01
1.693400000000000016e+00	3.880273461762789111e+01
1.697000000000000064e+00	4.228563059739282437e+01
1.700599999999999890e+00	4.744744359549772383e+01
1.704199999999999937e+00	5.288468782330027551e+01
1.707799999999999985e+00	5.976503083262394966e+01
1.711400000000000032e+00	6.543845816140361649e+01
1.715000000000000080e+00	6.825123749384677296e+01
1.718599999999999905e+00	6.681300297582804149e+01
1.722199999999999953e+00	6.249223657143231492e+01
1.725899999999999990e+00	5.748177139799999935e+01
1.729500000000000037e+00	5.140437236114418340e+01
1.733100000000000085e+00	4.827346800094774437e+01
1.736699999999999910e+00	4.670517299668983213e+01
1.740299999999999958e+00	4.608766235129473188e+01
1.743900000000000006e+00	4.809012786984817467e+01
1.747500000000000053e+00	5.010907706842551335e+01
1.751100000000000101e+00	5.252727822670499336e+01
1.754699999999999926e+00	5.404531064076701341e+01
1.758299999999999974e+00	5.541098455714756454e+01
1.761900000000000022e+00	5.614196006453011023e+01
1.765500000000000069e+00	5.696853207548826248e+01
1.769099999999999895e+00	5.593705783795986974e+01
1.772699999999999942e+00	5.473075766533771969e+01
1.776399999999999979e+00	5.240017096880649916e+01
1.780000000000000027e+00	4.993751726501374577e+01
1.783600000000000074e+00	4.790513831268302170e+01
1.787199999999999900e+00	4.766022465561871257e+01
1.790799999999999947e+00	4.868823483534394825e+01
1.794399999999999995e+00	5.011407828098445094e+01
1.798000000000000043e+00	5.492423745867914420e+01
1.801600000000000090e+00	5.833012738872960767e+01
1.805199999999999916e+00	6.281331543547361207e+01
1.808799999999999963e+00	6.545893080362509409e+01
1.812400000000000011e+00	6.756978083720640882e+01
1.816000000000000059e+00	6.800708339951779635e+01
1.819600000000000106e+00	6.566508348598900113e+01
1.823199999999999932e+00	6.188671359452987986e+01
1.826899999999999968e+00	5.644533748440020560e+01
1.830500000000000016e+00	5.038478094593950374e+01
1.834100000000000064e+00	4.668466083695881963e+01
1.837699999999999889e+00	4.512702499346873708e+01
1.841299999999999937e+00	4.509412661198530969e+01
1.844899999999999984e+00	4.753209792189714733e+01
1.848500000000000032e+00	4.867659870556639135e+01
1.852100000000000080e+00	4.933162380893099908e+01
1.855699999999999905e+00	4.943570894531745807e+01
1.859299999999999953e+00	4.881459681228484015e+01
1.862900000000000000e+00	4.771956130811287267e+01
1.866500000000000048e+00	4.598467466794042480e+01
1.870100000000000096e+00	4.561567059416376679e+01
1.873699999999999921e+00	4.438755242329774120e+01
1.877399999999999958e+00	4.369615591899287921e+01
1.881000000000000005e+00	4.261148437194898975e+01
1.884600000000000053e+00	4.133376275983790293e+01
1.888200000000000101e+00	3.946035607360492747e+01
1.891799999999999926e+00	3.999930705913386220e+01
1.895399999999999974e+00	4.438032339897717549e+01
1.899000000000000021e+00	4.975932883334758117e+01
1.902600000000000069e+00	5.747374685209103973e+01
1.906199999999999894e+00	6.282386922467129153e+01
1.909799999999999942e+00	6.649881613465097985e+01
1.913399999999999990e+00	6.298692441497989591e+01
1.917000000000000037e+00	5.607659607916836109e+01
1.920600000000000085e+00	4.796288605162298069e+01
1.924199999999999910e+00	4.144424143155583806e+01
1.927899999999999947e+00	3.682767057729049753e+01
1.931499999999999995e+00	3.632723610094864597e+01
1.935100000000000042e+00	3.760904200626608684e+01
1.938700000000000090e+00	4.006464872492916385e+01
1.942299999999999915e+00	4.194634284408452629e+01
1.945899999999999963e+00	4.416162674085757800e+01
1.949500000000000011e+00	4.380429160955214485e+01
1.953100000000000058e+00	4.365581842733907081e+01
1.956700000000000106e+00	4.214050450036057782e+01
1.960299999999999931e+00	4.000289631373506438e+01
1.963899999999999979e+00	3.735815724420687189e+01
1.967500000000000027e+00	3.519929687085667780e+01
1.971100000000000074e+00	3.276798849163186844e+01
1.974699999999999900e+00	3.157507790034251371e+01
1.978399999999999936e+00	3.163646396595580157e+01
1.981999999999999984e+00	3.032058844929964536e+01
1.985600000000000032e+00	3.160395186266349299e+01
1.989200000000000079e+00	3.203101504890219076e+01
1.992799999999999905e+00	3.290370070592195617e+01
1.996399999999999952e+00	3.383961653036163142e+01
2.000000000000000000e+00	3.564866051313798323e+01
