2.000000000000000111e-01	1.244917556065475023e-01
2.036000000000000032e-01	1.771472297710661170e-01
2.071999999999999953e-01	6.177987377287612603e-01
2.107999999999999874e-01	1.323272963485633280e+00
2.144000000000000072e-01	1.933085980765563594e+00
2.179999999999999993e-01	1.557819310776891175e+00
2.215999999999999914e-01	2.291993659588049237e+00
2.253000000000000003e-01	2.446227409243063367e+00
2.288999999999999924e-01	2.928712419184651417e+00
2.325000000000000122e-01	3.137161751220801431e+00
2.361000000000000043e-01	3.213293901555281717e+00
2.396999999999999964e-01	3.100857335135844828e+00
2.432999999999999885e-01	2.784554637410864952e+00
2.469000000000000083e-01	2.283536664944382011e+00
2.505000000000000004e-01	1.739365250978875066e+00
2.540999999999999925e-01	1.409100848383592286e+00
2.576999999999999846e-01	1.127676143222879457e+00
2.612999999999999767e-01	9.764882849663861775e-01
2.649000000000000243e-01	8.285415296419548215e-01
2.685000000000000164e-01	4.386580269642391672e-01
2.721000000000000085e-01	1.260691515954340147e+00
2.757999999999999896e-01	1.457020687810677284e+00
2.793999999999999817e-01	2.103331052973585802e+00
2.829999999999999738e-01	2.340840972156484234e+00
2.866000000000000214e-01	3.368258759754076515e+00
2.902000000000000135e-01	3.514247062630581286e+00
2.938000000000000056e-01	3.825964369018357569e+00
2.973999999999999977e-01	3.970401522093818691e+00
3.009999999999999898e-01	4.236830630807784104e+00
3.045999999999999819e-01	4.063210399224512770e+00
3.081999999999999740e-01	3.329293422873625286e+00
3.118000000000000216e-01	2.883376400537454032e+00
3.154000000000000137e-01	2.233407468607631063e+00
3.190000000000000058e-01	1.601702411833688000e+00
3.225999999999999979e-01	1.229260055963198095e+00
3.262999999999999790e-01	1.072849033381470640e+00
3.299000000000000266e-01	7.363766339108044345e-01
3.335000000000000187e-01	4.532388121989376351e-01
3.371000000000000107e-01	8.773447648439627322e-01
3.407000000000000028e-01	1.337279062908280691e+00
3.442999999999999949e-01	1.798786914670847281e+00
3.478999999999999870e-01	2.104268260554913006e+00
3.514999999999999791e-01	2.726895228528042558e+00
3.551000000000000267e-01	3.039381307572218027e+00
3.587000000000000188e-01	3.096411769163119665e+00
3.623000000000000109e-01	3.629612226179986578e+00
3.659000000000000030e-01	3.445963721758662057e+00
3.694999999999999951e-01	3.388979300215500867e+00
3.730999999999999872e-01	2.910433028203955885e+00
3.768000000000000238e-01	2.955234142194396618e+00
3.804000000000000159e-01	2.044632874130255296e+00
3.840000000000000080e-01	1.838235174051252585e+00
3.876000000000000001e-01	1.260649267079329450e+00
3.911999999999999922e-01	9.001208995476568386e-01
3.947999999999999843e-01	7.023678304035889663e-01
3.983999999999999764e-01	8.855614196988602638e-01
4.020000000000000240e-01	1.041624476445850878e+00
4.056000000000000161e-01	1.880044327147365690e+00
4.092000000000000082e-01	2.078858379789955357e+00
4.128000000000000003e-01	2.334279099445584205e+00
4.163999999999999924e-01	2.367368270159599497e+00
4.199999999999999845e-01	3.059171648215663009e+00
4.235999999999999766e-01	2.790620423058632671e+00
4.273000000000000131e-01	3.597203640165102634e+00
4.309000000000000052e-01	3.289021754644871010e+00
4.344999999999999973e-01	3.284317319484395092e+00
4.380999999999999894e-01	2.379620610434135752e+00
4.416999999999999815e-01	2.313173393018360446e+00
4.452999999999999736e-01	1.771441214093476324e+00
4.489000000000000212e-01	1.453049907046576550e+00
4.525000000000000133e-01	8.455957631644109851e-01
4.561000000000000054e-01	2.021662903012574619e-01
4.596999999999999975e-01	-6.377319359493062445e-02
4.632999999999999896e-01	1.752546080507150217e-02
4.668999999999999817e-01	-5.798485739801577665e-01
4.704999999999999738e-01	1.673242973750734275e-01
4.741000000000000214e-01	3.074993950173857682e-01
4.778000000000000025e-01	8.382004696338696270e-01
4.813999999999999946e-01	1.026682098955125300e+00
4.849999999999999867e-01	1.324229766121464147e+00
4.885999999999999788e-01	1.705010827360669001e+00
4.922000000000000264e-01	2.334938345565633178e+00
4.958000000000000185e-01	1.979332763637288162e+00
4.994000000000000106e-01	1.943993331941920477e+00
5.030000000000000027e-01	1.692555185314730037e+00
5.066000000000000503e-01	1.041472076895291643e+00
5.101999999999999869e-01	4.820537754152472987e-01
5.138000000000000345e-01	-3.795913133833472841e-02
5.173999999999999710e-01	-5.811909371650846312e-01
5.210000000000000187e-01	-1.464584176395425485e+00
5.245999999999999552e-01	-1.370405002073161072e+00
5.282999999999999918e-01	-1.914791083600446697e+00
5.319000000000000394e-01	-1.311750585249429335e+00
5.354999999999999760e-01	-1.181938245088715256e+00
5.391000000000000236e-01	-7.791268031376588077e-01
5.426999999999999602e-01	-2.510502284440256915e-01
5.463000000000000078e-01	7.328294007787520270e-01
5.499000000000000554e-01	8.335363157895211428e-01
5.534999999999999920e-01	1.697713459654065726e+00
5.571000000000000396e-01	1.831131997235094566e+00
5.606999999999999762e-01	2.157782821038578103e+00
5.643000000000000238e-01	2.361359362307289267e+00
5.678999999999999604e-01	2.107154969121398658e+00
5.715000000000000080e-01	1.634888485927939783e+00
5.752000000000000446e-01	1.426452867571125660e+00
5.787999999999999812e-01	1.067425771499149079e+00
5.824000000000000288e-01	3.599666156656657900e-01
5.859999999999999654e-01	5.030930706272667141e-01
5.896000000000000130e-01	3.956027223937185755e-01
5.931999999999999496e-01	6.791633507152852189e-01
5.967999999999999972e-01	1.199146985782468811e+00
6.004000000000000448e-01	1.261727626706849348e+00
6.039999999999999813e-01	1.761744391933999232e+00
6.076000000000000290e-01	2.836131142410508676e+00
6.111999999999999655e-01	3.065114152285155047e+00
6.148000000000000131e-01	3.745484665953323411e+00
6.183999999999999497e-01	3.935648113454420560e+00
6.219999999999999973e-01	4.144883745878464865e+00
6.257000000000000339e-01	3.707619626485539666e+00
6.292999999999999705e-01	4.040087845346086226e+00
6.329000000000000181e-01	3.750837117146510913e+00
6.364999999999999547e-01	3.129163785356614991e+00
6.401000000000000023e-01	2.860857164877468772e+00
6.437000000000000499e-01	2.897803031052633038e+00
6.472999999999999865e-01	2.864749794096749458e+00
6.509000000000000341e-01	2.236744482138260715e+00
6.544999999999999707e-01	2.014028521130200033e+00
6.581000000000000183e-01	2.916443550942411811e+00
6.616999999999999549e-01	2.809971590068258696e+00
6.653000000000000025e-01	3.621313804451175677e+00
6.689000000000000501e-01	3.658459419004750135e+00
6.724999999999999867e-01	4.297847123540145198e+00
6.762000000000000233e-01	4.851896943339597534e+00
6.797999999999999599e-01	5.494772510143286937e+00
6.834000000000000075e-01	5.111365424354691100e+00
6.870000000000000551e-01	5.643550951220498213e+00
6.905999999999999917e-01	5.496824927577192987e+00
6.942000000000000393e-01	5.582977287488045448e+00
6.977999999999999758e-01	5.759588952607186840e+00
7.014000000000000234e-01	5.806698191782337481e+00
7.049999999999999600e-01	4.893086989219892047e+00
7.086000000000000076e-01	4.765378301959864338e+00
7.122000000000000552e-01	4.382753030192870547e+00
7.157999999999999918e-01	4.260168231034477948e+00
7.194000000000000394e-01	4.364244636718161985e+00
7.229999999999999760e-01	4.685417127779705204e+00
7.267000000000000126e-01	4.637779884755960147e+00
7.302999999999999492e-01	4.840929672966463038e+00
7.338999999999999968e-01	5.377112226297128927e+00
7.375000000000000444e-01	5.793682596523534123e+00
7.410999999999999810e-01	6.214983843458784740e+00
7.447000000000000286e-01	6.592603736680533899e+00
7.482999999999999652e-01	6.932530875782710211e+00
7.519000000000000128e-01	7.100014577237526048e+00
7.554999999999999494e-01	7.052018436711730232e+00
7.590999999999999970e-01	7.389000122170581442e+00
7.627000000000000446e-01	6.871046480868632678e+00
7.662999999999999812e-01	6.710954780730178371e+00
7.699000000000000288e-01	6.409807553602297148e+00
7.734999999999999654e-01	6.227646142203010271e+00
7.772000000000000020e-01	6.666909242017896808e+00
7.808000000000000496e-01	6.177846160680435794e+00
7.843999999999999861e-01	6.363276729434469203e+00
7.880000000000000338e-01	6.036490477200571192e+00
7.915999999999999703e-01	6.384028601559007754e+00
7.952000000000000179e-01	5.759330253276391254e+00
7.987999999999999545e-01	5.986909552370492271e+00
8.024000000000000021e-01	6.533052712154666430e+00
8.060000000000000497e-01	6.290579248382168309e+00
8.095999999999999863e-01	6.923759657537162049e+00
8.132000000000000339e-01	6.966279204103511091e+00
8.167999999999999705e-01	6.698429707073476180e+00
8.204000000000000181e-01	6.787674901948413719e+00
8.239999999999999547e-01	6.837095692048022144e+00
8.276999999999999913e-01	6.282978116099650734e+00
8.313000000000000389e-01	6.649190812017947039e+00
8.348999999999999755e-01	6.184496385628148296e+00
8.385000000000000231e-01	5.704515948994703045e+00
8.420999999999999597e-01	6.045789344876484783e+00
8.457000000000000073e-01	6.155498279598588418e+00
8.493000000000000549e-01	6.057094430689526021e+00
8.528999999999999915e-01	5.778309375569857131e+00
8.565000000000000391e-01	5.924815913260042421e+00
8.600999999999999757e-01	6.226444507680316320e+00
8.637000000000000233e-01	5.743596562779860193e+00
8.672999999999999599e-01	6.221391063752698791e+00
8.709000000000000075e-01	6.355707450643139467e+00
8.745000000000000551e-01	6.489733675640376731e+00
8.781999999999999806e-01	6.399667623134315697e+00
8.818000000000000282e-01	6.244836478032919302e+00
8.853999999999999648e-01	6.562247529604679386e+00
8.890000000000000124e-01	6.466368735794603140e+00
8.925999999999999490e-01	6.639173636084023222e+00
8.961999999999999966e-01	6.709949922903692965e+00
8.998000000000000442e-01	6.877969456321152641e+00
9.033999999999999808e-01	6.465879361750920040e+00
9.070000000000000284e-01	6.666747895528344792e+00
9.105999999999999650e-01	6.154118659348047693e+00
9.142000000000000126e-01	5.614771691452496327e+00
9.177999999999999492e-01	5.557364546013078055e+00
9.213999999999999968e-01	5.434291409544393048e+00
9.251000000000000334e-01	5.597561219279922007e+00
9.286999999999999700e-01	5.785429480499468369e+00
9.323000000000000176e-01	6.322595163615297054e+00
9.358999999999999542e-01	6.027345804641455196e+00
9.395000000000000018e-01	6.512888840093707721e+00
9.431000000000000494e-01	6.710973518522283854e+00
9.466999999999999860e-01	6.635160920708759846e+00
9.503000000000000336e-01	6.704808281481629884e+00
9.538999999999999702e-01	7.391960992146556997e+00
9.575000000000000178e-01	7.004806174243735306e+00
9.610999999999999543e-01	7.509701579385507308e+00
9.647000000000000020e-01	7.246786839614307141e+00
9.683000000000000496e-01	7.319774709379019306e+00
9.718999999999999861e-01	6.982216858693272243e+00
9.756000000000000227e-01	6.728888610172725215e+00
9.791999999999999593e-01	6.743970400987599589e+00
9.828000000000000069e-01	6.811044296196326009e+00
9.864000000000000545e-01	6.580747684919158402e+00
9.899999999999999911e-01	6.563753927983149161e+00
9.936000000000000387e-01	6.855231766503623092e+00
9.971999999999999753e-01	6.888884291817115368e+00
1.000799999999999912e+00	6.756558457159753672e+00
1.004399999999999959e+00	6.853917794993948931e+00
1.008000000000000007e+00	6.879899548237349727e+00
1.011600000000000055e+00	7.120567317629715731e+00
1.015200000000000102e+00	7.431928432685972474e+00
1.018799999999999928e+00	7.300117075690859991e+00
1.022399999999999975e+00	7.347103425687062206e+00
1.026100000000000012e+00	7.858330299214956405e+00
1.029700000000000060e+00	8.064009367452602106e+00
1.033300000000000107e+00	7.968182542119222944e+00
1.036899999999999933e+00	7.522119332244348477e+00
1.040499999999999980e+00	7.725767798824087151e+00
1.044100000000000028e+00	7.182229994050188360e+00
1.047700000000000076e+00	7.495344658584984110e+00
1.051299999999999901e+00	7.291979546545841906e+00
1.054899999999999949e+00	7.343614393059635148e+00
1.058499999999999996e+00	7.790137502697064065e+00
1.062100000000000044e+00	7.936936784162522684e+00
1.065700000000000092e+00	7.845582138131923067e+00
1.069299999999999917e+00	8.127516498418312807e+00
1.072899999999999965e+00	7.832974035010746405e+00
1.076600000000000001e+00	7.833174772832904864e+00
1.080200000000000049e+00	8.129917806598003338e+00
1.083800000000000097e+00	8.147475597313988516e+00
1.087399999999999922e+00	8.541707353301990935e+00
1.090999999999999970e+00	8.955412956944890368e+00
1.094600000000000017e+00	9.091940081414328745e+00
1.098200000000000065e+00	9.409603214967072304e+00
1.101799999999999891e+00	9.402217050777265328e+00
1.105399999999999938e+00	9.602527106372994226e+00
1.108999999999999986e+00	8.919168070737736542e+00
1.112600000000000033e+00	8.819268161415360296e+00
1.116200000000000081e+00	8.910777484304052365e+00
1.119799999999999907e+00	8.142392648337676064e+00
1.123399999999999954e+00	7.989778116688209586e+00
1.127099999999999991e+00	7.614021392254751497e+00
1.130700000000000038e+00	8.018539819841008054e+00
1.134300000000000086e+00	7.636907242528909734e+00
1.137899999999999912e+00	8.495624163339682511e+00
1.141499999999999959e+00	8.928792511177304547e+00
1.145100000000000007e+00	8.861101192635080892e+00
1.148700000000000054e+00	9.668883865921285903e+00
1.152300000000000102e+00	1.003991028609899061e+01
1.155899999999999928e+00	9.868614347178985113e+00
1.159499999999999975e+00	1.014024632825834260e+01
1.163100000000000023e+00	1.006426245381819307e+01
1.166700000000000070e+00	1.005900878028957557e+01
1.170299999999999896e+00	9.515867437482551594e+00
1.173899999999999944e+00	9.301990344169606573e+00
1.177599999999999980e+00	9.133110172019877737e+00
1.181200000000000028e+00	8.746359358894274294e+00
1.184800000000000075e+00	8.740888342311938786e+00
1.188399999999999901e+00	9.155728454669356253e+00
1.191999999999999948e+00	9.465681848831911438e+00
1.195599999999999996e+00	9.509045777075312955e+00
1.199200000000000044e+00	9.672006440662993754e+00
1.202800000000000091e+00	9.910126292337082532e+00
1.206399999999999917e+00	1.028956217644598148e+01
1.209999999999999964e+00	1.034006561297114857e+01
1.213600000000000012e+00	1.084363713587657152e+01
1.217200000000000060e+00	1.095627394753036121e+01
1.220800000000000107e+00	1.196965130763486940e+01
1.224399999999999933e+00	1.130419548998385615e+01
1.228099999999999969e+00	1.168353737017251426e+01
1.231700000000000017e+00	1.156453905319694897e+01
1.235300000000000065e+00	1.107196539988882300e+01
1.238899999999999890e+00	1.126815618443739275e+01
1.242499999999999938e+00	1.103320685401327950e+01
1.246099999999999985e+00	1.105562329180371428e+01
1.249700000000000033e+00	1.099347440724421965e+01
1.253300000000000081e+00	1.118617338939885286e+01
1.256899999999999906e+00	1.143921584972956929e+01
1.260499999999999954e+00	1.170100472623171584e+01
1.264100000000000001e+00	1.226565459294556781e+01
1.267700000000000049e+00	1.222085658330088442e+01
1.271300000000000097e+00	1.319960866399892296e+01
1.274899999999999922e+00	1.314316985179075203e+01
1.278599999999999959e+00	1.328227009895488031e+01
1.282200000000000006e+00	1.358555585793144616e+01
1.285800000000000054e+00	1.350431857637871325e+01
1.289400000000000102e+00	1.309929640693159847e+01
1.292999999999999927e+00	1.293333216723726586e+01
1.296599999999999975e+00	1.297209749749154994e+01
1.300200000000000022e+00	1.349522443620654144e+01
1.303800000000000070e+00	1.361975785333831546e+01
1.307399999999999896e+00	1.370779806339347573e+01
1.310999999999999943e+00	1.377519974586244267e+01
1.314599999999999991e+00	1.349497281877144061e+01
1.318200000000000038e+00	1.334633729755171849e+01
1.321800000000000086e+00	1.300389343597239389e+01
1.325499999999999901e+00	1.308456532217302914e+01
1.329099999999999948e+00	1.368119168500018645e+01
1.332699999999999996e+00	1.358431743949164172e+01
1.336300000000000043e+00	1.392844860366662907e+01
1.339900000000000091e+00	1.329288318405741443e+01
1.343499999999999917e+00	1.347983518664597646e+01
1.347099999999999964e+00	1.363781604336613995e+01
1.350700000000000012e+00	1.295782068005616416e+01
1.354300000000000059e+00	1.295999062204304941e+01
1.357900000000000107e+00	1.292955207420214947e+01
1.361499999999999932e+00	1.271958890547064058e+01
1.365099999999999980e+00	1.286766629034106302e+01
1.368700000000000028e+00	1.264505411064322260e+01
1.372300000000000075e+00	1.272738777552365796e+01
1.375999999999999890e+00	1.289054334150865344e+01
1.379599999999999937e+00	1.286204678751576758e+01
1.383199999999999985e+00	1.253379426028774901e+01
1.386800000000000033e+00	1.279562391387061204e+01
1.390400000000000080e+00	1.267701358116426213e+01
1.393999999999999906e+00	1.271181647106764245e+01
1.397599999999999953e+00	1.299833084870376254e+01
1.401200000000000001e+00	1.314369604721298934e+01
1.404800000000000049e+00	1.381051933742405602e+01
1.408400000000000096e+00	1.373190845278188021e+01
1.411999999999999922e+00	1.424362860853151425e+01
1.415599999999999969e+00	1.437284515685963093e+01
1.419200000000000017e+00	1.423921099926817035e+01
1.422800000000000065e+00	1.373893839861329802e+01
1.426500000000000101e+00	1.317919055410311557e+01
1.430099999999999927e+00	1.319016662082762892e+01
1.433699999999999974e+00	1.280461346849593873e+01
1.437300000000000022e+00	1.270282185916901696e+01
1.440900000000000070e+00	1.268485853621636039e+01
1.444499999999999895e+00	1.281316695640599335e+01
1.448099999999999943e+00	1.283614119201184600e+01
1.451699999999999990e+00	1.273679854300765513e+01
1.455300000000000038e+00	1.302118143617474821e+01
1.458900000000000086e+00	1.321920824840491271e+01
1.462499999999999911e+00	1.320632618898587296e+01
1.466099999999999959e+00	1.332292809147773660e+01
1.469700000000000006e+00	1.390513543308596844e+01
1.473300000000000054e+00	1.397570778906973565e+01
1.477000000000000091e+00	1.412164442800082220e+01
1.480599999999999916e+00	1.420412059739584620e+01
1.484199999999999964e+00	1.388670017786829014e+01
1.487800000000000011e+00	1.375839988260012703e+01
1.491400000000000059e+00	1.372910582591617867e+01
1.495000000000000107e+00	1.432093559004030148e+01
1.498599999999999932e+00	1.428864954116819419e+01
1.502199999999999980e+00	1.447593138136154067e+01
1.505800000000000027e+00	1.460047352105802787e+01
1.509400000000000075e+00	1.429737092375198593e+01
1.512999999999999901e+00	1.467593399797792841e+01
1.516599999999999948e+00	1.455724028159539607e+01
1.520199999999999996e+00	1.443451906854207856e+01
1.523800000000000043e+00	1.489434426258581112e+01
1.527500000000000080e+00	1.448334785856640572e+01
1.531099999999999905e+00	1.484319561488236694e+01
1.534699999999999953e+00	1.464161914030233902e+01
1.538300000000000001e+00	1.505463451344592762e+01
1.541900000000000048e+00	1.511589965584801831e+01
1.545500000000000096e+00	1.547061745862223781e+01
1.549099999999999921e+00	1.599470969502319306e+01
1.552699999999999969e+00	1.550880764558651670e+01
1.556300000000000017e+00	1.573652995495403673e+01
1.559900000000000064e+00	1.564431524482425573e+01
1.563499999999999890e+00	1.558609758918958654e+01
1.567099999999999937e+00	1.527890718965807615e+01
1.570699999999999985e+00	1.555851408654716828e+01
1.574300000000000033e+00	1.589621678793085557e+01
1.578000000000000069e+00	1.615776549608861501e+01
1.581599999999999895e+00	1.664052777066736510e+01
1.585199999999999942e+00	1.747853169841859255e+01
1.588799999999999990e+00	1.824071647298254462e+01
1.592400000000000038e+00	1.855030602914990112e+01
1.596000000000000085e+00	1.918251854275960611e+01
1.599599999999999911e+00	1.944597957214815409e+01
1.603199999999999958e+00	1.973293170411667319e+01
1.606800000000000006e+00	1.915828102309343706e+01
1.610400000000000054e+00	1.934321060577358153e+01
1.614000000000000101e+00	1.939138373424705719e+01
1.617599999999999927e+00	2.012003710317289773e+01
1.621199999999999974e+00	2.017673369000717187e+01
1.624800000000000022e+00	2.064510399146753628e+01
1.628500000000000059e+00	2.070706611411181441e+01
1.632100000000000106e+00	2.084006157982572560e+01
1.635699999999999932e+00	2.087407062398765945e+01
1.639299999999999979e+00	2.133398252868133227e+01
1.642900000000000027e+00	2.233313592817451010e+01
1.646500000000000075e+00	2.408533606945076500e+01
1.650099999999999900e+00	2.504235802850657322e+01
1.653699999999999948e+00	2.615243755742825726e+01
1.657299999999999995e+00	2.693117657765978734e+01
1.660900000000000043e+00	2.718356915076459046e+01
1.664500000000000091e+00	2.652776447852073716e+01
1.668099999999999916e+00	2.636041441514212380e+01
1.671699999999999964e+00	2.539923478226544873e+01
1.675400000000000000e+00	2.478543006440935770e+01
1.679000000000000048e+00	2.449716211019362078e+01
1.682600000000000096e+00	2.482264384412038538e+01
1.686199999999999921e+00	2.540109626712181523e+01
1.689799999999999969e+00	2.681564687494666899e+01
1.693400000000000016e+00	2.876585084040789653e+01
1.697000000000000064e+00	3.022848532919215359e+01
1.700599999999999890e+00	3.154360052623206201e+01
1.704199999999999937e+00	3.190926370711692428e+01
1.707799999999999985e+00	3.227527161857753413e+01
1.711400000000000032e+00	3.197365911732965316e+01
1.715000000000000080e+00	3.150485549719220302e+01
1.718599999999999905e+00	3.101149811806392265e+01
1.722199999999999953e+00	3.082908253677070576e+01
1.725899999999999990e+00	3.089298407976058769e+01
1.729500000000000037e+00	3.079333638412991192e+01
1.733100000000000085e+00	3.189580475084332889e+01
1.736699999999999910e+00	3.269754441549985557e+01
1.740299999999999958e+00	3.411537819822332551e+01
1.743900000000000006e+00	3.426196022479941661e+01
1.747500000000000053e+00	3.405931211235836997e+01
1.751100000000000101e+00	3.302380220906790953e+01
1.754699999999999926e+00	3.184472595954643026e+01
1.758299999999999974e+00	2.991749193568710297e+01
1.761900000000000022e+00	2.878849076659967565e+01
1.765500000000000069e+00	2.838662469859480098e+01
1.769099999999999895e+00	2.763776154017312336e+01
1.772699999999999942e+00	2.797896789451905875e+01
1.776399999999999979e+00	2.846774130223013444e+01
1.780000000000000027e+00	2.893397847287851476e+01
1.783600000000000074e+00	2.992964106042461836e+01
1.787199999999999900e+00	3.039694222630176412e+01
1.790799999999999947e+00	3.068426266799344049e+01
1.794399999999999995e+00	3.045256127856080042e+01
1.798000000000000043e+00	2.951582830000148761e+01
1.801600000000000090e+00	2.900441232321550089e+01
1.805199999999999916e+00	2.829911219843921089e+01
1.808799999999999963e+00	2.860628077485270282e+01
1.812400000000000011e+00	2.801043068670606928e+01
1.816000000000000059e+00	2.753602909577367441e+01
1.819600000000000106e+00	2.775731710866051571e+01
1.823199999999999932e+00	2.707684491387038506e+01
1.826899999999999968e+00	2.717534651472273666e+01
1.830500000000000016e+00	2.651199931810807087e+01
1.834100000000000064e+00	2.619163793337925839e+01
1.837699999999999889e+00	2.603588081534751097e+01
1.841299999999999937e+00	2.587828195810195098e+01
1.844899999999999984e+00	2.618034764066045739e+01
1.848500000000000032e+00	2.656625363789201799e+01
1.852100000000000080e+00	2.660981011486026659e+01
1.855699999999999905e+00	2.690479055216274062e+01
1.859299999999999953e+00	2.707254812326149462e+01
1.862900000000000000e+00	2.750096944316372571e+01
1.866500000000000048e+00	2.736855846998595609e+01
1.870100000000000096e+00	2.687219731229956210e+01
1.873699999999999921e+00	2.618476868351089593e+01
1.877399999999999958e+00	2.560561896689829098e+01
1.881000000000000005e+00	2.576487881357769538e+01
1.884600000000000053e+00	2.546826336114222400e+01
1.888200000000000101e+00	2.564710679356847578e+01
1.891799999999999926e+00	2.678523795464457180e+01
1.895399999999999974e+00	2.718925242988817104e+01
1.899000000000000021e+00	2.768902662746790000e+01
1.902600000000000069e+00	2.803396440026639524e+01
1.906199999999999894e+00	2.871843593274060780e+01
1.909799999999999942e+00	2.880917615641505236e+01
1.913399999999999990e+00	2.933891267230680455e+01
1.917000000000000037e+00	2.992060336912489049e+01
1.920600000000000085e+00	3.043563792910115495e+01
1.924199999999999910e+00	3.066911517387366359e+01
1.927899999999999947e+00	2.998604544538424577e+01
1.931499999999999995e+00	2.918331557101549834e+01
1.935100000000000042e+00	2.846436775283124021e+01
1.938700000000000090e+00	2.722722876002919890e+01
1.942299999999999915e+00	2.688096316146718578e+01
1.945899999999999963e+00	2.670280215900243093e+01
1.949500000000000011e+00	2.723639615384051282e+01
1.953100000000000058e+00	2.786757056857979720e+01
1.956700000000000106e+00	2.839243081382468503e+01
1.960299999999999931e+00	2.871144637209058104e+01
1.963899999999999979e+00	2.977880309265914605e+01
1.967500000000000027e+00	2.990397384046090323e+01
1.971100000000000074e+00	2.939417905329968050e+01
1.974699999999999900e+00	2.931013698845775650e+01
1.978399999999999936e+00	2.883007745922409981e+01
1.981999999999999984e+00	2.784040344048232996e+01
1.985600000000000032e+00	2.683233465565994180e+01
1.989200000000000079e+00	2.576075418372208858e+01
1.992799999999999905e+00	2.451591950267748032e+01
1.996399999999999952e+00	2.339097077189766694e+01
2.000000000000000000e+00	2.250217826061206239e+01
